/*--------------------------------*- C++ -*----------------------------------*\
  =========                 |
  \\      /  F ield         | OpenFOAM: The Open Source CFD Toolbox
   \\    /   O peration     | Website:  https://openfoam.org
    \\  /    A nd           | Version:  11
     \\/     M anipulation  |
\*---------------------------------------------------------------------------*/
FoamFile
{
    format      ascii;
    class       volScalarField;
    location    "2.2";
    object      T;
}
// * * * * * * * * * * * * * * * * * * * * * * * * * * * * * * * * * * * * * //

dimensions      [0 0 0 1 0 0 0];

internalField   nonuniform List<scalar> 
5712
(
539.106
555.177
528.779
548.208
513.823
538.615
487.915
517.365
487.497
510.81
510.633
533.439
524.617
544.348
533.788
551.372
505.282
485.47
524.911
496.238
477.532
456.829
497.188
466.363
547.138
554.641
559.777
563.901
537.062
546.344
553.61
559.458
537.491
522.512
515.421
505.586
534.05
547.819
543.888
543.578
506.272
510.38
520.613
519.743
476.14
479.56
550.844
552.953
526.051
532.064
559.817
562.491
559.701
567.683
567.055
570.752
553.031
565.045
563.708
569.405
539.67
559.331
550.767
564.713
559.035
567.925
562.245
569.057
471.439
459.68
478.676
462.074
439.998
429.512
447.68
432.214
505.815
490.399
499.103
487.884
483.887
463.232
485.291
463.045
452.977
433.642
454.434
433.602
510.648
491.583
512.011
491.479
529.612
556.486
517.838
548.147
523.352
552.743
514.675
545.124
534.094
558.655
519.372
549.747
535.514
559.45
519.484
550.47
553.547
541.311
564.185
555.177
544.026
531.879
560.356
550.174
529.667
518.36
553.637
542.689
456.982
420.239
488.633
514.242
545.276
414.707
451.389
483.082
507.305
535.893
420.029
453.537
483.578
510.052
539.147
519.549
500.824
524.286
506.385
513.748
496.376
522.329
504.255
504.531
488.312
519.25
501.411
404.772
392.566
442.584
430.091
472.949
459.431
496.311
481.505
517.805
501.214
408.909
395.561
443.866
433.558
474.243
463.403
499.735
487.045
521.068
506.677
447.439
442.178
445.834
440.864
413.24
394.684
413.13
393.708
475.846
474.132
477.53
474.595
443.382
439.687
443.303
439.819
412.325
393.603
412.449
393.868
473.092
472.955
472.996
473.156
503.43
501.663
525.589
523.069
503.807
500.401
525.12
520.524
502.045
501.334
525.551
523.759
500.708
500.477
524.421
522.723
481.095
466.309
458.755
484.081
468.087
460.243
478.001
462.983
455.111
482.093
465.541
457.292
470.235
455.168
447.214
479.174
461.41
452.49
379.686
370.883
366.757
415.796
403.548
397.071
443.667
428.717
420.388
463.495
447.32
438.823
477.846
458.046
447.902
381.229
370.194
364.913
421.258
408.071
401.028
448.74
432.484
423.297
468.214
448.723
437.996
480.265
457.733
445.836
411.115
402.31
416.769
408.073
442.642
427.543
453.113
435.148
386.949
364.39
388.158
366.373
388.266
367.182
390.144
369.3
389.801
385.841
389.166
383.652
370.595
374.281
412.253
415.126
440.646
443.494
393.143
397.608
393.092
395.844
377.409
380.683
342.4
324.811
347.819
328.239
345.064
325.393
350.39
329.289
349.296
326.16
356.458
331.256
360.418
334.447
362.415
336.437
384.975
375.603
392.509
379.148
410.703
400.49
418.202
403.758
371.868
358.08
364.548
354.553
396.834
381.162
398.753
381.829
422.816
405.546
424.493
405.857
376.023
360.185
378.074
361.045
352.131
328.541
340.932
322.703
345.405
324.426
337.691
320.305
356.255
331.624
342.923
324.279
358.541
333.749
343.844
325.169
325.872
314.609
318.075
310.58
328.141
317.301
318.407
311.334
332.576
323.376
319.369
313.536
365.996
389.49
348.591
335.679
319.258
384.559
361.355
342.039
329.709
315.413
389.204
365.924
347.297
332.754
317.373
305.219
296.479
303.136
295.107
308.291
299.441
304.533
296.601
314.407
305.375
307.267
299.365
374.38
362.571
351.543
340.242
334.417
324.491
322.283
312.811
310.593
302.637
377.825
363.476
355.356
341.811
338.37
326.497
325.11
314.064
312.657
303.897
359.578
341.601
362.733
343.666
382.6
362.899
385.08
363.654
344.586
328.553
341.612
326.298
365.393
345.002
366.145
345.636
386.838
364.09
387.332
364.558
347.271
330.14
348.048
330.725
328.544
314.728
314.338
303.553
326.913
312.984
313.546
302.868
329.988
316.005
314.878
303.795
331.538
316.735
315.804
304.667
287.355
282.992
281.3
282.128
278.648
277.481
290.602
285.753
283.843
283.694
280.036
278.698
296.651
291.319
289.121
286.156
281.855
280.219
351.059
343.532
340.105
329.943
323.593
320.897
315.036
309.139
306.835
302.967
296.693
293.993
287.961
282.858
280.841
349.754
340.135
336.004
329.396
320.814
317.148
315.028
307.3
304.126
302.082
295.154
292.527
286.862
282.066
280.201
311.029
301.959
295.877
291.076
312.555
302.533
296.014
291.003
311.129
302.058
295.996
291.183
313.099
302.835
296.262
291.222
311.103
302.152
296.29
291.539
313.53
303.144
296.665
291.612
315
303.911
296.852
291.559
316.256
304.713
297.26
291.767
312.563
302.982
296.8
291.841
310.589
302.551
296.936
292.4
310.667
302.153
296.568
291.982
309.465
301.958
296.672
292.406
314.132
303.767
297.068
291.878
311.535
303.104
297.229
292.579
315.385
304.5
297.464
292.164
312.33
303.626
297.589
292.904
308.554
301.094
295.753
291.347
305.613
300.117
295.606
291.768
308.568
301.142
295.855
291.465
305.845
300.23
295.684
291.851
308.7
301.264
296.063
291.728
306.519
300.524
295.865
292.02
308.513
301.329
296.283
292.102
307.055
300.798
296.091
292.269
308.25
301.399
296.468
292.492
303.211
299.4
295.33
292.525
301.802
299.044
295.231
292.782
303.712
299.59
295.434
292.605
302.357
299.248
295.328
292.847
304.623
299.949
295.604
292.721
303.31
299.617
295.493
292.955
305.727
300.42
295.889
292.924
304.392
300.073
295.729
293.114
306.776
300.967
296.24
293.148
305.295
300.558
296.004
293.306
308.231
301.986
296.816
293.508
306.597
301.578
296.684
293.796
307.549
301.492
296.519
293.313
305.959
301.075
296.331
293.536
308.832
302.456
297.088
293.697
307.223
302.094
297.032
294.063
309.464
302.929
297.427
293.974
307.895
302.612
297.405
294.363
286.451
283.201
280.832
279.3
278.551
286.446
283.208
280.838
279.305
278.554
286.514
283.234
280.85
279.312
278.559
286.528
283.253
280.864
279.32
278.566
286.601
283.276
280.874
279.326
278.57
286.627
283.306
280.894
279.339
278.58
286.749
283.379
280.938
279.367
278.6
286.925
283.485
281.001
279.406
278.63
286.715
283.341
280.911
279.349
278.587
286.827
283.378
280.928
279.359
278.594
286.674
283.307
280.89
279.336
278.577
286.772
283.342
280.907
279.346
278.584
286.824
283.407
280.951
279.374
278.606
286.93
283.438
280.964
279.382
278.611
286.992
283.505
281.009
279.411
278.633
287.078
283.523
281.015
279.414
278.635
286.474
283.197
280.826
279.297
278.548
286.503
283.195
280.823
279.294
278.546
286.523
283.221
280.84
279.304
278.554
286.539
283.213
280.833
279.3
278.551
286.602
283.259
280.86
279.317
278.563
286.605
283.246
280.851
279.311
278.559
286.69
283.297
280.881
279.329
278.572
286.678
283.284
280.873
279.324
278.568
286.738
283.319
280.893
279.337
278.578
531.279
528.524
530.855
528.115
530.434
527.835
530.779
528.303
532.899
530.503
537.104
537.522
535.916
535.474
537.548
538.272
537.654
538.229
564.561
571.196
572.593
572.909
572.977
557.444
569.245
572.151
572.814
572.955
564.627
571.222
572.601
572.911
572.977
557.512
569.283
572.16
572.817
572.955
564.657
571.244
572.607
572.913
572.978
557.564
569.315
572.17
572.82
572.956
564.897
571.309
572.623
572.916
572.979
557.852
569.397
572.19
572.824
572.957
565.489
571.436
572.65
572.922
572.98
558.586
569.561
572.225
572.831
572.959
566
571.496
572.658
572.923
572.98
560.45
569.93
572.297
572.845
572.962
565.884
571.489
572.659
572.924
572.981
559.751
569.787
572.27
572.84
572.961
566.02
571.494
572.657
572.923
572.98
560.77
570.006
572.312
572.848
572.962
566.071
571.506
572.659
572.923
572.98
560.82
570.03
572.315
572.849
572.962
425.652
461.902
459.473
421.267
404.285
405.786
407.689
410.594
419.613
423.624
450.105
459.291
458.131
467.975
433.854
438.46
421.397
424.822
414.54
416.622
368.227
350.315
303.67
297.327
300.14
297.067
301.735
366.02
359.951
342.361
349.406
345.933
322.899
332.943
328.766
317.092
320.871
315.4
362.876
336.37
320.139
316.407
324.354
319.993
312.059
310.385
308.472
304.887
313.565
310.633
364.814
343.223
351.277
331.864
324.527
336.993
312.68
305.571
315.577
349.679
333.506
319.132
303.831
285.621
338.882
326.938
313.841
299.421
282.811
300.574
296.244
290.586
283.957
276.723
294.927
291.531
287.045
281.757
275.975
297.444
293.636
288.622
282.73
276.303
294.698
291.339
286.898
281.664
275.943
298.861
294.819
289.511
283.284
276.492
347.749
330.795
316.163
301.25
284.589
341.836
325.109
310.888
296.736
281.484
332.219
320.904
308.428
295.121
280.773
333.974
318.957
305.79
292.876
279.812
331.289
316.709
303.893
291.488
279.223
316.919
309.254
299.97
289.642
278.643
324.715
314.98
303.887
291.984
279.459
321.271
312.206
301.756
290.556
278.916
312.128
305.53
297.31
288.019
278.084
315.159
307.784
298.825
288.884
278.365
310.703
304.396
296.482
287.506
277.907
346.43
330.566
316.429
301.579
284.745
328.047
318.19
306.793
294.232
280.464
314.77
307.714
298.981
289.106
278.476
311.649
305.278
297.256
288.075
278.13
318.335
310.618
301.202
290.578
279.032
314.764
307.856
299.227
289.353
278.588
307.944
302.332
295.143
286.803
277.701
306.482
301.114
294.204
286.191
277.481
304.793
299.696
293.112
285.485
277.233
301.647
297.12
291.216
284.329
276.844
309.191
303.255
295.72
287.085
277.776
306.68
301.25
294.279
286.22
277.487
347.699
332.028
317.959
302.957
285.42
333.522
322.776
310.632
297.126
281.771
339.701
326.683
313.514
299.131
282.635
324.742
315.945
305.386
293.421
280.125
318.637
311.024
301.642
290.933
279.168
328.749
318.957
307.542
294.837
280.72
308.478
302.755
295.439
286.973
277.755
302.25
297.622
291.6
284.575
276.93
310.964
304.759
296.907
287.879
278.066
505.07
542.616
498.491
537.577
475.143
518.964
481.478
524.063
487.097
473.443
517.692
490.381
462.52
448.031
491.441
462.248
521.738
535.754
551.073
557.537
515.456
529.15
547.131
554.269
530.489
505.642
509.244
492.778
519.269
541.919
541.713
543.084
503.882
509.797
518.803
519.315
474.517
479.168
548.52
552.443
523.561
531.468
558.008
562.117
549.423
564.316
563.439
569.54
543.182
561.803
560.559
568.295
530.338
556.289
546.255
563.193
557.424
567.353
561.923
568.936
467.219
459.363
476.011
462.102
438.946
431.615
446.766
433.603
502.412
489.755
493.392
486.444
482.688
463.378
484.995
463.133
452.638
434.481
454.39
433.907
509.074
491.359
511.598
491.445
526.854
555.535
517.18
547.922
518.747
551.154
513.338
544.668
532.788
558.186
519.1
549.651
535.161
559.316
519.422
550.446
536.524
521.719
558.815
548.639
528.59
514.635
555.401
544.317
516.902
504.753
549.542
538.183
458.26
430.507
483.931
508.629
543.248
427.523
453.862
477.694
500.381
533.416
428.168
455.28
481.831
507.904
538.416
501.423
487.546
517.225
504.358
497.638
484.404
516.628
503.303
491.499
478.685
515.58
502.009
420.524
411.754
446.811
437.017
469.522
458.409
491.239
478.974
516.782
503.497
419.834
408.881
447.831
440.225
474.292
466.498
498.938
489.193
521.281
509.369
449.689
445.968
447.383
443.307
418.802
402.806
416.237
398.321
476.391
475.311
477.916
476.176
444.315
441.018
443.614
440.235
413.971
395.954
412.975
394.588
473.515
473.669
473.148
473.387
503.576
502.229
525.748
523.469
503.679
501.203
525.238
521.245
502.21
501.686
525.672
523.983
500.779
500.603
524.466
522.797
478.996
475.235
493.211
488.158
475.903
471.577
491.921
485.941
469.965
465.541
490.032
482.736
404.188
398.963
429.257
423.614
450.148
444.033
469.755
463.689
489.717
479.926
398.68
392.487
433.544
426.599
458.244
449.79
477.397
466.952
490.872
478.095
408.703
402.054
417.472
408.904
434.57
423.16
451.153
433.561
390.746
371.259
394.304
373.623
390.284
373.166
394.301
375.348
392.661
387.719
391.94
386.695
375.818
378.828
412.991
415.411
440.166
443.416
395.047
398.268
394.874
396.474
380.365
381.742
355.785
337.177
357.524
338.299
357.305
336.877
358.611
337.954
360.231
336.389
362.903
338.324
364.309
338.868
363.771
337.98
391.281
382.924
395.725
383.431
413.367
405.522
419.38
406.746
376.838
363.093
373.619
362.925
398.54
383.472
399.301
382.58
423.498
407.186
424.741
406.405
378.67
362.906
378.909
361.922
358.521
334.494
346.011
327.088
356.112
333.063
345.868
326.89
359.743
335.149
345.729
326.804
359.64
334.907
344.749
325.995
352.231
347.247
334.444
329.894
353.662
348.992
333.949
329.618
356
352.362
333.246
329.636
385.898
406.459
369.113
352.892
330.638
404.931
385.796
368.806
351.957
328.783
402.843
381.456
362.063
345.253
326.291
340.999
333.582
323.524
313.774
343.483
336.536
323.908
314.541
347.425
341.198
324.524
315.645
398.449
390.53
379.642
372.661
363.014
357.105
346.186
339.623
324.09
315.571
394.681
382.745
373.862
362.451
355.319
344.753
338.908
328.204
321.843
312.511
369.455
353.088
368.061
349.882
391.312
374.12
389.662
369.685
350
334.28
351.146
336.484
368.084
348.112
366.981
346.571
389.131
367.105
388.046
365.467
350.07
333.045
348.92
331.603
333.414
319.369
318.16
306.892
335.117
320.927
319.575
308.26
332.612
318.43
317.014
305.616
332.394
317.503
316.482
305.224
327.322
325.166
297.747
296.11
331.143
328.58
298.885
297.041
336.034
332.018
300.177
296.538
383.471
378.418
366.219
361.745
351.313
347.358
332.535
326.884
299.267
293.572
372.128
367.138
352.342
347.91
334.909
330.849
316.619
312.225
293.151
288.843
319.344
307.21
299.222
293.209
319.903
307.308
299.1
292.987
318.881
306.993
299.13
293.149
319.516
307.057
299.002
292.976
318.003
306.609
299.161
293.335
318.776
306.642
298.983
293.109
318.417
306.234
298.401
292.57
317.471
305.55
297.822
292.14
316.884
305.921
298.803
293.189
313.96
304.947
298.651
293.646
316.546
306.05
299.168
293.676
314.316
305.311
298.976
293.986
316.811
305.622
298.355
292.773
313.538
304.554
298.296
293.396
316.297
305.138
297.909
292.475
312.998
304.114
297.952
293.187
318.209
306.962
299.451
293.713
316.476
306.576
299.656
294.415
317.761
306.78
299.409
293.715
316.21
306.461
299.597
294.395
317.027
306.475
299.379
293.81
315.82
306.255
299.495
294.366
315.746
305.999
299.318
294.032
315.218
305.98
299.41
294.401
314.459
305.552
299.237
294.332
314.701
306.229
299.591
295.579
313.457
306.034
299.645
296.078
314.637
306.156
299.556
295.56
313.425
305.963
299.6
296.046
314.432
305.992
299.431
295.46
313.265
305.808
299.483
295.965
313.992
305.717
299.312
295.372
312.88
305.559
299.342
295.866
313.202
305.309
299.161
295.294
312.116
305.202
299.154
295.747
311.43
304.341
298.528
294.872
310.059
304.183
298.562
295.297
312.252
304.831
298.857
295.095
311.021
304.716
298.887
295.551
310.7
303.863
298.138
294.565
309.223
303.643
298.169
294.984
310.076
303.395
297.778
294.267
308.539
303.118
297.779
294.668
287.659
283.904
281.246
279.56
278.743
287.599
283.885
281.238
279.555
278.74
287.616
283.875
281.228
279.548
278.735
287.535
283.844
281.212
279.539
278.728
287.572
283.84
281.205
279.533
278.724
287.461
283.795
281.182
279.52
278.714
287.329
283.721
281.139
279.493
278.694
287.145
283.614
281.077
279.454
278.665
287.466
283.777
281.168
279.51
278.707
287.492
283.761
281.154
279.5
278.699
287.561
283.819
281.19
279.524
278.717
287.567
283.799
281.175
279.513
278.709
287.341
283.709
281.129
279.486
278.688
287.382
283.7
281.118
279.478
278.683
287.172
283.611
281.071
279.45
278.662
287.236
283.615
281.069
279.447
278.66
287.743
283.926
281.254
279.564
278.747
287.816
283.941
281.259
279.567
278.748
287.714
283.905
281.241
279.555
278.74
287.792
283.924
281.249
279.56
278.743
287.672
283.872
281.22
279.542
278.73
287.746
283.893
281.229
279.547
278.734
287.644
283.841
281.2
279.529
278.72
287.684
283.856
281.207
279.533
278.723
287.617
283.821
281.187
279.521
278.714
529.162
527.687
529.356
527.85
529.908
528.39
531.132
529.493
533.527
531.757
537.34
537.834
536.284
536.043
537.684
538.438
537.698
538.283
564.36
571.179
572.593
572.909
572.977
557.224
569.217
572.15
572.814
572.955
564.502
571.215
572.601
572.912
572.978
557.425
569.276
572.161
572.818
572.956
564.652
571.252
572.61
572.913
572.978
557.669
569.338
572.176
572.821
572.956
564.993
571.33
572.627
572.917
572.979
558.11
569.445
572.2
572.826
572.958
565.61
571.459
572.655
572.923
572.98
558.879
569.617
572.236
572.834
572.959
566.054
571.509
572.661
572.924
572.98
560.573
569.962
572.304
572.847
572.962
565.969
571.508
572.663
572.924
572.981
559.954
569.834
572.28
572.843
572.961
566.051
571.501
572.659
572.923
572.98
560.835
570.023
572.316
572.849
572.963
566.081
571.508
572.66
572.923
572.98
560.84
570.035
572.317
572.849
572.963
425.815
461.664
458.548
421.709
415.03
421.163
412.669
420.285
442.152
458.639
446.023
460.587
281.027
281.629
282.968
285.127
288.239
292.436
281.536
282.151
283.516
285.693
288.767
292.818
280.642
280.451
281.282
281.157
282.712
282.738
285.035
285.351
288.344
289.032
292.591
293.373
297.822
304.418
312.382
321.78
330.825
336.756
297.889
303.933
310.807
318.008
324.348
328.297
280.263
279.165
277.691
275.933
273.998
280.806
279.624
278.04
276.151
274.072
282.016
280.648
278.817
276.636
274.237
283.963
282.296
280.067
277.415
274.501
286.767
284.665
281.861
278.533
274.881
290.541
287.846
284.266
280.031
275.389
280.723
279.554
277.987
276.118
274.061
281.278
280.024
278.343
276.34
274.136
282.509
281.065
279.133
276.833
274.303
284.472
282.725
280.391
277.617
274.57
287.24
285.061
282.16
278.719
274.944
290.88
288.127
284.478
280.162
275.434
279.915
278.869
277.467
275.793
273.95
279.742
278.723
277.356
275.724
273.927
280.493
279.359
277.839
276.025
274.029
280.38
279.263
277.766
275.98
274.014
281.785
280.453
278.669
276.544
274.205
281.808
280.473
278.684
276.553
274.208
283.881
282.227
280.015
277.383
274.491
284.167
282.47
280.199
277.498
274.53
286.865
284.748
281.925
278.574
274.895
287.484
285.272
282.322
278.821
274.979
290.684
287.969
284.36
280.089
275.409
291.389
288.563
284.809
280.368
275.503
295.367
291.898
287.323
281.932
276.035
301.238
296.802
291.012
284.229
276.817
308.253
302.614
295.375
286.958
277.755
316.38
309.272
300.377
290.134
278.875
323.952
315.37
304.981
293.143
279.997
328.823
319.265
307.936
295.11
280.754
295.422
291.941
287.355
281.953
276.043
300.809
296.446
290.747
284.065
276.762
306.891
301.503
294.549
286.44
277.574
313.197
306.71
298.461
288.9
278.426
318.676
311.201
301.839
291.047
279.183
322.066
313.973
303.931
292.389
279.661
281.129
281.942
283.514
285.944
289.381
293.973
281.642
282.474
284.075
286.516
289.885
294.253
280.744
280.557
281.599
281.486
283.271
283.324
285.885
286.258
289.553
290.323
294.286
295.238
299.78
306.7
314.787
323.926
332.292
337.275
299.618
305.855
312.736
319.678
325.483
328.699
280.356
279.244
277.751
275.971
274.011
281.09
279.866
278.225
276.267
274.111
282.511
281.071
279.14
276.838
274.306
284.706
282.929
280.551
277.719
274.605
287.807
285.553
282.542
278.962
275.027
291.943
289.047
285.19
280.613
275.589
280.819
279.636
278.049
276.157
274.074
281.571
280.274
278.534
276.46
274.177
283.017
281.498
279.464
277.04
274.374
285.22
283.363
280.88
277.924
274.675
288.258
285.932
282.828
279.139
275.088
292.189
289.249
285.341
280.707
275.62
280.008
278.949
277.527
275.831
273.963
279.839
278.805
277.418
275.763
273.94
280.781
279.604
278.026
276.142
274.069
280.678
279.517
277.96
276.101
274.055
282.292
280.885
278.999
276.75
274.276
282.34
280.926
279.03
276.77
274.282
284.653
282.886
280.519
277.7
274.598
284.991
283.172
280.737
277.836
274.645
287.964
285.688
282.646
279.027
275.05
288.66
286.278
283.094
279.307
275.145
292.231
289.295
285.38
280.732
275.629
293.092
290.025
285.935
281.079
275.747
297.158
293.44
288.514
282.686
276.293
303.337
298.62
292.425
285.128
277.126
310.483
304.563
296.904
287.939
278.094
318.394
311.055
301.795
291.056
279.197
325.349
316.623
305.991
293.81
280.234
329.321
319.716
308.303
295.354
280.842
297.003
293.302
288.405
282.617
276.27
302.573
297.971
291.93
284.817
277.02
308.671
303.051
295.757
287.211
277.84
314.748
308.068
299.529
289.587
278.664
319.737
312.135
302.579
291.527
279.35
322.443
314.306
304.196
292.561
279.722
369.028
350.995
306.444
299.546
303.271
299.55
304.751
375.673
373.88
351.921
364.276
330.47
342.682
323.656
328.009
321.193
369.244
343.156
326.402
321.514
330.175
324.439
315.251
314.335
313.367
309
319.055
315.212
367.326
345.202
355.741
334.859
328.323
342.19
316.459
309.16
320.043
350.547
334.319
319.833
304.339
285.828
339.565
327.573
314.374
299.792
282.952
303.129
298.459
292.309
285.055
277.101
296.959
293.281
288.397
282.613
276.268
300.318
296.119
290.547
283.952
276.723
296.971
293.297
288.412
282.622
276.271
301.635
297.219
291.376
284.469
276.899
358.596
341.214
325.036
307.437
287.01
357.411
339.959
323.343
305.155
284.461
341.954
330.08
316.074
300.263
282.62
350.777
334.892
319.132
301.834
282.991
324.249
315.921
305.376
293.192
279.884
334.497
324.108
311.427
296.998
281.225
318.394
311.163
301.835
290.97
279.112
322.187
314.269
304.141
292.398
279.599
316.254
309.41
300.526
290.151
278.83
353.329
337.248
322.174
305.637
286.395
334.743
324.382
311.899
297.648
281.692
320.744
313.082
303.294
291.921
279.458
316.464
309.559
300.666
290.287
278.899
323.911
315.651
305.266
293.246
279.97
318.966
311.601
302.219
291.301
279.268
310.915
304.94
297.197
288.124
278.158
310.158
304.338
296.741
287.821
278.044
309.342
303.683
296.245
287.496
277.927
305.443
300.42
293.79
285.971
277.409
314.357
307.838
299.361
289.441
278.593
310.952
305.008
297.243
288.127
278.146
350.408
334.572
320.149
304.533
286.07
335.477
324.579
312.128
298.149
282.154
344.267
330.983
317.157
301.654
283.58
327.622
318.553
307.507
294.831
280.63
322.241
314.253
304.238
292.634
279.766
333.85
323.665
311.429
297.449
281.664
312.005
305.858
297.888
288.551
278.301
305.569
300.514
293.86
286.018
277.427
315.159
308.474
299.857
289.788
278.73
280.294
294.408
307.359
318.609
327.54
334.25
486.505
480.704
457.595
463.272
471.354
462.576
448.239
437.906
505.506
520.62
499.257
512.824
490.181
481.83
501.42
476.979
472.276
449.78
454.35
464.361
456.608
441.993
433.122
495.825
506.75
490.371
499.956
481.932
474.2
490.029
463.761
460.324
438.885
442.236
454.171
447.888
432.862
425.365
481.072
491.648
476.72
486.277
470.251
463.722
478.21
450.157
447.622
427.512
430.075
442.72
437.318
422.663
416.205
467.198
478.416
463.703
474.013
458.452
452.214
466.879
440.325
438.273
419.235
421.401
434.035
429.366
415.008
409.102
456.74
468.715
453.762
465.19
449.534
444.034
458.983
433.675
431.86
413.588
415.553
428.067
423.985
409.678
404.187
449.867
463.462
447.144
460.035
443.64
438.746
453.831
408.717
405.644
430.974
435.205
401.373
396.076
424.083
415.643
386.561
366.407
385.626
368.058
381.935
381.367
370.676
404.597
401.731
425.314
428.998
397.734
392.793
419.204
411.374
382.084
362.61
381.303
364.417
377.842
377.72
366.818
398.037
395.504
416.879
419.853
391.953
387.426
411.792
405.026
377.51
357.892
376.666
359.53
373.521
373.331
361.736
389.897
387.691
407.345
409.779
384.378
379.863
403.048
396.723
370.767
351.981
370.034
353.433
367.172
366.933
355.66
383.378
381.372
400.145
402.287
378.398
374.12
396.28
390.456
364.977
347.542
364.337
348.639
361.968
361.667
350.903
378.718
376.848
395.152
397.131
374.256
370.445
391.544
386.14
361.278
344.537
360.765
345.612
358.64
358.523
348.107
539.716
555.695
528.811
548.165
513.834
538.596
487.904
517.346
487.484
510.787
510.651
533.423
524.669
544.326
534.51
552.027
505.279
485.461
524.896
496.227
477.517
456.815
497.17
466.349
547.6
554.955
560.145
564.138
537.062
546.33
553.555
559.415
537.47
522.504
515.407
505.578
534.039
547.797
543.882
543.574
506.263
510.372
520.603
519.736
476.128
479.55
550.836
552.949
526.042
532.058
559.81
562.489
559.915
567.766
567.204
570.806
553.011
565.036
563.68
569.394
539.658
559.325
550.751
564.707
559.028
567.922
562.243
569.056
471.431
459.672
478.667
462.067
439.987
429.503
447.668
432.205
505.806
490.393
499.095
487.877
483.878
463.225
485.283
463.038
452.966
433.633
454.425
433.594
510.641
491.577
512.004
491.473
529.604
556.483
517.834
548.145
523.344
552.74
514.67
545.122
534.088
558.653
519.368
549.745
535.509
559.448
519.48
550.468
553.826
541.626
564.299
555.332
544.002
531.855
560.346
550.158
529.654
518.347
553.631
542.682
456.975
420.231
488.626
514.234
545.272
414.7
451.383
483.075
507.297
535.888
420.021
453.53
483.571
510.046
539.144
519.858
501.071
524.495
506.555
513.729
496.369
522.322
504.254
504.52
488.306
519.245
501.41
404.766
392.562
442.578
430.087
472.943
459.426
496.304
481.5
517.801
501.212
408.902
395.556
443.86
433.553
474.238
463.399
499.73
487.041
521.065
506.675
447.433
442.173
445.828
440.858
413.233
394.679
413.123
393.703
475.84
474.127
477.525
474.59
443.376
439.682
443.297
439.814
412.318
393.598
412.443
393.863
473.087
472.951
472.991
473.152
503.426
501.66
525.586
523.066
503.803
500.397
525.117
520.522
502.041
501.33
525.548
523.756
500.704
500.473
524.419
522.72
481.299
466.481
458.917
484.239
468.224
460.368
478.002
462.987
455.115
482.097
465.551
457.302
470.234
455.17
447.217
479.175
461.415
452.496
379.683
370.882
366.757
415.794
403.547
397.072
443.665
428.717
420.389
463.493
447.321
438.826
477.846
458.049
447.906
381.226
370.192
364.912
421.255
408.07
401.029
448.738
432.484
423.298
468.212
448.724
437.999
480.264
457.734
445.84
411.067
402.282
416.721
408.046
442.61
427.522
453.081
435.128
386.852
364.401
388.021
366.354
388.188
367.132
390.07
369.258
389.758
385.795
389.136
383.62
370.555
374.244
412.232
415.112
440.63
443.481
393.114
397.59
393.069
395.828
377.383
380.667
342.417
324.803
347.82
328.219
345.042
325.385
350.374
329.284
349.274
326.151
356.435
331.248
360.4
334.438
362.402
336.43
384.957
375.591
392.491
379.137
410.688
400.479
418.187
403.748
371.85
358.07
364.53
354.542
396.819
381.153
398.742
381.821
422.803
405.537
424.482
405.848
376.008
360.176
378.063
361.038
352.117
328.534
340.924
322.698
345.391
324.419
337.682
320.299
356.242
331.617
342.916
324.274
358.531
333.744
343.838
325.165
325.826
314.545
318.063
310.562
328.136
317.299
318.401
311.329
332.567
323.37
319.363
313.532
365.986
389.481
348.58
335.669
319.253
384.551
361.346
342.03
329.702
315.407
389.195
365.914
347.287
332.746
317.368
305.159
296.413
303.129
295.098
308.291
299.445
304.529
296.597
314.404
305.374
307.263
299.362
374.373
362.567
351.536
340.238
334.411
324.487
322.278
312.808
310.589
302.634
377.818
363.471
355.349
341.806
338.363
326.493
325.104
314.061
312.653
303.894
359.57
341.595
362.725
343.661
382.592
362.894
385.073
363.648
344.579
328.549
341.605
326.293
365.386
344.997
366.139
345.631
386.831
364.085
387.325
364.553
347.264
330.135
348.042
330.721
328.539
314.725
314.334
303.55
326.907
312.981
313.541
302.865
329.983
316.001
314.874
303.792
331.533
316.732
315.8
304.665
287.289
282.916
281.22
282.137
278.636
277.462
290.609
285.761
283.85
283.69
280.037
278.699
296.652
291.321
289.124
286.154
281.855
280.22
351.056
343.531
340.104
329.941
323.591
320.897
315.035
309.138
306.835
302.966
296.693
293.994
287.959
282.858
280.841
349.751
340.133
336.003
329.393
320.812
317.147
315.026
307.299
304.125
302.081
295.153
292.527
286.861
282.066
280.201
311.022
301.954
295.87
291.067
312.537
302.521
296.004
290.993
311.125
302.056
295.995
291.183
313.096
302.833
296.261
291.222
311.099
302.15
296.289
291.539
313.527
303.142
296.664
291.612
314.996
303.909
296.851
291.558
316.253
304.711
297.258
291.767
312.56
302.98
296.799
291.84
310.586
302.548
296.935
292.399
310.664
302.151
296.567
291.981
309.462
301.956
296.67
292.405
314.128
303.765
297.067
291.877
311.531
303.102
297.227
292.578
315.382
304.498
297.463
292.163
312.327
303.624
297.588
292.903
308.55
301.091
295.748
291.338
305.606
300.113
295.602
291.762
308.565
301.14
295.854
291.465
305.842
300.228
295.683
291.851
308.697
301.263
296.062
291.728
306.516
300.522
295.864
292.019
308.509
301.327
296.282
292.101
307.052
300.797
296.089
292.268
308.246
301.397
296.467
292.491
303.205
299.396
295.327
292.519
301.791
299.038
295.227
292.779
303.71
299.588
295.432
292.605
302.356
299.247
295.327
292.845
304.621
299.947
295.603
292.721
303.308
299.615
295.492
292.954
305.724
300.418
295.888
292.923
304.39
300.071
295.727
293.113
306.773
300.965
296.238
293.147
305.292
300.556
296.002
293.305
308.228
301.984
296.814
293.507
306.594
301.576
296.682
293.795
307.546
301.489
296.518
293.311
305.956
301.073
296.33
293.535
308.829
302.454
297.087
293.696
307.22
302.092
297.03
294.062
309.461
302.927
297.426
293.973
307.893
302.611
297.404
294.362
286.448
283.199
280.831
279.3
278.551
286.442
283.206
280.837
279.304
278.554
286.514
283.233
280.85
279.312
278.559
286.528
283.253
280.864
279.32
278.566
286.601
283.276
280.874
279.326
278.57
286.627
283.306
280.894
279.339
278.58
286.749
283.379
280.938
279.367
278.6
286.925
283.485
281.001
279.406
278.63
286.715
283.341
280.911
279.349
278.587
286.827
283.377
280.928
279.359
278.594
286.674
283.307
280.89
279.336
278.577
286.771
283.342
280.907
279.346
278.584
286.823
283.407
280.951
279.374
278.606
286.93
283.438
280.964
279.382
278.611
286.992
283.505
281.009
279.411
278.633
287.078
283.523
281.015
279.414
278.635
286.472
283.195
280.826
279.296
278.548
286.5
283.194
280.823
279.294
278.546
286.522
283.221
280.84
279.305
278.554
286.539
283.213
280.833
279.3
278.551
286.602
283.259
280.86
279.317
278.563
286.605
283.246
280.851
279.311
278.559
286.69
283.297
280.881
279.329
278.572
286.678
283.284
280.873
279.324
278.568
286.737
283.319
280.893
279.337
278.578
531.346
528.6
530.866
528.123
530.436
527.838
530.779
528.303
532.897
530.502
537.102
537.52
535.914
535.472
537.546
538.27
537.652
538.227
564.618
571.21
572.597
572.91
572.977
557.479
569.255
572.153
572.814
572.955
564.623
571.222
572.601
572.911
572.977
557.516
569.284
572.16
572.817
572.955
564.656
571.243
572.607
572.913
572.978
557.565
569.316
572.17
572.82
572.956
564.896
571.309
572.623
572.916
572.979
557.852
569.397
572.19
572.824
572.957
565.489
571.436
572.65
572.922
572.98
558.586
569.561
572.225
572.831
572.959
566
571.496
572.658
572.923
572.98
560.449
569.93
572.297
572.845
572.962
565.884
571.489
572.659
572.924
572.981
559.751
569.787
572.27
572.84
572.961
566.02
571.494
572.657
572.923
572.98
560.769
570.006
572.312
572.848
572.962
566.07
571.506
572.659
572.923
572.98
560.819
570.03
572.315
572.849
572.962
425.635
461.887
459.451
421.239
404.02
405.436
407.586
410.49
419.541
423.551
450.061
459.245
458.087
467.928
433.781
438.386
421.299
424.72
414.073
416.028
368.223
350.311
303.668
297.325
300.138
297.066
301.733
366.016
359.948
342.358
349.404
345.931
322.896
332.941
328.764
317.09
320.869
315.398
362.872
336.367
320.136
316.404
324.352
319.99
312.057
310.383
308.47
304.885
313.563
310.631
364.81
343.22
351.273
331.861
324.524
336.99
312.677
305.569
315.574
349.675
333.502
319.129
303.829
285.62
338.878
326.935
313.839
299.42
282.81
300.572
296.243
290.585
283.957
276.723
294.926
291.53
287.044
281.756
275.975
297.442
293.635
288.621
282.73
276.303
294.696
291.338
286.898
281.663
275.942
298.86
294.817
289.51
283.283
276.492
347.745
330.791
316.16
301.248
284.588
341.833
325.107
310.886
296.735
281.484
332.216
320.901
308.426
295.12
280.772
333.972
318.955
305.789
292.875
279.812
331.288
316.707
303.893
291.488
279.223
316.917
309.252
299.968
289.642
278.643
324.713
314.978
303.885
291.983
279.459
321.269
312.205
301.755
290.555
278.916
312.127
305.528
297.308
288.019
278.084
315.157
307.782
298.824
288.883
278.365
310.701
304.395
296.481
287.506
277.907
346.426
330.563
316.425
301.577
284.744
328.044
318.187
306.791
294.231
280.464
314.768
307.713
298.98
289.105
278.476
311.647
305.276
297.255
288.075
278.129
318.333
310.616
301.201
290.577
279.032
314.762
307.854
299.226
289.352
278.588
307.942
302.331
295.142
286.802
277.7
306.48
301.112
294.203
286.19
277.481
304.791
299.695
293.111
285.485
277.232
301.646
297.119
291.215
284.328
276.844
309.189
303.253
295.719
287.085
277.776
306.678
301.249
294.278
286.22
277.487
347.694
332.025
317.956
302.954
285.419
333.519
322.773
310.629
297.124
281.77
339.697
326.679
313.512
299.129
282.634
324.74
315.942
305.384
293.42
280.125
318.634
311.021
301.64
290.932
279.168
328.746
318.954
307.54
294.836
280.719
308.476
302.753
295.437
286.972
277.754
302.248
297.621
291.599
284.574
276.93
310.962
304.757
296.905
287.878
278.066
505.4
543.009
498.446
537.459
475.098
518.834
481.827
524.543
487.068
473.424
517.638
490.355
462.495
448.015
491.391
462.227
522.015
535.962
551.386
557.759
515.419
529.122
547.034
554.202
530.444
505.616
509.217
492.759
519.245
541.878
541.696
543.077
503.866
509.788
518.786
519.306
474.502
479.157
548.504
552.438
523.546
531.461
557.995
562.113
549.566
564.377
563.578
569.591
543.158
561.792
560.522
568.282
530.32
556.282
546.23
563.184
557.414
567.35
561.92
568.934
467.205
459.353
475.996
462.092
438.933
431.605
446.753
433.593
502.397
489.746
493.379
486.435
482.677
463.369
484.986
463.126
452.627
434.473
454.38
433.899
509.063
491.351
511.59
491.439
526.842
555.531
517.174
547.919
518.736
551.15
513.331
544.665
532.78
558.183
519.095
549.649
535.155
559.314
519.418
550.445
536.647
521.836
558.887
548.735
528.574
514.621
555.391
544.302
516.891
504.745
549.535
538.176
458.25
430.497
483.921
508.621
543.243
427.514
453.852
477.686
500.373
533.411
428.16
455.271
481.822
507.897
538.412
501.537
487.613
517.337
504.422
497.623
484.395
516.618
503.299
491.492
478.681
515.575
502.005
420.518
411.75
446.804
437.013
469.516
458.404
491.232
478.97
516.778
503.493
419.827
408.876
447.824
440.22
474.286
466.493
498.933
489.189
521.278
509.366
449.681
445.962
447.376
443.301
418.795
402.801
416.23
398.316
476.385
475.306
477.909
476.17
444.309
441.013
443.608
440.23
413.965
395.949
412.968
394.583
473.509
473.664
473.143
473.382
503.571
502.225
525.745
523.466
503.674
501.199
525.235
521.242
502.206
501.682
525.669
523.98
500.775
500.599
524.464
522.794
479.051
475.286
493.272
488.22
475.896
471.572
491.918
485.939
469.962
465.538
490.029
482.734
404.185
398.961
429.254
423.612
450.145
444.03
469.751
463.686
489.714
479.923
398.676
392.484
433.54
426.596
458.241
449.787
477.393
466.949
490.868
478.092
408.696
402.045
417.463
408.894
434.555
423.149
451.132
433.546
390.848
371.34
394.402
373.699
390.282
373.167
394.303
375.352
392.656
387.714
391.934
386.689
375.816
378.826
412.981
415.399
440.154
443.404
395.04
398.257
394.866
396.463
380.36
381.732
355.854
337.218
357.592
338.342
357.312
336.879
358.62
337.958
360.23
336.389
362.903
338.325
364.305
338.866
363.764
337.976
391.274
382.917
395.716
383.425
413.357
405.513
419.369
406.737
376.832
363.088
373.614
362.921
398.531
383.465
399.291
382.573
423.488
407.178
424.731
406.397
378.663
362.9
378.9
361.915
358.517
334.492
346.007
327.085
356.11
333.062
345.865
326.888
359.738
335.146
345.725
326.8
359.633
334.902
344.744
325.991
352.303
347.317
334.484
329.935
353.664
348.992
333.949
329.618
355.999
352.36
333.245
329.635
385.892
406.452
369.109
352.889
330.637
404.924
385.79
368.802
351.955
328.782
402.836
381.451
362.059
345.25
326.29
341.07
333.653
323.592
313.862
343.484
336.538
323.906
314.537
347.423
341.196
324.522
315.643
398.443
390.526
379.637
372.657
363.01
357.102
346.184
339.621
324.088
315.569
394.675
382.74
373.857
362.447
355.316
344.75
338.905
328.202
321.841
312.51
369.45
353.084
368.056
349.878
391.306
374.115
389.656
369.681
349.996
334.277
351.142
336.481
368.078
348.108
366.976
346.567
389.125
367.101
388.04
365.462
350.065
333.042
348.915
331.599
333.411
319.366
318.157
306.891
335.114
320.925
319.573
308.258
332.609
318.427
317.012
305.614
332.39
317.5
316.479
305.222
327.407
325.244
297.866
296.223
331.151
328.592
298.878
297.043
336.034
332.019
300.174
296.537
383.468
378.416
366.217
361.743
351.31
347.356
332.534
326.884
299.266
293.571
372.125
367.135
352.339
347.908
334.907
330.847
316.618
312.224
293.15
288.843
319.367
307.221
299.225
293.206
319.928
307.322
299.105
292.987
318.882
306.993
299.13
293.149
319.518
307.057
299.002
292.976
318.003
306.609
299.161
293.335
318.776
306.641
298.982
293.108
318.415
306.233
298.401
292.57
317.469
305.548
297.821
292.14
316.883
305.92
298.802
293.189
313.958
304.946
298.65
293.646
316.546
306.049
299.167
293.676
314.315
305.31
298.975
293.986
316.809
305.621
298.354
292.773
313.535
304.552
298.295
293.396
316.294
305.136
297.908
292.474
312.995
304.112
297.951
293.186
318.231
306.971
299.452
293.708
316.494
306.583
299.658
294.412
317.761
306.78
299.409
293.716
316.21
306.461
299.597
294.395
317.027
306.475
299.379
293.81
315.82
306.255
299.495
294.366
315.745
305.998
299.318
294.032
315.217
305.98
299.41
294.401
314.458
305.551
299.236
294.331
314.719
306.235
299.593
295.576
313.472
306.039
299.647
296.078
314.638
306.157
299.556
295.56
313.427
305.964
299.599
296.045
314.433
305.992
299.431
295.46
313.266
305.808
299.482
295.964
313.992
305.716
299.312
295.372
312.879
305.559
299.341
295.866
313.201
305.308
299.161
295.294
312.115
305.202
299.154
295.746
311.428
304.339
298.527
294.871
310.058
304.182
298.561
295.297
312.251
304.83
298.856
295.094
311.02
304.715
298.886
295.55
310.698
303.862
298.137
294.564
309.221
303.642
298.168
294.983
310.074
303.394
297.777
294.266
308.537
303.117
297.778
294.667
287.66
283.905
281.247
279.56
278.744
287.601
283.887
281.239
279.556
278.741
287.615
283.875
281.228
279.548
278.735
287.535
283.844
281.212
279.539
278.728
287.572
283.84
281.205
279.534
278.724
287.461
283.795
281.183
279.52
278.714
287.329
283.721
281.139
279.493
278.694
287.144
283.614
281.077
279.454
278.665
287.466
283.777
281.168
279.51
278.707
287.492
283.761
281.154
279.5
278.699
287.561
283.819
281.191
279.524
278.717
287.567
283.799
281.175
279.513
278.709
287.341
283.709
281.129
279.486
278.689
287.382
283.7
281.118
279.479
278.683
287.172
283.611
281.071
279.45
278.662
287.236
283.615
281.069
279.448
278.66
287.743
283.927
281.255
279.565
278.747
287.816
283.941
281.26
279.567
278.749
287.714
283.905
281.241
279.555
278.74
287.791
283.924
281.249
279.56
278.743
287.672
283.872
281.22
279.542
278.73
287.746
283.893
281.23
279.548
278.734
287.644
283.841
281.2
279.529
278.72
287.684
283.856
281.207
279.533
278.723
287.617
283.822
281.187
279.521
278.714
529.189
527.723
529.36
527.853
529.908
528.39
531.13
529.491
533.525
531.755
537.338
537.832
536.282
536.041
537.682
538.436
537.696
538.281
564.413
571.193
572.596
572.91
572.977
557.252
569.226
572.152
572.815
572.955
564.497
571.214
572.601
572.911
572.978
557.427
569.277
572.161
572.818
572.956
564.651
571.252
572.61
572.913
572.978
557.669
569.339
572.176
572.821
572.957
564.993
571.33
572.627
572.917
572.979
558.11
569.445
572.2
572.826
572.958
565.61
571.459
572.655
572.923
572.98
558.878
569.617
572.236
572.834
572.959
566.054
571.509
572.661
572.924
572.98
560.572
569.961
572.304
572.847
572.962
565.969
571.508
572.663
572.924
572.981
559.953
569.834
572.28
572.843
572.961
566.05
571.501
572.659
572.923
572.98
560.834
570.023
572.316
572.849
572.963
566.08
571.508
572.66
572.923
572.98
560.84
570.035
572.317
572.849
572.963
425.802
461.651
458.532
421.698
415.186
421.322
412.666
420.285
442.137
458.617
446.253
460.844
281.027
281.628
282.968
285.126
288.238
292.435
281.536
282.151
283.515
285.693
288.766
292.817
280.641
280.451
281.282
281.156
282.712
282.737
285.034
285.351
288.344
289.031
292.59
293.372
297.821
304.416
312.38
321.778
330.822
336.753
297.888
303.932
310.805
318.006
324.346
328.295
280.263
279.164
277.691
275.933
273.998
280.806
279.624
278.04
276.151
274.072
282.015
280.648
278.817
276.635
274.236
283.963
282.295
280.066
277.415
274.501
286.767
284.664
281.861
278.533
274.881
290.54
287.845
284.266
280.03
275.389
280.722
279.554
277.987
276.118
274.061
281.277
280.023
278.343
276.34
274.136
282.509
281.065
279.133
276.832
274.303
284.472
282.724
280.39
277.617
274.57
287.239
285.06
282.159
278.719
274.944
290.879
288.126
284.477
280.162
275.434
279.914
278.869
277.466
275.793
273.95
279.742
278.723
277.355
275.723
273.927
280.493
279.359
277.839
276.025
274.029
280.379
279.263
277.766
275.98
274.014
281.784
280.453
278.669
276.543
274.205
281.807
280.472
278.684
276.553
274.208
283.881
282.227
280.015
277.383
274.49
284.166
282.469
280.199
277.498
274.529
286.864
284.748
281.925
278.573
274.895
287.483
285.271
282.322
278.821
274.979
290.683
287.968
284.36
280.089
275.409
291.388
288.562
284.809
280.367
275.503
295.365
291.897
287.322
281.931
276.035
301.237
296.801
291.011
284.228
276.817
308.251
302.613
295.374
286.957
277.755
316.377
309.27
300.376
290.133
278.874
323.949
315.368
304.979
293.142
279.996
328.82
319.262
307.934
295.108
280.754
295.421
291.94
287.354
281.953
276.043
300.807
296.444
290.746
284.065
276.762
306.889
301.502
294.547
286.439
277.574
313.194
306.709
298.46
288.899
278.425
318.674
311.199
301.837
291.046
279.182
322.064
313.97
303.929
292.388
279.661
281.129
281.941
283.514
285.943
289.38
293.972
281.641
282.474
284.074
286.515
289.885
294.252
280.744
280.557
281.598
281.485
283.27
283.323
285.884
286.258
289.552
290.322
294.285
295.237
299.778
306.698
314.785
323.924
332.289
337.272
299.617
305.854
312.734
319.676
325.48
328.696
280.355
279.243
277.751
275.971
274.011
281.09
279.866
278.224
276.266
274.111
282.511
281.07
279.14
276.838
274.306
284.705
282.929
280.551
277.719
274.605
287.806
285.552
282.542
278.962
275.027
291.942
289.046
285.19
280.613
275.589
280.818
279.635
278.049
276.157
274.074
281.571
280.273
278.534
276.459
274.177
283.016
281.498
279.464
277.04
274.374
285.22
283.363
280.879
277.924
274.675
288.257
285.931
282.827
279.139
275.088
292.188
289.249
285.34
280.706
275.62
280.007
278.948
277.527
275.831
273.963
279.838
278.805
277.418
275.763
273.94
280.78
279.604
278.025
276.142
274.069
280.678
279.517
277.959
276.101
274.055
282.291
280.884
278.999
276.75
274.276
282.339
280.925
279.03
276.77
274.282
284.653
282.885
280.519
277.699
274.598
284.99
283.172
280.737
277.836
274.645
287.963
285.688
282.646
279.027
275.05
288.659
286.277
283.094
279.307
275.145
292.23
289.294
285.38
280.732
275.629
293.091
290.024
285.935
281.078
275.747
297.157
293.439
288.513
282.685
276.293
303.336
298.618
292.424
285.127
277.126
310.481
304.562
296.903
287.938
278.094
318.391
311.053
301.794
291.055
279.196
325.346
316.621
305.989
293.809
280.234
329.318
319.713
308.301
295.353
280.842
297.002
293.301
288.404
282.617
276.27
302.572
297.969
291.929
284.816
277.02
308.669
303.049
295.755
287.211
277.84
314.745
308.067
299.527
289.586
278.663
319.734
312.133
302.577
291.526
279.349
322.44
314.304
304.195
292.56
279.722
369.023
350.991
306.442
299.545
303.269
299.548
304.749
375.669
373.877
351.918
364.273
330.467
342.68
323.654
328.006
321.191
369.24
343.153
326.4
321.511
330.173
324.437
315.249
314.333
313.365
308.998
319.053
315.21
367.322
345.198
355.737
334.856
328.32
342.187
316.457
309.159
320.041
350.543
334.315
319.831
304.337
285.827
339.561
327.57
314.372
299.79
282.952
303.127
298.458
292.308
285.054
277.1
296.958
293.28
288.396
282.613
276.268
300.316
296.118
290.546
283.951
276.722
296.97
293.296
288.411
282.621
276.271
301.633
297.218
291.375
284.469
276.899
358.593
341.211
325.034
307.435
287.01
357.408
339.956
323.341
305.154
284.461
341.952
330.078
316.073
300.261
282.62
350.774
334.89
319.13
301.833
282.991
324.247
315.919
305.375
293.191
279.884
334.495
324.106
311.426
296.997
281.225
318.392
311.161
301.834
290.969
279.112
322.185
314.268
304.14
292.398
279.598
316.252
309.408
300.525
290.15
278.829
353.325
337.245
322.172
305.635
286.394
334.74
324.38
311.897
297.647
281.692
320.742
313.08
303.292
291.92
279.458
316.462
309.557
300.665
290.286
278.898
323.909
315.649
305.265
293.245
279.969
318.964
311.599
302.218
291.3
279.267
310.913
304.938
297.195
288.124
278.158
310.156
304.337
296.74
287.82
278.044
309.341
303.681
296.244
287.496
277.927
305.442
300.418
293.789
285.97
277.409
314.355
307.836
299.36
289.44
278.593
310.95
305.007
297.242
288.126
278.146
350.404
334.569
320.147
304.531
286.07
335.474
324.576
312.126
298.148
282.153
344.263
330.98
317.155
301.653
283.58
327.619
318.551
307.506
294.83
280.629
322.238
314.251
304.236
292.633
279.766
333.848
323.663
311.427
297.447
281.663
312.003
305.857
297.887
288.55
278.301
305.568
300.513
293.859
286.018
277.427
315.157
308.472
299.856
289.788
278.729
280.294
294.407
307.357
318.607
327.538
334.248
486.751
480.684
457.576
463.514
471.337
462.563
448.224
437.895
505.722
520.774
499.243
512.817
490.167
481.817
501.409
477.184
472.265
449.769
454.549
464.349
456.597
441.982
433.112
496.008
506.865
490.366
499.959
481.923
474.19
490.024
463.912
460.322
438.882
442.384
454.165
447.881
432.856
425.358
481.221
491.751
476.721
486.278
470.247
463.717
478.207
450.268
447.622
427.511
430.187
442.718
437.314
422.66
416.201
467.312
478.493
463.706
474.014
458.451
452.211
466.877
440.414
438.274
419.235
421.494
434.033
429.363
415.006
409.1
456.833
468.806
453.765
465.191
449.533
444.032
458.982
433.753
431.861
413.588
415.636
428.066
423.984
409.676
404.185
449.947
463.558
447.147
460.037
443.639
438.745
453.831
408.852
405.64
430.966
435.39
401.367
396.069
424.073
415.634
386.661
366.483
385.62
368.055
381.93
381.362
370.673
404.722
401.727
425.309
429.16
397.729
392.787
419.196
411.366
382.175
362.685
381.296
364.412
377.837
377.716
366.814
398.147
395.501
416.876
419.984
391.949
387.422
411.787
405.02
377.591
357.972
376.659
359.524
373.517
373.327
361.732
389.992
387.688
407.343
409.884
384.374
379.859
403.045
396.719
370.841
352.033
370.027
353.427
367.168
366.929
355.656
383.464
381.369
400.143
402.378
378.395
374.117
396.278
390.453
365.045
347.577
364.331
348.633
361.965
361.664
350.9
378.797
376.845
395.15
397.214
374.253
370.442
391.542
386.138
361.347
344.565
360.76
345.61
358.637
358.52
348.105
)
;

boundaryField
{
    patch1
    {
        type            zeroGradient;
    }
    patch2
    {
        type            fixedValue;
        value           uniform 273;
    }
    patch3
    {
        type            zeroGradient;
    }
    patch4
    {
        type            fixedValue;
        value           uniform 573;
    }
}


// ************************************************************************* //
