/*--------------------------------*- C++ -*----------------------------------*\
  =========                 |
  \\      /  F ield         | OpenFOAM: The Open Source CFD Toolbox
   \\    /   O peration     | Website:  https://openfoam.org
    \\  /    A nd           | Version:  11
     \\/     M anipulation  |
\*---------------------------------------------------------------------------*/
FoamFile
{
    format      ascii;
    class       volScalarField;
    location    "7.5";
    object      epsilon;
}
// * * * * * * * * * * * * * * * * * * * * * * * * * * * * * * * * * * * * * //

dimensions      [0 2 -3 0 0 0 0];

internalField   nonuniform List<scalar> 
4000
(
0.000151856
0.000137436
0.000137408
0.000137408
0.000137408
0.000137408
0.000137408
0.000137408
0.000137408
0.000137408
0.000137408
0.000137408
0.000137408
0.000137408
0.000137408
0.000137408
0.000137408
0.000137408
0.000137436
0.000151856
8.44855e-05
3.3616e-05
3.28694e-05
3.28693e-05
3.28693e-05
3.28693e-05
3.28693e-05
3.28693e-05
3.28693e-05
3.28693e-05
3.28693e-05
3.28693e-05
3.28693e-05
3.28693e-05
3.28693e-05
3.28693e-05
3.28693e-05
3.28694e-05
3.36162e-05
8.4485e-05
5.75709e-05
2.9072e-05
2.76863e-05
2.76861e-05
2.76861e-05
2.76861e-05
2.76861e-05
2.76861e-05
2.76861e-05
2.76861e-05
2.76861e-05
2.76861e-05
2.76861e-05
2.76861e-05
2.76861e-05
2.76861e-05
2.76861e-05
2.76863e-05
2.90721e-05
5.75705e-05
5.8637e-05
2.90709e-05
2.76739e-05
2.76738e-05
2.76738e-05
2.76738e-05
2.76738e-05
2.76738e-05
2.76738e-05
2.76738e-05
2.76738e-05
2.76738e-05
2.76738e-05
2.76738e-05
2.76738e-05
2.76738e-05
2.76738e-05
2.76739e-05
2.9071e-05
5.86364e-05
5.87902e-05
2.90719e-05
2.76739e-05
2.76737e-05
2.76737e-05
2.76737e-05
2.76737e-05
2.76737e-05
2.76737e-05
2.76737e-05
2.76737e-05
2.76737e-05
2.76737e-05
2.76737e-05
2.76737e-05
2.76737e-05
2.76737e-05
2.76739e-05
2.9072e-05
5.87897e-05
5.88076e-05
2.9072e-05
2.76739e-05
2.76737e-05
2.76737e-05
2.76737e-05
2.76737e-05
2.76737e-05
2.76737e-05
2.76737e-05
2.76737e-05
2.76737e-05
2.76737e-05
2.76737e-05
2.76737e-05
2.76737e-05
2.76737e-05
2.76739e-05
2.90721e-05
5.88071e-05
5.88093e-05
2.9072e-05
2.76739e-05
2.76737e-05
2.76737e-05
2.76737e-05
2.76737e-05
2.76737e-05
2.76737e-05
2.76737e-05
2.76737e-05
2.76737e-05
2.76737e-05
2.76737e-05
2.76737e-05
2.76737e-05
2.76737e-05
2.76739e-05
2.90721e-05
5.88087e-05
5.88094e-05
2.9072e-05
2.76739e-05
2.76737e-05
2.76737e-05
2.76737e-05
2.76737e-05
2.76737e-05
2.76737e-05
2.76737e-05
2.76737e-05
2.76737e-05
2.76737e-05
2.76737e-05
2.76737e-05
2.76737e-05
2.76737e-05
2.76739e-05
2.90721e-05
5.88088e-05
5.88094e-05
2.9072e-05
2.76739e-05
2.76737e-05
2.76737e-05
2.76737e-05
2.76737e-05
2.76737e-05
2.76737e-05
2.76737e-05
2.76737e-05
2.76737e-05
2.76737e-05
2.76737e-05
2.76737e-05
2.76737e-05
2.76737e-05
2.76739e-05
2.90721e-05
5.88089e-05
5.88094e-05
2.9072e-05
2.76739e-05
2.76737e-05
2.76737e-05
2.76737e-05
2.76737e-05
2.76737e-05
2.76737e-05
2.76737e-05
2.76737e-05
2.76737e-05
2.76737e-05
2.76737e-05
2.76737e-05
2.76737e-05
2.76737e-05
2.76739e-05
2.90721e-05
5.88089e-05
5.88094e-05
2.9072e-05
2.76739e-05
2.76737e-05
2.76737e-05
2.76737e-05
2.76737e-05
2.76737e-05
2.76737e-05
2.76737e-05
2.76737e-05
2.76737e-05
2.76737e-05
2.76737e-05
2.76737e-05
2.76737e-05
2.76737e-05
2.76739e-05
2.90721e-05
5.88089e-05
5.88094e-05
2.9072e-05
2.76739e-05
2.76737e-05
2.76737e-05
2.76737e-05
2.76737e-05
2.76737e-05
2.76737e-05
2.76737e-05
2.76737e-05
2.76737e-05
2.76737e-05
2.76737e-05
2.76737e-05
2.76737e-05
2.76737e-05
2.76739e-05
2.90721e-05
5.88089e-05
5.88094e-05
2.9072e-05
2.76739e-05
2.76737e-05
2.76737e-05
2.76737e-05
2.76737e-05
2.76737e-05
2.76737e-05
2.76737e-05
2.76737e-05
2.76737e-05
2.76737e-05
2.76737e-05
2.76737e-05
2.76737e-05
2.76737e-05
2.76739e-05
2.90721e-05
5.88088e-05
5.88093e-05
2.9072e-05
2.76739e-05
2.76737e-05
2.76737e-05
2.76737e-05
2.76737e-05
2.76737e-05
2.76737e-05
2.76737e-05
2.76737e-05
2.76737e-05
2.76737e-05
2.76737e-05
2.76737e-05
2.76737e-05
2.76737e-05
2.76739e-05
2.90721e-05
5.88087e-05
5.88079e-05
2.9072e-05
2.76739e-05
2.76737e-05
2.76737e-05
2.76737e-05
2.76737e-05
2.76737e-05
2.76737e-05
2.76737e-05
2.76737e-05
2.76737e-05
2.76737e-05
2.76737e-05
2.76737e-05
2.76737e-05
2.76737e-05
2.76739e-05
2.90721e-05
5.88073e-05
5.87933e-05
2.90719e-05
2.76739e-05
2.76737e-05
2.76737e-05
2.76737e-05
2.76737e-05
2.76737e-05
2.76737e-05
2.76737e-05
2.76737e-05
2.76737e-05
2.76737e-05
2.76737e-05
2.76737e-05
2.76737e-05
2.76737e-05
2.76739e-05
2.90721e-05
5.87927e-05
5.86684e-05
2.90711e-05
2.76739e-05
2.76738e-05
2.76738e-05
2.76738e-05
2.76738e-05
2.76738e-05
2.76738e-05
2.76738e-05
2.76738e-05
2.76738e-05
2.76738e-05
2.76738e-05
2.76738e-05
2.76738e-05
2.76738e-05
2.76739e-05
2.90712e-05
5.86679e-05
5.78396e-05
2.90869e-05
2.7699e-05
2.76989e-05
2.76989e-05
2.76989e-05
2.76989e-05
2.76989e-05
2.76989e-05
2.76989e-05
2.76989e-05
2.76989e-05
2.76989e-05
2.76989e-05
2.76989e-05
2.76989e-05
2.76989e-05
2.7699e-05
2.90871e-05
5.78392e-05
8.81341e-05
4.08043e-05
4.00812e-05
4.00811e-05
4.00811e-05
4.00811e-05
4.00811e-05
4.00811e-05
4.00811e-05
4.00811e-05
4.00811e-05
4.00811e-05
4.00811e-05
4.00811e-05
4.00811e-05
4.00811e-05
4.00811e-05
4.00812e-05
4.08044e-05
8.81336e-05
0.000273721
0.000477104
0.000477536
0.000477536
0.000477536
0.000477536
0.000477536
0.000477536
0.000477536
0.000477536
0.000477536
0.000477536
0.000477536
0.000477536
0.000477536
0.000477536
0.000477536
0.000477536
0.000477105
0.000273721
2.76739e-05
2.76739e-05
2.76739e-05
2.76739e-05
2.76739e-05
2.76739e-05
2.76739e-05
2.76739e-05
2.76739e-05
2.76739e-05
2.76739e-05
2.76739e-05
2.76739e-05
2.76739e-05
2.76739e-05
2.76739e-05
2.76739e-05
2.76739e-05
2.76739e-05
2.76737e-05
2.76739e-05
2.76739e-05
2.76739e-05
2.76739e-05
2.76739e-05
2.76739e-05
2.76739e-05
2.76739e-05
2.76739e-05
2.76739e-05
2.76739e-05
2.76739e-05
2.76739e-05
2.76739e-05
2.76739e-05
2.76739e-05
2.76739e-05
2.76739e-05
2.76739e-05
2.76737e-05
2.76739e-05
2.76739e-05
2.76739e-05
2.76739e-05
2.76739e-05
2.76739e-05
2.76739e-05
2.76739e-05
2.76739e-05
2.76739e-05
2.76739e-05
2.76739e-05
2.76739e-05
2.76739e-05
2.76739e-05
2.76739e-05
2.76739e-05
2.76739e-05
2.76739e-05
2.76737e-05
2.76739e-05
2.76739e-05
2.76739e-05
2.76739e-05
2.76739e-05
2.76739e-05
2.76739e-05
2.76739e-05
2.76739e-05
2.76739e-05
2.76739e-05
2.76739e-05
2.76739e-05
2.76739e-05
2.76739e-05
2.76739e-05
2.76739e-05
2.76739e-05
2.76739e-05
2.76737e-05
2.76739e-05
2.76739e-05
2.76739e-05
2.76739e-05
2.76739e-05
2.76739e-05
2.76739e-05
2.76739e-05
2.76739e-05
2.76739e-05
2.76739e-05
2.76739e-05
2.76739e-05
2.76739e-05
2.76739e-05
2.76739e-05
2.76739e-05
2.76739e-05
2.76739e-05
2.76737e-05
2.76739e-05
2.76739e-05
2.76739e-05
2.76739e-05
2.76739e-05
2.76739e-05
2.76739e-05
2.76739e-05
2.76739e-05
2.76739e-05
2.76739e-05
2.76739e-05
2.76739e-05
2.76739e-05
2.76739e-05
2.76739e-05
2.76739e-05
2.76739e-05
2.76739e-05
2.76737e-05
2.76739e-05
2.76739e-05
2.76739e-05
2.76739e-05
2.76739e-05
2.76739e-05
2.76739e-05
2.76739e-05
2.76739e-05
2.76739e-05
2.76739e-05
2.76739e-05
2.76739e-05
2.76739e-05
2.76739e-05
2.76739e-05
2.76739e-05
2.76739e-05
2.76739e-05
2.76737e-05
2.76739e-05
2.76739e-05
2.76739e-05
2.76739e-05
2.76739e-05
2.76739e-05
2.76739e-05
2.76739e-05
2.76739e-05
2.76739e-05
2.76739e-05
2.76739e-05
2.76739e-05
2.76739e-05
2.76739e-05
2.76739e-05
2.76739e-05
2.76739e-05
2.76739e-05
2.76737e-05
2.76739e-05
2.76739e-05
2.76739e-05
2.76739e-05
2.76739e-05
2.76739e-05
2.76739e-05
2.76739e-05
2.76739e-05
2.76739e-05
2.76739e-05
2.76739e-05
2.76739e-05
2.76739e-05
2.76739e-05
2.76739e-05
2.76739e-05
2.76739e-05
2.76739e-05
2.76737e-05
2.76739e-05
2.76739e-05
2.76739e-05
2.76739e-05
2.76739e-05
2.76739e-05
2.76739e-05
2.76739e-05
2.76739e-05
2.76739e-05
2.76739e-05
2.76739e-05
2.76739e-05
2.76739e-05
2.76739e-05
2.76739e-05
2.76739e-05
2.76739e-05
2.76739e-05
2.76737e-05
2.76739e-05
2.76739e-05
2.76739e-05
2.76739e-05
2.76739e-05
2.76739e-05
2.76739e-05
2.76739e-05
2.76739e-05
2.76739e-05
2.76739e-05
2.76739e-05
2.76739e-05
2.76739e-05
2.76739e-05
2.76739e-05
2.76739e-05
2.76739e-05
2.76739e-05
2.76737e-05
2.76739e-05
2.76739e-05
2.76739e-05
2.76739e-05
2.76739e-05
2.76739e-05
2.76739e-05
2.76739e-05
2.76739e-05
2.76739e-05
2.76739e-05
2.76739e-05
2.76739e-05
2.76739e-05
2.76739e-05
2.76739e-05
2.76739e-05
2.76739e-05
2.76739e-05
2.76737e-05
2.76739e-05
2.76739e-05
2.76739e-05
2.76739e-05
2.76739e-05
2.76739e-05
2.76739e-05
2.76739e-05
2.76739e-05
2.76739e-05
2.76739e-05
2.76739e-05
2.76739e-05
2.76739e-05
2.76739e-05
2.76739e-05
2.76739e-05
2.76739e-05
2.76739e-05
2.76737e-05
2.76739e-05
2.76739e-05
2.76739e-05
2.76739e-05
2.76739e-05
2.76739e-05
2.76739e-05
2.76739e-05
2.76739e-05
2.76739e-05
2.76739e-05
2.76739e-05
2.76739e-05
2.76739e-05
2.76739e-05
2.76739e-05
2.76739e-05
2.76739e-05
2.76739e-05
2.76737e-05
2.76739e-05
2.76739e-05
2.76739e-05
2.76739e-05
2.76739e-05
2.76739e-05
2.76739e-05
2.76739e-05
2.76739e-05
2.76739e-05
2.76739e-05
2.76739e-05
2.76739e-05
2.76739e-05
2.76739e-05
2.76739e-05
2.76739e-05
2.76739e-05
2.76739e-05
2.76737e-05
2.76739e-05
2.76739e-05
2.76739e-05
2.76739e-05
2.76739e-05
2.76739e-05
2.76739e-05
2.76739e-05
2.76739e-05
2.76739e-05
2.76739e-05
2.76739e-05
2.76739e-05
2.76739e-05
2.76739e-05
2.76739e-05
2.76739e-05
2.76739e-05
2.76739e-05
2.76737e-05
2.76739e-05
2.76739e-05
2.76739e-05
2.76739e-05
2.76739e-05
2.76739e-05
2.76739e-05
2.76739e-05
2.76739e-05
2.76739e-05
2.76739e-05
2.76739e-05
2.76739e-05
2.76739e-05
2.76739e-05
2.76739e-05
2.76739e-05
2.76739e-05
2.76739e-05
2.76737e-05
2.76739e-05
2.76739e-05
2.76739e-05
2.76739e-05
2.76739e-05
2.76739e-05
2.76739e-05
2.76739e-05
2.76739e-05
2.76739e-05
2.76739e-05
2.76739e-05
2.76739e-05
2.76739e-05
2.76739e-05
2.76739e-05
2.76739e-05
2.76739e-05
2.76739e-05
2.76737e-05
2.76739e-05
2.76739e-05
2.76739e-05
2.76739e-05
2.76739e-05
2.76739e-05
2.76739e-05
2.76739e-05
2.76739e-05
2.76739e-05
2.76739e-05
2.76739e-05
2.76739e-05
2.76739e-05
2.76739e-05
2.76739e-05
2.76739e-05
2.76739e-05
2.76739e-05
2.76737e-05
2.76737e-05
2.76737e-05
2.76737e-05
2.76737e-05
2.76737e-05
2.76737e-05
2.76737e-05
2.76737e-05
2.76737e-05
2.76737e-05
2.76737e-05
2.76737e-05
2.76737e-05
2.76737e-05
2.76737e-05
2.76737e-05
2.76737e-05
2.76737e-05
2.76737e-05
2.76735e-05
2.76739e-05
2.76739e-05
2.76739e-05
2.76739e-05
2.76739e-05
2.76739e-05
2.76739e-05
2.76739e-05
2.76739e-05
2.76739e-05
2.76739e-05
2.76739e-05
2.76739e-05
2.76739e-05
2.76739e-05
2.76739e-05
2.76739e-05
2.76739e-05
2.76739e-05
2.76737e-05
2.76739e-05
2.76739e-05
2.76739e-05
2.76739e-05
2.76739e-05
2.76739e-05
2.76739e-05
2.76739e-05
2.76739e-05
2.76739e-05
2.76739e-05
2.76739e-05
2.76739e-05
2.76739e-05
2.76739e-05
2.76739e-05
2.76739e-05
2.76739e-05
2.76739e-05
2.76737e-05
2.76739e-05
2.76739e-05
2.76739e-05
2.76739e-05
2.76739e-05
2.76739e-05
2.76739e-05
2.76739e-05
2.76739e-05
2.76739e-05
2.76739e-05
2.76739e-05
2.76739e-05
2.76739e-05
2.76739e-05
2.76739e-05
2.76739e-05
2.76739e-05
2.76739e-05
2.76737e-05
2.76739e-05
2.76739e-05
2.76739e-05
2.76739e-05
2.76739e-05
2.76739e-05
2.76739e-05
2.76739e-05
2.76739e-05
2.76739e-05
2.76739e-05
2.76739e-05
2.76739e-05
2.76739e-05
2.76739e-05
2.76739e-05
2.76739e-05
2.76739e-05
2.76739e-05
2.76737e-05
2.76739e-05
2.76739e-05
2.76739e-05
2.76739e-05
2.76739e-05
2.76739e-05
2.76739e-05
2.76739e-05
2.76739e-05
2.76739e-05
2.76739e-05
2.76739e-05
2.76739e-05
2.76739e-05
2.76739e-05
2.76739e-05
2.76739e-05
2.76739e-05
2.76739e-05
2.76737e-05
2.76739e-05
2.76739e-05
2.76739e-05
2.76739e-05
2.76739e-05
2.76739e-05
2.76739e-05
2.76739e-05
2.76739e-05
2.76739e-05
2.76739e-05
2.76739e-05
2.76739e-05
2.76739e-05
2.76739e-05
2.76739e-05
2.76739e-05
2.76739e-05
2.76739e-05
2.76737e-05
2.76739e-05
2.76739e-05
2.76739e-05
2.76739e-05
2.76739e-05
2.76739e-05
2.76739e-05
2.76739e-05
2.76739e-05
2.76739e-05
2.76739e-05
2.76739e-05
2.76739e-05
2.76739e-05
2.76739e-05
2.76739e-05
2.76739e-05
2.76739e-05
2.76739e-05
2.76737e-05
2.76739e-05
2.76739e-05
2.76739e-05
2.76739e-05
2.76739e-05
2.76739e-05
2.76739e-05
2.76739e-05
2.76739e-05
2.76739e-05
2.76739e-05
2.76739e-05
2.76739e-05
2.76739e-05
2.76739e-05
2.76739e-05
2.76739e-05
2.76739e-05
2.76739e-05
2.76737e-05
2.76739e-05
2.76739e-05
2.76739e-05
2.76739e-05
2.76739e-05
2.76739e-05
2.76739e-05
2.76739e-05
2.76739e-05
2.76739e-05
2.76739e-05
2.76739e-05
2.76739e-05
2.76739e-05
2.76739e-05
2.76739e-05
2.76739e-05
2.76739e-05
2.76739e-05
2.76737e-05
2.76739e-05
2.76739e-05
2.76739e-05
2.76739e-05
2.76739e-05
2.76739e-05
2.76739e-05
2.76739e-05
2.76739e-05
2.76739e-05
2.76739e-05
2.76739e-05
2.76739e-05
2.76739e-05
2.76739e-05
2.76739e-05
2.76739e-05
2.76739e-05
2.76739e-05
2.76737e-05
2.76739e-05
2.76739e-05
2.76739e-05
2.76739e-05
2.76739e-05
2.76739e-05
2.76739e-05
2.76739e-05
2.76739e-05
2.76739e-05
2.76739e-05
2.76739e-05
2.76739e-05
2.76739e-05
2.76739e-05
2.76739e-05
2.76739e-05
2.76739e-05
2.76739e-05
2.76737e-05
2.76739e-05
2.76739e-05
2.76739e-05
2.76739e-05
2.76739e-05
2.76739e-05
2.76739e-05
2.76739e-05
2.76739e-05
2.76739e-05
2.76739e-05
2.76739e-05
2.76739e-05
2.76739e-05
2.76739e-05
2.76739e-05
2.76739e-05
2.76739e-05
2.76739e-05
2.76737e-05
2.76739e-05
2.76739e-05
2.76739e-05
2.76739e-05
2.76739e-05
2.76739e-05
2.76739e-05
2.76739e-05
2.76739e-05
2.76739e-05
2.76739e-05
2.76739e-05
2.76739e-05
2.76739e-05
2.76739e-05
2.76739e-05
2.76739e-05
2.76739e-05
2.76739e-05
2.76737e-05
2.76739e-05
2.76739e-05
2.76739e-05
2.76739e-05
2.76739e-05
2.76739e-05
2.76739e-05
2.76739e-05
2.76739e-05
2.76739e-05
2.76739e-05
2.76739e-05
2.76739e-05
2.76739e-05
2.76739e-05
2.76739e-05
2.76739e-05
2.76739e-05
2.76739e-05
2.76737e-05
2.76739e-05
2.76739e-05
2.76739e-05
2.76739e-05
2.76739e-05
2.76739e-05
2.76739e-05
2.76739e-05
2.76739e-05
2.76739e-05
2.76739e-05
2.76739e-05
2.76739e-05
2.76739e-05
2.76739e-05
2.76739e-05
2.76739e-05
2.76739e-05
2.76739e-05
2.76737e-05
2.76739e-05
2.76739e-05
2.76739e-05
2.76739e-05
2.76739e-05
2.76739e-05
2.76739e-05
2.76739e-05
2.76739e-05
2.76739e-05
2.76739e-05
2.76739e-05
2.76739e-05
2.76739e-05
2.76739e-05
2.76739e-05
2.76739e-05
2.76739e-05
2.76739e-05
2.76737e-05
2.76739e-05
2.76739e-05
2.76739e-05
2.76739e-05
2.76739e-05
2.76739e-05
2.76739e-05
2.76739e-05
2.76739e-05
2.76739e-05
2.76739e-05
2.76739e-05
2.76739e-05
2.76739e-05
2.76739e-05
2.76739e-05
2.76739e-05
2.76739e-05
2.76739e-05
2.76737e-05
2.76739e-05
2.76739e-05
2.76739e-05
2.76739e-05
2.76739e-05
2.76739e-05
2.76739e-05
2.76739e-05
2.76739e-05
2.76739e-05
2.76739e-05
2.76739e-05
2.76739e-05
2.76739e-05
2.76739e-05
2.76739e-05
2.76739e-05
2.76739e-05
2.76739e-05
2.76737e-05
2.76739e-05
2.76739e-05
2.76739e-05
2.76739e-05
2.76739e-05
2.76739e-05
2.76739e-05
2.76739e-05
2.76739e-05
2.76739e-05
2.76739e-05
2.76739e-05
2.76739e-05
2.76739e-05
2.76739e-05
2.76739e-05
2.76739e-05
2.76739e-05
2.76739e-05
2.76737e-05
2.76737e-05
2.76737e-05
2.76737e-05
2.76737e-05
2.76737e-05
2.76737e-05
2.76737e-05
2.76737e-05
2.76737e-05
2.76737e-05
2.76737e-05
2.76737e-05
2.76737e-05
2.76737e-05
2.76737e-05
2.76737e-05
2.76737e-05
2.76737e-05
2.76737e-05
2.76735e-05
2.76739e-05
2.76739e-05
2.76739e-05
2.76739e-05
2.76739e-05
2.76739e-05
2.76739e-05
2.76739e-05
2.76739e-05
2.76739e-05
2.76739e-05
2.76739e-05
2.76739e-05
2.76739e-05
2.76739e-05
2.76739e-05
2.76739e-05
2.76739e-05
2.76739e-05
2.76737e-05
2.76739e-05
2.76739e-05
2.76739e-05
2.76739e-05
2.76739e-05
2.76739e-05
2.76739e-05
2.76739e-05
2.76739e-05
2.76739e-05
2.76739e-05
2.76739e-05
2.76739e-05
2.76739e-05
2.76739e-05
2.76739e-05
2.76739e-05
2.76739e-05
2.76739e-05
2.76737e-05
2.76739e-05
2.76739e-05
2.76739e-05
2.76739e-05
2.76739e-05
2.76739e-05
2.76739e-05
2.76739e-05
2.76739e-05
2.76739e-05
2.76739e-05
2.76739e-05
2.76739e-05
2.76739e-05
2.76739e-05
2.76739e-05
2.76739e-05
2.76739e-05
2.76739e-05
2.76737e-05
2.76739e-05
2.76739e-05
2.76739e-05
2.76739e-05
2.76739e-05
2.76739e-05
2.76739e-05
2.76739e-05
2.76739e-05
2.76739e-05
2.76739e-05
2.76739e-05
2.76739e-05
2.76739e-05
2.76739e-05
2.76739e-05
2.76739e-05
2.76739e-05
2.76739e-05
2.76737e-05
2.76739e-05
2.76739e-05
2.76739e-05
2.76739e-05
2.76739e-05
2.76739e-05
2.76739e-05
2.76739e-05
2.76739e-05
2.76739e-05
2.76739e-05
2.76739e-05
2.76739e-05
2.76739e-05
2.76739e-05
2.76739e-05
2.76739e-05
2.76739e-05
2.76739e-05
2.76737e-05
2.76739e-05
2.76739e-05
2.76739e-05
2.76739e-05
2.76739e-05
2.76739e-05
2.76739e-05
2.76739e-05
2.76739e-05
2.76739e-05
2.76739e-05
2.76739e-05
2.76739e-05
2.76739e-05
2.76739e-05
2.76739e-05
2.76739e-05
2.76739e-05
2.76739e-05
2.76737e-05
2.76739e-05
2.76739e-05
2.76739e-05
2.76739e-05
2.76739e-05
2.76739e-05
2.76739e-05
2.76739e-05
2.76739e-05
2.76739e-05
2.76739e-05
2.76739e-05
2.76739e-05
2.76739e-05
2.76739e-05
2.76739e-05
2.76739e-05
2.76739e-05
2.76739e-05
2.76737e-05
2.76739e-05
2.76739e-05
2.76739e-05
2.76739e-05
2.76739e-05
2.76739e-05
2.76739e-05
2.76739e-05
2.76739e-05
2.76739e-05
2.76739e-05
2.76739e-05
2.76739e-05
2.76739e-05
2.76739e-05
2.76739e-05
2.76739e-05
2.76739e-05
2.76739e-05
2.76737e-05
2.76739e-05
2.76739e-05
2.76739e-05
2.76739e-05
2.76739e-05
2.76739e-05
2.76739e-05
2.76739e-05
2.76739e-05
2.76739e-05
2.76739e-05
2.76739e-05
2.76739e-05
2.76739e-05
2.76739e-05
2.76739e-05
2.76739e-05
2.76739e-05
2.76739e-05
2.76737e-05
2.76739e-05
2.76739e-05
2.76739e-05
2.76739e-05
2.76739e-05
2.76739e-05
2.76739e-05
2.76739e-05
2.76739e-05
2.76739e-05
2.76739e-05
2.76739e-05
2.76739e-05
2.76739e-05
2.76739e-05
2.76739e-05
2.76739e-05
2.76739e-05
2.76739e-05
2.76737e-05
2.76739e-05
2.76739e-05
2.76739e-05
2.76739e-05
2.76739e-05
2.76739e-05
2.76739e-05
2.76739e-05
2.76739e-05
2.76739e-05
2.76739e-05
2.76739e-05
2.76739e-05
2.76739e-05
2.76739e-05
2.76739e-05
2.76739e-05
2.76739e-05
2.76739e-05
2.76737e-05
2.76739e-05
2.76739e-05
2.76739e-05
2.76739e-05
2.76739e-05
2.76739e-05
2.76739e-05
2.76739e-05
2.76739e-05
2.76739e-05
2.76739e-05
2.76739e-05
2.76739e-05
2.76739e-05
2.76739e-05
2.76739e-05
2.76739e-05
2.76739e-05
2.76739e-05
2.76737e-05
2.76739e-05
2.76739e-05
2.76739e-05
2.76739e-05
2.76739e-05
2.76739e-05
2.76739e-05
2.76739e-05
2.76739e-05
2.76739e-05
2.76739e-05
2.76739e-05
2.76739e-05
2.76739e-05
2.76739e-05
2.76739e-05
2.76739e-05
2.76739e-05
2.76739e-05
2.76737e-05
2.76739e-05
2.76739e-05
2.76739e-05
2.76739e-05
2.76739e-05
2.76739e-05
2.76739e-05
2.76739e-05
2.76739e-05
2.76739e-05
2.76739e-05
2.76739e-05
2.76739e-05
2.76739e-05
2.76739e-05
2.76739e-05
2.76739e-05
2.76739e-05
2.76739e-05
2.76737e-05
2.76739e-05
2.76739e-05
2.76739e-05
2.76739e-05
2.76739e-05
2.76739e-05
2.76739e-05
2.76739e-05
2.76739e-05
2.76739e-05
2.76739e-05
2.76739e-05
2.76739e-05
2.76739e-05
2.76739e-05
2.76739e-05
2.76739e-05
2.76739e-05
2.76739e-05
2.76737e-05
2.76739e-05
2.76739e-05
2.76739e-05
2.76739e-05
2.76739e-05
2.76739e-05
2.76739e-05
2.76739e-05
2.76739e-05
2.76739e-05
2.76739e-05
2.76739e-05
2.76739e-05
2.76739e-05
2.76739e-05
2.76739e-05
2.76739e-05
2.76739e-05
2.76739e-05
2.76737e-05
2.76739e-05
2.76739e-05
2.76739e-05
2.76739e-05
2.76739e-05
2.76739e-05
2.76739e-05
2.76739e-05
2.76739e-05
2.76739e-05
2.76739e-05
2.76739e-05
2.76739e-05
2.76739e-05
2.76739e-05
2.76739e-05
2.76739e-05
2.76739e-05
2.76739e-05
2.76737e-05
2.76739e-05
2.76739e-05
2.76739e-05
2.76739e-05
2.76739e-05
2.76739e-05
2.76739e-05
2.76739e-05
2.76739e-05
2.76739e-05
2.76739e-05
2.76739e-05
2.76739e-05
2.76739e-05
2.76739e-05
2.76739e-05
2.76739e-05
2.76739e-05
2.76739e-05
2.76737e-05
2.76739e-05
2.76739e-05
2.76739e-05
2.76739e-05
2.76739e-05
2.76739e-05
2.76739e-05
2.76739e-05
2.76739e-05
2.76739e-05
2.76739e-05
2.76739e-05
2.76739e-05
2.76739e-05
2.76739e-05
2.76739e-05
2.76739e-05
2.76739e-05
2.76739e-05
2.76737e-05
2.76737e-05
2.76737e-05
2.76737e-05
2.76737e-05
2.76737e-05
2.76737e-05
2.76737e-05
2.76737e-05
2.76737e-05
2.76737e-05
2.76737e-05
2.76737e-05
2.76737e-05
2.76737e-05
2.76737e-05
2.76737e-05
2.76737e-05
2.76737e-05
2.76737e-05
2.76735e-05
2.76737e-05
2.76737e-05
2.76737e-05
2.76737e-05
2.76737e-05
2.76737e-05
2.76737e-05
2.76737e-05
2.76737e-05
2.76737e-05
2.76737e-05
2.76737e-05
2.76737e-05
2.76737e-05
2.76737e-05
2.76737e-05
2.76737e-05
2.76737e-05
2.76737e-05
2.76737e-05
2.76737e-05
2.76737e-05
2.76737e-05
2.76737e-05
2.76737e-05
2.76737e-05
2.76737e-05
2.76737e-05
2.76737e-05
2.76737e-05
2.76737e-05
2.76737e-05
2.76737e-05
2.76737e-05
2.76737e-05
2.76737e-05
2.76737e-05
2.76737e-05
2.76737e-05
2.76737e-05
2.76737e-05
2.76737e-05
2.76737e-05
2.76737e-05
2.76737e-05
2.76737e-05
2.76737e-05
2.76737e-05
2.76737e-05
2.76737e-05
2.76737e-05
2.76737e-05
2.76737e-05
2.76737e-05
2.76737e-05
2.76737e-05
2.76737e-05
2.76737e-05
2.76737e-05
2.76737e-05
2.76737e-05
2.76737e-05
2.76737e-05
2.76737e-05
2.76737e-05
2.76737e-05
2.76737e-05
2.76737e-05
2.76737e-05
2.76737e-05
2.76737e-05
2.76737e-05
2.76737e-05
2.76737e-05
2.76737e-05
2.76737e-05
2.76737e-05
2.76737e-05
2.76737e-05
2.76737e-05
2.76737e-05
2.76737e-05
2.76737e-05
2.76737e-05
2.76737e-05
2.76737e-05
2.76737e-05
2.76737e-05
2.76737e-05
2.76737e-05
2.76737e-05
2.76737e-05
2.76737e-05
2.76737e-05
2.76737e-05
2.76737e-05
2.76737e-05
2.76737e-05
2.76737e-05
2.76737e-05
2.76737e-05
2.76737e-05
2.76737e-05
2.76737e-05
2.76737e-05
2.76737e-05
2.76737e-05
2.76737e-05
2.76737e-05
2.76737e-05
2.76737e-05
2.76737e-05
2.76737e-05
2.76737e-05
2.76737e-05
2.76737e-05
2.76737e-05
2.76737e-05
2.76737e-05
2.76737e-05
2.76737e-05
2.76737e-05
2.76737e-05
2.76737e-05
2.76737e-05
2.76737e-05
2.76737e-05
2.76737e-05
2.76737e-05
2.76737e-05
2.76737e-05
2.76737e-05
2.76737e-05
2.76737e-05
2.76737e-05
2.76737e-05
2.76737e-05
2.76737e-05
2.76737e-05
2.76737e-05
2.76737e-05
2.76737e-05
2.76737e-05
2.76737e-05
2.76737e-05
2.76737e-05
2.76737e-05
2.76737e-05
2.76737e-05
2.76737e-05
2.76737e-05
2.76737e-05
2.76737e-05
2.76737e-05
2.76737e-05
2.76737e-05
2.76737e-05
2.76737e-05
2.76737e-05
2.76737e-05
2.76737e-05
2.76737e-05
2.76737e-05
2.76737e-05
2.76737e-05
2.76737e-05
2.76737e-05
2.76737e-05
2.76737e-05
2.76737e-05
2.76737e-05
2.76737e-05
2.76737e-05
2.76737e-05
2.76737e-05
2.76737e-05
2.76737e-05
2.76737e-05
2.76737e-05
2.76737e-05
2.76737e-05
2.76737e-05
2.76737e-05
2.76737e-05
2.76737e-05
2.76737e-05
2.76737e-05
2.76737e-05
2.76737e-05
2.76737e-05
2.76737e-05
2.76737e-05
2.76737e-05
2.76737e-05
2.76737e-05
2.76737e-05
2.76737e-05
2.76737e-05
2.76737e-05
2.76737e-05
2.76737e-05
2.76737e-05
2.76737e-05
2.76737e-05
2.76737e-05
2.76737e-05
2.76737e-05
2.76737e-05
2.76737e-05
2.76737e-05
2.76737e-05
2.76737e-05
2.76737e-05
2.76737e-05
2.76737e-05
2.76737e-05
2.76737e-05
2.76737e-05
2.76737e-05
2.76737e-05
2.76737e-05
2.76737e-05
2.76737e-05
2.76737e-05
2.76737e-05
2.76737e-05
2.76737e-05
2.76737e-05
2.76737e-05
2.76737e-05
2.76737e-05
2.76737e-05
2.76737e-05
2.76737e-05
2.76737e-05
2.76737e-05
2.76737e-05
2.76737e-05
2.76737e-05
2.76737e-05
2.76737e-05
2.76737e-05
2.76737e-05
2.76737e-05
2.76737e-05
2.76737e-05
2.76737e-05
2.76737e-05
2.76737e-05
2.76737e-05
2.76737e-05
2.76737e-05
2.76737e-05
2.76737e-05
2.76737e-05
2.76737e-05
2.76737e-05
2.76737e-05
2.76737e-05
2.76737e-05
2.76737e-05
2.76737e-05
2.76737e-05
2.76737e-05
2.76737e-05
2.76737e-05
2.76737e-05
2.76737e-05
2.76737e-05
2.76737e-05
2.76737e-05
2.76737e-05
2.76737e-05
2.76737e-05
2.76737e-05
2.76737e-05
2.76737e-05
2.76737e-05
2.76737e-05
2.76737e-05
2.76737e-05
2.76737e-05
2.76737e-05
2.76737e-05
2.76737e-05
2.76737e-05
2.76737e-05
2.76737e-05
2.76737e-05
2.76737e-05
2.76737e-05
2.76737e-05
2.76737e-05
2.76737e-05
2.76737e-05
2.76737e-05
2.76737e-05
2.76737e-05
2.76737e-05
2.76737e-05
2.76737e-05
2.76737e-05
2.76737e-05
2.76737e-05
2.76737e-05
2.76737e-05
2.76737e-05
2.76737e-05
2.76737e-05
2.76737e-05
2.76737e-05
2.76737e-05
2.76737e-05
2.76737e-05
2.76737e-05
2.76737e-05
2.76737e-05
2.76737e-05
2.76737e-05
2.76737e-05
2.76737e-05
2.76737e-05
2.76737e-05
2.76737e-05
2.76737e-05
2.76737e-05
2.76737e-05
2.76737e-05
2.76737e-05
2.76737e-05
2.76737e-05
2.76737e-05
2.76737e-05
2.76737e-05
2.76737e-05
2.76737e-05
2.76737e-05
2.76737e-05
2.76737e-05
2.76737e-05
2.76737e-05
2.76737e-05
2.76737e-05
2.76737e-05
2.76737e-05
2.76737e-05
2.76737e-05
2.76737e-05
2.76737e-05
2.76737e-05
2.76737e-05
2.76737e-05
2.76737e-05
2.76737e-05
2.76737e-05
2.76737e-05
2.76737e-05
2.76737e-05
2.76737e-05
2.76737e-05
2.76737e-05
2.76737e-05
2.76737e-05
2.76737e-05
2.76737e-05
2.76737e-05
2.76737e-05
2.76737e-05
2.76737e-05
2.76737e-05
2.76737e-05
2.76737e-05
2.76737e-05
2.76737e-05
2.76737e-05
2.76737e-05
2.76737e-05
2.76737e-05
2.76737e-05
2.76737e-05
2.76735e-05
2.76735e-05
2.76735e-05
2.76735e-05
2.76735e-05
2.76735e-05
2.76735e-05
2.76735e-05
2.76735e-05
2.76735e-05
2.76735e-05
2.76735e-05
2.76735e-05
2.76735e-05
2.76735e-05
2.76735e-05
2.76735e-05
2.76735e-05
2.76735e-05
2.76735e-05
2.76735e-05
2.76735e-05
2.76735e-05
2.76735e-05
2.76735e-05
2.76735e-05
2.76735e-05
2.76735e-05
2.76735e-05
2.76735e-05
2.76735e-05
2.76735e-05
2.76735e-05
2.76735e-05
2.76735e-05
2.76735e-05
2.76735e-05
2.76735e-05
2.76735e-05
2.76735e-05
2.76735e-05
2.76735e-05
2.76735e-05
2.76735e-05
2.76735e-05
2.76735e-05
2.76735e-05
2.76735e-05
2.76735e-05
2.76735e-05
2.76735e-05
2.76735e-05
2.76735e-05
2.76735e-05
2.76735e-05
2.76735e-05
2.76735e-05
2.76735e-05
2.76735e-05
2.76735e-05
2.76735e-05
2.76735e-05
2.76735e-05
2.76735e-05
2.76735e-05
2.76735e-05
2.76735e-05
2.76735e-05
2.76735e-05
2.76735e-05
2.76735e-05
2.76735e-05
2.76735e-05
2.76735e-05
2.76735e-05
2.76735e-05
2.76735e-05
2.76735e-05
2.76735e-05
2.76735e-05
2.76735e-05
2.76735e-05
2.76735e-05
2.76735e-05
2.76735e-05
2.76735e-05
2.76735e-05
2.76735e-05
2.76735e-05
2.76735e-05
2.76735e-05
2.76735e-05
2.76735e-05
2.76735e-05
2.76735e-05
2.76735e-05
2.76735e-05
2.76735e-05
2.76735e-05
2.76735e-05
2.76735e-05
2.76735e-05
2.76735e-05
2.76735e-05
2.76735e-05
2.76735e-05
2.76735e-05
2.76735e-05
2.76735e-05
2.76735e-05
2.76735e-05
2.76735e-05
2.76735e-05
2.76735e-05
2.76735e-05
2.76735e-05
2.76735e-05
2.76735e-05
2.76735e-05
2.76735e-05
2.76735e-05
2.76735e-05
2.76735e-05
2.76735e-05
2.76735e-05
2.76735e-05
2.76735e-05
2.76735e-05
2.76735e-05
2.76735e-05
2.76735e-05
2.76735e-05
2.76735e-05
2.76735e-05
2.76735e-05
2.76735e-05
2.76735e-05
2.76735e-05
2.76735e-05
2.76735e-05
2.76735e-05
2.76735e-05
2.76735e-05
2.76735e-05
2.76735e-05
2.76735e-05
2.76735e-05
2.76735e-05
2.76735e-05
2.76735e-05
2.76735e-05
2.76735e-05
2.76735e-05
2.76735e-05
2.76735e-05
2.76735e-05
2.76735e-05
2.76735e-05
2.76735e-05
2.76735e-05
2.76735e-05
2.76735e-05
2.76735e-05
2.76735e-05
2.76735e-05
2.76735e-05
2.76735e-05
2.76735e-05
2.76735e-05
2.76735e-05
2.76735e-05
2.76735e-05
2.76735e-05
2.76735e-05
2.76735e-05
2.76735e-05
2.76735e-05
2.76735e-05
2.76735e-05
2.76735e-05
2.76735e-05
2.76735e-05
2.76735e-05
2.76735e-05
2.76735e-05
2.76735e-05
2.76735e-05
2.76735e-05
2.76735e-05
2.76735e-05
2.76735e-05
2.76735e-05
2.76735e-05
2.76735e-05
2.76735e-05
2.76735e-05
2.76735e-05
2.76735e-05
2.76735e-05
2.76735e-05
2.76735e-05
2.76735e-05
2.76735e-05
2.76735e-05
2.76735e-05
2.76735e-05
2.76735e-05
2.76735e-05
2.76735e-05
2.76735e-05
2.76735e-05
2.76735e-05
2.76735e-05
2.76735e-05
2.76735e-05
2.76735e-05
2.76735e-05
2.76735e-05
2.76735e-05
2.76735e-05
2.76735e-05
2.76735e-05
2.76735e-05
2.76735e-05
2.76735e-05
2.76735e-05
2.76735e-05
2.76735e-05
2.76735e-05
2.76735e-05
2.76735e-05
2.76735e-05
2.76735e-05
2.76735e-05
2.76735e-05
2.76735e-05
2.76735e-05
2.76735e-05
2.76735e-05
2.76735e-05
2.76735e-05
2.76735e-05
2.76735e-05
2.76735e-05
2.76735e-05
2.76735e-05
2.76735e-05
2.76735e-05
2.76735e-05
2.76735e-05
2.76735e-05
2.76735e-05
2.76735e-05
2.76735e-05
2.76735e-05
2.76735e-05
2.76735e-05
2.76735e-05
2.76735e-05
2.76735e-05
2.76735e-05
2.76735e-05
2.76735e-05
2.76735e-05
2.76735e-05
2.76735e-05
2.76735e-05
2.76735e-05
2.76735e-05
2.76735e-05
2.76735e-05
2.76735e-05
2.76735e-05
2.76735e-05
2.76735e-05
2.76735e-05
2.76735e-05
2.76735e-05
2.76735e-05
2.76735e-05
2.76735e-05
2.76735e-05
2.76735e-05
2.76735e-05
2.76735e-05
2.76735e-05
2.76735e-05
2.76735e-05
2.76735e-05
2.76735e-05
2.76735e-05
2.76735e-05
2.76735e-05
2.76735e-05
2.76735e-05
2.76735e-05
2.76735e-05
2.76735e-05
2.76735e-05
2.76735e-05
2.76735e-05
2.76735e-05
2.76735e-05
2.76735e-05
2.76735e-05
2.76735e-05
2.76735e-05
2.76735e-05
2.76735e-05
2.76735e-05
2.76735e-05
2.76735e-05
2.76735e-05
2.76735e-05
2.76735e-05
2.76735e-05
2.76735e-05
2.76735e-05
2.76735e-05
2.76735e-05
2.76735e-05
2.76735e-05
2.76735e-05
2.76735e-05
2.76735e-05
2.76735e-05
2.76735e-05
2.76735e-05
2.76735e-05
2.76735e-05
2.76735e-05
2.76735e-05
2.76735e-05
2.76735e-05
2.76735e-05
2.76735e-05
2.76735e-05
2.76735e-05
2.76735e-05
2.76735e-05
2.76735e-05
2.76735e-05
2.76735e-05
2.76735e-05
2.76735e-05
2.76735e-05
2.76735e-05
2.76735e-05
2.76735e-05
2.76735e-05
2.76735e-05
2.76735e-05
2.76735e-05
2.76735e-05
2.76735e-05
2.76735e-05
2.76735e-05
2.76735e-05
2.76735e-05
2.76735e-05
2.76735e-05
2.76735e-05
2.76735e-05
2.76735e-05
2.76735e-05
2.76735e-05
2.76735e-05
2.76735e-05
2.76735e-05
2.76735e-05
2.76735e-05
2.76735e-05
2.76735e-05
2.76735e-05
2.76735e-05
2.76735e-05
2.76735e-05
2.76735e-05
2.76735e-05
2.76735e-05
2.76735e-05
2.76735e-05
2.76735e-05
2.76735e-05
2.76735e-05
2.76735e-05
2.76735e-05
2.76735e-05
2.76735e-05
2.76735e-05
2.76735e-05
2.76735e-05
2.76735e-05
2.76735e-05
2.76735e-05
2.76735e-05
2.76735e-05
2.76735e-05
2.76735e-05
2.76735e-05
2.76735e-05
2.76735e-05
2.76735e-05
2.76735e-05
2.76735e-05
2.76735e-05
2.76735e-05
2.76735e-05
2.76735e-05
2.76735e-05
2.76735e-05
2.76735e-05
2.76735e-05
2.76735e-05
2.76735e-05
2.76735e-05
2.76735e-05
2.76735e-05
2.76735e-05
2.76735e-05
2.76737e-05
2.76737e-05
2.76737e-05
2.76737e-05
2.76737e-05
2.76737e-05
2.76737e-05
2.76737e-05
2.76737e-05
2.76737e-05
2.76737e-05
2.76737e-05
2.76737e-05
2.76737e-05
2.76737e-05
2.76737e-05
2.76737e-05
2.76737e-05
2.76737e-05
2.76735e-05
2.76737e-05
2.76737e-05
2.76737e-05
2.76737e-05
2.76737e-05
2.76737e-05
2.76737e-05
2.76737e-05
2.76737e-05
2.76737e-05
2.76737e-05
2.76737e-05
2.76737e-05
2.76737e-05
2.76737e-05
2.76737e-05
2.76737e-05
2.76737e-05
2.76737e-05
2.76735e-05
2.76737e-05
2.76737e-05
2.76737e-05
2.76737e-05
2.76737e-05
2.76737e-05
2.76737e-05
2.76737e-05
2.76737e-05
2.76737e-05
2.76737e-05
2.76737e-05
2.76737e-05
2.76737e-05
2.76737e-05
2.76737e-05
2.76737e-05
2.76737e-05
2.76737e-05
2.76735e-05
2.76737e-05
2.76737e-05
2.76737e-05
2.76737e-05
2.76737e-05
2.76737e-05
2.76737e-05
2.76737e-05
2.76737e-05
2.76737e-05
2.76737e-05
2.76737e-05
2.76737e-05
2.76737e-05
2.76737e-05
2.76737e-05
2.76737e-05
2.76737e-05
2.76737e-05
2.76735e-05
2.76737e-05
2.76737e-05
2.76737e-05
2.76737e-05
2.76737e-05
2.76737e-05
2.76737e-05
2.76737e-05
2.76737e-05
2.76737e-05
2.76737e-05
2.76737e-05
2.76737e-05
2.76737e-05
2.76737e-05
2.76737e-05
2.76737e-05
2.76737e-05
2.76737e-05
2.76735e-05
2.76737e-05
2.76737e-05
2.76737e-05
2.76737e-05
2.76737e-05
2.76737e-05
2.76737e-05
2.76737e-05
2.76737e-05
2.76737e-05
2.76737e-05
2.76737e-05
2.76737e-05
2.76737e-05
2.76737e-05
2.76737e-05
2.76737e-05
2.76737e-05
2.76737e-05
2.76735e-05
2.76737e-05
2.76737e-05
2.76737e-05
2.76737e-05
2.76737e-05
2.76737e-05
2.76737e-05
2.76737e-05
2.76737e-05
2.76737e-05
2.76737e-05
2.76737e-05
2.76737e-05
2.76737e-05
2.76737e-05
2.76737e-05
2.76737e-05
2.76737e-05
2.76737e-05
2.76735e-05
2.76737e-05
2.76737e-05
2.76737e-05
2.76737e-05
2.76737e-05
2.76737e-05
2.76737e-05
2.76737e-05
2.76737e-05
2.76737e-05
2.76737e-05
2.76737e-05
2.76737e-05
2.76737e-05
2.76737e-05
2.76737e-05
2.76737e-05
2.76737e-05
2.76737e-05
2.76735e-05
2.76737e-05
2.76737e-05
2.76737e-05
2.76737e-05
2.76737e-05
2.76737e-05
2.76737e-05
2.76737e-05
2.76737e-05
2.76737e-05
2.76737e-05
2.76737e-05
2.76737e-05
2.76737e-05
2.76737e-05
2.76737e-05
2.76737e-05
2.76737e-05
2.76737e-05
2.76735e-05
2.76737e-05
2.76737e-05
2.76737e-05
2.76737e-05
2.76737e-05
2.76737e-05
2.76737e-05
2.76737e-05
2.76737e-05
2.76737e-05
2.76737e-05
2.76737e-05
2.76737e-05
2.76737e-05
2.76737e-05
2.76737e-05
2.76737e-05
2.76737e-05
2.76737e-05
2.76735e-05
2.76737e-05
2.76737e-05
2.76737e-05
2.76737e-05
2.76737e-05
2.76737e-05
2.76737e-05
2.76737e-05
2.76737e-05
2.76737e-05
2.76737e-05
2.76737e-05
2.76737e-05
2.76737e-05
2.76737e-05
2.76737e-05
2.76737e-05
2.76737e-05
2.76737e-05
2.76735e-05
2.76737e-05
2.76737e-05
2.76737e-05
2.76737e-05
2.76737e-05
2.76737e-05
2.76737e-05
2.76737e-05
2.76737e-05
2.76737e-05
2.76737e-05
2.76737e-05
2.76737e-05
2.76737e-05
2.76737e-05
2.76737e-05
2.76737e-05
2.76737e-05
2.76737e-05
2.76735e-05
2.76737e-05
2.76737e-05
2.76737e-05
2.76737e-05
2.76737e-05
2.76737e-05
2.76737e-05
2.76737e-05
2.76737e-05
2.76737e-05
2.76737e-05
2.76737e-05
2.76737e-05
2.76737e-05
2.76737e-05
2.76737e-05
2.76737e-05
2.76737e-05
2.76737e-05
2.76735e-05
2.76737e-05
2.76737e-05
2.76737e-05
2.76737e-05
2.76737e-05
2.76737e-05
2.76737e-05
2.76737e-05
2.76737e-05
2.76737e-05
2.76737e-05
2.76737e-05
2.76737e-05
2.76737e-05
2.76737e-05
2.76737e-05
2.76737e-05
2.76737e-05
2.76737e-05
2.76735e-05
2.76737e-05
2.76737e-05
2.76737e-05
2.76737e-05
2.76737e-05
2.76737e-05
2.76737e-05
2.76737e-05
2.76737e-05
2.76737e-05
2.76737e-05
2.76737e-05
2.76737e-05
2.76737e-05
2.76737e-05
2.76737e-05
2.76737e-05
2.76737e-05
2.76737e-05
2.76735e-05
2.76737e-05
2.76737e-05
2.76737e-05
2.76737e-05
2.76737e-05
2.76737e-05
2.76737e-05
2.76737e-05
2.76737e-05
2.76737e-05
2.76737e-05
2.76737e-05
2.76737e-05
2.76737e-05
2.76737e-05
2.76737e-05
2.76737e-05
2.76737e-05
2.76737e-05
2.76735e-05
2.76737e-05
2.76737e-05
2.76737e-05
2.76737e-05
2.76737e-05
2.76737e-05
2.76737e-05
2.76737e-05
2.76737e-05
2.76737e-05
2.76737e-05
2.76737e-05
2.76737e-05
2.76737e-05
2.76737e-05
2.76737e-05
2.76737e-05
2.76737e-05
2.76737e-05
2.76735e-05
2.76737e-05
2.76737e-05
2.76737e-05
2.76737e-05
2.76737e-05
2.76737e-05
2.76737e-05
2.76737e-05
2.76737e-05
2.76737e-05
2.76737e-05
2.76737e-05
2.76737e-05
2.76737e-05
2.76737e-05
2.76737e-05
2.76737e-05
2.76737e-05
2.76737e-05
2.76735e-05
2.76737e-05
2.76737e-05
2.76737e-05
2.76737e-05
2.76737e-05
2.76737e-05
2.76737e-05
2.76737e-05
2.76737e-05
2.76737e-05
2.76737e-05
2.76737e-05
2.76737e-05
2.76737e-05
2.76737e-05
2.76737e-05
2.76737e-05
2.76737e-05
2.76737e-05
2.76735e-05
2.76737e-05
2.76737e-05
2.76737e-05
2.76737e-05
2.76737e-05
2.76737e-05
2.76737e-05
2.76737e-05
2.76737e-05
2.76737e-05
2.76737e-05
2.76737e-05
2.76737e-05
2.76737e-05
2.76737e-05
2.76737e-05
2.76737e-05
2.76737e-05
2.76737e-05
2.76735e-05
2.76737e-05
2.76737e-05
2.76737e-05
2.76737e-05
2.76737e-05
2.76737e-05
2.76737e-05
2.76737e-05
2.76737e-05
2.76737e-05
2.76737e-05
2.76737e-05
2.76737e-05
2.76737e-05
2.76737e-05
2.76737e-05
2.76737e-05
2.76737e-05
2.76737e-05
2.76735e-05
2.76737e-05
2.76737e-05
2.76737e-05
2.76737e-05
2.76737e-05
2.76737e-05
2.76737e-05
2.76737e-05
2.76737e-05
2.76737e-05
2.76737e-05
2.76737e-05
2.76737e-05
2.76737e-05
2.76737e-05
2.76737e-05
2.76737e-05
2.76737e-05
2.76737e-05
2.76735e-05
2.76737e-05
2.76737e-05
2.76737e-05
2.76737e-05
2.76737e-05
2.76737e-05
2.76737e-05
2.76737e-05
2.76737e-05
2.76737e-05
2.76737e-05
2.76737e-05
2.76737e-05
2.76737e-05
2.76737e-05
2.76737e-05
2.76737e-05
2.76737e-05
2.76737e-05
2.76735e-05
2.76737e-05
2.76737e-05
2.76737e-05
2.76737e-05
2.76737e-05
2.76737e-05
2.76737e-05
2.76737e-05
2.76737e-05
2.76737e-05
2.76737e-05
2.76737e-05
2.76737e-05
2.76737e-05
2.76737e-05
2.76737e-05
2.76737e-05
2.76737e-05
2.76737e-05
2.76735e-05
2.76737e-05
2.76737e-05
2.76737e-05
2.76737e-05
2.76737e-05
2.76737e-05
2.76737e-05
2.76737e-05
2.76737e-05
2.76737e-05
2.76737e-05
2.76737e-05
2.76737e-05
2.76737e-05
2.76737e-05
2.76737e-05
2.76737e-05
2.76737e-05
2.76737e-05
2.76735e-05
2.76737e-05
2.76737e-05
2.76737e-05
2.76737e-05
2.76737e-05
2.76737e-05
2.76737e-05
2.76737e-05
2.76737e-05
2.76737e-05
2.76737e-05
2.76737e-05
2.76737e-05
2.76737e-05
2.76737e-05
2.76737e-05
2.76737e-05
2.76737e-05
2.76737e-05
2.76735e-05
2.76737e-05
2.76737e-05
2.76737e-05
2.76737e-05
2.76737e-05
2.76737e-05
2.76737e-05
2.76737e-05
2.76737e-05
2.76737e-05
2.76737e-05
2.76737e-05
2.76737e-05
2.76737e-05
2.76737e-05
2.76737e-05
2.76737e-05
2.76737e-05
2.76737e-05
2.76735e-05
2.76737e-05
2.76737e-05
2.76737e-05
2.76737e-05
2.76737e-05
2.76737e-05
2.76737e-05
2.76737e-05
2.76737e-05
2.76737e-05
2.76737e-05
2.76737e-05
2.76737e-05
2.76737e-05
2.76737e-05
2.76737e-05
2.76737e-05
2.76737e-05
2.76737e-05
2.76735e-05
2.76737e-05
2.76737e-05
2.76737e-05
2.76737e-05
2.76737e-05
2.76737e-05
2.76737e-05
2.76737e-05
2.76737e-05
2.76737e-05
2.76737e-05
2.76737e-05
2.76737e-05
2.76737e-05
2.76737e-05
2.76737e-05
2.76737e-05
2.76737e-05
2.76737e-05
2.76735e-05
2.76737e-05
2.76737e-05
2.76737e-05
2.76737e-05
2.76737e-05
2.76737e-05
2.76737e-05
2.76737e-05
2.76737e-05
2.76737e-05
2.76737e-05
2.76737e-05
2.76737e-05
2.76737e-05
2.76737e-05
2.76737e-05
2.76737e-05
2.76737e-05
2.76737e-05
2.76735e-05
2.76737e-05
2.76737e-05
2.76737e-05
2.76737e-05
2.76737e-05
2.76737e-05
2.76737e-05
2.76737e-05
2.76737e-05
2.76737e-05
2.76737e-05
2.76737e-05
2.76737e-05
2.76737e-05
2.76737e-05
2.76737e-05
2.76737e-05
2.76737e-05
2.76737e-05
2.76735e-05
2.76737e-05
2.76737e-05
2.76737e-05
2.76737e-05
2.76737e-05
2.76737e-05
2.76737e-05
2.76737e-05
2.76737e-05
2.76737e-05
2.76737e-05
2.76737e-05
2.76737e-05
2.76737e-05
2.76737e-05
2.76737e-05
2.76737e-05
2.76737e-05
2.76737e-05
2.76735e-05
2.76737e-05
2.76737e-05
2.76737e-05
2.76737e-05
2.76737e-05
2.76737e-05
2.76737e-05
2.76737e-05
2.76737e-05
2.76737e-05
2.76737e-05
2.76737e-05
2.76737e-05
2.76737e-05
2.76737e-05
2.76737e-05
2.76737e-05
2.76737e-05
2.76737e-05
2.76735e-05
2.76737e-05
2.76737e-05
2.76737e-05
2.76737e-05
2.76737e-05
2.76737e-05
2.76737e-05
2.76737e-05
2.76737e-05
2.76737e-05
2.76737e-05
2.76737e-05
2.76737e-05
2.76737e-05
2.76737e-05
2.76737e-05
2.76737e-05
2.76737e-05
2.76737e-05
2.76735e-05
2.76737e-05
2.76737e-05
2.76737e-05
2.76737e-05
2.76737e-05
2.76737e-05
2.76737e-05
2.76737e-05
2.76737e-05
2.76737e-05
2.76737e-05
2.76737e-05
2.76737e-05
2.76737e-05
2.76737e-05
2.76737e-05
2.76737e-05
2.76737e-05
2.76737e-05
2.76735e-05
2.76737e-05
2.76737e-05
2.76737e-05
2.76737e-05
2.76737e-05
2.76737e-05
2.76737e-05
2.76737e-05
2.76737e-05
2.76737e-05
2.76737e-05
2.76737e-05
2.76737e-05
2.76737e-05
2.76737e-05
2.76737e-05
2.76737e-05
2.76737e-05
2.76737e-05
2.76735e-05
2.76737e-05
2.76737e-05
2.76737e-05
2.76737e-05
2.76737e-05
2.76737e-05
2.76737e-05
2.76737e-05
2.76737e-05
2.76737e-05
2.76737e-05
2.76737e-05
2.76737e-05
2.76737e-05
2.76737e-05
2.76737e-05
2.76737e-05
2.76737e-05
2.76737e-05
2.76735e-05
2.76737e-05
2.76737e-05
2.76737e-05
2.76737e-05
2.76737e-05
2.76737e-05
2.76737e-05
2.76737e-05
2.76737e-05
2.76737e-05
2.76737e-05
2.76737e-05
2.76737e-05
2.76737e-05
2.76737e-05
2.76737e-05
2.76737e-05
2.76737e-05
2.76737e-05
2.76735e-05
2.76737e-05
2.76737e-05
2.76737e-05
2.76737e-05
2.76737e-05
2.76737e-05
2.76737e-05
2.76737e-05
2.76737e-05
2.76737e-05
2.76737e-05
2.76737e-05
2.76737e-05
2.76737e-05
2.76737e-05
2.76737e-05
2.76737e-05
2.76737e-05
2.76737e-05
2.76735e-05
2.76737e-05
2.76737e-05
2.76737e-05
2.76737e-05
2.76737e-05
2.76737e-05
2.76737e-05
2.76737e-05
2.76737e-05
2.76737e-05
2.76737e-05
2.76737e-05
2.76737e-05
2.76737e-05
2.76737e-05
2.76737e-05
2.76737e-05
2.76737e-05
2.76737e-05
2.76735e-05
2.76737e-05
2.76737e-05
2.76737e-05
2.76737e-05
2.76737e-05
2.76737e-05
2.76737e-05
2.76737e-05
2.76737e-05
2.76737e-05
2.76737e-05
2.76737e-05
2.76737e-05
2.76737e-05
2.76737e-05
2.76737e-05
2.76737e-05
2.76737e-05
2.76737e-05
2.76735e-05
2.76737e-05
2.76737e-05
2.76737e-05
2.76737e-05
2.76737e-05
2.76737e-05
2.76737e-05
2.76737e-05
2.76737e-05
2.76737e-05
2.76737e-05
2.76737e-05
2.76737e-05
2.76737e-05
2.76737e-05
2.76737e-05
2.76737e-05
2.76737e-05
2.76737e-05
2.76735e-05
2.76737e-05
2.76737e-05
2.76737e-05
2.76737e-05
2.76737e-05
2.76737e-05
2.76737e-05
2.76737e-05
2.76737e-05
2.76737e-05
2.76737e-05
2.76737e-05
2.76737e-05
2.76737e-05
2.76737e-05
2.76737e-05
2.76737e-05
2.76737e-05
2.76737e-05
2.76735e-05
2.76737e-05
2.76737e-05
2.76737e-05
2.76737e-05
2.76737e-05
2.76737e-05
2.76737e-05
2.76737e-05
2.76737e-05
2.76737e-05
2.76737e-05
2.76737e-05
2.76737e-05
2.76737e-05
2.76737e-05
2.76737e-05
2.76737e-05
2.76737e-05
2.76737e-05
2.76735e-05
2.76737e-05
2.76737e-05
2.76737e-05
2.76737e-05
2.76737e-05
2.76737e-05
2.76737e-05
2.76737e-05
2.76737e-05
2.76737e-05
2.76737e-05
2.76737e-05
2.76737e-05
2.76737e-05
2.76737e-05
2.76737e-05
2.76737e-05
2.76737e-05
2.76737e-05
2.76735e-05
2.76737e-05
2.76737e-05
2.76737e-05
2.76737e-05
2.76737e-05
2.76737e-05
2.76737e-05
2.76737e-05
2.76737e-05
2.76737e-05
2.76737e-05
2.76737e-05
2.76737e-05
2.76737e-05
2.76737e-05
2.76737e-05
2.76737e-05
2.76737e-05
2.76737e-05
2.76735e-05
2.76737e-05
2.76737e-05
2.76737e-05
2.76737e-05
2.76737e-05
2.76737e-05
2.76737e-05
2.76737e-05
2.76737e-05
2.76737e-05
2.76737e-05
2.76737e-05
2.76737e-05
2.76737e-05
2.76737e-05
2.76737e-05
2.76737e-05
2.76737e-05
2.76737e-05
2.76735e-05
2.76737e-05
2.76737e-05
2.76737e-05
2.76737e-05
2.76737e-05
2.76737e-05
2.76737e-05
2.76737e-05
2.76737e-05
2.76737e-05
2.76737e-05
2.76737e-05
2.76737e-05
2.76737e-05
2.76737e-05
2.76737e-05
2.76737e-05
2.76737e-05
2.76737e-05
2.76735e-05
2.76737e-05
2.76737e-05
2.76737e-05
2.76737e-05
2.76737e-05
2.76737e-05
2.76737e-05
2.76737e-05
2.76737e-05
2.76737e-05
2.76737e-05
2.76737e-05
2.76737e-05
2.76737e-05
2.76737e-05
2.76737e-05
2.76737e-05
2.76737e-05
2.76737e-05
2.76735e-05
2.76737e-05
2.76737e-05
2.76737e-05
2.76737e-05
2.76737e-05
2.76737e-05
2.76737e-05
2.76737e-05
2.76737e-05
2.76737e-05
2.76737e-05
2.76737e-05
2.76737e-05
2.76737e-05
2.76737e-05
2.76737e-05
2.76737e-05
2.76737e-05
2.76737e-05
2.76735e-05
2.76737e-05
2.76737e-05
2.76737e-05
2.76737e-05
2.76737e-05
2.76737e-05
2.76737e-05
2.76737e-05
2.76737e-05
2.76737e-05
2.76737e-05
2.76737e-05
2.76737e-05
2.76737e-05
2.76737e-05
2.76737e-05
2.76737e-05
2.76737e-05
2.76737e-05
2.76735e-05
2.76737e-05
2.76737e-05
2.76737e-05
2.76737e-05
2.76737e-05
2.76737e-05
2.76737e-05
2.76737e-05
2.76737e-05
2.76737e-05
2.76737e-05
2.76737e-05
2.76737e-05
2.76737e-05
2.76737e-05
2.76737e-05
2.76737e-05
2.76737e-05
2.76737e-05
2.76735e-05
2.76737e-05
2.76737e-05
2.76737e-05
2.76737e-05
2.76737e-05
2.76737e-05
2.76737e-05
2.76737e-05
2.76737e-05
2.76737e-05
2.76737e-05
2.76737e-05
2.76737e-05
2.76737e-05
2.76737e-05
2.76737e-05
2.76737e-05
2.76737e-05
2.76737e-05
2.76735e-05
2.76737e-05
2.76737e-05
2.76737e-05
2.76737e-05
2.76737e-05
2.76737e-05
2.76737e-05
2.76737e-05
2.76737e-05
2.76737e-05
2.76737e-05
2.76737e-05
2.76737e-05
2.76737e-05
2.76737e-05
2.76737e-05
2.76737e-05
2.76737e-05
2.76737e-05
2.76735e-05
2.76737e-05
2.76737e-05
2.76737e-05
2.76737e-05
2.76737e-05
2.76737e-05
2.76737e-05
2.76737e-05
2.76737e-05
2.76737e-05
2.76737e-05
2.76737e-05
2.76737e-05
2.76737e-05
2.76737e-05
2.76737e-05
2.76737e-05
2.76737e-05
2.76737e-05
2.76735e-05
2.76737e-05
2.76737e-05
2.76737e-05
2.76737e-05
2.76737e-05
2.76737e-05
2.76737e-05
2.76737e-05
2.76737e-05
2.76737e-05
2.76737e-05
2.76737e-05
2.76737e-05
2.76737e-05
2.76737e-05
2.76737e-05
2.76737e-05
2.76737e-05
2.76737e-05
2.76735e-05
2.76737e-05
2.76737e-05
2.76737e-05
2.76737e-05
2.76737e-05
2.76737e-05
2.76737e-05
2.76737e-05
2.76737e-05
2.76737e-05
2.76737e-05
2.76737e-05
2.76737e-05
2.76737e-05
2.76737e-05
2.76737e-05
2.76737e-05
2.76737e-05
2.76737e-05
2.76735e-05
2.76737e-05
2.76737e-05
2.76737e-05
2.76737e-05
2.76737e-05
2.76737e-05
2.76737e-05
2.76737e-05
2.76737e-05
2.76737e-05
2.76737e-05
2.76737e-05
2.76737e-05
2.76737e-05
2.76737e-05
2.76737e-05
2.76737e-05
2.76737e-05
2.76737e-05
2.76735e-05
2.76737e-05
2.76737e-05
2.76737e-05
2.76737e-05
2.76737e-05
2.76737e-05
2.76737e-05
2.76737e-05
2.76737e-05
2.76737e-05
2.76737e-05
2.76737e-05
2.76737e-05
2.76737e-05
2.76737e-05
2.76737e-05
2.76737e-05
2.76737e-05
2.76737e-05
2.76735e-05
2.76737e-05
2.76737e-05
2.76737e-05
2.76737e-05
2.76737e-05
2.76737e-05
2.76737e-05
2.76737e-05
2.76737e-05
2.76737e-05
2.76737e-05
2.76737e-05
2.76737e-05
2.76737e-05
2.76737e-05
2.76737e-05
2.76737e-05
2.76737e-05
2.76737e-05
2.76735e-05
2.76737e-05
2.76737e-05
2.76737e-05
2.76737e-05
2.76737e-05
2.76737e-05
2.76737e-05
2.76737e-05
2.76737e-05
2.76737e-05
2.76737e-05
2.76737e-05
2.76737e-05
2.76737e-05
2.76737e-05
2.76737e-05
2.76737e-05
2.76737e-05
2.76737e-05
2.76735e-05
2.76737e-05
2.76737e-05
2.76737e-05
2.76737e-05
2.76737e-05
2.76737e-05
2.76737e-05
2.76737e-05
2.76737e-05
2.76737e-05
2.76737e-05
2.76737e-05
2.76737e-05
2.76737e-05
2.76737e-05
2.76737e-05
2.76737e-05
2.76737e-05
2.76737e-05
2.76735e-05
2.76737e-05
2.76737e-05
2.76737e-05
2.76737e-05
2.76737e-05
2.76737e-05
2.76737e-05
2.76737e-05
2.76737e-05
2.76737e-05
2.76737e-05
2.76737e-05
2.76737e-05
2.76737e-05
2.76737e-05
2.76737e-05
2.76737e-05
2.76737e-05
2.76737e-05
2.76735e-05
2.76737e-05
2.76737e-05
2.76737e-05
2.76737e-05
2.76737e-05
2.76737e-05
2.76737e-05
2.76737e-05
2.76737e-05
2.76737e-05
2.76737e-05
2.76737e-05
2.76737e-05
2.76737e-05
2.76737e-05
2.76737e-05
2.76737e-05
2.76737e-05
2.76737e-05
2.76735e-05
2.76737e-05
2.76737e-05
2.76737e-05
2.76737e-05
2.76737e-05
2.76737e-05
2.76737e-05
2.76737e-05
2.76737e-05
2.76737e-05
2.76737e-05
2.76737e-05
2.76737e-05
2.76737e-05
2.76737e-05
2.76737e-05
2.76737e-05
2.76737e-05
2.76737e-05
2.76735e-05
2.76737e-05
2.76737e-05
2.76737e-05
2.76737e-05
2.76737e-05
2.76737e-05
2.76737e-05
2.76737e-05
2.76737e-05
2.76737e-05
2.76737e-05
2.76737e-05
2.76737e-05
2.76737e-05
2.76737e-05
2.76737e-05
2.76737e-05
2.76737e-05
2.76737e-05
2.76735e-05
2.76737e-05
2.76737e-05
2.76737e-05
2.76737e-05
2.76737e-05
2.76737e-05
2.76737e-05
2.76737e-05
2.76737e-05
2.76737e-05
2.76737e-05
2.76737e-05
2.76737e-05
2.76737e-05
2.76737e-05
2.76737e-05
2.76737e-05
2.76737e-05
2.76737e-05
2.76735e-05
2.76737e-05
2.76737e-05
2.76737e-05
2.76737e-05
2.76737e-05
2.76737e-05
2.76737e-05
2.76737e-05
2.76737e-05
2.76737e-05
2.76737e-05
2.76737e-05
2.76737e-05
2.76737e-05
2.76737e-05
2.76737e-05
2.76737e-05
2.76737e-05
2.76737e-05
2.76735e-05
2.76737e-05
2.76737e-05
2.76737e-05
2.76737e-05
2.76737e-05
2.76737e-05
2.76737e-05
2.76737e-05
2.76737e-05
2.76737e-05
2.76737e-05
2.76737e-05
2.76737e-05
2.76737e-05
2.76737e-05
2.76737e-05
2.76737e-05
2.76737e-05
2.76737e-05
2.76735e-05
2.76737e-05
2.76737e-05
2.76737e-05
2.76737e-05
2.76737e-05
2.76737e-05
2.76737e-05
2.76737e-05
2.76737e-05
2.76737e-05
2.76737e-05
2.76737e-05
2.76737e-05
2.76737e-05
2.76737e-05
2.76737e-05
2.76737e-05
2.76737e-05
2.76737e-05
2.76735e-05
2.76737e-05
2.76737e-05
2.76737e-05
2.76737e-05
2.76737e-05
2.76737e-05
2.76737e-05
2.76737e-05
2.76737e-05
2.76737e-05
2.76737e-05
2.76737e-05
2.76737e-05
2.76737e-05
2.76737e-05
2.76737e-05
2.76737e-05
2.76737e-05
2.76737e-05
2.76735e-05
2.76737e-05
2.76737e-05
2.76737e-05
2.76737e-05
2.76737e-05
2.76737e-05
2.76737e-05
2.76737e-05
2.76737e-05
2.76737e-05
2.76737e-05
2.76737e-05
2.76737e-05
2.76737e-05
2.76737e-05
2.76737e-05
2.76737e-05
2.76737e-05
2.76737e-05
2.76735e-05
2.76737e-05
2.76737e-05
2.76737e-05
2.76737e-05
2.76737e-05
2.76737e-05
2.76737e-05
2.76737e-05
2.76737e-05
2.76737e-05
2.76737e-05
2.76737e-05
2.76737e-05
2.76737e-05
2.76737e-05
2.76737e-05
2.76737e-05
2.76737e-05
2.76737e-05
2.76735e-05
2.76737e-05
2.76737e-05
2.76737e-05
2.76737e-05
2.76737e-05
2.76737e-05
2.76737e-05
2.76737e-05
2.76737e-05
2.76737e-05
2.76737e-05
2.76737e-05
2.76737e-05
2.76737e-05
2.76737e-05
2.76737e-05
2.76737e-05
2.76737e-05
2.76737e-05
2.76735e-05
2.76737e-05
2.76737e-05
2.76737e-05
2.76737e-05
2.76737e-05
2.76737e-05
2.76737e-05
2.76737e-05
2.76737e-05
2.76737e-05
2.76737e-05
2.76737e-05
2.76737e-05
2.76737e-05
2.76737e-05
2.76737e-05
2.76737e-05
2.76737e-05
2.76737e-05
2.76735e-05
2.76737e-05
2.76737e-05
2.76737e-05
2.76737e-05
2.76737e-05
2.76737e-05
2.76737e-05
2.76737e-05
2.76737e-05
2.76737e-05
2.76737e-05
2.76737e-05
2.76737e-05
2.76737e-05
2.76737e-05
2.76737e-05
2.76737e-05
2.76737e-05
2.76737e-05
2.76735e-05
2.76737e-05
2.76737e-05
2.76737e-05
2.76737e-05
2.76737e-05
2.76737e-05
2.76737e-05
2.76737e-05
2.76737e-05
2.76737e-05
2.76737e-05
2.76737e-05
2.76737e-05
2.76737e-05
2.76737e-05
2.76737e-05
2.76737e-05
2.76737e-05
2.76737e-05
2.76735e-05
2.76737e-05
2.76737e-05
2.76737e-05
2.76737e-05
2.76737e-05
2.76737e-05
2.76737e-05
2.76737e-05
2.76737e-05
2.76737e-05
2.76737e-05
2.76737e-05
2.76737e-05
2.76737e-05
2.76737e-05
2.76737e-05
2.76737e-05
2.76737e-05
2.76737e-05
2.76735e-05
2.76737e-05
2.76737e-05
2.76737e-05
2.76737e-05
2.76737e-05
2.76737e-05
2.76737e-05
2.76737e-05
2.76737e-05
2.76737e-05
2.76737e-05
2.76737e-05
2.76737e-05
2.76737e-05
2.76737e-05
2.76737e-05
2.76737e-05
2.76737e-05
2.76737e-05
2.76735e-05
2.76737e-05
2.76737e-05
2.76737e-05
2.76737e-05
2.76737e-05
2.76737e-05
2.76737e-05
2.76737e-05
2.76737e-05
2.76737e-05
2.76737e-05
2.76737e-05
2.76737e-05
2.76737e-05
2.76737e-05
2.76737e-05
2.76737e-05
2.76737e-05
2.76737e-05
2.76735e-05
)
;

boundaryField
{
    movingWall
    {
        type            epsilonWallFunction;
        value           nonuniform List<scalar> 
20
(
0.000273721
0.000477104
0.000477536
0.000477536
0.000477536
0.000477536
0.000477536
0.000477536
0.000477536
0.000477536
0.000477536
0.000477536
0.000477536
0.000477536
0.000477536
0.000477536
0.000477536
0.000477536
0.000477105
0.000273721
)
;
    }
    fixedWalls
    {
        type            epsilonWallFunction;
        value           nonuniform List<scalar> 
60
(
0.000151856
8.44855e-05
5.75709e-05
5.8637e-05
5.87902e-05
5.88076e-05
5.88093e-05
5.88094e-05
5.88094e-05
5.88094e-05
5.88094e-05
5.88094e-05
5.88094e-05
5.88093e-05
5.88079e-05
5.87933e-05
5.86684e-05
5.78396e-05
8.81341e-05
0.000273721
0.000151856
8.4485e-05
5.75705e-05
5.86364e-05
5.87897e-05
5.88071e-05
5.88087e-05
5.88088e-05
5.88089e-05
5.88089e-05
5.88089e-05
5.88089e-05
5.88088e-05
5.88087e-05
5.88073e-05
5.87927e-05
5.86679e-05
5.78392e-05
8.81336e-05
0.000273721
0.000151856
0.000137436
0.000137408
0.000137408
0.000137408
0.000137408
0.000137408
0.000137408
0.000137408
0.000137408
0.000137408
0.000137408
0.000137408
0.000137408
0.000137408
0.000137408
0.000137408
0.000137408
0.000137436
0.000151856
)
;
    }
    frontAndBack
    {
        type            empty;
    }
    defaultFaces
    {
        type            empty;
    }
}


// ************************************************************************* //
