/*--------------------------------*- C++ -*----------------------------------*\
  =========                 |
  \\      /  F ield         | OpenFOAM: The Open Source CFD Toolbox
   \\    /   O peration     | Website:  https://openfoam.org
    \\  /    A nd           | Version:  11
     \\/     M anipulation  |
\*---------------------------------------------------------------------------*/
FoamFile
{
    format      ascii;
    class       volScalarField;
    location    "7.5";
    object      k;
}
// * * * * * * * * * * * * * * * * * * * * * * * * * * * * * * * * * * * * * //

dimensions      [0 2 -2 0 0 0 0];

internalField   nonuniform List<scalar> 
4000
(
0.00207736
0.00194356
0.0019433
0.0019433
0.0019433
0.0019433
0.0019433
0.0019433
0.0019433
0.0019433
0.0019433
0.0019433
0.0019433
0.0019433
0.0019433
0.0019433
0.0019433
0.0019433
0.00194356
0.00207736
0.00292344
0.000278581
0.000267251
0.00026725
0.00026725
0.00026725
0.00026725
0.00026725
0.00026725
0.00026725
0.00026725
0.00026725
0.00026725
0.00026725
0.00026725
0.00026725
0.00026725
0.000267251
0.000278583
0.00292343
0.00318245
0.00022593
0.000205257
0.000205256
0.000205256
0.000205256
0.000205256
0.000205256
0.000205256
0.000205256
0.000205256
0.000205256
0.000205256
0.000205256
0.000205256
0.000205256
0.000205256
0.000205257
0.000225933
0.00318243
0.00322165
0.000225993
0.000205115
0.000205114
0.000205114
0.000205114
0.000205114
0.000205114
0.000205114
0.000205114
0.000205114
0.000205114
0.000205114
0.000205114
0.000205114
0.000205114
0.000205114
0.000205115
0.000225995
0.00322163
0.00322727
0.000226015
0.000205115
0.000205113
0.000205113
0.000205113
0.000205113
0.000205113
0.000205113
0.000205113
0.000205113
0.000205113
0.000205113
0.000205113
0.000205113
0.000205113
0.000205113
0.000205115
0.000226017
0.00322725
0.00322791
0.000226017
0.000205115
0.000205113
0.000205113
0.000205113
0.000205113
0.000205113
0.000205113
0.000205113
0.000205113
0.000205113
0.000205113
0.000205113
0.000205113
0.000205113
0.000205113
0.000205115
0.000226019
0.00322789
0.00322797
0.000226017
0.000205115
0.000205113
0.000205113
0.000205113
0.000205113
0.000205113
0.000205113
0.000205113
0.000205113
0.000205113
0.000205113
0.000205113
0.000205113
0.000205113
0.000205113
0.000205115
0.000226019
0.00322795
0.00322798
0.000226017
0.000205115
0.000205113
0.000205113
0.000205113
0.000205113
0.000205113
0.000205113
0.000205113
0.000205113
0.000205113
0.000205113
0.000205113
0.000205113
0.000205113
0.000205113
0.000205115
0.000226019
0.00322796
0.00322798
0.000226017
0.000205115
0.000205113
0.000205113
0.000205113
0.000205113
0.000205113
0.000205113
0.000205113
0.000205113
0.000205113
0.000205113
0.000205113
0.000205113
0.000205113
0.000205113
0.000205115
0.000226019
0.00322796
0.00322798
0.000226017
0.000205115
0.000205113
0.000205113
0.000205113
0.000205113
0.000205113
0.000205113
0.000205113
0.000205113
0.000205113
0.000205113
0.000205113
0.000205113
0.000205113
0.000205113
0.000205115
0.000226019
0.00322796
0.00322798
0.000226017
0.000205115
0.000205113
0.000205113
0.000205113
0.000205113
0.000205113
0.000205113
0.000205113
0.000205113
0.000205113
0.000205113
0.000205113
0.000205113
0.000205113
0.000205113
0.000205115
0.000226019
0.00322796
0.00322798
0.000226017
0.000205115
0.000205113
0.000205113
0.000205113
0.000205113
0.000205113
0.000205113
0.000205113
0.000205113
0.000205113
0.000205113
0.000205113
0.000205113
0.000205113
0.000205113
0.000205115
0.000226019
0.00322796
0.00322798
0.000226017
0.000205115
0.000205113
0.000205113
0.000205113
0.000205113
0.000205113
0.000205113
0.000205113
0.000205113
0.000205113
0.000205113
0.000205113
0.000205113
0.000205113
0.000205113
0.000205115
0.000226019
0.00322796
0.00322797
0.000226017
0.000205115
0.000205113
0.000205113
0.000205113
0.000205113
0.000205113
0.000205113
0.000205113
0.000205113
0.000205113
0.000205113
0.000205113
0.000205113
0.000205113
0.000205113
0.000205115
0.000226019
0.00322795
0.00322792
0.000226017
0.000205115
0.000205113
0.000205113
0.000205113
0.000205113
0.000205113
0.000205113
0.000205113
0.000205113
0.000205113
0.000205113
0.000205113
0.000205113
0.000205113
0.000205113
0.000205115
0.000226019
0.0032279
0.00322738
0.000226015
0.000205115
0.000205113
0.000205113
0.000205113
0.000205113
0.000205113
0.000205113
0.000205113
0.000205113
0.000205113
0.000205113
0.000205113
0.000205113
0.000205113
0.000205113
0.000205115
0.000226017
0.00322737
0.00322281
0.000225997
0.000205115
0.000205114
0.000205114
0.000205114
0.000205114
0.000205114
0.000205114
0.000205114
0.000205114
0.000205114
0.000205114
0.000205114
0.000205114
0.000205114
0.000205114
0.000205115
0.000225999
0.00322279
0.00319236
0.000226127
0.000205409
0.000205407
0.000205407
0.000205407
0.000205407
0.000205407
0.000205407
0.000205407
0.000205407
0.000205407
0.000205407
0.000205407
0.000205407
0.000205407
0.000205407
0.000205409
0.000226129
0.00319234
0.0030071
0.00035701
0.000345481
0.00034548
0.00034548
0.00034548
0.00034548
0.00034548
0.00034548
0.00034548
0.00034548
0.00034548
0.00034548
0.00034548
0.00034548
0.00034548
0.00034548
0.000345481
0.000357012
0.00300709
0.00307742
0.00445801
0.0044607
0.0044607
0.0044607
0.0044607
0.0044607
0.0044607
0.0044607
0.0044607
0.0044607
0.0044607
0.0044607
0.0044607
0.0044607
0.0044607
0.0044607
0.0044607
0.00445801
0.00307742
0.000205115
0.000205115
0.000205115
0.000205115
0.000205115
0.000205115
0.000205115
0.000205115
0.000205115
0.000205115
0.000205115
0.000205115
0.000205115
0.000205115
0.000205115
0.000205115
0.000205115
0.000205115
0.000205115
0.000205113
0.000205115
0.000205115
0.000205115
0.000205115
0.000205115
0.000205115
0.000205115
0.000205115
0.000205115
0.000205115
0.000205115
0.000205115
0.000205115
0.000205115
0.000205115
0.000205115
0.000205115
0.000205115
0.000205115
0.000205113
0.000205115
0.000205115
0.000205115
0.000205115
0.000205115
0.000205115
0.000205115
0.000205115
0.000205115
0.000205115
0.000205115
0.000205115
0.000205115
0.000205115
0.000205115
0.000205115
0.000205115
0.000205115
0.000205115
0.000205113
0.000205115
0.000205115
0.000205115
0.000205115
0.000205115
0.000205115
0.000205115
0.000205115
0.000205115
0.000205115
0.000205115
0.000205115
0.000205115
0.000205115
0.000205115
0.000205115
0.000205115
0.000205115
0.000205115
0.000205113
0.000205115
0.000205115
0.000205115
0.000205115
0.000205115
0.000205115
0.000205115
0.000205115
0.000205115
0.000205115
0.000205115
0.000205115
0.000205115
0.000205115
0.000205115
0.000205115
0.000205115
0.000205115
0.000205115
0.000205113
0.000205115
0.000205115
0.000205115
0.000205115
0.000205115
0.000205115
0.000205115
0.000205115
0.000205115
0.000205115
0.000205115
0.000205115
0.000205115
0.000205115
0.000205115
0.000205115
0.000205115
0.000205115
0.000205115
0.000205113
0.000205115
0.000205115
0.000205115
0.000205115
0.000205115
0.000205115
0.000205115
0.000205115
0.000205115
0.000205115
0.000205115
0.000205115
0.000205115
0.000205115
0.000205115
0.000205115
0.000205115
0.000205115
0.000205115
0.000205113
0.000205115
0.000205115
0.000205115
0.000205115
0.000205115
0.000205115
0.000205115
0.000205115
0.000205115
0.000205115
0.000205115
0.000205115
0.000205115
0.000205115
0.000205115
0.000205115
0.000205115
0.000205115
0.000205115
0.000205113
0.000205115
0.000205115
0.000205115
0.000205115
0.000205115
0.000205115
0.000205115
0.000205115
0.000205115
0.000205115
0.000205115
0.000205115
0.000205115
0.000205115
0.000205115
0.000205115
0.000205115
0.000205115
0.000205115
0.000205113
0.000205115
0.000205115
0.000205115
0.000205115
0.000205115
0.000205115
0.000205115
0.000205115
0.000205115
0.000205115
0.000205115
0.000205115
0.000205115
0.000205115
0.000205115
0.000205115
0.000205115
0.000205115
0.000205115
0.000205113
0.000205115
0.000205115
0.000205115
0.000205115
0.000205115
0.000205115
0.000205115
0.000205115
0.000205115
0.000205115
0.000205115
0.000205115
0.000205115
0.000205115
0.000205115
0.000205115
0.000205115
0.000205115
0.000205115
0.000205113
0.000205115
0.000205115
0.000205115
0.000205115
0.000205115
0.000205115
0.000205115
0.000205115
0.000205115
0.000205115
0.000205115
0.000205115
0.000205115
0.000205115
0.000205115
0.000205115
0.000205115
0.000205115
0.000205115
0.000205113
0.000205115
0.000205115
0.000205115
0.000205115
0.000205115
0.000205115
0.000205115
0.000205115
0.000205115
0.000205115
0.000205115
0.000205115
0.000205115
0.000205115
0.000205115
0.000205115
0.000205115
0.000205115
0.000205115
0.000205113
0.000205115
0.000205115
0.000205115
0.000205115
0.000205115
0.000205115
0.000205115
0.000205115
0.000205115
0.000205115
0.000205115
0.000205115
0.000205115
0.000205115
0.000205115
0.000205115
0.000205115
0.000205115
0.000205115
0.000205113
0.000205115
0.000205115
0.000205115
0.000205115
0.000205115
0.000205115
0.000205115
0.000205115
0.000205115
0.000205115
0.000205115
0.000205115
0.000205115
0.000205115
0.000205115
0.000205115
0.000205115
0.000205115
0.000205115
0.000205113
0.000205115
0.000205115
0.000205115
0.000205115
0.000205115
0.000205115
0.000205115
0.000205115
0.000205115
0.000205115
0.000205115
0.000205115
0.000205115
0.000205115
0.000205115
0.000205115
0.000205115
0.000205115
0.000205115
0.000205113
0.000205115
0.000205115
0.000205115
0.000205115
0.000205115
0.000205115
0.000205115
0.000205115
0.000205115
0.000205115
0.000205115
0.000205115
0.000205115
0.000205115
0.000205115
0.000205115
0.000205115
0.000205115
0.000205115
0.000205113
0.000205115
0.000205115
0.000205115
0.000205115
0.000205115
0.000205115
0.000205115
0.000205115
0.000205115
0.000205115
0.000205115
0.000205115
0.000205115
0.000205115
0.000205115
0.000205115
0.000205115
0.000205115
0.000205115
0.000205113
0.000205115
0.000205115
0.000205115
0.000205115
0.000205115
0.000205115
0.000205115
0.000205115
0.000205115
0.000205115
0.000205115
0.000205115
0.000205115
0.000205115
0.000205115
0.000205115
0.000205115
0.000205115
0.000205115
0.000205113
0.000205113
0.000205113
0.000205113
0.000205113
0.000205113
0.000205113
0.000205113
0.000205113
0.000205113
0.000205113
0.000205113
0.000205113
0.000205113
0.000205113
0.000205113
0.000205113
0.000205113
0.000205113
0.000205113
0.000205112
0.000205115
0.000205115
0.000205115
0.000205115
0.000205115
0.000205115
0.000205115
0.000205115
0.000205115
0.000205115
0.000205115
0.000205115
0.000205115
0.000205115
0.000205115
0.000205115
0.000205115
0.000205115
0.000205115
0.000205113
0.000205115
0.000205115
0.000205115
0.000205115
0.000205115
0.000205115
0.000205115
0.000205115
0.000205115
0.000205115
0.000205115
0.000205115
0.000205115
0.000205115
0.000205115
0.000205115
0.000205115
0.000205115
0.000205115
0.000205113
0.000205115
0.000205115
0.000205115
0.000205115
0.000205115
0.000205115
0.000205115
0.000205115
0.000205115
0.000205115
0.000205115
0.000205115
0.000205115
0.000205115
0.000205115
0.000205115
0.000205115
0.000205115
0.000205115
0.000205113
0.000205115
0.000205115
0.000205115
0.000205115
0.000205115
0.000205115
0.000205115
0.000205115
0.000205115
0.000205115
0.000205115
0.000205115
0.000205115
0.000205115
0.000205115
0.000205115
0.000205115
0.000205115
0.000205115
0.000205113
0.000205115
0.000205115
0.000205115
0.000205115
0.000205115
0.000205115
0.000205115
0.000205115
0.000205115
0.000205115
0.000205115
0.000205115
0.000205115
0.000205115
0.000205115
0.000205115
0.000205115
0.000205115
0.000205115
0.000205113
0.000205115
0.000205115
0.000205115
0.000205115
0.000205115
0.000205115
0.000205115
0.000205115
0.000205115
0.000205115
0.000205115
0.000205115
0.000205115
0.000205115
0.000205115
0.000205115
0.000205115
0.000205115
0.000205115
0.000205113
0.000205115
0.000205115
0.000205115
0.000205115
0.000205115
0.000205115
0.000205115
0.000205115
0.000205115
0.000205115
0.000205115
0.000205115
0.000205115
0.000205115
0.000205115
0.000205115
0.000205115
0.000205115
0.000205115
0.000205113
0.000205115
0.000205115
0.000205115
0.000205115
0.000205115
0.000205115
0.000205115
0.000205115
0.000205115
0.000205115
0.000205115
0.000205115
0.000205115
0.000205115
0.000205115
0.000205115
0.000205115
0.000205115
0.000205115
0.000205113
0.000205115
0.000205115
0.000205115
0.000205115
0.000205115
0.000205115
0.000205115
0.000205115
0.000205115
0.000205115
0.000205115
0.000205115
0.000205115
0.000205115
0.000205115
0.000205115
0.000205115
0.000205115
0.000205115
0.000205113
0.000205115
0.000205115
0.000205115
0.000205115
0.000205115
0.000205115
0.000205115
0.000205115
0.000205115
0.000205115
0.000205115
0.000205115
0.000205115
0.000205115
0.000205115
0.000205115
0.000205115
0.000205115
0.000205115
0.000205113
0.000205115
0.000205115
0.000205115
0.000205115
0.000205115
0.000205115
0.000205115
0.000205115
0.000205115
0.000205115
0.000205115
0.000205115
0.000205115
0.000205115
0.000205115
0.000205115
0.000205115
0.000205115
0.000205115
0.000205113
0.000205115
0.000205115
0.000205115
0.000205115
0.000205115
0.000205115
0.000205115
0.000205115
0.000205115
0.000205115
0.000205115
0.000205115
0.000205115
0.000205115
0.000205115
0.000205115
0.000205115
0.000205115
0.000205115
0.000205113
0.000205115
0.000205115
0.000205115
0.000205115
0.000205115
0.000205115
0.000205115
0.000205115
0.000205115
0.000205115
0.000205115
0.000205115
0.000205115
0.000205115
0.000205115
0.000205115
0.000205115
0.000205115
0.000205115
0.000205113
0.000205115
0.000205115
0.000205115
0.000205115
0.000205115
0.000205115
0.000205115
0.000205115
0.000205115
0.000205115
0.000205115
0.000205115
0.000205115
0.000205115
0.000205115
0.000205115
0.000205115
0.000205115
0.000205115
0.000205113
0.000205115
0.000205115
0.000205115
0.000205115
0.000205115
0.000205115
0.000205115
0.000205115
0.000205115
0.000205115
0.000205115
0.000205115
0.000205115
0.000205115
0.000205115
0.000205115
0.000205115
0.000205115
0.000205115
0.000205113
0.000205115
0.000205115
0.000205115
0.000205115
0.000205115
0.000205115
0.000205115
0.000205115
0.000205115
0.000205115
0.000205115
0.000205115
0.000205115
0.000205115
0.000205115
0.000205115
0.000205115
0.000205115
0.000205115
0.000205113
0.000205115
0.000205115
0.000205115
0.000205115
0.000205115
0.000205115
0.000205115
0.000205115
0.000205115
0.000205115
0.000205115
0.000205115
0.000205115
0.000205115
0.000205115
0.000205115
0.000205115
0.000205115
0.000205115
0.000205113
0.000205115
0.000205115
0.000205115
0.000205115
0.000205115
0.000205115
0.000205115
0.000205115
0.000205115
0.000205115
0.000205115
0.000205115
0.000205115
0.000205115
0.000205115
0.000205115
0.000205115
0.000205115
0.000205115
0.000205113
0.000205115
0.000205115
0.000205115
0.000205115
0.000205115
0.000205115
0.000205115
0.000205115
0.000205115
0.000205115
0.000205115
0.000205115
0.000205115
0.000205115
0.000205115
0.000205115
0.000205115
0.000205115
0.000205115
0.000205113
0.000205113
0.000205113
0.000205113
0.000205113
0.000205113
0.000205113
0.000205113
0.000205113
0.000205113
0.000205113
0.000205113
0.000205113
0.000205113
0.000205113
0.000205113
0.000205113
0.000205113
0.000205113
0.000205113
0.000205112
0.000205115
0.000205115
0.000205115
0.000205115
0.000205115
0.000205115
0.000205115
0.000205115
0.000205115
0.000205115
0.000205115
0.000205115
0.000205115
0.000205115
0.000205115
0.000205115
0.000205115
0.000205115
0.000205115
0.000205113
0.000205115
0.000205115
0.000205115
0.000205115
0.000205115
0.000205115
0.000205115
0.000205115
0.000205115
0.000205115
0.000205115
0.000205115
0.000205115
0.000205115
0.000205115
0.000205115
0.000205115
0.000205115
0.000205115
0.000205113
0.000205115
0.000205115
0.000205115
0.000205115
0.000205115
0.000205115
0.000205115
0.000205115
0.000205115
0.000205115
0.000205115
0.000205115
0.000205115
0.000205115
0.000205115
0.000205115
0.000205115
0.000205115
0.000205115
0.000205113
0.000205115
0.000205115
0.000205115
0.000205115
0.000205115
0.000205115
0.000205115
0.000205115
0.000205115
0.000205115
0.000205115
0.000205115
0.000205115
0.000205115
0.000205115
0.000205115
0.000205115
0.000205115
0.000205115
0.000205113
0.000205115
0.000205115
0.000205115
0.000205115
0.000205115
0.000205115
0.000205115
0.000205115
0.000205115
0.000205115
0.000205115
0.000205115
0.000205115
0.000205115
0.000205115
0.000205115
0.000205115
0.000205115
0.000205115
0.000205113
0.000205115
0.000205115
0.000205115
0.000205115
0.000205115
0.000205115
0.000205115
0.000205115
0.000205115
0.000205115
0.000205115
0.000205115
0.000205115
0.000205115
0.000205115
0.000205115
0.000205115
0.000205115
0.000205115
0.000205113
0.000205115
0.000205115
0.000205115
0.000205115
0.000205115
0.000205115
0.000205115
0.000205115
0.000205115
0.000205115
0.000205115
0.000205115
0.000205115
0.000205115
0.000205115
0.000205115
0.000205115
0.000205115
0.000205115
0.000205113
0.000205115
0.000205115
0.000205115
0.000205115
0.000205115
0.000205115
0.000205115
0.000205115
0.000205115
0.000205115
0.000205115
0.000205115
0.000205115
0.000205115
0.000205115
0.000205115
0.000205115
0.000205115
0.000205115
0.000205113
0.000205115
0.000205115
0.000205115
0.000205115
0.000205115
0.000205115
0.000205115
0.000205115
0.000205115
0.000205115
0.000205115
0.000205115
0.000205115
0.000205115
0.000205115
0.000205115
0.000205115
0.000205115
0.000205115
0.000205113
0.000205115
0.000205115
0.000205115
0.000205115
0.000205115
0.000205115
0.000205115
0.000205115
0.000205115
0.000205115
0.000205115
0.000205115
0.000205115
0.000205115
0.000205115
0.000205115
0.000205115
0.000205115
0.000205115
0.000205113
0.000205115
0.000205115
0.000205115
0.000205115
0.000205115
0.000205115
0.000205115
0.000205115
0.000205115
0.000205115
0.000205115
0.000205115
0.000205115
0.000205115
0.000205115
0.000205115
0.000205115
0.000205115
0.000205115
0.000205113
0.000205115
0.000205115
0.000205115
0.000205115
0.000205115
0.000205115
0.000205115
0.000205115
0.000205115
0.000205115
0.000205115
0.000205115
0.000205115
0.000205115
0.000205115
0.000205115
0.000205115
0.000205115
0.000205115
0.000205113
0.000205115
0.000205115
0.000205115
0.000205115
0.000205115
0.000205115
0.000205115
0.000205115
0.000205115
0.000205115
0.000205115
0.000205115
0.000205115
0.000205115
0.000205115
0.000205115
0.000205115
0.000205115
0.000205115
0.000205113
0.000205115
0.000205115
0.000205115
0.000205115
0.000205115
0.000205115
0.000205115
0.000205115
0.000205115
0.000205115
0.000205115
0.000205115
0.000205115
0.000205115
0.000205115
0.000205115
0.000205115
0.000205115
0.000205115
0.000205113
0.000205115
0.000205115
0.000205115
0.000205115
0.000205115
0.000205115
0.000205115
0.000205115
0.000205115
0.000205115
0.000205115
0.000205115
0.000205115
0.000205115
0.000205115
0.000205115
0.000205115
0.000205115
0.000205115
0.000205113
0.000205115
0.000205115
0.000205115
0.000205115
0.000205115
0.000205115
0.000205115
0.000205115
0.000205115
0.000205115
0.000205115
0.000205115
0.000205115
0.000205115
0.000205115
0.000205115
0.000205115
0.000205115
0.000205115
0.000205113
0.000205115
0.000205115
0.000205115
0.000205115
0.000205115
0.000205115
0.000205115
0.000205115
0.000205115
0.000205115
0.000205115
0.000205115
0.000205115
0.000205115
0.000205115
0.000205115
0.000205115
0.000205115
0.000205115
0.000205113
0.000205115
0.000205115
0.000205115
0.000205115
0.000205115
0.000205115
0.000205115
0.000205115
0.000205115
0.000205115
0.000205115
0.000205115
0.000205115
0.000205115
0.000205115
0.000205115
0.000205115
0.000205115
0.000205115
0.000205113
0.000205115
0.000205115
0.000205115
0.000205115
0.000205115
0.000205115
0.000205115
0.000205115
0.000205115
0.000205115
0.000205115
0.000205115
0.000205115
0.000205115
0.000205115
0.000205115
0.000205115
0.000205115
0.000205115
0.000205113
0.000205113
0.000205113
0.000205113
0.000205113
0.000205113
0.000205113
0.000205113
0.000205113
0.000205113
0.000205113
0.000205113
0.000205113
0.000205113
0.000205113
0.000205113
0.000205113
0.000205113
0.000205113
0.000205113
0.000205112
0.000205113
0.000205113
0.000205113
0.000205113
0.000205113
0.000205113
0.000205113
0.000205113
0.000205113
0.000205113
0.000205113
0.000205113
0.000205113
0.000205113
0.000205113
0.000205113
0.000205113
0.000205113
0.000205113
0.000205113
0.000205113
0.000205113
0.000205113
0.000205113
0.000205113
0.000205113
0.000205113
0.000205113
0.000205113
0.000205113
0.000205113
0.000205113
0.000205113
0.000205113
0.000205113
0.000205113
0.000205113
0.000205113
0.000205113
0.000205113
0.000205113
0.000205113
0.000205113
0.000205113
0.000205113
0.000205113
0.000205113
0.000205113
0.000205113
0.000205113
0.000205113
0.000205113
0.000205113
0.000205113
0.000205113
0.000205113
0.000205113
0.000205113
0.000205113
0.000205113
0.000205113
0.000205113
0.000205113
0.000205113
0.000205113
0.000205113
0.000205113
0.000205113
0.000205113
0.000205113
0.000205113
0.000205113
0.000205113
0.000205113
0.000205113
0.000205113
0.000205113
0.000205113
0.000205113
0.000205113
0.000205113
0.000205113
0.000205113
0.000205113
0.000205113
0.000205113
0.000205113
0.000205113
0.000205113
0.000205113
0.000205113
0.000205113
0.000205113
0.000205113
0.000205113
0.000205113
0.000205113
0.000205113
0.000205113
0.000205113
0.000205113
0.000205113
0.000205113
0.000205113
0.000205113
0.000205113
0.000205113
0.000205113
0.000205113
0.000205113
0.000205113
0.000205113
0.000205113
0.000205113
0.000205113
0.000205113
0.000205113
0.000205113
0.000205113
0.000205113
0.000205113
0.000205113
0.000205113
0.000205113
0.000205113
0.000205113
0.000205113
0.000205113
0.000205113
0.000205113
0.000205113
0.000205113
0.000205113
0.000205113
0.000205113
0.000205113
0.000205113
0.000205113
0.000205113
0.000205113
0.000205113
0.000205113
0.000205113
0.000205113
0.000205113
0.000205113
0.000205113
0.000205113
0.000205113
0.000205113
0.000205113
0.000205113
0.000205113
0.000205113
0.000205113
0.000205113
0.000205113
0.000205113
0.000205113
0.000205113
0.000205113
0.000205113
0.000205113
0.000205113
0.000205113
0.000205113
0.000205113
0.000205113
0.000205113
0.000205113
0.000205113
0.000205113
0.000205113
0.000205113
0.000205113
0.000205113
0.000205113
0.000205113
0.000205113
0.000205113
0.000205113
0.000205113
0.000205113
0.000205113
0.000205113
0.000205113
0.000205113
0.000205113
0.000205113
0.000205113
0.000205113
0.000205113
0.000205113
0.000205113
0.000205113
0.000205113
0.000205113
0.000205113
0.000205113
0.000205113
0.000205113
0.000205113
0.000205113
0.000205113
0.000205113
0.000205113
0.000205113
0.000205113
0.000205113
0.000205113
0.000205113
0.000205113
0.000205113
0.000205113
0.000205113
0.000205113
0.000205113
0.000205113
0.000205113
0.000205113
0.000205113
0.000205113
0.000205113
0.000205113
0.000205113
0.000205113
0.000205113
0.000205113
0.000205113
0.000205113
0.000205113
0.000205113
0.000205113
0.000205113
0.000205113
0.000205113
0.000205113
0.000205113
0.000205113
0.000205113
0.000205113
0.000205113
0.000205113
0.000205113
0.000205113
0.000205113
0.000205113
0.000205113
0.000205113
0.000205113
0.000205113
0.000205113
0.000205113
0.000205113
0.000205113
0.000205113
0.000205113
0.000205113
0.000205113
0.000205113
0.000205113
0.000205113
0.000205113
0.000205113
0.000205113
0.000205113
0.000205113
0.000205113
0.000205113
0.000205113
0.000205113
0.000205113
0.000205113
0.000205113
0.000205113
0.000205113
0.000205113
0.000205113
0.000205113
0.000205113
0.000205113
0.000205113
0.000205113
0.000205113
0.000205113
0.000205113
0.000205113
0.000205113
0.000205113
0.000205113
0.000205113
0.000205113
0.000205113
0.000205113
0.000205113
0.000205113
0.000205113
0.000205113
0.000205113
0.000205113
0.000205113
0.000205113
0.000205113
0.000205113
0.000205113
0.000205113
0.000205113
0.000205113
0.000205113
0.000205113
0.000205113
0.000205113
0.000205113
0.000205113
0.000205113
0.000205113
0.000205113
0.000205113
0.000205113
0.000205113
0.000205113
0.000205113
0.000205113
0.000205113
0.000205113
0.000205113
0.000205113
0.000205113
0.000205113
0.000205113
0.000205113
0.000205113
0.000205113
0.000205113
0.000205113
0.000205113
0.000205113
0.000205113
0.000205113
0.000205113
0.000205113
0.000205113
0.000205113
0.000205113
0.000205113
0.000205113
0.000205113
0.000205113
0.000205113
0.000205113
0.000205113
0.000205113
0.000205113
0.000205113
0.000205113
0.000205113
0.000205113
0.000205113
0.000205113
0.000205113
0.000205113
0.000205113
0.000205113
0.000205113
0.000205113
0.000205113
0.000205113
0.000205113
0.000205113
0.000205113
0.000205113
0.000205113
0.000205113
0.000205113
0.000205113
0.000205113
0.000205113
0.000205113
0.000205113
0.000205113
0.000205112
0.000205112
0.000205112
0.000205112
0.000205112
0.000205112
0.000205112
0.000205112
0.000205112
0.000205112
0.000205112
0.000205112
0.000205112
0.000205112
0.000205112
0.000205112
0.000205112
0.000205112
0.000205112
0.000205112
0.000205112
0.000205112
0.000205112
0.000205112
0.000205112
0.000205112
0.000205112
0.000205112
0.000205112
0.000205112
0.000205112
0.000205112
0.000205112
0.000205112
0.000205112
0.000205112
0.000205112
0.000205112
0.000205112
0.000205112
0.000205112
0.000205112
0.000205112
0.000205112
0.000205112
0.000205112
0.000205112
0.000205112
0.000205112
0.000205112
0.000205112
0.000205112
0.000205112
0.000205112
0.000205112
0.000205112
0.000205112
0.000205112
0.000205112
0.000205112
0.000205112
0.000205112
0.000205112
0.000205112
0.000205112
0.000205112
0.000205112
0.000205112
0.000205112
0.000205112
0.000205112
0.000205112
0.000205112
0.000205112
0.000205112
0.000205112
0.000205112
0.000205112
0.000205112
0.000205112
0.000205112
0.000205112
0.000205112
0.000205112
0.000205112
0.000205112
0.000205112
0.000205112
0.000205112
0.000205112
0.000205112
0.000205112
0.000205112
0.000205112
0.000205112
0.000205112
0.000205112
0.000205112
0.000205112
0.000205112
0.000205112
0.000205112
0.000205112
0.000205112
0.000205112
0.000205112
0.000205112
0.000205112
0.000205112
0.000205112
0.000205112
0.000205112
0.000205112
0.000205112
0.000205112
0.000205112
0.000205112
0.000205112
0.000205112
0.000205112
0.000205112
0.000205112
0.000205112
0.000205112
0.000205112
0.000205112
0.000205112
0.000205112
0.000205112
0.000205112
0.000205112
0.000205112
0.000205112
0.000205112
0.000205112
0.000205112
0.000205112
0.000205112
0.000205112
0.000205112
0.000205112
0.000205112
0.000205112
0.000205112
0.000205112
0.000205112
0.000205112
0.000205112
0.000205112
0.000205112
0.000205112
0.000205112
0.000205112
0.000205112
0.000205112
0.000205112
0.000205112
0.000205112
0.000205112
0.000205112
0.000205112
0.000205112
0.000205112
0.000205112
0.000205112
0.000205112
0.000205112
0.000205112
0.000205112
0.000205112
0.000205112
0.000205112
0.000205112
0.000205112
0.000205112
0.000205112
0.000205112
0.000205112
0.000205112
0.000205112
0.000205112
0.000205112
0.000205112
0.000205112
0.000205112
0.000205112
0.000205112
0.000205112
0.000205112
0.000205112
0.000205112
0.000205112
0.000205112
0.000205112
0.000205112
0.000205112
0.000205112
0.000205112
0.000205112
0.000205112
0.000205112
0.000205112
0.000205112
0.000205112
0.000205112
0.000205112
0.000205112
0.000205112
0.000205112
0.000205112
0.000205112
0.000205112
0.000205112
0.000205112
0.000205112
0.000205112
0.000205112
0.000205112
0.000205112
0.000205112
0.000205112
0.000205112
0.000205112
0.000205112
0.000205112
0.000205112
0.000205112
0.000205112
0.000205112
0.000205112
0.000205112
0.000205112
0.000205112
0.000205112
0.000205112
0.000205112
0.000205112
0.000205112
0.000205112
0.000205112
0.000205112
0.000205112
0.000205112
0.000205112
0.000205112
0.000205112
0.000205112
0.000205112
0.000205112
0.000205112
0.000205112
0.000205112
0.000205112
0.000205112
0.000205112
0.000205112
0.000205112
0.000205112
0.000205112
0.000205112
0.000205112
0.000205112
0.000205112
0.000205112
0.000205112
0.000205112
0.000205112
0.000205112
0.000205112
0.000205112
0.000205112
0.000205112
0.000205112
0.000205112
0.000205112
0.000205112
0.000205112
0.000205112
0.000205112
0.000205112
0.000205112
0.000205112
0.000205112
0.000205112
0.000205112
0.000205112
0.000205112
0.000205112
0.000205112
0.000205112
0.000205112
0.000205112
0.000205112
0.000205112
0.000205112
0.000205112
0.000205112
0.000205112
0.000205112
0.000205112
0.000205112
0.000205112
0.000205112
0.000205112
0.000205112
0.000205112
0.000205112
0.000205112
0.000205112
0.000205112
0.000205112
0.000205112
0.000205112
0.000205112
0.000205112
0.000205112
0.000205112
0.000205112
0.000205112
0.000205112
0.000205112
0.000205112
0.000205112
0.000205112
0.000205112
0.000205112
0.000205112
0.000205112
0.000205112
0.000205112
0.000205112
0.000205112
0.000205112
0.000205112
0.000205112
0.000205112
0.000205112
0.000205112
0.000205112
0.000205112
0.000205112
0.000205112
0.000205112
0.000205112
0.000205112
0.000205112
0.000205112
0.000205112
0.000205112
0.000205112
0.000205112
0.000205112
0.000205112
0.000205112
0.000205112
0.000205112
0.000205112
0.000205112
0.000205112
0.000205112
0.000205112
0.000205112
0.000205112
0.000205112
0.000205112
0.000205112
0.000205112
0.000205112
0.000205112
0.000205112
0.000205112
0.000205112
0.000205112
0.000205112
0.000205112
0.000205112
0.000205112
0.000205112
0.000205112
0.000205112
0.000205112
0.000205112
0.000205112
0.000205112
0.000205112
0.000205112
0.000205112
0.000205112
0.000205112
0.000205112
0.000205112
0.000205112
0.000205112
0.000205112
0.000205112
0.000205112
0.000205112
0.000205112
0.000205112
0.000205112
0.000205112
0.000205112
0.000205112
0.000205112
0.000205112
0.000205112
0.000205112
0.000205112
0.000205112
0.000205112
0.000205112
0.000205112
0.000205112
0.000205112
0.000205112
0.000205112
0.000205112
0.000205112
0.000205112
0.000205112
0.000205113
0.000205113
0.000205113
0.000205113
0.000205113
0.000205113
0.000205113
0.000205113
0.000205113
0.000205113
0.000205113
0.000205113
0.000205113
0.000205113
0.000205113
0.000205113
0.000205113
0.000205113
0.000205113
0.000205112
0.000205113
0.000205113
0.000205113
0.000205113
0.000205113
0.000205113
0.000205113
0.000205113
0.000205113
0.000205113
0.000205113
0.000205113
0.000205113
0.000205113
0.000205113
0.000205113
0.000205113
0.000205113
0.000205113
0.000205112
0.000205113
0.000205113
0.000205113
0.000205113
0.000205113
0.000205113
0.000205113
0.000205113
0.000205113
0.000205113
0.000205113
0.000205113
0.000205113
0.000205113
0.000205113
0.000205113
0.000205113
0.000205113
0.000205113
0.000205112
0.000205113
0.000205113
0.000205113
0.000205113
0.000205113
0.000205113
0.000205113
0.000205113
0.000205113
0.000205113
0.000205113
0.000205113
0.000205113
0.000205113
0.000205113
0.000205113
0.000205113
0.000205113
0.000205113
0.000205112
0.000205113
0.000205113
0.000205113
0.000205113
0.000205113
0.000205113
0.000205113
0.000205113
0.000205113
0.000205113
0.000205113
0.000205113
0.000205113
0.000205113
0.000205113
0.000205113
0.000205113
0.000205113
0.000205113
0.000205112
0.000205113
0.000205113
0.000205113
0.000205113
0.000205113
0.000205113
0.000205113
0.000205113
0.000205113
0.000205113
0.000205113
0.000205113
0.000205113
0.000205113
0.000205113
0.000205113
0.000205113
0.000205113
0.000205113
0.000205112
0.000205113
0.000205113
0.000205113
0.000205113
0.000205113
0.000205113
0.000205113
0.000205113
0.000205113
0.000205113
0.000205113
0.000205113
0.000205113
0.000205113
0.000205113
0.000205113
0.000205113
0.000205113
0.000205113
0.000205112
0.000205113
0.000205113
0.000205113
0.000205113
0.000205113
0.000205113
0.000205113
0.000205113
0.000205113
0.000205113
0.000205113
0.000205113
0.000205113
0.000205113
0.000205113
0.000205113
0.000205113
0.000205113
0.000205113
0.000205112
0.000205113
0.000205113
0.000205113
0.000205113
0.000205113
0.000205113
0.000205113
0.000205113
0.000205113
0.000205113
0.000205113
0.000205113
0.000205113
0.000205113
0.000205113
0.000205113
0.000205113
0.000205113
0.000205113
0.000205112
0.000205113
0.000205113
0.000205113
0.000205113
0.000205113
0.000205113
0.000205113
0.000205113
0.000205113
0.000205113
0.000205113
0.000205113
0.000205113
0.000205113
0.000205113
0.000205113
0.000205113
0.000205113
0.000205113
0.000205112
0.000205113
0.000205113
0.000205113
0.000205113
0.000205113
0.000205113
0.000205113
0.000205113
0.000205113
0.000205113
0.000205113
0.000205113
0.000205113
0.000205113
0.000205113
0.000205113
0.000205113
0.000205113
0.000205113
0.000205112
0.000205113
0.000205113
0.000205113
0.000205113
0.000205113
0.000205113
0.000205113
0.000205113
0.000205113
0.000205113
0.000205113
0.000205113
0.000205113
0.000205113
0.000205113
0.000205113
0.000205113
0.000205113
0.000205113
0.000205112
0.000205113
0.000205113
0.000205113
0.000205113
0.000205113
0.000205113
0.000205113
0.000205113
0.000205113
0.000205113
0.000205113
0.000205113
0.000205113
0.000205113
0.000205113
0.000205113
0.000205113
0.000205113
0.000205113
0.000205112
0.000205113
0.000205113
0.000205113
0.000205113
0.000205113
0.000205113
0.000205113
0.000205113
0.000205113
0.000205113
0.000205113
0.000205113
0.000205113
0.000205113
0.000205113
0.000205113
0.000205113
0.000205113
0.000205113
0.000205112
0.000205113
0.000205113
0.000205113
0.000205113
0.000205113
0.000205113
0.000205113
0.000205113
0.000205113
0.000205113
0.000205113
0.000205113
0.000205113
0.000205113
0.000205113
0.000205113
0.000205113
0.000205113
0.000205113
0.000205112
0.000205113
0.000205113
0.000205113
0.000205113
0.000205113
0.000205113
0.000205113
0.000205113
0.000205113
0.000205113
0.000205113
0.000205113
0.000205113
0.000205113
0.000205113
0.000205113
0.000205113
0.000205113
0.000205113
0.000205112
0.000205113
0.000205113
0.000205113
0.000205113
0.000205113
0.000205113
0.000205113
0.000205113
0.000205113
0.000205113
0.000205113
0.000205113
0.000205113
0.000205113
0.000205113
0.000205113
0.000205113
0.000205113
0.000205113
0.000205112
0.000205113
0.000205113
0.000205113
0.000205113
0.000205113
0.000205113
0.000205113
0.000205113
0.000205113
0.000205113
0.000205113
0.000205113
0.000205113
0.000205113
0.000205113
0.000205113
0.000205113
0.000205113
0.000205113
0.000205112
0.000205113
0.000205113
0.000205113
0.000205113
0.000205113
0.000205113
0.000205113
0.000205113
0.000205113
0.000205113
0.000205113
0.000205113
0.000205113
0.000205113
0.000205113
0.000205113
0.000205113
0.000205113
0.000205113
0.000205112
0.000205113
0.000205113
0.000205113
0.000205113
0.000205113
0.000205113
0.000205113
0.000205113
0.000205113
0.000205113
0.000205113
0.000205113
0.000205113
0.000205113
0.000205113
0.000205113
0.000205113
0.000205113
0.000205113
0.000205112
0.000205113
0.000205113
0.000205113
0.000205113
0.000205113
0.000205113
0.000205113
0.000205113
0.000205113
0.000205113
0.000205113
0.000205113
0.000205113
0.000205113
0.000205113
0.000205113
0.000205113
0.000205113
0.000205113
0.000205112
0.000205113
0.000205113
0.000205113
0.000205113
0.000205113
0.000205113
0.000205113
0.000205113
0.000205113
0.000205113
0.000205113
0.000205113
0.000205113
0.000205113
0.000205113
0.000205113
0.000205113
0.000205113
0.000205113
0.000205112
0.000205113
0.000205113
0.000205113
0.000205113
0.000205113
0.000205113
0.000205113
0.000205113
0.000205113
0.000205113
0.000205113
0.000205113
0.000205113
0.000205113
0.000205113
0.000205113
0.000205113
0.000205113
0.000205113
0.000205112
0.000205113
0.000205113
0.000205113
0.000205113
0.000205113
0.000205113
0.000205113
0.000205113
0.000205113
0.000205113
0.000205113
0.000205113
0.000205113
0.000205113
0.000205113
0.000205113
0.000205113
0.000205113
0.000205113
0.000205112
0.000205113
0.000205113
0.000205113
0.000205113
0.000205113
0.000205113
0.000205113
0.000205113
0.000205113
0.000205113
0.000205113
0.000205113
0.000205113
0.000205113
0.000205113
0.000205113
0.000205113
0.000205113
0.000205113
0.000205112
0.000205113
0.000205113
0.000205113
0.000205113
0.000205113
0.000205113
0.000205113
0.000205113
0.000205113
0.000205113
0.000205113
0.000205113
0.000205113
0.000205113
0.000205113
0.000205113
0.000205113
0.000205113
0.000205113
0.000205112
0.000205113
0.000205113
0.000205113
0.000205113
0.000205113
0.000205113
0.000205113
0.000205113
0.000205113
0.000205113
0.000205113
0.000205113
0.000205113
0.000205113
0.000205113
0.000205113
0.000205113
0.000205113
0.000205113
0.000205112
0.000205113
0.000205113
0.000205113
0.000205113
0.000205113
0.000205113
0.000205113
0.000205113
0.000205113
0.000205113
0.000205113
0.000205113
0.000205113
0.000205113
0.000205113
0.000205113
0.000205113
0.000205113
0.000205113
0.000205112
0.000205113
0.000205113
0.000205113
0.000205113
0.000205113
0.000205113
0.000205113
0.000205113
0.000205113
0.000205113
0.000205113
0.000205113
0.000205113
0.000205113
0.000205113
0.000205113
0.000205113
0.000205113
0.000205113
0.000205112
0.000205113
0.000205113
0.000205113
0.000205113
0.000205113
0.000205113
0.000205113
0.000205113
0.000205113
0.000205113
0.000205113
0.000205113
0.000205113
0.000205113
0.000205113
0.000205113
0.000205113
0.000205113
0.000205113
0.000205112
0.000205113
0.000205113
0.000205113
0.000205113
0.000205113
0.000205113
0.000205113
0.000205113
0.000205113
0.000205113
0.000205113
0.000205113
0.000205113
0.000205113
0.000205113
0.000205113
0.000205113
0.000205113
0.000205113
0.000205112
0.000205113
0.000205113
0.000205113
0.000205113
0.000205113
0.000205113
0.000205113
0.000205113
0.000205113
0.000205113
0.000205113
0.000205113
0.000205113
0.000205113
0.000205113
0.000205113
0.000205113
0.000205113
0.000205113
0.000205112
0.000205113
0.000205113
0.000205113
0.000205113
0.000205113
0.000205113
0.000205113
0.000205113
0.000205113
0.000205113
0.000205113
0.000205113
0.000205113
0.000205113
0.000205113
0.000205113
0.000205113
0.000205113
0.000205113
0.000205112
0.000205113
0.000205113
0.000205113
0.000205113
0.000205113
0.000205113
0.000205113
0.000205113
0.000205113
0.000205113
0.000205113
0.000205113
0.000205113
0.000205113
0.000205113
0.000205113
0.000205113
0.000205113
0.000205113
0.000205112
0.000205113
0.000205113
0.000205113
0.000205113
0.000205113
0.000205113
0.000205113
0.000205113
0.000205113
0.000205113
0.000205113
0.000205113
0.000205113
0.000205113
0.000205113
0.000205113
0.000205113
0.000205113
0.000205113
0.000205112
0.000205113
0.000205113
0.000205113
0.000205113
0.000205113
0.000205113
0.000205113
0.000205113
0.000205113
0.000205113
0.000205113
0.000205113
0.000205113
0.000205113
0.000205113
0.000205113
0.000205113
0.000205113
0.000205113
0.000205112
0.000205113
0.000205113
0.000205113
0.000205113
0.000205113
0.000205113
0.000205113
0.000205113
0.000205113
0.000205113
0.000205113
0.000205113
0.000205113
0.000205113
0.000205113
0.000205113
0.000205113
0.000205113
0.000205113
0.000205112
0.000205113
0.000205113
0.000205113
0.000205113
0.000205113
0.000205113
0.000205113
0.000205113
0.000205113
0.000205113
0.000205113
0.000205113
0.000205113
0.000205113
0.000205113
0.000205113
0.000205113
0.000205113
0.000205113
0.000205112
0.000205113
0.000205113
0.000205113
0.000205113
0.000205113
0.000205113
0.000205113
0.000205113
0.000205113
0.000205113
0.000205113
0.000205113
0.000205113
0.000205113
0.000205113
0.000205113
0.000205113
0.000205113
0.000205113
0.000205112
0.000205113
0.000205113
0.000205113
0.000205113
0.000205113
0.000205113
0.000205113
0.000205113
0.000205113
0.000205113
0.000205113
0.000205113
0.000205113
0.000205113
0.000205113
0.000205113
0.000205113
0.000205113
0.000205113
0.000205112
0.000205113
0.000205113
0.000205113
0.000205113
0.000205113
0.000205113
0.000205113
0.000205113
0.000205113
0.000205113
0.000205113
0.000205113
0.000205113
0.000205113
0.000205113
0.000205113
0.000205113
0.000205113
0.000205113
0.000205112
0.000205113
0.000205113
0.000205113
0.000205113
0.000205113
0.000205113
0.000205113
0.000205113
0.000205113
0.000205113
0.000205113
0.000205113
0.000205113
0.000205113
0.000205113
0.000205113
0.000205113
0.000205113
0.000205113
0.000205112
0.000205113
0.000205113
0.000205113
0.000205113
0.000205113
0.000205113
0.000205113
0.000205113
0.000205113
0.000205113
0.000205113
0.000205113
0.000205113
0.000205113
0.000205113
0.000205113
0.000205113
0.000205113
0.000205113
0.000205112
0.000205113
0.000205113
0.000205113
0.000205113
0.000205113
0.000205113
0.000205113
0.000205113
0.000205113
0.000205113
0.000205113
0.000205113
0.000205113
0.000205113
0.000205113
0.000205113
0.000205113
0.000205113
0.000205113
0.000205112
0.000205113
0.000205113
0.000205113
0.000205113
0.000205113
0.000205113
0.000205113
0.000205113
0.000205113
0.000205113
0.000205113
0.000205113
0.000205113
0.000205113
0.000205113
0.000205113
0.000205113
0.000205113
0.000205113
0.000205112
0.000205113
0.000205113
0.000205113
0.000205113
0.000205113
0.000205113
0.000205113
0.000205113
0.000205113
0.000205113
0.000205113
0.000205113
0.000205113
0.000205113
0.000205113
0.000205113
0.000205113
0.000205113
0.000205113
0.000205112
0.000205113
0.000205113
0.000205113
0.000205113
0.000205113
0.000205113
0.000205113
0.000205113
0.000205113
0.000205113
0.000205113
0.000205113
0.000205113
0.000205113
0.000205113
0.000205113
0.000205113
0.000205113
0.000205113
0.000205112
0.000205113
0.000205113
0.000205113
0.000205113
0.000205113
0.000205113
0.000205113
0.000205113
0.000205113
0.000205113
0.000205113
0.000205113
0.000205113
0.000205113
0.000205113
0.000205113
0.000205113
0.000205113
0.000205113
0.000205112
0.000205113
0.000205113
0.000205113
0.000205113
0.000205113
0.000205113
0.000205113
0.000205113
0.000205113
0.000205113
0.000205113
0.000205113
0.000205113
0.000205113
0.000205113
0.000205113
0.000205113
0.000205113
0.000205113
0.000205112
0.000205113
0.000205113
0.000205113
0.000205113
0.000205113
0.000205113
0.000205113
0.000205113
0.000205113
0.000205113
0.000205113
0.000205113
0.000205113
0.000205113
0.000205113
0.000205113
0.000205113
0.000205113
0.000205113
0.000205112
0.000205113
0.000205113
0.000205113
0.000205113
0.000205113
0.000205113
0.000205113
0.000205113
0.000205113
0.000205113
0.000205113
0.000205113
0.000205113
0.000205113
0.000205113
0.000205113
0.000205113
0.000205113
0.000205113
0.000205112
0.000205113
0.000205113
0.000205113
0.000205113
0.000205113
0.000205113
0.000205113
0.000205113
0.000205113
0.000205113
0.000205113
0.000205113
0.000205113
0.000205113
0.000205113
0.000205113
0.000205113
0.000205113
0.000205113
0.000205112
0.000205113
0.000205113
0.000205113
0.000205113
0.000205113
0.000205113
0.000205113
0.000205113
0.000205113
0.000205113
0.000205113
0.000205113
0.000205113
0.000205113
0.000205113
0.000205113
0.000205113
0.000205113
0.000205113
0.000205112
0.000205113
0.000205113
0.000205113
0.000205113
0.000205113
0.000205113
0.000205113
0.000205113
0.000205113
0.000205113
0.000205113
0.000205113
0.000205113
0.000205113
0.000205113
0.000205113
0.000205113
0.000205113
0.000205113
0.000205112
0.000205113
0.000205113
0.000205113
0.000205113
0.000205113
0.000205113
0.000205113
0.000205113
0.000205113
0.000205113
0.000205113
0.000205113
0.000205113
0.000205113
0.000205113
0.000205113
0.000205113
0.000205113
0.000205113
0.000205112
0.000205113
0.000205113
0.000205113
0.000205113
0.000205113
0.000205113
0.000205113
0.000205113
0.000205113
0.000205113
0.000205113
0.000205113
0.000205113
0.000205113
0.000205113
0.000205113
0.000205113
0.000205113
0.000205113
0.000205112
0.000205113
0.000205113
0.000205113
0.000205113
0.000205113
0.000205113
0.000205113
0.000205113
0.000205113
0.000205113
0.000205113
0.000205113
0.000205113
0.000205113
0.000205113
0.000205113
0.000205113
0.000205113
0.000205113
0.000205112
0.000205113
0.000205113
0.000205113
0.000205113
0.000205113
0.000205113
0.000205113
0.000205113
0.000205113
0.000205113
0.000205113
0.000205113
0.000205113
0.000205113
0.000205113
0.000205113
0.000205113
0.000205113
0.000205113
0.000205112
0.000205113
0.000205113
0.000205113
0.000205113
0.000205113
0.000205113
0.000205113
0.000205113
0.000205113
0.000205113
0.000205113
0.000205113
0.000205113
0.000205113
0.000205113
0.000205113
0.000205113
0.000205113
0.000205113
0.000205112
0.000205113
0.000205113
0.000205113
0.000205113
0.000205113
0.000205113
0.000205113
0.000205113
0.000205113
0.000205113
0.000205113
0.000205113
0.000205113
0.000205113
0.000205113
0.000205113
0.000205113
0.000205113
0.000205113
0.000205112
0.000205113
0.000205113
0.000205113
0.000205113
0.000205113
0.000205113
0.000205113
0.000205113
0.000205113
0.000205113
0.000205113
0.000205113
0.000205113
0.000205113
0.000205113
0.000205113
0.000205113
0.000205113
0.000205113
0.000205112
0.000205113
0.000205113
0.000205113
0.000205113
0.000205113
0.000205113
0.000205113
0.000205113
0.000205113
0.000205113
0.000205113
0.000205113
0.000205113
0.000205113
0.000205113
0.000205113
0.000205113
0.000205113
0.000205113
0.000205112
0.000205113
0.000205113
0.000205113
0.000205113
0.000205113
0.000205113
0.000205113
0.000205113
0.000205113
0.000205113
0.000205113
0.000205113
0.000205113
0.000205113
0.000205113
0.000205113
0.000205113
0.000205113
0.000205113
0.000205112
0.000205113
0.000205113
0.000205113
0.000205113
0.000205113
0.000205113
0.000205113
0.000205113
0.000205113
0.000205113
0.000205113
0.000205113
0.000205113
0.000205113
0.000205113
0.000205113
0.000205113
0.000205113
0.000205113
0.000205112
0.000205113
0.000205113
0.000205113
0.000205113
0.000205113
0.000205113
0.000205113
0.000205113
0.000205113
0.000205113
0.000205113
0.000205113
0.000205113
0.000205113
0.000205113
0.000205113
0.000205113
0.000205113
0.000205113
0.000205112
0.000205113
0.000205113
0.000205113
0.000205113
0.000205113
0.000205113
0.000205113
0.000205113
0.000205113
0.000205113
0.000205113
0.000205113
0.000205113
0.000205113
0.000205113
0.000205113
0.000205113
0.000205113
0.000205113
0.000205112
0.000205113
0.000205113
0.000205113
0.000205113
0.000205113
0.000205113
0.000205113
0.000205113
0.000205113
0.000205113
0.000205113
0.000205113
0.000205113
0.000205113
0.000205113
0.000205113
0.000205113
0.000205113
0.000205113
0.000205112
0.000205113
0.000205113
0.000205113
0.000205113
0.000205113
0.000205113
0.000205113
0.000205113
0.000205113
0.000205113
0.000205113
0.000205113
0.000205113
0.000205113
0.000205113
0.000205113
0.000205113
0.000205113
0.000205113
0.000205112
0.000205113
0.000205113
0.000205113
0.000205113
0.000205113
0.000205113
0.000205113
0.000205113
0.000205113
0.000205113
0.000205113
0.000205113
0.000205113
0.000205113
0.000205113
0.000205113
0.000205113
0.000205113
0.000205113
0.000205112
0.000205113
0.000205113
0.000205113
0.000205113
0.000205113
0.000205113
0.000205113
0.000205113
0.000205113
0.000205113
0.000205113
0.000205113
0.000205113
0.000205113
0.000205113
0.000205113
0.000205113
0.000205113
0.000205113
0.000205112
0.000205113
0.000205113
0.000205113
0.000205113
0.000205113
0.000205113
0.000205113
0.000205113
0.000205113
0.000205113
0.000205113
0.000205113
0.000205113
0.000205113
0.000205113
0.000205113
0.000205113
0.000205113
0.000205113
0.000205112
0.000205113
0.000205113
0.000205113
0.000205113
0.000205113
0.000205113
0.000205113
0.000205113
0.000205113
0.000205113
0.000205113
0.000205113
0.000205113
0.000205113
0.000205113
0.000205113
0.000205113
0.000205113
0.000205113
0.000205112
0.000205113
0.000205113
0.000205113
0.000205113
0.000205113
0.000205113
0.000205113
0.000205113
0.000205113
0.000205113
0.000205113
0.000205113
0.000205113
0.000205113
0.000205113
0.000205113
0.000205113
0.000205113
0.000205113
0.000205112
0.000205113
0.000205113
0.000205113
0.000205113
0.000205113
0.000205113
0.000205113
0.000205113
0.000205113
0.000205113
0.000205113
0.000205113
0.000205113
0.000205113
0.000205113
0.000205113
0.000205113
0.000205113
0.000205113
0.000205112
0.000205113
0.000205113
0.000205113
0.000205113
0.000205113
0.000205113
0.000205113
0.000205113
0.000205113
0.000205113
0.000205113
0.000205113
0.000205113
0.000205113
0.000205113
0.000205113
0.000205113
0.000205113
0.000205113
0.000205112
0.000205113
0.000205113
0.000205113
0.000205113
0.000205113
0.000205113
0.000205113
0.000205113
0.000205113
0.000205113
0.000205113
0.000205113
0.000205113
0.000205113
0.000205113
0.000205113
0.000205113
0.000205113
0.000205113
0.000205112
0.000205113
0.000205113
0.000205113
0.000205113
0.000205113
0.000205113
0.000205113
0.000205113
0.000205113
0.000205113
0.000205113
0.000205113
0.000205113
0.000205113
0.000205113
0.000205113
0.000205113
0.000205113
0.000205113
0.000205112
0.000205113
0.000205113
0.000205113
0.000205113
0.000205113
0.000205113
0.000205113
0.000205113
0.000205113
0.000205113
0.000205113
0.000205113
0.000205113
0.000205113
0.000205113
0.000205113
0.000205113
0.000205113
0.000205113
0.000205112
0.000205113
0.000205113
0.000205113
0.000205113
0.000205113
0.000205113
0.000205113
0.000205113
0.000205113
0.000205113
0.000205113
0.000205113
0.000205113
0.000205113
0.000205113
0.000205113
0.000205113
0.000205113
0.000205113
0.000205112
0.000205113
0.000205113
0.000205113
0.000205113
0.000205113
0.000205113
0.000205113
0.000205113
0.000205113
0.000205113
0.000205113
0.000205113
0.000205113
0.000205113
0.000205113
0.000205113
0.000205113
0.000205113
0.000205113
0.000205112
)
;

boundaryField
{
    movingWall
    {
        type            kqRWallFunction;
        value           nonuniform List<scalar> 
20
(
0.00307742
0.00445801
0.0044607
0.0044607
0.0044607
0.0044607
0.0044607
0.0044607
0.0044607
0.0044607
0.0044607
0.0044607
0.0044607
0.0044607
0.0044607
0.0044607
0.0044607
0.0044607
0.00445801
0.00307742
)
;
    }
    fixedWalls
    {
        type            kqRWallFunction;
        value           nonuniform List<scalar> 
60
(
0.00207736
0.00292344
0.00318245
0.00322165
0.00322727
0.00322791
0.00322797
0.00322798
0.00322798
0.00322798
0.00322798
0.00322798
0.00322798
0.00322797
0.00322792
0.00322738
0.00322281
0.00319236
0.0030071
0.00307742
0.00207736
0.00292343
0.00318243
0.00322163
0.00322725
0.00322789
0.00322795
0.00322796
0.00322796
0.00322796
0.00322796
0.00322796
0.00322796
0.00322795
0.0032279
0.00322737
0.00322279
0.00319234
0.00300709
0.00307742
0.00207736
0.00194356
0.0019433
0.0019433
0.0019433
0.0019433
0.0019433
0.0019433
0.0019433
0.0019433
0.0019433
0.0019433
0.0019433
0.0019433
0.0019433
0.0019433
0.0019433
0.0019433
0.00194356
0.00207736
)
;
    }
    frontAndBack
    {
        type            empty;
    }
    defaultFaces
    {
        type            empty;
    }
}


// ************************************************************************* //
