/*--------------------------------*- C++ -*----------------------------------*\
  =========                 |
  \\      /  F ield         | OpenFOAM: The Open Source CFD Toolbox
   \\    /   O peration     | Website:  https://openfoam.org
    \\  /    A nd           | Version:  11
     \\/     M anipulation  |
\*---------------------------------------------------------------------------*/
FoamFile
{
    format      ascii;
    class       volScalarField::Internal;
    location    "100";
    object      tmp<kEpsilon:G>;
}
// * * * * * * * * * * * * * * * * * * * * * * * * * * * * * * * * * * * * * //

dimensions      [0 2 -3 0 0 0 0];

value           nonuniform List<scalar> 
12225
(
0
0
0
0
0
0
0
0
0
0
0
0
0
0
0
0
0
0
947.141
499.212
262.494
277.652
380.029
495.5
605.259
716.49
803.084
890.981
951.718
1013.3
1052.81
1093.95
1124.93
1151.55
1217.79
1190.49
86.0752
123.047
55.4803
17.201
5.16932
4.38195
8.78322
16.6729
26.601
38.3998
50.9312
64.1695
77.7618
90.7368
105.121
116.578
134.802
139.141
5.16787
1.72386
0.642621
0.703816
0.467337
0.186596
0.0283448
0.191866
0.796918
1.89641
3.47851
5.48967
7.97843
10.6846
14.0634
17.3608
21.963
25.5122
0.22922
0.132241
0.146864
0.311073
0.421427
0.399934
0.281907
0.145726
0.0500642
0.0209352
0.0768743
0.228661
0.493618
0.863833
1.40113
2.04236
2.9234
3.74507
0.178498
0.187237
0.262598
0.315947
0.316796
0.309715
0.280208
0.2274
0.168868
0.112025
0.0640781
0.0306021
0.0185839
0.0348073
0.0905585
0.192206
0.348575
0.537109
0.127574
0.209354
0.228144
0.208872
0.206696
0.222945
0.228533
0.214717
0.192157
0.164693
0.134916
0.104099
0.0762569
0.0553797
0.047415
0.0621219
0.105988
0.184227
0.0980578
0.14736
0.157354
0.153659
0.162597
0.181025
0.19098
0.187915
0.179067
0.167065
0.152537
0.135607
0.118727
0.104712
0.0984732
0.107748
0.140419
0.199106
0.0746211
0.103824
0.120332
0.127482
0.137655
0.151666
0.160649
0.161546
0.158513
0.153723
0.147391
0.139812
0.132534
0.128121
0.13043
0.14494
0.177632
0.227071
0.0566463
0.0772104
0.096021
0.106497
0.115919
0.12732
0.135903
0.139034
0.13903
0.137861
0.136012
0.133853
0.132769
0.134758
0.142804
0.160067
0.190436
0.229756
0.0428843
0.0583436
0.0762839
0.0880394
0.0975051
0.107688
0.115975
0.120335
0.122108
0.122998
0.123716
0.124736
0.127188
0.132591
0.142967
0.159909
0.185427
0.214967
0.032932
0.0452601
0.061687
0.0740552
0.0836975
0.0931165
0.101036
0.106011
0.108849
0.110955
0.113118
0.115839
0.120003
0.126706
0.137224
0.152226
0.172644
0.194373
0.0250173
0.034988
0.0498033
0.0623981
0.0722398
0.0812054
0.0888729
0.0942823
0.0979033
0.100846
0.103886
0.107517
0.112393
0.119238
0.128785
0.141199
0.156843
0.172376
0.0180048
0.026004
0.0390118
0.0512766
0.0612131
0.0699065
0.0773949
0.083146
0.0874182
0.091017
0.0946214
0.0986936
0.103669
0.109962
0.117903
0.127376
0.138494
0.148711
0.012028
0.0185227
0.0298157
0.0413831
0.0512009
0.0596673
0.0669904
0.0729365
0.0776535
0.0816754
0.0855366
0.0896154
0.0941976
0.0994746
0.105523
0.112136
0.119363
0.125419
0.00718565
0.012549
0.0223062
0.0329753
0.0424716
0.050693
0.057817
0.0637744
0.0686595
0.0728128
0.0766018
0.0803047
0.0841207
0.0881329
0.0923114
0.0964588
0.100635
0.103743
0.0035663
0.00811888
0.0166206
0.0263748
0.0354125
0.0433276
0.0501857
0.0559667
0.0607372
0.0647214
0.0681529
0.0712226
0.0740822
0.0768008
0.0793432
0.0815727
0.0835371
0.0847178
0.00128976
0.00532677
0.0129399
0.0219327
0.0304571
0.0379619
0.0444249
0.0498253
0.0542059
0.057732
0.0605718
0.0628599
0.0647262
0.0662653
0.0674817
0.06832
0.0687722
0.068791
0.000662342
0.00451796
0.0117824
0.0204298
0.0285936
0.0356809
0.0416695
0.0465365
0.0503106
0.0531416
0.055202
0.0566235
0.0575366
0.0580551
0.058225
0.0580652
0.0574922
0.0568694
0.00196901
0.00609129
0.0138163
0.0227658
0.0308335
0.0375877
0.0431608
0.047521
0.050664
0.0527637
0.0540518
0.0546959
0.0548428
0.0546107
0.0540594
0.0532468
0.052042
0.0510454
0.00461897
0.00941731
0.0182775
0.0278878
0.035832
0.0421715
0.0473333
0.051227
0.0537791
0.0552354
0.0558904
0.0559478
0.0555399
0.0547899
0.053752
0.0525271
0.0509476
0.0497494
0.00859153
0.0148527
0.0254159
0.0356192
0.0434173
0.0494552
0.0541918
0.0573872
0.0590896
0.0597807
0.0598346
0.0594049
0.0585686
0.0574273
0.0560414
0.0545294
0.0527067
0.0513777
0.0138543
0.023896
0.0363644
0.0448584
0.0515717
0.0581706
0.063529
0.0663151
0.0669569
0.0666134
0.0658599
0.0647653
0.0633482
0.0616951
0.0598633
0.0579774
0.0558351
0.0542126
0.0213177
0.0421869
0.0595608
0.0610565
0.0605508
0.0648303
0.0709805
0.0749489
0.0762484
0.0762053
0.0753557
0.0737231
0.0713809
0.0685772
0.0654446
0.062213
0.0586732
0.0557131
0.0430415
0.0753875
0.0940758
0.105677
0.098367
0.0915153
0.0890557
0.0878339
0.0863244
0.0844298
0.0813814
0.0767616
0.0707342
0.0639407
0.0567965
0.0498668
0.0431785
0.0376238
0.0799174
0.213213
0.0681924
0.0796613
0.168965
0.216698
0.216031
0.191065
0.159764
0.128964
0.0996491
0.0731289
0.051087
0.0352704
0.0267726
0.0264192
0.0342407
0.0502232
0.667754
0.127119
0.315309
0.504771
0.372424
0.294926
0.228955
0.141158
0.0602002
0.0115419
0.0108559
0.0689483
0.190622
0.377276
0.62395
0.928702
1.27765
1.66817
32.2321
70.906
43.2341
18.2653
7.06986
2.67377
1.11649
1.01117
1.82082
3.29071
5.26521
7.64398
10.2863
13.1703
16.1447
19.2426
22.2629
25.3093
455.616
257.632
100.992
70.5527
91.62
128.042
167.923
205.947
241.077
273.802
302.917
329.575
352.886
374.286
392.829
410.307
425.707
440.792
0
0
0
0
0
0
0
0
0
0
0
0
0
0
0
0
0
0
0
0
0
0
0
0
0
0
0
0
0
0
0
0
0
0
0
0
0
0
0
5.02803
6.50386
8.10564
9.96811
12.0736
14.4554
17.1141
20.0541
23.2626
26.732
30.4388
34.3691
38.4934
42.7952
47.2436
51.8242
56.5078
61.2841
66.1278
71.0334
75.9799
80.9666
85.9764
91.0118
96.0581
101.12
106.186
111.26
116.334
121.412
126.487
131.564
136.635
141.705
146.768
151.828
156.879
161.924
166.958
171.985
177.002
182.009
187.006
191.992
196.971
201.938
206.9
211.852
216.805
221.751
226.708
231.668
236.652
241.649
246.689
251.755
256.881
262.051
267.303
272.616
278.031
283.525
289.145
294.856
300.708
306.661
312.759
318.958
325.279
331.683
338.078
344.294
349.961
353.759
360.071
369.742
374.152
383.412
387.545
396.313
399.885
405.139
410.883
415.555
423.747
426.401
428.016
432.056
432.134
433.077
431.414
430.66
431.222
426.833
423.401
421
414.41
407.111
400.816
391.176
381.138
369.728
357.246
343.732
329.264
313.905
297.747
280.865
263.382
245.411
227.083
208.528
189.88
171.223
152.713
134.481
116.643
99.3067
82.5695
66.5085
51.2355
36.8508
23.5923
12.2789
9.33023
18.2479
28.9906
39.4786
49.3719
58.5886
67.1138
74.9637
82.1302
88.644
94.5846
99.9785
104.832
109.184
113.081
116.573
119.702
122.497
124.982
127.193
129.156
130.895
132.431
133.784
134.969
135.997
136.867
137.588
138.097
138.473
138.336
138.211
136.196
134.477
121.519
0
0.151321
0.0890147
0.0127539
0.0194712
0.160471
0.440582
0.860911
1.40697
2.05772
2.81928
3.62904
4.35712
4.85002
5.29971
5.96643
7.63936
8.99529
10.1107
11.2969
12.7769
14.3661
15.5854
16.5871
17.4022
17.9025
18.1311
18.1127
17.8685
17.4187
16.7915
16.0221
15.1485
14.2073
13.2326
12.2538
11.2959
10.3779
9.51421
8.71333
7.98062
7.31729
6.72284
6.19456
5.72963
5.32362
4.97252
4.67155
4.41682
4.20409
4.03007
3.89108
3.78432
3.70674
3.65624
3.63033
3.62729
3.64505
3.68247
3.73795
3.81052
3.89884
4.00224
4.11975
4.25088
4.39491
4.55146
4.72011
4.90074
5.09317
5.29731
5.51322
5.74092
5.98114
6.23453
6.50189
6.78337
7.07964
7.39165
7.72157
8.07019
8.43925
8.82999
9.24561
9.68884
10.1639
10.6733
11.2206
11.8098
12.449
13.1537
13.9312
14.7918
15.7518
16.8225
17.9313
19.0215
20.2762
21.7975
23.0936
24.7926
26.2218
28.0664
29.5196
31.3448
32.7096
34.3301
35.6952
37.3974
39.2025
41.1457
43.2528
45.4882
47.9886
50.6175
53.3821
56.7106
59.9469
63.4209
67.2092
71.038
75.1165
79.432
83.757
88.1241
92.4657
96.7406
100.9
104.879
108.617
112.068
115.179
117.911
120.235
122.134
123.583
124.578
125.125
125.246
124.999
124.497
123.701
122.333
120.441
117.304
112.406
106.792
101.097
95.5008
90.1556
85.1285
80.4423
76.1032
72.0915
68.3983
65.0117
61.9318
59.1154
56.522
54.1488
51.9828
50.0093
48.2018
46.5457
45.0328
43.6518
42.3901
41.2402
40.1934
39.2417
38.3789
37.6016
36.9046
36.3142
35.829
35.6468
35.8892
37.8922
42.6961
63.2615
0
0.0735486
0.15544
0.213676
0.421403
0.789639
1.32473
2.0405
2.93938
4.01111
5.25008
6.63452
8.05631
9.38176
10.6674
12.0188
13.6013
14.9244
15.9315
16.6984
17.4214
18.1465
18.7949
19.2016
19.3946
19.403
19.2206
18.8941
18.4627
17.9708
17.4543
16.9421
16.4574
16.0167
15.6314
15.3086
15.0526
14.8636
14.7413
14.6827
14.6855
14.7461
14.8616
15.0286
15.2446
15.5066
15.8127
16.1606
16.5488
16.9754
17.4398
17.9409
18.4781
19.0509
19.6594
20.3034
20.9832
21.6989
22.4512
23.2407
24.0684
24.9349
25.8414
26.789
27.779
28.8127
29.8915
31.0165
32.1889
33.41
34.681
36.0032
37.3769
38.8029
40.2826
41.8167
43.4041
45.0428
46.7315
48.4698
50.2555
52.0853
53.9557
55.8631
57.803
59.7703
61.761
63.7619
65.7573
67.7316
69.6805
71.5946
73.4549
75.2377
77.0035
78.8
80.3931
81.8023
83.2223
84.4044
85.6824
86.6444
87.8491
88.9326
90.4415
91.9279
93.8229
95.7753
98.2007
100.725
103.378
106.258
109.543
113.044
116.695
120.834
125.455
130.128
135.142
140.475
145.961
151.712
157.673
163.645
169.549
175.25
180.642
185.599
190.013
193.762
196.759
198.914
200.171
200.488
199.858
198.28
195.798
192.466
188.437
183.769
178.338
171.853
164.045
155.219
146.313
138.194
130.733
123.457
116.278
109.276
102.535
96.1053
90.0227
84.3077
78.9674
73.9947
69.4106
65.176
61.2461
57.6275
54.3016
51.2506
48.4459
45.8718
43.5142
41.3552
39.3754
37.5641
35.9099
34.3998
33.0244
31.78
30.6666
29.7096
28.9471
28.5508
28.7537
30.3438
33.3169
41.5114
0
0.378674
0.789269
1.09174
1.5056
2.04943
2.73796
3.58484
4.59453
5.76304
7.09075
8.55723
10.0807
11.5549
12.9491
14.3312
15.7253
16.9198
17.8375
18.5059
18.995
19.3908
19.6845
19.8718
19.9608
19.9714
19.9109
19.793
19.6484
19.5013
19.3712
19.2747
19.2233
19.2264
19.2892
19.415
19.606
19.8628
20.1857
20.5743
21.0282
21.5463
22.1278
22.7715
23.4761
24.2404
25.0634
25.9437
26.8807
27.8736
28.9221
30.0263
31.1867
32.4036
33.6782
35.0117
36.4055
37.8611
39.3802
40.9649
42.6171
44.3388
46.1317
47.998
49.9392
51.9571
54.053
56.2279
58.4822
60.8162
63.2294
65.7213
68.29
70.9334
73.6497
76.4364
79.2883
82.1987
85.1612
88.1701
91.2172
94.2933
97.3892
100.496
103.603
106.699
109.774
112.809
115.776
118.657
121.443
124.131
126.714
129.19
131.59
133.912
136.025
137.927
139.765
141.428
143.118
144.638
146.327
147.996
149.924
151.838
153.927
156.095
158.599
161.267
164.136
167.275
170.77
174.552
178.661
183.25
188.348
193.619
199.238
205.177
211.384
217.849
224.493
231.143
237.662
243.893
249.677
254.859
259.288
262.825
265.348
266.756
266.98
265.981
263.757
260.332
255.792
250.246
243.666
235.868
226.72
216.539
205.845
194.917
183.987
173.375
163.162
153.241
143.602
134.306
125.417
116.982
109.029
101.57
94.6138
88.1472
82.1675
76.6532
71.5727
66.9133
62.6346
58.7145
55.1121
51.809
48.7874
46.0229
43.4909
41.1789
39.0699
37.1481
35.4045
33.8351
32.4453
31.2697
30.3678
29.9211
30.1862
31.9707
35.8475
42.8914
0
1.01805
1.94205
2.62748
3.27042
3.94829
4.70096
5.54767
6.49669
7.5493
8.70644
9.95591
11.2508
12.5251
13.7343
14.8752
15.9415
16.8665
17.6022
18.1436
18.5168
18.7575
18.8984
18.9787
19.0328
19.082
19.1397
19.2169
19.3234
19.4691
19.6653
19.9208
20.2438
20.6414
21.119
21.6812
22.331
23.0699
23.8987
24.8172
25.8247
26.9199
28.101
29.3663
30.714
32.1421
33.6492
35.2341
36.8959
38.6344
40.4499
42.3432
44.3157
46.3695
48.5069
50.7309
53.0445
55.4513
57.9546
60.5584
63.266
66.0811
69.0068
72.0459
75.2008
78.4733
81.8646
85.375
89.0038
92.7494
96.6093
100.58
104.656
108.832
113.1
117.453
121.881
126.371
130.91
135.485
140.08
144.68
149.267
153.826
158.338
162.786
167.152
171.409
175.532
179.49
183.272
186.878
190.299
193.537
196.6
199.484
202.131
204.526
206.739
208.769
210.702
212.486
214.269
216
217.786
219.54
221.35
223.208
225.246
227.429
229.816
232.445
235.399
238.728
242.472
246.619
251.17
256.06
261.35
266.994
272.957
279.23
285.696
292.223
298.632
304.764
310.418
315.429
319.607
322.798
324.845
325.635
325.07
323.112
319.75
315.041
308.961
301.411
292.247
281.618
269.919
257.484
244.594
231.523
218.521
205.816
193.464
181.459
169.829
158.642
147.958
137.828
128.278
119.325
110.973
103.213
96.0322
89.4041
83.2916
77.6727
72.5128
67.7961
63.4772
59.5274
55.9166
52.6163
49.5905
46.83
44.3151
42.0297
39.9647
38.1178
36.5016
35.1592
34.1671
33.7136
34.054
35.8753
39.7489
45.8292
0
1.82199
3.34064
4.50452
5.38927
6.16944
6.92508
7.68956
8.48171
9.31129
10.181
11.0836
11.9962
12.8853
13.7213
14.4885
15.1767
15.7654
16.2366
16.5859
16.8259
16.9821
17.0857
17.1705
17.267
17.3982
17.5798
17.8225
18.1361
18.5296
19.0119
19.5915
20.276
21.072
21.984
23.0154
24.1683
25.4435
26.8409
28.3591
29.9962
31.7494
33.6158
35.5923
37.6761
39.8645
42.1555
44.5476
47.0403
49.6336
52.3287
55.1275
58.033
61.0488
64.1791
67.4291
70.8042
74.3103
77.9532
81.739
85.6734
89.7619
94.0092
98.4197
102.997
107.742
112.657
117.741
122.992
128.406
133.978
139.701
145.565
151.559
157.671
163.885
170.185
176.551
182.962
189.397
195.83
202.237
208.592
214.87
221.045
227.089
232.974
238.673
244.15
249.368
254.314
258.974
263.344
267.423
271.21
274.7
277.865
280.695
283.214
285.453
287.446
289.208
290.798
292.236
293.563
294.782
295.936
297.056
298.212
299.433
300.828
302.479
304.387
306.614
309.199
312.211
315.637
319.469
323.715
328.365
333.411
338.821
344.49
350.279
356.02
361.525
366.596
371.032
374.634
377.215
378.598
378.645
377.244
374.349
369.875
363.694
355.663
345.787
334.327
321.607
307.931
293.601
278.893
264.06
249.329
234.879
220.779
207.067
193.796
181.039
168.86
157.309
146.415
136.196
126.655
117.786
109.567
101.969
94.9613
88.5149
82.5912
77.1605
72.186
67.6456
63.4994
59.7154
56.2593
53.1078
50.2395
47.6339
45.2871
43.2006
41.3942
39.9167
38.8551
38.3936
38.7684
40.5213
44.0544
49.1408
0
2.59861
4.66201
6.29441
7.40124
8.25821
8.98481
9.62974
10.2237
10.7868
11.3298
11.8557
12.3597
12.8314
13.2601
13.6388
13.964
14.2324
14.4429
14.6
14.7155
14.8084
14.9018
15.0198
15.1856
15.4189
15.7354
16.1479
16.6674
17.3041
18.0674
18.9659
20.0073
21.1978
22.5424
24.0441
25.7047
27.5241
29.5011
31.6331
33.9167
36.3477
38.922
41.6351
44.4831
47.4626
50.5711
53.8071
57.1703
60.6615
64.2831
68.0383
71.9319
75.9695
80.158
84.5051
89.0191
93.7088
98.5829
103.651
108.92
114.399
120.095
126.014
132.161
138.537
145.145
151.982
159.046
166.331
173.827
181.524
189.407
197.459
205.66
213.989
222.419
230.922
239.468
248.023
256.555
265.027
273.403
281.647
289.721
297.587
305.21
312.555
319.572
326.223
332.479
338.326
343.758
348.766
353.347
357.491
361.185
364.41
367.18
369.516
371.451
373.015
374.252
375.192
375.872
376.309
376.56
376.671
376.701
376.692
376.764
376.972
377.401
378.108
379.162
380.584
382.411
384.665
387.379
390.552
394.205
398.287
402.717
407.342
412.014
416.526
420.687
424.256
427.04
428.813
429.381
428.573
426.211
422.097
416.039
407.891
397.774
385.923
372.607
358.106
342.718
326.723
310.396
293.973
277.675
261.658
246.014
230.801
216.092
201.958
188.468
175.67
163.596
152.262
141.673
131.82
122.681
114.223
106.415
99.2246
92.6114
86.5413
80.9771
75.8885
71.2487
67.0204
63.1647
59.6522
56.4598
53.5689
50.9739
48.6757
46.7006
45.1016
43.9694
43.4742
43.8193
45.4154
48.4553
52.561
0
3.22761
5.67672
7.65503
8.92374
9.82421
10.504
11.0236
11.4249
11.739
11.9864
12.1805
12.3305
12.4425
12.5211
12.5716
12.5998
12.6125
12.617
12.6233
12.6437
12.6936
12.7902
12.9516
13.1952
13.5372
13.9923
14.574
15.2942
16.1646
17.1957
18.3972
19.7774
21.3432
23.0997
25.0498
27.195
29.5344
32.066
34.786
37.69
40.7728
44.0288
47.4529
51.0403
54.7873
58.6913
62.751
66.9669
71.341
75.8772
80.5806
85.4583
90.5186
95.7712
101.227
106.898
112.796
118.934
125.324
131.977
138.905
146.117
153.622
161.425
169.53
177.94
186.651
195.659
204.957
214.53
224.365
234.441
244.734
255.217
265.859
276.625
287.476
298.37
309.264
320.112
330.864
341.473
351.891
362.066
371.952
381.501
390.664
399.382
407.614
415.316
422.478
429.082
435.115
440.568
445.43
449.687
453.315
456.327
458.731
460.572
461.891
462.713
463.072
463.025
462.616
461.855
460.809
459.546
458.143
456.693
455.282
453.993
452.919
452.117
451.646
451.557
451.903
452.735
454.084
455.977
458.385
461.219
464.349
467.616
470.837
473.795
476.246
477.962
478.701
478.175
476.14
472.317
466.442
458.449
448.43
436.543
422.996
408.043
391.958
375.027
357.526
339.719
321.841
304.1
286.655
269.612
253.049
237.045
221.676
207.009
193.095
179.964
167.631
156.1
145.361
135.391
126.157
117.624
109.757
102.515
95.8594
89.7527
84.1635
79.0578
74.4107
70.1817
66.3334
62.8389
59.6794
56.8498
54.3561
52.2245
50.5053
49.2875
48.7212
48.9687
50.3317
52.8104
56.0055
0
3.62614
6.24253
8.39253
9.7325
10.6308
11.248
11.6517
11.8921
12.0093
12.0318
11.9818
11.8774
11.7352
11.5701
11.3962
11.227
11.0752
10.9532
10.8731
10.8476
10.8899
11.014
11.2342
11.5648
12.0201
12.6141
13.3605
14.2722
15.362
16.6416
18.1217
19.8117
21.7189
23.8487
26.2044
28.787
31.5954
34.627
37.8775
41.3417
45.0137
48.8877
52.9579
57.2194
61.6687
66.3036
71.1238
76.131
81.329
86.7237
92.323
98.1364
104.175
110.454
116.985
123.786
130.873
138.262
145.968
154.008
162.396
171.144
180.264
189.763
199.647
209.917
220.572
231.604
243.004
254.755
266.838
279.226
291.888
304.79
317.889
331.141
344.495
357.898
371.292
384.618
397.814
410.818
423.567
435.998
448.05
459.664
470.772
481.32
491.243
500.502
509.076
516.938
524.075
530.47
536.112
540.976
545.048
548.321
550.831
552.584
553.667
554.123
553.962
553.218
551.928
550.151
547.948
545.394
542.568
539.557
536.453
533.363
530.4
527.632
525.13
522.963
521.217
519.957
519.261
519.155
519.641
520.616
521.977
523.55
525.167
526.608
527.592
527.855
527.118
524.999
521.185
515.452
507.716
497.956
486.253
472.744
457.642
441.181
423.633
405.268
386.367
367.182
347.95
328.869
310.109
291.782
273.986
256.801
240.309
224.575
209.65
195.56
182.322
169.937
158.395
147.669
137.728
128.534
120.048
112.229
105.036
98.4298
92.3762
86.8403
81.7957
77.2119
73.0436
69.2616
65.8469
62.7943
60.1102
57.8211
55.9768
54.6548
53.9791
54.0693
55.1417
57.0423
59.429
0
3.76716
6.32609
8.46477
9.77425
10.6171
11.1533
11.4538
11.5738
11.5593
11.4438
11.254
11.0129
10.7414
10.459
10.184
9.93325
9.72224
9.56509
9.47492
9.46417
9.54504
9.72985
10.0313
10.4625
11.0371
11.7691
12.6726
13.7618
15.0504
16.5513
18.2762
20.2354
22.4373
24.8876
27.59
30.5456
33.7536
37.2111
40.914
44.8569
49.034
53.4393
58.0677
62.9147
67.9775
73.255
78.7486
84.4618
90.4009
96.5744
102.993
109.67
116.62
123.861
131.411
139.291
147.52
156.121
165.112
174.513
184.343
194.617
205.348
216.549
228.224
240.377
253.005
266.099
279.648
293.631
308.023
322.793
337.901
353.303
368.947
384.776
400.729
416.738
432.731
448.634
464.37
479.864
495.036
509.811
524.112
537.864
550.995
563.437
575.113
585.986
596.017
605.183
613.464
620.844
627.304
632.81
637.362
640.937
643.582
645.341
646.293
646.449
645.815
644.444
642.385
639.69
636.428
632.672
628.505
624.013
619.294
614.478
609.673
604.966
600.435
596.171
592.286
588.871
586.02
583.732
582.039
580.901
580.199
579.77
579.45
579.024
578.166
576.547
573.795
569.636
563.836
556.225
546.705
535.249
521.924
506.865
490.269
472.366
453.414
433.684
413.446
392.955
372.443
352.109
332.126
312.611
293.675
275.406
257.884
241.175
225.327
210.366
196.305
183.145
170.871
159.458
148.87
139.071
130.018
121.669
113.982
106.916
100.433
94.4983
89.0829
84.1611
79.6856
75.6269
71.9659
68.6965
65.8249
63.3757
61.3931
59.9437
59.1255
59.0123
59.757
61.0937
62.7814
0
3.67434
5.98314
7.9477
9.13193
9.86565
10.3012
10.5085
10.5462
10.4623
10.2924
10.0642
9.80089
9.52295
9.24914
8.99683
8.782
8.61933
8.52223
8.50307
8.57358
8.74532
9.03005
9.44012
9.98868
10.6898
11.5581
12.6091
13.8581
15.3202
17.0095
18.9392
21.1208
23.5637
26.2746
29.2579
32.5155
36.047
39.8503
43.9218
48.2566
52.8496
57.6958
62.7908
68.1317
73.717
79.5476
85.6267
91.9605
98.558
105.431
112.594
120.063
127.858
135.999
144.511
153.417
162.743
172.513
182.752
193.482
204.726
216.504
228.831
241.721
255.182
269.216
283.821
298.987
314.697
330.929
347.652
364.828
382.409
400.34
418.56
436.999
455.581
474.225
492.845
511.35
529.649
547.65
565.258
582.385
598.936
614.827
629.979
644.299
657.719
670.18
681.647
692.098
701.508
709.862
717.127
723.284
728.315
732.22
735.066
736.9
737.774
737.703
736.701
734.828
732.128
728.664
724.495
719.694
714.328
708.489
702.29
695.862
689.309
682.722
676.193
669.845
663.807
658.216
653.127
648.606
644.686
641.34
638.435
635.847
633.358
630.719
627.609
623.743
618.813
612.578
604.796
595.308
583.982
570.815
555.856
539.241
521.149
501.808
481.465
460.39
438.845
417.089
395.349
373.825
352.694
332.067
312.077
292.811
274.346
256.747
240.058
224.304
209.497
195.636
182.7
170.663
159.488
149.137
139.567
130.735
122.596
115.108
108.23
101.927
96.169
90.9272
86.1582
81.8332
77.9337
74.4522
71.3939
68.7793
66.6461
65.0474
64.0567
63.7087
64.1083
64.9134
66.0056
0
3.39944
5.32283
6.99392
7.97856
8.55873
8.87333
8.99259
8.97653
8.87322
8.718
8.53667
8.34905
8.17123
8.01699
7.89857
7.82726
7.81361
7.8677
7.99945
8.21893
8.53673
8.96437
9.5145
10.201
11.0391
12.045
13.2357
14.6285
16.2403
18.087
20.1837
22.5436
25.1775
28.0937
31.2979
34.7933
38.5809
42.6598
47.0277
51.6811
56.6163
61.8298
67.3191
73.0832
79.1227
85.4409
92.0437
98.9398
106.142
113.664
121.525
129.745
138.347
147.357
156.801
166.709
177.109
188.03
199.499
211.545
224.192
237.462
251.375
265.945
281.183
297.092
313.669
330.902
348.771
367.249
386.299
405.874
425.919
446.368
467.148
488.176
509.361
530.608
551.814
572.874
593.679
614.121
634.094
653.489
672.203
690.139
707.201
723.292
738.334
752.261
765.045
776.661
787.084
796.296
804.263
810.976
816.414
820.61
823.613
825.489
826.267
825.973
824.63
822.301
819.029
814.877
809.901
804.173
797.765
790.767
783.305
775.488
767.412
759.164
750.849
742.618
734.613
726.981
719.796
713.155
707.041
701.41
696.183
691.189
686.236
681.06
675.427
669.086
661.792
653.315
643.438
631.988
618.861
604.011
587.466
569.343
549.813
529.09
507.422
485.07
462.298
439.356
416.476
393.855
371.678
350.035
329.077
308.896
289.573
271.164
253.714
237.242
221.771
207.285
193.757
181.159
169.457
158.61
148.575
139.308
130.761
122.889
115.652
109.012
102.939
97.3992
92.3536
87.7757
83.6472
79.9596
76.7158
73.9315
71.6368
69.871
68.6853
68.0832
68.136
68.452
69.0428
0
3.00804
4.47521
5.78454
6.52247
6.9186
7.09737
7.13075
7.08008
6.9931
6.90344
6.83322
6.79655
6.80236
6.85648
6.96311
7.12591
7.3487
7.636
7.99345
8.42815
8.94898
9.56682
10.2946
11.1472
12.1412
13.2949
14.6275
16.1587
17.9077
19.8934
22.1338
24.6435
27.4362
30.522
33.9091
37.603
41.6067
45.9217
50.5475
55.4829
60.7268
66.2778
72.1361
78.303
84.7817
91.5782
98.7009
106.161
113.974
122.159
130.733
139.726
149.161
159.067
169.476
180.42
191.929
204.037
216.773
230.168
244.249
259.041
274.565
290.836
307.866
325.658
344.206
363.495
383.502
404.194
425.53
447.456
469.906
492.805
516.066
539.594
563.283
587.023
610.694
634.177
657.347
680.083
702.259
723.756
744.459
764.255
783.038
800.712
817.181
832.389
846.301
858.892
870.147
880.041
888.559
895.683
901.425
905.793
908.875
910.711
911.349
910.813
909.148
906.394
902.61
897.847
892.165
885.63
878.327
870.349
861.808
852.795
843.389
833.673
823.772
813.834
804.023
794.454
785.222
776.364
767.895
759.783
751.889
744.158
736.444
728.589
720.478
711.841
702.446
691.985
680.225
666.977
652.038
635.439
617.234
597.529
576.496
554.344
531.322
507.685
483.693
459.591
435.611
411.947
388.805
366.227
344.413
323.434
303.363
284.252
266.138
249.041
232.976
217.939
203.889
190.798
178.631
167.346
156.905
147.257
138.348
130.134
122.573
115.631
109.274
103.462
98.1624
93.3492
89.005
85.1199
81.6945
78.7394
76.2761
74.331
72.9361
72.0714
71.7876
71.662
71.8341
0
2.56791
3.56886
4.4992
4.97261
5.17103
5.20756
5.15812
5.08662
5.04091
5.05237
5.13843
5.3062
5.55605
5.88434
6.28564
6.75435
7.28596
7.87787
8.52999
9.24516
10.0295
10.8923
11.8464
12.9074
14.0934
15.4255
16.9248
18.6145
20.5173
22.6551
25.0503
27.72
30.6812
33.9473
37.5293
41.4357
45.6728
50.245
55.1553
60.4056
65.9973
71.9318
78.2111
84.84
91.8241
99.172
106.895
115.006
123.524
132.469
141.864
151.738
162.117
173.033
184.517
196.603
209.322
222.711
236.801
251.624
267.207
283.577
300.754
318.755
337.59
357.26
377.758
399.065
421.157
443.996
467.534
491.709
516.447
541.662
567.255
593.117
619.131
645.168
671.098
696.784
722.089
746.875
771.006
794.352
816.778
838.171
858.413
877.403
895.041
911.269
926.056
939.376
951.225
961.583
970.454
977.821
983.715
988.104
991.153
992.85
993.278
992.463
990.455
987.281
983.006
977.672
971.333
964.047
955.882
946.937
937.307
927.07
916.297
905.074
893.553
881.902
870.263
858.728
847.323
836.06
825.041
814.27
803.844
793.596
783.513
773.487
763.105
752.172
740.435
727.745
713.862
698.612
681.779
663.484
643.678
622.468
600.017
576.538
552.271
527.47
502.385
477.258
452.313
427.743
403.762
380.38
357.817
336.143
315.427
295.716
277.039
259.407
242.876
227.398
212.921
199.423
186.868
175.214
164.419
154.439
145.216
136.704
128.864
121.659
115.051
109.002
103.476
98.4508
93.9088
89.8392
86.2404
83.1173
80.4837
78.3538
76.7447
75.6188
75.0168
74.4979
74.3232
0
2.134
2.706
3.28079
3.49918
3.50551
3.40721
3.28677
3.21184
3.23077
3.37231
3.64885
4.06018
4.59787
5.24872
5.99753
6.82931
7.73087
8.6919
9.70588
10.7706
11.8885
13.0671
14.318
15.6577
17.1061
18.6869
20.4239
22.3434
24.471
26.8323
29.4519
32.353
35.5572
39.0825
42.9447
47.1564
51.7283
56.669
61.9855
67.6836
73.7683
80.2444
87.1173
94.3927
102.079
110.186
118.726
127.713
137.166
147.105
157.554
168.537
180.085
192.225
204.992
218.417
232.533
247.376
262.975
279.359
296.556
314.588
333.48
353.246
373.897
395.435
417.848
441.118
465.212
490.089
515.693
541.957
568.795
596.114
623.799
651.732
679.78
707.803
735.657
763.194
790.262
816.712
842.4
867.185
890.925
913.484
934.762
954.634
973.019
989.86
1005.11
1018.77
1030.83
1041.3
1050.18
1057.49
1063.24
1067.39
1070.14
1071.49
1071.5
1070.26
1067.75
1064.02
1059.13
1053.11
1046
1037.86
1028.77
1018.82
1008.08
996.628
984.514
971.835
958.725
945.275
931.649
917.954
904.287
890.811
877.5
864.619
851.901
839.395
826.851
814.203
801.334
787.961
774.094
759.368
743.538
726.425
707.88
687.894
666.501
643.814
619.996
595.26
569.84
543.982
517.924
491.902
466.133
440.801
416.085
392.087
368.941
346.732
325.522
305.352
286.248
268.213
251.282
235.446
220.631
206.814
193.954
182.007
170.947
160.718
151.242
142.491
134.422
126.992
120.169
113.915
108.195
102.985
98.2675
94.031
90.2722
86.9891
84.1891
81.8765
80.0551
78.6788
77.7821
76.9167
76.4577
0
1.74586
1.94386
2.21013
2.19952
2.03405
1.82325
1.65842
1.61156
1.73097
2.04199
2.55141
3.25179
4.12666
5.15437
6.31131
7.57434
8.92264
10.3389
11.8105
13.3304
14.8979
16.5185
18.2016
19.9633
21.8244
23.81
25.9473
28.2673
30.8005
33.5783
36.6305
39.9855
43.6694
47.7059
52.1158
56.9176
62.1271
67.7581
73.822
80.3288
87.2868
94.7039
102.587
110.945
119.784
129.113
138.944
149.288
160.162
171.583
183.572
196.151
209.344
223.178
237.679
252.874
268.791
285.455
302.896
321.138
340.205
360.121
380.903
402.57
425.125
448.571
472.894
498.071
524.067
550.834
578.315
606.43
635.092
664.187
693.6
723.188
752.816
782.335
811.588
840.415
868.656
896.157
922.768
948.329
972.696
995.74
1017.33
1037.39
1055.82
1072.56
1087.59
1100.89
1112.47
1122.37
1130.61
1137.22
1142.19
1145.5
1147.39
1147.83
1146.93
1144.75
1141.25
1136.51
1130.54
1123.39
1115.11
1105.74
1095.36
1084.04
1071.82
1058.74
1044.87
1030.34
1015.33
1000.02
984.492
968.853
953.403
937.973
922.774
907.641
892.672
877.898
863.128
848.534
833.777
818.638
802.919
786.385
768.814
750.038
729.935
708.493
685.745
661.799
636.824
611.027
584.64
557.896
531.026
504.256
477.797
451.829
426.522
401.986
378.348
355.686
334.061
313.509
294.054
275.703
258.467
242.325
227.237
213.159
200.048
187.857
176.553
166.098
156.416
147.465
139.204
131.592
124.598
118.179
112.293
106.922
102.049
97.6591
93.749
90.3132
87.3518
84.8593
82.8334
81.2201
80.0534
78.8827
78.198
0
1.43521
1.36888
1.40655
1.2274
0.946507
0.681422
0.532219
0.572965
0.849282
1.3816
2.17074
3.20369
4.45854
5.90873
7.52596
9.28244
11.1528
13.1155
15.1543
17.259
19.4261
21.6588
23.9666
26.366
28.8798
31.5355
34.365
37.4023
40.6824
44.2403
48.1114
52.328
56.9248
61.9302
67.371
73.2708
79.6502
86.527
93.9149
101.827
110.272
119.258
128.792
138.878
149.524
160.731
172.504
184.849
197.771
211.283
225.392
240.116
255.469
271.467
288.126
305.464
323.499
342.252
361.743
381.988
403.01
424.817
447.434
470.866
495.128
520.218
546.122
572.816
600.267
628.426
657.233
686.608
716.453
746.652
777.07
807.57
838.004
868.221
898.058
927.348
955.927
983.638
1010.32
1035.83
1060.01
1082.71
1103.84
1123.31
1141.03
1156.95
1171.03
1183.25
1193.66
1202.32
1209.29
1214.59
1218.18
1220.08
1220.62
1219.64
1217.38
1213.79
1208.85
1202.62
1195.12
1186.37
1176.42
1165.33
1153.16
1139.98
1125.87
1110.86
1095.01
1078.47
1061.51
1044.18
1026.68
1009.1
991.412
973.745
956.294
938.963
922.062
905.414
888.903
872.43
855.852
838.966
821.602
803.51
784.489
764.373
743.064
720.533
696.817
672.018
646.302
619.87
592.941
565.732
538.46
511.335
484.562
458.316
432.755
408.004
384.175
361.342
339.559
318.863
299.276
280.803
263.442
247.172
231.957
217.756
204.524
192.226
180.811
170.232
160.431
151.364
142.987
135.256
128.138
121.598
115.595
110.106
105.114
100.605
96.5738
93.0056
89.898
87.2428
85.0292
83.1999
81.7927
80.354
79.5036
0
1.21184
1.00664
0.918487
0.654709
0.341248
0.106731
0.0554927
0.258492
0.755429
1.56158
2.67464
4.07985
5.75468
7.67286
9.80765
12.1332
14.6256
17.2632
20.0302
22.9176
25.9236
29.0523
32.3156
35.7279
39.316
43.1106
47.147
51.4626
56.0949
61.0816
66.4603
72.266
78.5359
85.2999
92.588
100.427
108.835
117.832
127.432
137.641
148.465
159.903
171.955
184.617
197.885
211.75
226.206
241.242
256.853
273.03
289.777
307.093
324.981
343.44
362.472
382.082
402.279
423.072
444.472
466.487
489.129
512.414
536.351
560.954
586.241
612.213
638.867
666.185
694.14
722.694
751.79
781.354
811.287
841.474
871.775
902.054
932.17
961.973
991.3
1019.98
1047.85
1074.75
1100.55
1125.07
1148.18
1169.75
1189.67
1207.85
1224.22
1238.69
1251.25
1261.86
1270.6
1277.54
1282.81
1286.4
1288.23
1288.46
1287.28
1284.7
1280.78
1275.48
1268.81
1260.8
1251.47
1240.85
1228.98
1215.92
1201.74
1186.46
1170.17
1152.86
1134.75
1116.01
1096.82
1077.18
1057.24
1037.17
1016.99
997.023
977.286
957.788
938.6
919.711
901.026
882.492
863.97
845.307
826.299
806.728
786.399
765.172
742.955
719.725
695.501
670.372
644.484
618.02
591.174
564.136
537.09
510.23
483.745
457.803
432.551
408.112
384.586
362.044
340.534
320.091
300.736
282.473
265.291
249.172
234.092
220.005
206.866
194.638
183.274
172.727
162.946
153.887
145.507
137.763
130.618
124.037
117.985
112.439
107.38
102.791
98.6688
94.9984
91.7726
88.9777
86.5999
84.5807
82.9652
81.2959
80.3295
0
1.05972
0.830472
0.706195
0.437338
0.173879
0.0559662
0.186638
0.630523
1.42214
2.57625
4.09424
5.96727
8.18043
10.7191
13.566
16.7051
20.1199
23.7916
27.7141
31.8851
36.3086
40.9922
45.9475
51.1916
56.749
62.6508
68.9298
75.6197
82.7534
90.3639
98.4831
107.144
116.372
126.196
136.64
147.716
159.44
171.816
184.85
198.535
212.863
227.82
243.393
259.561
276.305
293.601
311.424
329.745
348.538
367.783
387.464
407.569
428.084
448.994
470.288
491.955
513.991
536.399
559.178
582.332
605.867
629.8
654.14
678.918
704.155
729.864
756.069
782.761
809.928
837.545
865.572
893.943
922.571
951.337
980.122
1008.79
1037.22
1065.28
1092.8
1119.61
1145.56
1170.5
1194.29
1216.78
1237.83
1257.33
1275.17
1291.26
1305.51
1317.86
1328.23
1336.62
1343.09
1347.76
1350.79
1352.17
1351.78
1349.88
1346.68
1342.04
1336.06
1328.66
1319.86
1309.67
1298.09
1285.17
1270.93
1255.45
1238.79
1221.02
1202.23
1182.46
1161.79
1140.44
1118.6
1096.29
1073.82
1051.24
1028.64
1006.18
983.975
962.102
940.644
919.603
898.916
878.528
858.318
838.156
817.832
797.15
775.928
754.041
731.41
708.005
683.827
658.933
633.443
607.517
581.318
554.997
528.704
502.609
476.89
451.704
427.191
403.462
380.611
358.704
337.791
317.899
299.058
281.263
264.505
248.764
234.013
220.214
207.331
195.326
184.153
173.764
164.114
155.162
146.866
139.186
132.083
125.525
119.482
113.925
108.841
104.214
100.034
96.2891
92.9675
90.0544
87.5347
85.3505
83.5562
81.69
80.6399
0
0.972509
0.850567
0.765048
0.552786
0.406778
0.479108
0.872669
1.65201
2.85995
4.53216
6.69637
9.36765
12.5526
16.2584
20.4969
25.2761
30.5923
36.4371
42.8077
49.7043
57.1252
65.0677
73.5287
82.5081
92.0129
102.05
112.628
123.756
135.449
147.716
160.567
174.012
188.053
202.706
217.968
233.837
250.307
267.37
285.011
303.211
321.943
341.18
360.89
381.044
401.607
422.542
443.805
465.354
487.146
509.155
531.351
553.721
576.234
598.862
621.584
644.387
667.257
690.189
713.189
736.262
759.423
782.677
806.052
829.572
853.288
877.235
901.455
925.955
950.736
975.795
1001.11
1026.64
1052.3
1078
1103.62
1129.07
1154.24
1179.02
1203.27
1226.8
1249.48
1271.16
1291.72
1311.03
1328.96
1345.36
1360.16
1373.27
1384.59
1394.05
1401.55
1407.05
1410.64
1412.44
1412.69
1411.29
1408.09
1403.81
1398.09
1390.97
1382.47
1372.53
1361.14
1348.31
1334.05
1318.41
1301.45
1283.26
1263.89
1243.3
1221.62
1198.96
1175.42
1151.33
1126.77
1101.82
1076.65
1051.4
1026.22
1001.27
976.721
952.657
929.157
906.222
883.824
861.915
840.402
819.134
797.927
776.586
754.955
732.911
710.385
687.33
663.724
639.578
614.988
590.083
565
539.842
514.72
489.781
465.197
441.115
417.67
394.962
373.074
352.073
332.005
312.898
294.77
277.627
261.465
246.267
232.003
218.639
206.144
194.481
183.605
173.472
164.041
155.275
147.135
139.584
132.58
126.095
120.102
114.578
109.506
104.87
100.66
96.8627
93.4667
90.4561
87.8162
85.4911
83.5457
81.516
80.4042
0
0.996942
1.13952
1.12161
0.982273
0.988793
1.32557
2.12993
3.51627
5.59381
8.48524
12.3062
17.1384
23.0277
30.0223
38.1538
47.4336
57.8283
69.2861
81.7623
95.1921
109.496
124.587
140.393
156.854
173.917
191.53
209.63
228.175
247.131
266.478
286.165
306.213
326.623
347.366
368.418
389.769
411.403
433.316
455.488
477.9
500.523
523.334
546.303
569.401
592.597
615.86
639.149
662.416
685.616
708.718
731.708
754.559
777.252
799.762
822.068
844.161
866.033
887.682
909.117
930.357
951.416
972.302
993.024
1013.63
1034.15
1054.65
1075.2
1095.83
1116.54
1137.35
1158.26
1179.24
1200.23
1221.15
1241.93
1262.49
1282.77
1302.71
1322.16
1340.96
1358.96
1376.04
1392.13
1407.08
1420.77
1433.06
1443.83
1453.04
1460.62
1466.45
1470.4
1472.37
1472.5
1470.81
1467.64
1462.96
1456.69
1449.48
1440.81
1430.76
1419.31
1406.41
1392.03
1376.2
1358.95
1340.31
1320.33
1299.07
1276.58
1252.9
1228.19
1202.55
1176.15
1149.17
1121.75
1094.01
1066.14
1038.31
1010.69
983.439
956.769
930.779
905.544
881.067
857.337
834.319
811.929
790.002
768.368
746.85
725.295
703.59
681.662
659.456
636.907
613.967
590.706
567.229
543.639
519.996
496.369
472.885
449.714
426.997
404.851
383.372
362.642
342.728
323.678
305.519
288.261
271.919
256.492
241.967
228.311
215.492
203.482
192.251
181.755
171.954
162.808
154.287
146.359
138.985
132.13
125.763
119.862
114.404
109.373
104.755
100.538
96.711
93.2612
90.1734
87.4344
84.9913
82.9194
80.7569
79.5977
0
1.32269
1.83563
1.75034
1.57354
1.7963
2.80284
4.96529
8.64623
14.1868
21.9362
32.1699
44.9773
60.3103
78.0856
98.1212
120.192
143.981
169.221
195.675
223.069
251.126
279.548
308.129
336.726
365.267
393.574
421.463
448.87
475.804
502.29
528.369
554.013
579.232
604.048
628.49
652.604
676.445
700.05
723.442
746.635
769.638
792.454
815.094
837.546
859.804
881.857
903.675
925.207
946.431
967.343
987.942
1008.22
1028.17
1047.78
1067.03
1085.9
1104.42
1122.58
1140.39
1157.89
1175.09
1191.94
1208.4
1224.49
1240.36
1256.01
1271.52
1286.93
1302.25
1317.47
1332.62
1347.69
1362.62
1377.37
1391.91
1406.19
1420.23
1433.97
1447.32
1460.09
1472.17
1483.45
1493.89
1503.38
1511.81
1519
1524.84
1529.31
1532.36
1533.9
1533.68
1531.5
1527.54
1521.85
1514.81
1506.32
1496.57
1486.01
1473.96
1460.58
1445.81
1429.6
1411.93
1392.79
1372.22
1350.27
1327
1302.5
1276.79
1249.94
1222.09
1193.38
1164.02
1134.16
1103.95
1073.54
1043.15
1012.95
983.128
953.867
925.402
897.837
871.258
845.703
821.15
797.639
775.006
753.05
731.579
710.432
689.453
668.537
647.616
626.61
605.4
583.925
562.236
540.416
518.544
496.624
474.69
452.844
431.262
410.076
389.389
369.29
349.858
331.164
313.257
296.165
279.889
264.449
249.853
236.092
223.128
210.931
199.478
188.744
178.687
169.271
160.466
152.244
144.574
137.421
130.752
124.54
118.762
113.4
108.438
103.863
99.6634
95.8275
92.3444
89.1993
86.3818
83.843
81.6671
79.4007
78.2014
0
2.5856
3.01572
2.05622
2.07054
4.54676
10.8472
22.0595
38.9437
61.8812
90.9646
125.751
165.494
209.298
256.315
305.57
356.051
406.723
456.988
506.541
554.652
600.946
644.846
686.224
725.171
761.57
795.588
827.446
857.311
885.182
911.312
935.832
958.935
980.745
1001.42
1021.14
1040.09
1058.42
1076.26
1093.68
1110.73
1127.46
1143.89
1160.08
1176.03
1191.77
1207.33
1222.68
1237.78
1252.64
1267.26
1281.69
1295.92
1309.95
1323.76
1337.32
1350.62
1363.64
1376.39
1388.84
1401.03
1412.93
1424.52
1435.81
1446.68
1457.15
1467.3
1477.21
1486.9
1496.32
1505.47
1514.36
1522.96
1531.25
1539.22
1546.87
1554.2
1561.26
1568.06
1574.5
1580.44
1585.74
1590.38
1594.33
1597.53
1599.91
1601.25
1601.33
1600.32
1598.16
1594.73
1589.76
1583.05
1574.56
1564.41
1552.98
1540.23
1526.69
1512.38
1496.63
1479.59
1461.18
1441.34
1420.07
1397.36
1373.29
1347.91
1321.26
1293.39
1264.38
1234.31
1203.34
1171.66
1139.45
1106.88
1074.08
1041.22
1008.58
976.329
944.686
913.885
884.28
855.9
828.797
803.003
778.455
755.103
732.726
711.168
690.239
669.783
649.657
629.763
610.055
590.431
570.729
550.855
530.868
510.818
490.782
470.689
450.559
430.452
410.558
390.994
371.851
353.212
335.154
317.754
301.064
285.115
269.891
255.423
241.721
228.785
216.573
205.061
194.223
184.038
174.469
165.484
157.06
149.175
141.801
134.904
128.456
122.43
116.807
111.569
106.702
102.194
98.0332
94.2102
90.7139
87.5313
84.6553
82.0418
79.7828
77.4384
76.2025
0
5.71632
2.40983
4.73877
19.2942
49.1972
95.2112
157.03
233.229
321.771
420.074
522.416
625.137
725.636
822.981
914.068
997.691
1072.38
1139.37
1198.29
1249.55
1294.46
1333.65
1367.57
1396.51
1420.87
1441.15
1457.89
1471.65
1482.59
1491.74
1499.01
1505.08
1509.98
1513.96
1517.32
1520.35
1523.3
1526.26
1529.27
1532.38
1535.61
1539.01
1542.63
1546.48
1550.56
1554.91
1559.52
1564.33
1569.32
1574.52
1579.91
1585.44
1591.13
1596.91
1602.72
1608.58
1614.5
1620.58
1626.84
1633.18
1639.52
1645.74
1651.72
1657.39
1662.72
1667.74
1672.55
1677.12
1681.3
1685.03
1688.32
1691.1
1693.33
1695.08
1696.35
1697.15
1697.52
1697.55
1697.15
1696.19
1694.59
1692.35
1689.52
1686.06
1681.86
1676.77
1670.74
1663.81
1655.95
1647.08
1636.95
1625.29
1611.93
1596.95
1580.83
1563.4
1545.91
1527.54
1507.79
1486.81
1464.49
1440.82
1415.79
1389.4
1361.73
1332.83
1302.75
1271.53
1239.29
1206.14
1172.23
1137.77
1102.96
1067.94
1032.88
998.015
963.783
930.27
897.717
866.38
836.484
808.016
781.095
755.707
731.744
709.06
687.311
666.418
646.238
626.636
607.492
588.722
570.313
552.14
533.989
515.752
497.502
479.25
461.088
442.845
424.568
406.24
388.073
370.166
352.598
335.451
318.805
302.743
287.315
272.563
258.436
244.993
232.229
220.164
208.748
197.967
187.785
178.189
169.141
160.623
152.614
145.101
138.056
131.448
125.251
119.442
114.003
108.916
104.169
99.7502
95.6511
91.8617
88.3722
85.1717
82.2569
79.589
77.266
74.867
73.595
0
4.07527
48.9461
143.082
284.857
483.227
715.763
964.458
1207.72
1437.29
1644.37
1812.01
1944.85
2050.68
2131.15
2192.39
2238.03
2271.64
2295.48
2309.5
2313.16
2311.52
2304.05
2292.05
2276.48
2258.1
2237.58
2215.54
2192.56
2168.9
2145.09
2121.32
2097.98
2075.37
2053.3
2032.21
2012.25
1993.51
1975.96
1959.48
1944.04
1929.65
1916.3
1904.02
1892.75
1882.44
1873.14
1864.83
1857.41
1850.83
1845.12
1840.31
1836.33
1833.07
1830.44
1828.38
1826.89
1826
1825.64
1825.81
1826.51
1827.64
1829.01
1830.48
1831.89
1833.16
1834.27
1835.34
1836.26
1836.76
1836.73
1836.17
1834.92
1832.9
1830.22
1826.86
1822.8
1818
1812.59
1806.47
1799.58
1791.84
1783.34
1774.17
1764.31
1753.69
1742.25
1729.96
1716.92
1703.15
1688.59
1673.08
1656.29
1637.93
1617.97
1596.91
1574.76
1552.99
1530.31
1506.39
1481.3
1454.95
1427.33
1398.46
1368.35
1337.09
1304.74
1271.32
1236.92
1201.67
1165.67
1129.15
1092.3
1055.45
1018.7
982.238
946.35
911.384
877.443
844.838
813.785
784.435
756.484
730.231
705.622
682.516
660.685
639.88
619.913
600.653
582.03
563.941
546.333
529.24
512.516
495.896
479.277
462.755
446.277
429.978
413.545
397.139
380.584
364.139
347.877
331.875
316.22
301
286.305
272.165
258.65
245.647
233.264
221.465
210.306
199.715
189.707
180.213
171.238
162.74
154.72
147.156
140.046
133.36
127.07
121.154
115.591
110.362
105.451
100.848
96.5419
92.5256
88.7906
85.3278
82.1286
79.1941
76.4914
74.1218
71.6903
70.379
0
524.599
1236.13
2035.66
2769.67
3427.27
3854.08
4129.99
4271.75
4305.74
4303.34
4242.01
4167.85
4088.42
4001.73
3910.83
3818.48
3725.98
3634.72
3544.76
3455.54
3368.24
3283.38
3201.35
3122.38
3046.61
2973.96
2904.55
2838.29
2775.02
2714.67
2656.95
2602.65
2551.74
2503.13
2457.57
2414.87
2374.93
2337.4
2302.02
2268.75
2237.54
2208.39
2181.25
2155.97
2132.43
2110.68
2090.75
2072.51
2055.85
2040.75
2026.99
2014.49
2003.25
1993.19
1984.24
1976.45
1969.86
1964.3
1959.78
1956.25
1953.59
1951.54
1950.02
1948.82
1947.83
1946.92
1946.29
1945.34
1944.14
1942.38
1940.12
1937.15
1933.32
1928.87
1923.64
1917.44
1910.06
1901.61
1891.93
1881.08
1868.97
1855.76
1841.57
1826.39
1810.2
1793.04
1775
1756.21
1736.73
1716.57
1695.69
1673.81
1650.5
1625.63
1599.69
1572.81
1546.7
1519.65
1491.51
1462.28
1431.93
1400.42
1367.79
1334.12
1299.47
1263.9
1227.47
1190.28
1152.59
1114.44
1076.08
1037.76
999.711
962.091
925.154
889.181
854.48
820.861
788.801
758.486
729.973
703.133
678.007
654.514
632.449
611.589
591.686
572.57
554.15
536.425
519.313
502.789
486.943
471.595
456.44
441.404
426.587
411.837
397.373
382.699
368.172
353.372
338.639
323.998
309.549
295.385
281.618
268.33
255.521
243.281
231.452
220.164
209.365
199.157
189.422
180.236
171.463
163.145
155.228
147.744
140.658
133.984
127.69
121.751
116.148
110.861
105.871
101.165
96.7319
92.5625
88.6526
84.9948
81.5806
78.4038
75.4702
72.7534
70.3543
67.9135
66.5577
0
11797.7
13460.4
13281.9
12278.3
11185.2
9968.23
9080.56
8296.63
7652.18
7114.28
6640.58
6234.28
5881.5
5570.81
5293.53
5045.43
4819.89
4614.54
4426.27
4252.78
4092.61
3944.41
3806.97
3679.2
3560.33
3449.2
3345.53
3248.33
3157.29
3071.66
2990.38
2915.11
2845.26
2777.76
2716.34
2658.27
2603.34
2551.47
2502.44
2456.34
2413.09
2372.65
2334.92
2299.62
2266.58
2235.9
2207.74
2181.92
2158.23
2136.5
2116.45
2098.05
2081.3
2066.19
2052.72
2040.84
2030.7
2021.87
2014.53
2008.28
2003.24
1999.1
1996.19
1993.93
1992.49
1991.37
1990.77
1989.64
1988.97
1987.7
1986.09
1983.98
1981.09
1977.81
1973.4
1967.95
1960.78
1952.08
1941.45
1929.38
1915.57
1900.1
1883.06
1864.44
1844.32
1822.87
1800.28
1776.72
1752.35
1727.33
1701.75
1675.4
1647.79
1618.62
1588.36
1557.09
1526.88
1495.78
1463.74
1430.75
1396.79
1361.85
1326.02
1289.39
1252.02
1213.99
1175.4
1136.38
1097.15
1057.8
1018.63
979.865
941.726
904.204
867.562
832.122
798.099
765.511
734.549
705.328
677.832
651.963
627.69
604.934
583.474
563.12
543.669
524.969
507.007
489.826
473.354
457.613
442.727
428.5
414.601
401.001
387.745
374.569
361.819
348.749
336.233
323.173
310.165
297.166
284.324
271.724
259.516
247.735
236.311
225.511
214.925
204.922
195.23
186.079
177.297
169.025
161.047
153.473
146.203
139.334
132.79
126.617
120.773
115.243
110.007
105.047
100.344
95.8859
91.6627
87.6676
83.8999
80.3539
77.0209
73.8973
70.9938
68.2911
65.8861
63.4656
62.0648
7257.28
9684.19
10726.8
11024.5
10692
10288.5
9597.93
9052.51
8392.2
7734.04
7186.54
6717.62
6323.57
5966.07
5647.36
5362.42
5109.07
4878
4667.54
4474.79
4298.1
4135.26
3984.9
3845.43
3715.63
3594.83
3481.39
3375.87
3276.04
3183.62
3093.97
3009.72
2934.59
2862.66
2794.39
2730.32
2669.45
2610.75
2555.12
2502.48
2453.11
2406.73
2363.35
2322.66
2284.46
2248.64
2215.34
2184.82
2156.89
2131.13
2107.16
2084.88
2064.41
2045.76
2029.02
2014.23
2000.96
1989.94
1979.87
1971.98
1964.55
1958.7
1954.04
1952
1950.39
1950.73
1951.48
1952.55
1952.74
1955.22
1956.55
1957.84
1959.13
1959.92
1961.07
1960.54
1959.38
1955.87
1950.46
1942.3
1932.42
1920.38
1906.04
1889.33
1870.22
1849
1825.93
1801.21
1775
1747.54
1719.14
1690.09
1660.35
1629.49
1597.03
1563.4
1528.34
1494.49
1459.8
1424.27
1387.93
1350.77
1312.84
1274.24
1235.1
1195.5
1155.55
1115.38
1075.16
1035.12
995.163
955.664
916.857
878.908
841.938
806.108
771.606
738.576
707.036
677.094
648.804
622.144
597.05
573.466
551.273
530.291
510.338
491.267
472.963
455.502
438.928
423.165
408.298
394.401
381.31
368.719
356.677
345.079
333.429
322.489
311.179
300.462
289.204
277.931
266.613
255.447
244.493
233.901
223.689
213.826
204.443
195.365
186.575
178.033
170.085
162.275
155.106
148.005
141.279
134.752
128.589
122.663
117.061
111.733
106.677
101.872
97.2988
92.9428
88.7901
84.8328
81.0646
77.4878
74.0988
70.8884
67.8557
65.0177
62.3621
59.9783
57.6121
56.1625
1501.54
1759.26
1984.39
2189.63
2389.32
2622.98
2825.51
3018.73
3200.8
3337.37
3438.14
3499.49
3541.12
3552.47
3556.09
3538.75
3515.77
3461.45
3404.83
3343.34
3280.26
3215.85
3151.52
3087.32
3023.74
2961.52
2899.55
2840.16
2780.56
2723.59
2669.02
2614.42
2562.43
2512.25
2464.56
2419.01
2374.11
2329.34
2286.37
2245.46
2206.84
2169.94
2135.22
2101.71
2070.34
2040.96
2013.28
1987.68
1964.22
1942.28
1921.08
1901.88
1884.49
1868.55
1854.41
1841.9
1829.97
1820.22
1811.17
1804.88
1798.91
1794.83
1792.4
1793.61
1795
1799.09
1803.99
1809
1813.05
1821.5
1828.16
1835.14
1842.68
1850
1858.21
1864.37
1870.35
1873.68
1875.02
1873.14
1869.93
1864.12
1855.16
1842.92
1827.28
1808.79
1787.77
1764.46
1738.78
1711.12
1681.95
1651.69
1620.59
1588.41
1554.58
1519.48
1482.01
1445.62
1408.34
1370.22
1331.35
1291.77
1251.59
1210.89
1169.87
1128.64
1087.34
1046.12
1005.14
964.612
924.619
885.348
846.964
809.612
773.394
738.429
704.838
672.732
642.145
613.117
585.655
559.729
535.302
512.32
490.658
470.17
450.708
432.133
414.41
397.714
382.015
367.254
353.544
340.807
329.022
318.023
307.771
298.075
288.431
279.148
269.57
261.127
251.628
242.164
232.445
223.019
213.787
205.153
196.561
188.209
180.216
172.627
165.172
157.958
151.138
144.531
138.325
132.124
126.439
120.721
115.435
110.233
105.269
100.515
96.0085
91.6995
87.571
83.6274
79.8456
76.2178
72.7378
69.4082
66.2281
63.1888
60.2933
57.5648
54.997
52.6706
50.3977
48.9014
148.452
159.121
181.223
216.835
260.421
308.638
359.369
413.545
473.217
536.25
604.734
675.519
750.446
826.354
903.602
980.951
1058.38
1133.33
1208.15
1278.07
1343.65
1403.01
1457.3
1505.32
1547.42
1584.56
1613.82
1641.96
1657.63
1680.84
1696.59
1704.91
1705.11
1702.7
1708.07
1706.3
1698.62
1680.57
1667.77
1655.93
1644.69
1632.98
1621.59
1608.91
1596.75
1585.28
1573.87
1563.34
1553.86
1544.4
1533.94
1524.77
1516.85
1509.15
1503.16
1498.68
1492.96
1495.59
1491.17
1496.51
1493
1495.24
1498.29
1513.33
1517.47
1533.24
1544.99
1552.37
1559.61
1580.58
1590.5
1603.72
1619.17
1634.45
1654.96
1667.95
1685.28
1696.94
1707.8
1713.07
1719.37
1722.82
1722.9
1719.26
1711.81
1701.02
1686.99
1669.99
1649.38
1625.82
1599.98
1572.2
1543.13
1512.85
1480.76
1447.42
1410.09
1373.11
1335.23
1296.38
1256.7
1216.3
1175.36
1134.07
1092.62
1051.15
1009.81
968.769
928.168
888.204
848.948
810.53
773.061
736.677
701.48
667.547
634.954
603.757
574.004
545.69
518.84
493.405
469.427
446.83
425.565
405.513
386.553
368.544
351.554
335.825
321.188
307.654
295.298
283.757
273.477
264.257
256.551
248.554
240.628
233.107
225.548
219.009
211.285
203.575
195.885
188.362
181.009
173.86
167.071
160.371
154.394
148.465
142.416
136.484
130.848
125.241
120.223
114.972
110.179
105.367
100.941
96.4735
92.3061
88.1723
84.2727
80.5039
76.8538
73.3747
70.0119
66.7576
63.6124
60.5706
57.638
54.8104
52.0923
49.5122
47.0683
44.835
42.6864
41.1589
26.0059
25.2246
26.3583
29.0483
32.5024
36.6
41.417
47.1294
53.871
61.6987
70.686
80.7233
91.9638
104.411
118.293
133.529
150.459
168.729
188.898
210.541
234.131
259.084
285.858
313.929
343.404
374.215
405.602
438.444
471.014
504.316
538.835
574.017
608.759
642.5
675.234
707.129
736.323
763.364
788.198
811.42
833.252
852.422
872.148
884.118
903.834
921.534
933.995
943.257
954.582
964.426
968.531
985.677
997.371
1006.74
1016.56
1022.25
1024.18
1028.13
1034.7
1043.83
1054.3
1066.29
1080.03
1096.16
1113.2
1132.05
1151.51
1171.81
1191.21
1214.51
1236.86
1260.37
1284.74
1309.86
1335.4
1361
1386.59
1409.9
1432.04
1451
1472.8
1489
1500.21
1508.24
1510.98
1510.78
1507.67
1501.26
1490.6
1475.97
1458.32
1437.47
1414.71
1390.43
1364.06
1336.49
1302.8
1268.16
1232.43
1195.4
1157.26
1118.24
1078.6
1038.59
998.411
958.241
918.254
878.606
839.453
800.952
763.202
726.283
690.28
655.291
621.415
588.71
557.252
527.059
498.203
470.687
444.592
419.876
396.667
374.87
354.491
335.455
317.599
300.797
285.218
271.089
258.091
246.335
235.863
225.686
217.219
210.989
205.442
199.171
193.349
187.781
181.767
177.12
171.374
165.433
159.572
153.846
148.25
142.816
137.589
132.507
128.191
123.947
119.173
114.423
110.204
105.902
101.718
97.4713
93.7685
89.8537
86.0522
82.4591
78.7311
75.2611
72.0505
68.8203
65.664
62.6612
59.7325
56.8633
54.0804
51.3443
48.6761
46.0861
43.573
41.1681
38.8729
36.7599
34.7575
33.2191
3.8181
3.39517
3.17745
3.23006
3.46399
3.84104
4.33176
4.92565
5.60985
6.38777
7.26179
8.23766
9.33975
10.5999
12.0481
13.7055
15.6026
17.7768
20.2656
23.091
26.2863
29.8707
33.8796
38.3294
43.2452
48.6622
54.577
61.0639
68.1043
75.7568
84.0696
93.1044
102.877
113.424
124.713
136.835
149.544
162.951
176.881
191.396
206.556
222.048
238.087
254.445
272.011
290.154
308.423
326.397
344.891
363.282
381.215
399.108
417.375
435.045
453.229
471.207
488.347
505.307
522.635
540.761
559.499
579.112
599.681
621.699
644.54
668.86
693.814
720.118
746.684
775.201
804.214
834.566
865.823
898.143
930.991
964.382
998.416
1031.58
1064.15
1095.24
1125.34
1153.45
1178.76
1200.18
1219.33
1234.4
1244.75
1253.18
1254.18
1251.99
1246.48
1236.85
1224.8
1210.7
1194.1
1176.54
1150.61
1121.86
1091.6
1059.41
1025.67
990.717
954.889
918.472
881.695
844.752
807.844
771.132
734.776
698.907
663.637
629.04
595.197
562.195
530.141
499.106
469.21
440.5
413.085
387.013
362.432
339.314
317.813
297.797
279.308
262.26
246.412
231.698
218.339
206.482
195.644
186.302
177.895
169.219
163.826
159.989
156.352
151.967
148.098
144.408
140.19
136.884
133.161
129.094
124.956
120.866
116.855
112.958
109.19
105.578
102.339
99.9961
96.675
93.1503
89.8509
86.6267
83.4492
80.4615
77.5555
74.4829
71.5566
68.5501
65.56
62.4687
59.7812
57.0642
54.3296
51.8534
49.3451
46.8555
44.443
42.0232
39.6238
37.2942
35.0095
32.8019
30.6766
28.7109
26.8752
25.357
0.586541
0.470101
0.331931
0.245603
0.213513
0.221771
0.260092
0.323031
0.404773
0.500473
0.607594
0.72502
0.852695
0.991908
1.14283
1.30632
1.48254
1.67603
1.89051
2.13177
2.40431
2.71447
3.06773
3.47124
3.93124
4.45668
5.05576
5.73846
6.51541
7.39512
8.38751
9.51261
10.7869
12.2224
13.8187
15.5931
17.555
19.7337
22.1254
24.7365
27.5887
30.6783
34.0507
37.6989
41.7171
46.1146
50.9187
56.1102
61.7634
67.8961
74.5049
81.684
89.4651
97.8222
106.807
116.616
127.356
138.936
151.141
164.119
178.023
192.963
208.995
226.268
244.74
264.398
285.074
307.307
331
356.332
383.174
411.744
441.848
473.496
506.404
540.593
576.059
612.328
649.251
686.343
723.311
759.413
794.162
826.693
857.058
884.617
908.649
929.044
947.915
959.417
968.527
971.263
972.382
970.996
967.04
962.455
948.178
928.855
907.183
882.922
856.603
828.642
799.413
769.195
738.217
706.693
674.832
642.821
610.824
578.971
547.388
516.191
485.493
455.43
426.164
397.823
370.603
344.591
319.96
296.767
275.182
255.12
236.749
219.827
204.438
190.418
177.488
165.706
155.236
146.082
137.821
130.691
124.773
118.036
115.094
113.592
111.029
108.645
105.945
103.821
101.75
100.201
98.3116
95.9312
93.3336
90.6954
88.0795
85.5385
83.059
80.6623
78.6886
77.4029
75.3731
73.0223
70.7532
68.5037
66.2965
63.9733
62.1061
59.731
57.6252
55.2367
52.5878
50.313
47.9987
45.6322
43.4564
41.3477
39.2487
37.102
35.08
32.9183
30.791
28.743
26.7072
24.7179
22.7834
20.9957
19.3511
17.8949
0.254256
0.267304
0.230935
0.175516
0.123139
0.0807588
0.0481979
0.0249367
0.0105246
0.00402952
0.00447405
0.0109451
0.0224049
0.0377885
0.0561404
0.0766003
0.098529
0.12183
0.146576
0.172863
0.200697
0.230173
0.261435
0.294817
0.3307
0.369642
0.412628
0.459951
0.513394
0.573623
0.64132
0.71869
0.808054
0.911104
1.02832
1.16184
1.31608
1.49698
1.70687
1.94767
2.22281
2.53671
2.89618
3.3084
3.77594
4.30488
4.90831
5.59665
6.3732
7.24935
8.23772
9.34868
10.6007
12.0125
13.6076
15.4154
17.4869
19.8524
22.554
25.6311
29.1688
33.2297
37.9084
43.2833
49.4679
56.6452
65.0017
74.5945
85.4251
97.6312
111.382
126.829
144.088
163.141
183.984
206.722
231.528
258.327
287.019
317.421
349.164
381.928
415.285
448.777
481.924
514.236
544.89
573.677
600.126
623.44
643.617
659.97
674.44
684.983
692.871
702.092
700.921
693.174
681.966
667.844
651.329
632.802
612.565
590.841
567.83
543.754
518.832
493.279
467.285
441.013
414.647
388.376
362.404
336.951
312.263
288.529
265.98
244.687
224.838
206.418
189.567
174.089
160.164
147.459
136.11
125.858
116.488
108.16
100.864
94.5568
88.8375
84.3033
80.0843
75.5047
74.1581
73.9506
72.8255
71.786
70.5767
69.6206
68.8734
68.736
68.1465
67.102
65.8303
64.4555
63.0448
61.645
60.2576
58.8898
58.0937
57.573
56.3831
54.8888
53.4461
51.988
50.5664
48.9795
47.7986
46.1441
44.667
42.744
40.9365
39.0243
37.0584
35.0809
33.288
31.4252
29.7545
27.9469
26.2727
24.4471
22.534
20.7662
18.9943
17.25
15.5389
13.9638
12.5324
11.2035
0.267945
0.310215
0.315925
0.29496
0.262227
0.226204
0.190024
0.15537
0.123538
0.0953486
0.0712069
0.051361
0.0357285
0.023865
0.0151824
0.00914503
0.00526095
0.00309784
0.00230459
0.00259857
0.00371873
0.00543807
0.00755517
0.00989821
0.0123415
0.0147951
0.0172092
0.0195604
0.0218775
0.0241979
0.0265152
0.0289283
0.0316275
0.0347315
0.0382905
0.0423901
0.0474912
0.0542299
0.0629544
0.0739526
0.0875522
0.104396
0.125244
0.150911
0.181597
0.218011
0.261932
0.315061
0.37794
0.451962
0.539621
0.642871
0.7644
0.907475
1.07615
1.27383
1.50912
1.78705
2.11796
2.50783
2.97418
3.52676
4.19037
4.98084
5.93554
7.08773
8.49972
10.2212
12.3241
14.8756
17.9829
21.7473
26.2979
31.7894
38.4174
46.2974
55.5198
66.273
78.6763
92.8978
108.893
126.709
146.142
167.259
189.701
213.401
237.629
262.337
286.714
310.581
333.148
354.128
373.718
391.058
407.882
423.37
436.825
437.475
435.94
431.834
425.488
417.038
406.616
394.356
380.426
365.027
348.392
330.753
312.342
293.379
274.123
254.821
235.747
217.169
199.338
182.424
166.603
151.893
138.4
126.059
114.946
104.854
95.923
87.8605
80.8146
74.4964
68.8215
63.8228
59.5142
55.8207
52.5127
49.9997
47.2764
44.5114
43.8754
44.1342
43.8462
43.6197
43.4014
43.2268
44.0369
44.5621
44.4393
44.0221
43.6269
43.1673
42.6609
42.1098
41.5288
41.0156
40.3146
40.5627
40.0708
39.3402
38.5559
37.6937
36.8425
35.8103
35.1279
34.102
33.0242
31.6349
30.1502
28.7984
27.2397
25.6868
24.1571
22.6613
21.1901
19.6776
18.3103
16.7404
15.1738
13.7524
12.2231
10.7445
9.28432
7.98968
6.82195
5.68638
0.282995
0.322421
0.339887
0.337374
0.321838
0.299007
0.272155
0.243232
0.213901
0.185615
0.159458
0.136054
0.115601
0.0979537
0.0828801
0.0701607
0.0595978
0.0509531
0.0439954
0.0385122
0.0342816
0.031084
0.0287213
0.0269979
0.025744
0.0248146
0.0240932
0.023467
0.0228959
0.022287
0.0215991
0.020798
0.01987
0.0188183
0.0176701
0.0164147
0.0150139
0.0135106
0.0120177
0.0106285
0.00944449
0.0085845
0.00815735
0.00827596
0.00908727
0.0107874
0.0135426
0.0174743
0.0227162
0.0295166
0.0380838
0.0487194
0.0617322
0.0774446
0.0962074
0.118424
0.144944
0.176368
0.213832
0.258095
0.311065
0.373722
0.44887
0.538325
0.64673
0.778555
0.942361
1.14587
1.40096
1.7201
2.12346
2.63209
3.27632
4.09151
5.12796
6.44134
8.09359
10.1763
12.7656
15.9999
19.9339
24.782
30.5568
37.5394
45.5129
54.8746
65.1346
76.8521
89.1078
102.725
116.276
130.699
144.752
158.723
172.527
188.347
203.758
211.735
214.69
216.68
217.293
216.321
213.713
209.492
203.761
196.655
188.368
179.087
169.052
158.451
147.539
136.533
125.661
115.145
105.115
95.7319
87.096
79.1858
72.0328
65.5573
59.797
54.6445
50.1724
46.1907
42.7893
39.8313
37.1972
34.8781
32.7971
31.0242
29.4487
28.0943
26.4829
25.014
24.718
24.9774
25.0401
25.1891
25.6585
25.9979
26.2394
26.8578
27.2002
27.2824
27.3548
27.3832
27.3809
27.3206
27.2288
27.1656
26.8715
27.2623
27.1293
26.8093
26.4338
25.9605
25.4574
24.8352
24.2787
23.5842
22.9497
21.977
20.9122
19.8425
18.7559
17.5263
16.2163
15.0435
13.8721
12.6862
11.4948
10.2842
9.07684
7.88803
6.75728
5.61246
4.48798
3.50282
2.65997
1.85109
0.271225
0.30074
0.317816
0.322283
0.316753
0.304088
0.286601
0.266107
0.244121
0.221951
0.200544
0.180495
0.162069
0.145403
0.130577
0.117627
0.106532
0.0971681
0.0894016
0.083061
0.0779826
0.0740295
0.0710012
0.0687619
0.0671826
0.0661286
0.0654908
0.0651929
0.0651445
0.0652704
0.065515
0.0657945
0.0660928
0.0663754
0.0666394
0.0668017
0.0668397
0.0667341
0.0664155
0.0661222
0.0655323
0.0649043
0.0642636
0.0636533
0.0631684
0.0628899
0.0628742
0.0630859
0.0636609
0.0646203
0.0661121
0.0680832
0.0706537
0.0737049
0.077394
0.0817097
0.0867602
0.0928645
0.0999083
0.107937
0.11711
0.127452
0.13929
0.152707
0.168409
0.186638
0.208524
0.234774
0.266835
0.305948
0.354583
0.414885
0.490705
0.585998
0.707352
0.862135
1.05963
1.31454
1.64067
2.06403
2.60099
3.29963
4.17316
5.31706
6.70291
8.50575
10.5959
13.2857
16.2447
20.0175
23.9544
28.8294
33.8552
39.6008
45.644
52.2837
60.6819
65.9018
70.1744
73.5361
76.0753
77.7909
78.6594
78.6452
77.7811
76.0929
73.6878
70.6524
67.1118
63.2008
59.0773
54.868
50.6962
46.6578
42.8687
39.3906
36.2493
33.4156
30.8568
28.597
26.6384
24.9285
23.4859
22.2808
21.2764
20.4075
19.591
18.8941
18.1466
17.4949
16.8462
16.0226
15.2316
14.981
14.8695
14.8497
14.8747
14.9892
15.079
15.2342
15.6578
16.0265
16.2704
16.4418
16.6454
16.826
16.9789
17.0859
17.1712
17.2406
17.1945
17.2807
17.3108
17.2541
17.0967
16.8336
16.5099
16.1062
15.6627
15.1575
14.7087
14.0153
13.2459
12.4291
11.6621
10.7647
9.81849
8.90109
7.96795
7.08231
6.22381
5.33529
4.49859
3.71857
2.94486
2.21869
1.55916
0.991142
0.548013
0.22269
0.24412
0.264288
0.277547
0.283254
0.282194
0.2756
0.26494
0.251546
0.236493
0.220639
0.204701
0.1892
0.174519
0.160939
0.148656
0.137798
0.128353
0.120274
0.113456
0.107798
0.103243
0.0996534
0.0969515
0.0950143
0.0937329
0.0930148
0.0927946
0.0929701
0.0934882
0.0942572
0.0952145
0.0963004
0.0974794
0.0986859
0.0999222
0.101091
0.102195
0.103135
0.103966
0.104593
0.105038
0.105315
0.105457
0.10548
0.105421
0.105341
0.105244
0.105157
0.105082
0.105082
0.105321
0.105483
0.105969
0.106127
0.106424
0.106661
0.107095
0.107458
0.107836
0.108653
0.109466
0.110372
0.111472
0.112794
0.114366
0.116438
0.11911
0.122516
0.126819
0.13213
0.138898
0.147262
0.15785
0.171104
0.18771
0.20824
0.233543
0.265269
0.304412
0.353296
0.413117
0.488075
0.579408
0.697325
0.838547
1.02399
1.24261
1.53658
1.87696
2.33642
2.85921
3.54355
4.3378
5.31438
6.41847
7.60669
9.23777
11.056
12.4374
13.7294
14.8645
15.8257
16.5918
17.1327
17.4502
17.5366
17.4245
17.1157
16.6604
16.0947
15.468
14.8111
14.1764
13.5782
13.0695
12.6686
12.334
12.0499
11.852
11.7089
11.6143
11.5737
11.5611
11.5839
11.6173
11.6719
11.6596
11.5295
11.3961
11.1831
11.0005
10.6869
10.5944
10.4828
10.3321
10.2054
10.0792
10.0433
9.97027
9.94521
9.96839
10.0408
10.1132
10.2035
10.3078
10.4047
10.4994
10.5792
10.6423
10.6909
10.6703
10.6512
10.6094
10.5335
10.399
10.1877
9.91856
9.59255
9.21115
8.79452
8.37473
7.89103
7.36198
6.78944
6.25228
5.65514
5.02324
4.42422
3.84105
3.3027
2.80965
2.36949
1.97076
1.62928
1.35135
1.15355
1.05104
1.05704
1.13246
1.48956
0.214565
0.227957
0.237489
0.242424
0.242866
0.239326
0.232674
0.22379
0.213367
0.202014
0.1903
0.178665
0.167472
0.156976
0.147386
0.138804
0.131247
0.124686
0.119086
0.114414
0.110613
0.10766
0.105468
0.10395
0.103044
0.102665
0.102739
0.103214
0.104002
0.105071
0.10632
0.107744
0.109268
0.110849
0.112456
0.114034
0.115591
0.117036
0.118322
0.119465
0.120446
0.121274
0.121928
0.12241
0.122745
0.122945
0.123036
0.122981
0.122863
0.1226
0.122306
0.121846
0.121425
0.120649
0.119992
0.118748
0.117847
0.116022
0.114264
0.112144
0.109487
0.107153
0.10464
0.101948
0.0991262
0.0963808
0.0936181
0.0910804
0.0886195
0.0863866
0.0844697
0.0830986
0.0822522
0.08262
0.0841529
0.0868955
0.0909476
0.0964977
0.103574
0.112343
0.122995
0.1351
0.149262
0.164675
0.181124
0.197662
0.215015
0.233109
0.248697
0.264907
0.279153
0.293778
0.309728
0.335609
0.371885
0.406165
0.453352
0.527776
0.633375
0.752342
0.88395
1.02424
1.17245
1.32602
1.48847
1.66132
1.85082
2.0542
2.28442
2.53764
2.81871
3.12927
3.46985
3.85091
4.26229
4.72496
5.18149
5.65094
6.09335
6.49976
6.90823
7.30931
7.64116
7.98466
8.26266
8.45752
8.63558
8.69736
8.80256
8.79206
8.77648
8.75655
8.70023
8.58638
8.41469
8.21419
8.00989
7.79968
7.61203
7.44732
7.29072
7.17892
7.07437
6.9975
6.93336
6.87138
6.81943
6.76917
6.71184
6.64878
6.5509
6.4225
6.27846
6.12013
5.93643
5.7132
5.45566
5.16803
4.85179
4.51995
4.19535
3.86975
3.54553
3.22368
2.92864
2.65116
2.39852
2.18898
2.02816
1.93204
1.90975
1.96551
2.10459
2.34092
2.68716
3.15146
3.73699
4.48136
5.2015
6.44087
0.185969
0.194606
0.20109
0.204702
0.20533
0.203184
0.198772
0.192662
0.185297
0.177136
0.168592
0.160013
0.151628
0.143658
0.136278
0.129592
0.12363
0.118404
0.113907
0.110133
0.107058
0.104669
0.102904
0.101716
0.101031
0.100811
0.100971
0.101473
0.102264
0.103285
0.104518
0.105912
0.107389
0.108961
0.110539
0.112176
0.113732
0.115235
0.116617
0.117891
0.119056
0.120089
0.120979
0.121686
0.122278
0.122683
0.122995
0.123097
0.123127
0.122897
0.122641
0.122103
0.121421
0.120469
0.119362
0.117825
0.116279
0.114151
0.112038
0.108977
0.105364
0.101512
0.0977875
0.093561
0.0891792
0.0845669
0.0799594
0.0751683
0.0704358
0.0655012
0.0606669
0.0562298
0.0515248
0.0492
0.0472263
0.0457818
0.0452188
0.0456118
0.0474527
0.050804
0.0558871
0.0623043
0.0713285
0.081061
0.0931014
0.104977
0.121967
0.137702
0.153054
0.168583
0.182871
0.192698
0.198387
0.201106
0.202591
0.206391
0.202141
0.188516
0.171871
0.160081
0.158781
0.171503
0.20362
0.261692
0.349681
0.470494
0.629309
0.825337
1.06773
1.34406
1.65494
2.00749
2.35664
2.77233
3.14282
3.59108
4.082
4.558
4.96704
5.44203
5.88921
6.1786
6.51538
6.87097
7.10853
7.3248
7.40197
7.55084
7.67546
7.74465
7.74489
7.68445
7.59096
7.42846
7.25583
7.04353
6.80958
6.59399
6.36581
6.12579
5.8951
5.67273
5.4738
5.28963
5.13557
4.97033
4.80687
4.64216
4.47413
4.30174
4.11737
3.91782
3.71525
3.51447
3.3165
3.11823
2.92347
2.73815
2.56846
2.42229
2.31445
2.25206
2.23619
2.26801
2.36043
2.51498
2.73497
3.02857
3.40154
3.86333
4.42444
5.09158
5.8768
6.79951
7.87735
9.12483
10.5235
12.1582
13.6268
15.9164
0.157197
0.162202
0.166088
0.168224
0.168504
0.166988
0.163974
0.159787
0.154705
0.149
0.142979
0.136859
0.130797
0.124934
0.119423
0.114365
0.109817
0.105779
0.10227
0.0992847
0.0968319
0.0948822
0.0934273
0.092398
0.0917752
0.0914989
0.0915501
0.0918494
0.0923953
0.0931401
0.0940774
0.0951248
0.096306
0.0975341
0.0988414
0.100131
0.101439
0.102667
0.103848
0.104944
0.105995
0.106935
0.107787
0.108501
0.109116
0.109606
0.109995
0.110241
0.110354
0.110336
0.110127
0.109768
0.109187
0.108377
0.107382
0.106052
0.104684
0.102649
0.100742
0.09785
0.0952671
0.0911907
0.0879039
0.0839634
0.0794444
0.0754059
0.0705732
0.0658724
0.0608872
0.0548547
0.0492424
0.0440087
0.0386866
0.0349921
0.0311453
0.0286512
0.0269783
0.0259186
0.026168
0.0281274
0.0317782
0.0375482
0.0458075
0.0561249
0.0699823
0.0834934
0.104227
0.12444
0.149144
0.180322
0.211353
0.240139
0.275986
0.316317
0.356228
0.413794
0.483217
0.540197
0.607512
0.678594
0.750247
0.841165
0.923567
1.03725
1.17086
1.3143
1.4766
1.66019
1.86045
2.08272
2.32536
2.58335
2.83878
3.15538
3.50938
3.86719
4.16319
4.47292
4.80883
5.14279
5.4517
5.86359
6.20266
6.44723
6.4864
6.67227
6.81805
6.88576
6.91755
6.93462
6.91639
6.84994
6.7602
6.62405
6.44433
6.22804
6.00531
5.77414
5.53366
5.29631
5.04377
4.79941
4.56134
4.33219
4.10986
3.89303
3.68011
3.47188
3.26875
3.07776
2.89903
2.73485
2.59833
2.49606
2.43535
2.42181
2.46267
2.56539
2.73844
2.98792
3.32226
3.74465
4.25416
4.84883
5.53582
6.31313
7.17711
8.12935
9.17183
10.3106
11.5515
12.9081
14.3998
16.0512
17.8867
19.9455
22.1662
24.768
26.8373
30.2347
0.130164
0.132665
0.134649
0.135563
0.135347
0.134045
0.131823
0.128879
0.125343
0.121345
0.117093
0.112762
0.10845
0.104221
0.100177
0.0964215
0.0930025
0.0899291
0.0872037
0.0848384
0.082834
0.0811902
0.0798894
0.0789069
0.0782072
0.0777688
0.0775574
0.0775544
0.0777247
0.0780587
0.0785263
0.0791128
0.0797895
0.0805369
0.0813319
0.0821528
0.0829688
0.0837707
0.0845458
0.0852996
0.0860114
0.0866858
0.0872962
0.0878514
0.0883376
0.0887563
0.0891175
0.0893622
0.0895551
0.0895861
0.0895624
0.0893476
0.0889989
0.0884574
0.0877864
0.0868542
0.0858219
0.0843822
0.0828568
0.0808263
0.0786906
0.0758916
0.0732537
0.0699431
0.0664748
0.062451
0.0587728
0.0544456
0.0505309
0.0457022
0.0413717
0.0369841
0.0327804
0.028838
0.0252487
0.0219619
0.0197944
0.0181294
0.0174904
0.0183205
0.0206074
0.024906
0.0314759
0.0401618
0.0512202
0.0637043
0.079132
0.0969426
0.119009
0.144542
0.175765
0.208501
0.245328
0.294056
0.347436
0.407117
0.48815
0.581216
0.655299
0.742221
0.837587
0.955344
1.05392
1.17632
1.30676
1.45423
1.62003
1.80104
1.9969
2.20969
2.43605
2.69457
2.96711
3.25593
3.5468
3.82449
4.07542
4.32147
4.5855
4.85168
5.1054
5.35738
5.5916
5.82289
5.98344
6.21593
6.35107
6.42442
6.44894
6.43542
6.38795
6.31107
6.1992
6.05175
5.87843
5.68237
5.46779
5.24116
5.00373
4.75888
4.51006
4.25966
4.01651
3.78414
3.56558
3.36698
3.18989
3.04753
2.93442
2.87358
2.87365
2.92885
3.07858
3.31435
3.65162
4.09906
4.66412
5.35226
6.1696
7.11383
8.18409
9.37483
10.6744
12.0729
13.5688
15.1523
16.8029
18.5195
20.2984
22.1422
24.0618
26.0743
28.1992
30.4686
32.9135
35.6276
38.4719
42.0115
44.2184
48.5607
0.10595
0.106857
0.107599
0.107661
0.107028
0.10577
0.103976
0.101778
0.0992198
0.0963536
0.0932959
0.090192
0.0870929
0.0840334
0.0810564
0.0782495
0.0756492
0.0732767
0.0711144
0.0691816
0.0674732
0.0660097
0.0647668
0.0637474
0.0629116
0.0622615
0.0617584
0.0614112
0.0611824
0.0610804
0.0610647
0.0611504
0.0612958
0.0615157
0.0617672
0.0620657
0.0623768
0.0627134
0.0630539
0.0634072
0.0637614
0.0641149
0.0644679
0.0648082
0.0651484
0.0654573
0.0657675
0.0660234
0.0662784
0.0664479
0.0666
0.0666259
0.0666109
0.0664604
0.0662292
0.0658371
0.0653362
0.0646041
0.0637458
0.0625954
0.0612255
0.0596441
0.0577394
0.0557234
0.0532643
0.0507984
0.0479445
0.0448428
0.0417071
0.0381828
0.0345523
0.0312771
0.0279708
0.0245464
0.0215363
0.0187088
0.0165727
0.0147797
0.0136336
0.013352
0.014638
0.017061
0.0209479
0.0254521
0.0324929
0.0415242
0.0517905
0.0654482
0.0810244
0.102012
0.12485
0.152883
0.181648
0.21599
0.255734
0.307892
0.361701
0.425402
0.494785
0.581653
0.672224
0.770985
0.864375
0.978671
1.10507
1.26473
1.44656
1.63544
1.82965
2.03745
2.25272
2.4805
2.72016
2.96436
3.21547
3.46181
3.70742
3.95301
4.19977
4.44549
4.69159
4.93536
5.16937
5.3822
5.56617
5.71648
5.83403
5.91503
5.96108
5.97111
5.948
5.88841
5.79723
5.67325
5.52285
5.34761
5.15895
4.95511
4.7481
4.53887
4.33517
4.14441
3.97226
3.83753
3.74647
3.70968
3.73995
3.84775
4.05044
4.36183
4.79464
5.36465
6.0884
6.97978
8.0441
9.28329
10.6954
12.2769
14.0273
15.9203
17.9482
20.0914
22.3184
24.6241
26.9824
29.3727
31.7542
34.1489
36.5246
38.8976
41.2643
43.6688
46.1086
48.6236
51.2633
54.1802
57.1964
61.3536
63.3294
68.3675
0.0853103
0.0852602
0.0852547
0.0847717
0.0838269
0.0825378
0.0809791
0.0792087
0.0772337
0.0750545
0.0727496
0.0704173
0.0680984
0.0657916
0.0635217
0.061339
0.0592839
0.0573606
0.0555661
0.0538993
0.052374
0.0509938
0.0497607
0.0486595
0.0476838
0.0468172
0.0460562
0.0453863
0.0448084
0.0443069
0.0438817
0.0435184
0.043218
0.042967
0.0427678
0.0426092
0.0424971
0.04242
0.0423874
0.0423904
0.0424387
0.0425227
0.0426496
0.0428156
0.0430216
0.0432647
0.0435405
0.0438491
0.0441802
0.0445231
0.0448754
0.0452095
0.0455399
0.045818
0.0460734
0.0462369
0.0463454
0.0463255
0.0461841
0.0458884
0.0454115
0.0447594
0.043879
0.0428079
0.0415034
0.040026
0.0383474
0.0363965
0.0343579
0.0320231
0.0297237
0.0272371
0.0247292
0.0221122
0.0195921
0.0172356
0.01527
0.0135883
0.0120818
0.011078
0.0107587
0.0110784
0.0122821
0.0145636
0.0180154
0.022551
0.0289255
0.0362924
0.0471624
0.0594756
0.0752837
0.0923838
0.113752
0.139446
0.166599
0.200748
0.240287
0.286188
0.338781
0.399234
0.467664
0.544873
0.643595
0.758591
0.880838
1.01538
1.1631
1.32301
1.49339
1.67423
1.86788
2.07293
2.29045
2.52732
2.77802
3.03577
3.29473
3.55313
3.81041
4.06875
4.32542
4.57465
4.80813
5.01952
5.20276
5.35923
5.48665
5.58432
5.65019
5.68507
5.68843
5.6629
5.60982
5.53332
5.4375
5.33045
5.21966
5.11501
5.02525
4.96189
4.93721
4.96592
5.06467
5.24959
5.53885
5.94813
6.49385
7.19267
8.06224
9.11813
10.3684
11.8296
13.5077
15.412
17.5237
19.8282
22.3046
24.9373
27.7178
30.5728
33.5284
36.4946
39.4603
42.4732
45.4052
48.2384
50.9491
53.6336
56.1233
58.5603
60.856
63.1264
65.3312
67.5267
69.7947
72.2889
74.9547
79.272
80.9635
86.4463
0.0683948
0.067745
0.0672926
0.0664973
0.0653599
0.0640241
0.0625667
0.061021
0.0593633
0.0575643
0.0556809
0.0537918
0.0519214
0.0500484
0.0481835
0.0463641
0.0446247
0.0429638
0.041374
0.03985
0.0384047
0.0370444
0.0357756
0.0345876
0.0334767
0.0324321
0.0314552
0.0305377
0.0296836
0.0288846
0.0281436
0.0274521
0.0268163
0.0262302
0.0257006
0.0252222
0.0248015
0.0244368
0.0241365
0.0239018
0.0237373
0.0236451
0.0236287
0.0236934
0.0238373
0.0240641
0.0243684
0.0247532
0.0252083
0.025733
0.0263143
0.0269487
0.0276185
0.0283153
0.0290201
0.0297183
0.0303859
0.0310112
0.0315525
0.0320078
0.0323289
0.0325288
0.0325611
0.0324365
0.0321139
0.0315986
0.0308784
0.0299285
0.0288055
0.0274985
0.0259853
0.0243803
0.0226742
0.0207058
0.018675
0.016653
0.0146901
0.0128254
0.0111396
0.00969571
0.00856
0.00784436
0.00757106
0.00790138
0.00890111
0.0106826
0.0133706
0.0171343
0.0222756
0.0288033
0.0371488
0.0477345
0.0602121
0.0758711
0.094853
0.119354
0.149109
0.184386
0.226766
0.277423
0.336703
0.405907
0.484876
0.574097
0.673689
0.785894
0.911596
1.05289
1.20909
1.38285
1.57286
1.78038
2.00258
2.24001
2.48844
2.74775
3.01271
3.28254
3.55288
3.82342
4.09116
4.35374
4.6039
4.83807
5.05181
5.2452
5.41549
5.56415
5.69
5.79702
5.88629
5.96455
6.03554
6.11019
6.19591
6.30838
6.45967
6.6694
6.95152
7.32761
7.81414
8.43362
9.20576
10.1502
11.2859
12.6238
14.1734
15.9493
17.9631
20.2179
22.6984
25.4228
28.3502
31.4905
34.7535
38.1366
41.5953
45.0969
48.626
52.0598
55.5882
58.8754
61.9742
65.1386
68.005
70.5182
72.8422
75.1089
76.9509
78.7905
80.3262
81.8301
83.1603
84.5028
85.877
87.5052
89.4384
93.5912
95.1939
101.224
0.0559588
0.0549351
0.0542047
0.05321
0.0519332
0.0505322
0.0490946
0.0476368
0.0461146
0.0444785
0.042785
0.0411018
0.0394455
0.0377767
0.0361031
0.0344496
0.0328543
0.0313075
0.0298072
0.0283359
0.0269114
0.0255331
0.0242174
0.0229503
0.0217386
0.0205675
0.0194477
0.0183674
0.0173397
0.016355
0.0154261
0.0145416
0.0137141
0.0129368
0.0122247
0.0115726
0.0109944
0.0104877
0.0100653
0.00972705
0.0094827
0.00933554
0.00929162
0.00935555
0.00952784
0.0098156
0.0102132
0.0107268
0.0113437
0.012071
0.0128887
0.0138028
0.0147848
0.0158408
0.0169343
0.0180688
0.0192014
0.0203359
0.0214156
0.0224452
0.02337
0.0241929
0.0248737
0.0254022
0.0257513
0.0258924
0.0258414
0.0255421
0.0250855
0.0243462
0.0234767
0.0222661
0.0208507
0.0192441
0.0174997
0.0156555
0.0137767
0.011865
0.0099999
0.0082412
0.00665222
0.00530258
0.00425808
0.00358673
0.00336537
0.003696
0.00467905
0.00645238
0.00917485
0.0130521
0.0183606
0.0252671
0.0342095
0.0458961
0.0609555
0.0801579
0.104182
0.133635
0.1693
0.211979
0.263106
0.323779
0.395134
0.478308
0.5746
0.685138
0.811342
0.95353
1.11306
1.28977
1.48535
1.6987
1.93014
2.17691
2.43933
2.71396
3.0001
3.29378
3.59457
3.90156
4.21603
4.5347
4.8544
5.17394
5.4918
5.8109
6.1314
6.45956
6.7976
7.15563
7.5396
7.96444
8.43972
8.98745
9.62015
10.3649
11.2362
12.2665
13.4669
14.8696
16.4791
18.3213
20.4046
22.7385
25.3214
28.1404
31.191
34.4959
38.0236
41.7612
45.6308
49.7185
53.818
57.9741
61.9722
65.9544
69.8304
73.55
76.9495
79.9278
83.4118
84.6995
86.7989
89.734
90.646
91.813
92.9329
94.4584
94.5824
95.7212
95.7519
95.9222
96.4784
96.8668
97.5423
97.5006
98.8442
103.08
104.908
112.329
0.0498323
0.0485866
0.0476819
0.0465495
0.0451698
0.0437211
0.0422788
0.0408354
0.039338
0.0377494
0.0361169
0.0344997
0.0329035
0.0312983
0.0296867
0.0280918
0.0265361
0.0250135
0.0235201
0.0220502
0.0206148
0.0192161
0.0178639
0.0165519
0.0152825
0.0140479
0.0128566
0.0117057
0.0106035
0.00954584
0.00854303
0.00759275
0.00670373
0.00587423
0.00511592
0.0044301
0.00382698
0.00330947
0.00288803
0.00256744
0.00235546
0.0022567
0.00227605
0.00241891
0.00268678
0.00308368
0.0036049
0.00425428
0.00502021
0.00590555
0.00688923
0.00797522
0.00913439
0.0103685
0.0116361
0.0129382
0.0142286
0.0155085
0.016723
0.0178705
0.0188921
0.0197826
0.0204998
0.0210312
0.0213454
0.0214045
0.0212646
0.0208268
0.0201803
0.0191804
0.0179343
0.0164945
0.0148707
0.0131102
0.0112597
0.0093725
0.00750822
0.00572314
0.00408977
0.00266915
0.00152398
0.000706752
0.000270581
0.00028121
0.000799344
0.0019102
0.00367487
0.00618783
0.0096561
0.0143462
0.0205954
0.0287714
0.0393177
0.0527472
0.0697238
0.0909359
0.117187
0.149047
0.187473
0.233626
0.289029
0.354857
0.432636
0.523473
0.629328
0.751292
0.891395
1.04997
1.22931
1.4296
1.65362
1.90184
2.17496
2.47259
2.79527
3.14274
3.51521
3.91244
4.33625
4.78915
5.27462
5.79376
6.3495
6.94607
7.58792
8.28621
9.04553
9.8835
10.8047
11.8327
12.9736
14.2562
15.6847
17.2994
19.0979
21.1282
23.374
25.8929
28.6434
31.6945
34.9692
38.5316
42.3072
46.3253
50.5029
54.8133
59.2836
63.9882
68.6745
73.4788
78.1426
82.9323
87.3114
91.5188
94.6509
98.0778
101.488
103.193
105.059
107.149
109.304
110.484
111.277
111.472
112.434
112.051
111.543
110.381
109.973
109.318
107.769
107.315
105.95
105.488
104.559
104.533
105.278
108.527
111.302
120.673
0.0483892
0.0470148
0.0460061
0.044804
0.043368
0.0418968
0.0404445
0.0389977
0.0374871
0.0359076
0.0342862
0.0326878
0.0310936
0.029503
0.0278936
0.0263092
0.0247438
0.0232222
0.021708
0.0202256
0.0187563
0.0173387
0.0159467
0.0146086
0.0132929
0.0120307
0.0107933
0.00961456
0.00846896
0.00739084
0.00635523
0.00539498
0.00448805
0.00366632
0.00291134
0.00225246
0.00167503
0.00120422
0.000830868
0.000574758
0.000432256
0.000414223
0.000522392
0.000757484
0.00112657
0.00161791
0.00224398
0.00298002
0.00384171
0.00479144
0.00585187
0.00696914
0.00816751
0.00938097
0.0106369
0.0118566
0.013063
0.0141717
0.0151996
0.0160733
0.0167982
0.0173461
0.0176916
0.017841
0.0177237
0.0173323
0.0167158
0.0158518
0.0147934
0.0135407
0.0121655
0.0107119
0.00925636
0.00785039
0.00658783
0.00555102
0.00481121
0.00444506
0.00449981
0.00505943
0.00618973
0.00794826
0.0103982
0.0135395
0.0176469
0.0227953
0.0291384
0.0368859
0.0463885
0.0580636
0.0724426
0.0900089
0.111389
0.13721
0.168295
0.205486
0.24958
0.30167
0.362431
0.433359
0.516483
0.613438
0.726273
0.857086
1.00869
1.18353
1.38449
1.61414
1.87505
2.17111
2.50594
2.88334
3.30633
3.77889
4.30489
4.88958
5.53722
6.25418
7.04752
7.9248
8.89666
9.96832
11.1521
12.4559
13.8917
15.4771
17.2171
19.1414
21.2437
23.5641
26.0869
28.8577
31.8476
35.1223
38.6156
42.4314
46.4433
50.7838
55.251
60.0492
64.8795
70.0031
75.0358
80.2758
85.3699
90.4125
95.5792
100.797
105.333
110.175
113.271
117.873
121.372
123.262
125.094
127.927
129.541
131.31
131.291
130.386
130.585
129.806
128.732
126.873
125.181
123.41
121.671
119.896
118.041
116.464
114.585
112.866
111.294
110.08
108.427
108.114
108.608
111.718
115.126
126.999
0.0499245
0.0484596
0.0473816
0.0461155
0.0446318
0.0431171
0.0416233
0.0401194
0.0385481
0.0368936
0.0351986
0.0335172
0.031846
0.0301634
0.0284623
0.02677
0.0251014
0.0234625
0.0218385
0.0202343
0.0186539
0.0171163
0.0156171
0.0141624
0.0127451
0.0113787
0.0100589
0.00880035
0.00759942
0.00647275
0.00541841
0.00445347
0.0035769
0.00280551
0.00214132
0.00159811
0.00117868
0.000895422
0.000753549
0.000763232
0.000929605
0.00125895
0.00175692
0.00242388
0.00326386
0.00427133
0.00544925
0.00678159
0.00827217
0.00989867
0.0116594
0.0135394
0.0155245
0.0175983
0.0197543
0.0219838
0.024275
0.0266134
0.0289099
0.0311554
0.0332417
0.0352143
0.0370747
0.0388073
0.040428
0.0419476
0.0434254
0.0449137
0.0464361
0.0480726
0.0498583
0.0519296
0.0543347
0.0571707
0.0605442
0.0645838
0.0693632
0.0750149
0.0816143
0.0895521
0.098715
0.109214
0.121108
0.135989
0.153471
0.173975
0.198176
0.226503
0.259766
0.298862
0.344583
0.397786
0.459452
0.530698
0.6128
0.707179
0.815648
0.939597
1.08108
1.24249
1.42746
1.63932
1.88236
2.16066
2.47994
2.84507
3.26271
3.73758
4.27763
4.88816
5.5808
6.35995
7.23729
8.21891
9.31704
10.5399
11.8994
13.405
15.0699
16.9023
18.921
21.1239
23.5375
26.1529
28.9944
32.0638
35.3665
38.9279
42.7144
46.7827
51.0608
55.6208
60.372
65.4093
70.5571
76.0439
81.5207
87.3076
92.913
98.8131
104.384
110.283
115.542
120.961
125.677
130.272
134.848
139.231
142.114
146.035
149.157
151.668
152.853
153.276
153.615
153.251
151.82
150.372
148.374
146.005
144.001
141.688
139.441
136.852
134.282
131.684
129.087
126.546
124.052
121.798
119.499
117.362
115.263
113.822
111.528
110.573
111.306
114.729
118.599
132.42
0.0524667
0.0507394
0.0494601
0.0480207
0.0463692
0.0446466
0.0429189
0.0411334
0.0392699
0.0373004
0.0352981
0.0332825
0.0312862
0.0292602
0.0272405
0.0252206
0.0232585
0.0213219
0.0194461
0.0175993
0.015843
0.0141523
0.0125801
0.0110902
0.00973874
0.00849537
0.00741746
0.00647922
0.0057403
0.00518061
0.00485504
0.00474742
0.00490934
0.00533965
0.00607359
0.00711244
0.00848927
0.0102166
0.012326
0.0148361
0.0177627
0.0211257
0.024929
0.0292072
0.033958
0.0392233
0.0449793
0.0512977
0.0581057
0.0654922
0.0733765
0.0818375
0.0908174
0.100345
0.110334
0.120908
0.13213
0.144194
0.157055
0.170756
0.185157
0.200192
0.215708
0.231589
0.247768
0.264301
0.281258
0.298747
0.316872
0.335795
0.355669
0.376822
0.399368
0.423516
0.449378
0.477378
0.507454
0.540883
0.580847
0.625966
0.6764
0.732792
0.796168
0.867731
0.948706
1.04018
1.14348
1.26007
1.39191
1.54
1.70627
1.89222
2.10079
2.33377
2.59478
2.88642
3.21433
3.5812
3.99273
4.45372
4.97401
5.55869
6.21853
6.95832
7.79193
8.72447
9.77155
10.9346
12.2318
13.6625
15.2519
16.9934
18.9105
21.0004
23.2847
25.7618
28.4488
31.3472
34.4721
37.8155
41.4084
45.2121
49.287
53.5602
58.1051
62.8506
67.8424
73.0555
78.4395
84.0713
89.7764
95.7188
101.691
107.845
113.878
120.192
126.133
132.361
137.982
143.826
148.93
154.351
158.229
162.355
166.174
169.83
173.106
175.326
176.837
177.504
177.793
178.018
176.46
174.582
172.218
169.901
167.07
164.162
160.898
157.281
153.907
150.458
147.141
143.781
140.385
137.127
133.954
130.994
128.156
125.58
123.144
120.886
118.688
117.135
114.848
113.901
113.739
118.232
121.947
138.703
0.0528238
0.050096
0.0478294
0.0454618
0.0428861
0.0402346
0.0375737
0.0348966
0.0321913
0.0294824
0.0268473
0.0243546
0.0220322
0.0198903
0.0179635
0.0163018
0.0149509
0.0139423
0.0133029
0.0130731
0.0132921
0.0140143
0.015272
0.0171116
0.0195705
0.0227035
0.0265498
0.0311689
0.0366099
0.0429414
0.0502302
0.0585338
0.067938
0.078483
0.0902495
0.103253
0.117552
0.13323
0.150374
0.169086
0.189448
0.211526
0.235376
0.261049
0.288641
0.318228
0.349891
0.383742
0.420021
0.45878
0.500103
0.544003
0.590805
0.640634
0.693307
0.748297
0.805489
0.865218
0.927898
0.994563
1.065
1.13965
1.21801
1.29798
1.38527
1.47555
1.5689
1.66559
1.76602
1.87079
1.9803
2.09554
2.21704
2.34593
2.48318
2.63059
2.78938
2.96234
3.15219
3.361
3.59058
3.84235
4.1186
4.42112
4.75231
5.11313
5.5063
5.93329
6.39972
6.90515
7.45521
8.0533
8.70973
9.42737
10.2186
11.0877
12.0512
13.1123
14.2837
15.5701
16.9943
18.5534
20.2682
22.13
24.164
26.3593
28.7428
31.2895
34.0297
36.9312
40.0496
43.3248
46.8065
50.4581
54.3224
58.3594
62.6065
67.0376
71.6814
76.4969
81.5455
86.7217
92.1654
97.6834
103.471
109.305
115.354
121.467
127.627
133.942
140.038
146.377
152.423
158.567
164.299
170.222
175.461
180.936
185.345
189.745
193.252
197.25
200.077
201.877
203.25
203.731
204.344
203.847
202.787
200.905
198.88
196.684
193.599
190.136
186.251
182.305
178.07
173.747
169.317
164.796
160.451
156.233
152.232
148.452
144.731
141.258
137.917
134.867
132.008
129.434
127.074
124.965
122.914
121.496
119.476
118.431
118.18
122.856
126.866
146.553
0.0329914
0.0294038
0.0269162
0.0248428
0.0230031
0.0216794
0.0211001
0.0214018
0.0226428
0.0249578
0.0284785
0.0333604
0.0396847
0.0475831
0.0571577
0.0685535
0.0818654
0.0972312
0.114783
0.134654
0.156985
0.181906
0.209542
0.240075
0.273683
0.310547
0.350802
0.394611
0.442146
0.493591
0.549156
0.609056
0.673556
0.742849
0.817204
0.896751
0.981688
1.0722
1.16859
1.27108
1.38002
1.49567
1.61845
1.7485
1.88611
2.03151
2.18501
2.34645
2.5165
2.69574
2.88477
3.08312
3.29052
3.50933
3.74249
3.98951
4.24963
4.51968
4.79913
5.08879
5.39096
5.7084
6.04205
6.39237
6.76192
7.15043
7.55694
7.9814
8.42293
8.88303
9.36026
9.85728
10.3728
10.9114
11.4732
12.0656
12.6872
13.3461
14.044
14.7861
15.5761
16.4161
17.3096
18.2559
19.2588
20.3124
21.4201
22.5822
23.8168
25.1226
26.5249
28.0369
29.6942
31.4996
33.4871
35.6522
38.0307
40.6
43.3785
46.347
49.5318
52.8884
56.4412
60.1268
63.9825
67.9502
72.0728
76.2674
80.5929
84.9695
89.5201
94.0852
98.7887
103.536
108.436
113.38
118.488
123.656
128.99
134.379
139.96
145.531
151.366
157.096
163.102
168.909
174.923
180.743
186.522
192.317
197.59
203.261
208.179
213.294
217.498
221.805
224.964
228.359
231.001
232.93
234.152
234.93
235.238
234.089
232.96
230.773
228.561
225.641
222.431
218.59
214.524
210.386
205.734
200.896
195.79
190.695
185.557
180.472
175.444
170.508
165.763
161.269
157.036
153.173
149.471
146.115
142.922
140.064
137.42
135.103
132.997
131.211
129.479
128.342
126.846
126.058
125.537
130.361
134.424
157.127
0.0702216
0.0926173
0.119796
0.150611
0.18612
0.227545
0.275229
0.329189
0.389682
0.457115
0.531902
0.614341
0.704729
0.803389
0.910824
1.02752
1.15388
1.29016
1.43677
1.59421
1.76318
1.94377
2.1363
2.34096
2.55857
2.78947
3.0344
3.29339
3.56689
3.85524
4.1591
4.47889
4.81487
5.16747
5.53755
5.92549
6.3319
6.75658
7.20087
7.66471
8.14884
8.65329
9.1793
9.72745
10.2986
10.8929
11.512
12.1557
12.8239
13.5152
14.2328
14.9782
15.7489
16.5378
17.3518
18.2037
19.1048
20.0529
21.0454
22.0797
23.1572
24.2819
25.4576
26.6844
27.9672
29.3033
30.6876
32.115
33.5704
35.0587
36.5601
38.0876
39.6216
41.1877
42.7616
44.391
46.0316
47.7399
49.4718
51.259
53.0948
54.9924
56.9395
58.9314
60.9639
63.0132
65.0743
67.1738
69.3843
71.753
74.3492
77.2361
80.4783
84.0595
88.0235
92.2992
96.9111
101.759
106.817
111.976
117.276
122.559
127.871
133.044
138.185
143.18
148.123
152.903
157.653
162.271
167.001
171.559
176.136
180.65
185.252
189.839
194.568
199.245
204.07
208.87
213.83
218.711
223.819
228.742
233.881
238.638
243.538
248.025
252.424
256.604
259.773
263.443
265.8
268.399
270.39
271.942
272.986
273.304
273.077
272.017
270.33
268.105
265.348
261.568
257.562
252.898
248.214
243.125
237.913
232.397
226.77
221.204
215.493
209.817
204.055
198.405
192.863
187.527
182.372
177.449
172.75
168.384
164.295
160.66
157.235
154.253
151.432
149.004
146.761
144.904
143.206
141.893
140.59
139.877
138.839
138.569
138.022
142.721
146.628
172.456
2.02783
2.35641
2.69734
3.04509
3.41066
3.80247
4.2227
4.67195
5.15157
5.66283
6.20684
6.78394
7.39467
8.03903
8.71745
9.43013
10.1781
10.9611
11.7789
12.6314
13.5192
14.4425
15.4011
16.394
17.4215
18.4836
19.581
20.7138
21.8817
23.084
24.3221
25.5955
26.906
28.2495
29.6308
31.0482
32.504
33.9955
35.5255
37.0933
38.6998
40.345
42.0293
43.7513
45.5158
47.3173
49.1604
51.0465
52.982
54.9586
56.9732
59.035
61.175
63.3707
65.6038
67.8718
70.2195
72.6693
75.2397
77.9416
80.7629
83.7109
86.7705
89.9196
93.1588
96.4411
99.7546
103.066
106.318
109.536
112.634
115.681
118.599
121.493
124.247
127.077
129.73
132.536
135.158
137.868
140.528
143.256
145.915
148.574
151.147
153.597
155.887
158.234
160.75
163.771
167.295
171.577
176.54
182.139
188.334
194.849
201.675
208.526
215.386
221.857
228.105
233.78
239.205
244.004
248.621
252.72
256.613
260.26
263.818
267.331
270.755
274.025
277.171
280.293
283.503
286.883
290.334
293.672
297.134
300.543
304.048
307.401
310.79
313.949
316.879
319.285
321.436
323.428
324.909
326.413
327.237
327.853
327.774
327.156
325.951
324.199
321.805
318.637
314.939
310.512
305.625
300.206
294.537
288.18
281.744
274.944
268.228
261.407
254.69
247.964
241.315
234.869
228.55
222.455
216.466
210.699
205.158
199.952
195.034
190.453
186.131
182.21
178.558
175.437
172.497
170.128
167.847
166.072
164.376
163.18
162.018
161.347
160.584
160.469
159.954
160.297
159.795
164.384
167.382
196.743
27.3928
29.0811
30.8162
32.6422
34.593
36.6613
38.8369
41.1151
43.4949
45.97
48.535
51.1816
53.9057
56.6987
59.5569
62.4708
65.4399
68.4566
71.5219
74.6269
77.7707
80.9488
84.162
87.4075
90.6826
93.986
97.3148
100.672
104.054
107.463
110.892
114.349
117.825
121.33
124.848
128.399
131.961
135.56
139.165
142.804
146.451
150.128
153.824
157.533
161.273
165.021
168.799
172.575
176.382
180.231
184.112
187.99
191.903
195.944
200.118
204.366
208.674
213.08
217.63
222.365
227.267
232.307
237.472
242.626
247.815
252.826
257.703
262.314
266.611
270.621
274.257
277.587
280.61
283.411
285.947
288.542
290.744
293.248
295.313
297.595
299.581
301.73
303.634
305.579
307.379
309.061
310.527
312.356
314.418
317.881
321.979
327.745
334.135
341.56
349.386
357.269
365.009
372.342
379.086
384.535
389.701
392.698
395.886
397.882
400.451
401.655
403.256
404.736
406.463
408.391
409.231
410.72
411.612
412.798
414.071
416.083
417.103
418.271
419.178
420.266
421.519
422.405
423.221
424.273
424.482
423.992
422.99
421.592
419.667
417.471
414.457
410.98
406.872
402.129
396.851
391.04
384.855
378.044
370.813
363.075
355.053
346.717
338.232
329.423
320.692
311.94
303.453
295.165
287.202
279.499
272.101
265.074
258.423
252.134
246.172
240.512
235.251
230.394
225.98
221.938
218.264
214.999
212.067
209.681
207.491
205.946
204.441
203.568
202.635
202.403
201.956
202.215
202.115
202.765
202.998
203.916
203.688
207.973
209.233
242.528
454.237
466.678
478.913
491.138
503.303
515.199
526.664
537.638
548.113
558.078
567.538
576.494
584.975
592.984
600.563
607.712
614.473
620.85
626.893
632.61
638.034
643.172
648.051
652.707
657.144
661.396
665.459
669.376
673.131
676.784
680.295
683.74
687.04
690.327
693.47
696.634
699.644
702.713
705.642
708.614
711.496
714.371
717.234
720.031
722.877
725.604
728.426
731.153
733.873
736.536
739.218
741.994
744.624
747.149
749.813
752.664
755.568
758.442
761.31
764.179
767.081
769.885
772.671
775.141
777.492
779.363
780.928
782.048
782.705
783.068
783.092
782.854
782.534
782.133
781.768
781.847
781.63
782.094
782.386
783.259
784.039
785.105
785.476
787.375
787.207
787.525
789.28
790.419
792.302
796.461
800.793
807.73
813.426
820.606
826.886
832.845
838.17
843.036
846.278
850.671
847.835
846.441
852.63
854.262
860.875
861.117
865.982
870.457
875.163
879.473
878.933
883.121
882.819
884.172
887.745
890.149
889.693
888.502
885.491
881.426
877.073
871.37
865.042
857.43
848.651
838.135
826.577
813.621
799.794
784.776
768.942
751.922
734.45
715.857
697.173
677.701
658.338
638.392
618.923
599.222
580.273
561.367
543.52
525.849
509.221
493.128
478.21
464.026
450.951
438.742
427.467
417.204
407.749
399.367
391.611
384.95
378.8
373.858
369.286
365.947
362.779
360.897
358.975
358.543
357.607
358.555
358.602
360.644
361.535
364.374
366.145
369.548
371.94
375.794
378.536
382.913
385.173
393.442
398.428
449.642
0
0
0
0
0
0
0
0
0
0
0
0
0
0
0
0
0
0
0
0
0
0
0
0
0
0
0
0
0
0
0
0
0
0
0
0
0
0
0
0
0
0
0
0
0
0
0
0
0
0
0
0
0
0
0
0
0
0
0
0
0
0
0
0
0
0
0
0
0
0
0
0
0
0
0
0
0
0
0
0
0
0
0
0
0
0
0
0
0
0
0
0
0
0
0
0
0
0
0
0
0
0
0
0
0
0
0
0
0
0
0
0
0
0
0
0
0
0
0
0
0
0
0
0
0
0
0
0
0
0
0
0
0
0
0
0
0
0
0
0
0
0
0
0
0
0
0
0
0
0
0
0
0
0
0
0
0
0
0
0
0
0
0
0
0
0
0
0
0
0
0
0
0
0
0
0
0
0
0
0
127.819
141.972
157.214
169.55
180.299
190.853
201.533
212.58
224.235
236.783
250.372
265.298
281.73
299.922
320.271
342.6
368.212
395.847
428.782
462.489
506.852
549.51
614.648
660.179
786.487
76.0285
58.1548
45.7048
40.969
38.9517
37.4996
36.6593
36.525
36.8988
37.5955
38.5969
39.9159
41.5433
43.4777
45.6529
48.2055
51.0195
54.2814
57.7265
61.6368
66.292
70.9221
76.7835
84.9122
95.1996
52.2971
44.7374
36.3414
32.9758
31.3265
29.6661
28.2631
27.364
26.8352
26.5156
26.4006
26.4785
26.7322
27.1279
27.6053
28.2432
28.9323
29.7859
30.6043
31.5855
32.7592
33.625
35.0473
36.478
33.7085
50.0159
44.8695
37.5108
34.3897
32.913
31.3069
29.8142
28.7234
27.954
27.3454
26.9291
26.6772
26.5811
26.5913
26.651
26.8061
26.9622
27.2069
27.3389
27.5786
27.8058
28.0157
27.5247
30.419
22.9535
51.0261
47.3893
40.9986
37.9429
36.4222
34.8281
33.3265
32.1737
31.3099
30.6148
30.0784
29.6927
29.4477
29.3174
29.2352
29.2266
29.2137
29.249
29.1787
29.1611
29.0181
29.2664
27.7506
31.8931
21.7273
53.0021
50.3886
44.9163
41.9451
40.3005
38.6713
37.1666
35.9845
35.07
34.321
33.7233
33.2715
32.9587
32.7607
32.6145
32.5258
32.4352
32.3675
32.1933
32.0854
31.7197
32.1338
29.9653
35.0735
22.6518
55.41
53.4995
48.8544
46.0041
44.2311
42.5405
41.016
39.8018
38.8412
38.0538
37.4171
36.9233
36.5635
36.3144
36.1236
35.9767
35.8328
35.6939
35.451
35.2902
34.7439
35.3038
32.5825
38.4279
24.1315
58.0256
56.5892
52.6431
49.9401
48.0723
46.3217
44.7678
43.5157
42.5091
41.681
41.006
40.4729
40.0716
39.7769
39.544
39.3446
39.1498
38.9472
38.637
38.4324
37.7218
38.378
35.1992
41.4967
25.717
60.7631
59.6246
56.2399
53.6893
51.7596
49.9565
48.3659
47.068
46.0104
45.1377
44.4231
43.8506
43.4077
43.0647
42.7841
42.532
42.2827
42.0172
41.6342
41.3828
40.5151
41.2239
37.6317
44.1726
27.2739
63.543
62.5672
59.6153
57.2072
55.2437
53.4002
51.7721
50.4245
49.3132
48.3913
47.6317
47.0147
46.5263
46.1341
45.8029
45.4927
45.1825
44.8524
44.3911
44.0868
43.0664
43.7943
39.8256
46.4545
28.7564
66.2887
65.3739
62.7445
60.4614
58.485
56.614
54.9512
53.5542
52.3881
51.4142
50.6057
49.9402
49.403
48.9581
48.5709
48.2011
47.8254
47.4275
46.884
46.5217
45.3526
46.0744
41.7652
48.3755
30.1478
68.9249
67.9973
65.6002
63.4218
61.4471
59.5604
57.869
56.4263
55.2074
54.181
53.3216
52.6049
52.0162
51.5167
51.0716
50.6402
50.1958
49.7293
49.1016
48.6789
47.3667
48.0648
43.4505
49.9759
31.4416
71.3797
70.387
68.1519
66.0584
64.0947
62.2032
60.4911
59.0096
57.7427
56.6661
55.7559
54.9877
54.3464
53.7921
53.2883
52.7955
52.2831
51.7478
51.037
50.5547
49.1073
49.7703
44.8868
51.2913
32.633
73.5861
72.4931
70.367
68.3412
66.3948
64.5078
62.7842
61.2729
59.9654
58.8436
57.8857
57.0678
56.3753
55.767
55.2063
54.654
54.0759
53.4754
52.6849
52.1466
50.5744
51.1967
46.0807
52.349
33.7153
75.4837
74.2671
72.2124
70.2412
68.3163
66.4424
64.7173
63.1869
61.8483
60.6885
59.6882
58.8245
58.0841
57.4248
56.8102
56.202
55.563
54.9039
54.0394
53.451
51.7666
52.3477
47.0358
53.1689
34.6789
77.0183
75.6637
73.6557
71.7304
69.8305
67.9779
66.2613
64.7235
63.3641
62.176
61.1399
60.237
59.4537
58.7487
58.0859
57.4282
56.7351
56.0242
55.0941
54.4625
52.6808
53.2247
47.7541
53.7626
35.5119
78.1469
76.6449
74.6688
72.7853
70.915
69.0919
67.395
65.8623
64.4946
63.2887
62.2265
61.2921
60.4737
59.7289
59.0229
58.321
57.5802
56.8271
55.8428
55.1753
53.313
53.8268
48.2344
54.135
36.2011
78.8292
77.1752
75.2234
73.3801
71.544
69.7572
68.0907
66.574
65.2109
63.9972
62.9196
61.962
61.1167
60.34
59.5998
58.8627
58.0854
57.2993
56.2721
55.5794
53.6558
54.1499
48.4738
54.2858
36.7325
79.0283
77.2277
75.2966
73.4965
71.7012
69.9604
68.3354
66.8482
65.5025
64.2944
63.2122
62.243
61.3804
60.5808
59.814
59.0497
58.2442
57.4349
56.3776
55.6707
53.7049
54.191
48.4676
54.2119
37.0894
78.7087
76.7778
74.8685
73.1171
71.3692
69.6836
68.1101
66.6654
65.349
64.1594
63.0841
62.1144
61.244
60.4303
59.6465
58.865
58.0424
57.2216
56.1486
55.4408
53.4538
53.9465
48.2133
53.9126
37.2618
77.8418
75.8037
73.9223
72.2251
70.5346
68.9139
67.4041
66.0141
64.7407
63.5814
62.5261
61.5674
60.6998
59.8818
59.0909
58.3024
57.4734
56.6524
55.5778
54.8819
52.8947
53.408
47.7019
53.3753
37.2365
76.4071
74.2907
72.4465
70.8125
69.1905
67.6452
66.2112
64.8877
63.6703
62.5539
61.5307
60.5949
59.7407
58.9285
58.1407
57.3556
56.5318
55.7221
54.6606
53.9903
52.0246
52.573
46.9311
52.5969
37.0031
74.3891
72.2284
70.4333
68.8736
67.3317
65.8739
64.5268
63.2828
62.1324
61.0721
60.0933
59.1921
58.3622
57.5662
56.792
56.021
55.2137
54.4276
53.3938
52.7627
50.8402
51.4383
45.8968
51.5725
36.552
71.7793
69.6119
67.8805
66.407
64.9587
63.6004
62.3521
61.199
60.1285
59.1355
58.2138
57.3579
56.5631
55.794
55.044
54.2982
53.5191
52.7688
51.7773
51.2001
49.3415
50.0063
44.5966
50.31
35.8779
68.577
66.4427
64.7921
63.4177
62.0775
60.8307
59.6933
58.6416
57.6629
56.749
55.8957
55.0964
54.3467
53.6152
52.9002
52.1904
51.4514
50.7494
49.815
49.3064
47.5329
48.2829
43.0323
48.8181
34.9919
64.7866
62.729
61.1778
59.9179
58.701
57.5793
56.5641
55.626
54.7495
53.9261
53.1507
52.4177
51.7223
51.0383
50.3681
49.7042
49.0158
48.3725
47.5101
47.0802
45.4212
46.2529
41.2287
47.0083
33.9081
60.3464
58.4178
56.9889
55.8636
54.7902
53.8117
52.9338
52.1251
51.3652
50.6458
49.9607
49.3045
48.674
48.0488
47.435
46.8266
46.1986
45.618
44.843
44.4864
43
43.8476
39.2334
44.575
32.5271
54.5298
52.8021
51.5387
50.5838
49.6924
48.8921
48.1856
47.5375
46.9256
46.3399
45.7756
45.2266
44.6924
44.1575
43.632
43.1128
42.584
42.1066
41.4723
41.2235
39.9897
40.8318
36.8453
41.602
31.1991
47.3906
45.9296
44.8823
44.1317
43.4565
42.8665
42.3615
41.9025
41.4662
41.042
40.6256
40.2112
39.8014
39.3862
38.9799
38.5836
38.1915
37.8589
37.4079
37.3138
36.3694
37.2865
33.9499
38.496
29.5501
39.7918
38.6268
37.8224
37.286
36.8328
36.4602
36.1605
35.8939
35.6356
35.3758
35.1103
34.8352
34.5567
34.2706
33.9948
33.7338
33.4893
33.3134
33.0526
33.1353
32.475
33.5405
30.7337
35.2737
27.2132
32.0042
31.142
30.5881
30.2632
30.0243
29.862
29.7595
29.6765
29.589
29.4878
29.3702
29.2346
29.0913
28.9409
28.8041
28.6887
28.6025
28.5954
28.5349
28.8078
28.438
29.6697
27.374
31.9303
24.6856
24.2982
23.7249
23.413
23.2845
23.2398
23.2681
23.3447
23.4274
23.4957
23.5416
23.5646
23.5656
23.5584
23.5475
23.5557
23.5938
23.6738
23.8435
23.9897
24.4585
24.3805
25.7773
23.9902
28.5356
22.1267
16.9958
16.6791
16.5824
16.6177
16.7333
16.921
17.1472
17.3685
17.5696
17.7445
17.8954
18.0246
18.1496
18.277
18.431
18.6242
18.8719
19.2184
19.5689
20.2289
20.4332
21.9823
20.685
25.1893
19.5985
10.4581
10.3369
10.4064
10.5743
10.8086
11.1141
11.4483
11.7713
12.0735
12.3521
12.6106
12.8525
13.098
13.3542
13.6461
13.9869
14.3932
14.9055
15.4455
16.2795
16.741
18.4172
17.5703
21.9975
17.1722
5.12292
5.13724
5.30584
5.52327
5.81921
6.18497
6.5782
6.95504
7.32065
7.66833
8.00428
8.33308
8.67587
9.03986
9.44881
9.91586
10.4577
11.1097
11.8091
12.7837
13.4609
15.2227
14.7675
19.0711
14.9309
1.45951
1.51093
1.68851
1.91517
2.20435
2.5578
2.9315
3.30405
3.67269
4.03885
4.40813
4.78216
5.18568
5.61974
6.10976
6.66405
7.29978
8.04747
8.85774
9.92146
10.7531
12.5427
12.4005
16.5203
12.9604
0.0442022
0.0103025
0.0778353
0.21
0.404234
0.650765
0.925333
1.21383
1.51998
1.83958
2.18157
2.54645
2.95055
3.39931
3.90869
4.48975
5.15802
5.93623
6.78856
7.86995
8.77628
10.5186
10.5919
14.4592
11.3485
1.55628
1.27054
1.05888
0.97046
0.94471
0.959147
1.0173
1.12147
1.27041
1.45943
1.69045
1.96543
2.29205
2.67331
3.12165
3.64652
4.2591
4.98147
5.78466
6.79399
7.67513
9.28095
9.45561
12.9908
10.1795
6.76542
6.00705
5.2864
4.80356
4.39522
4.01563
3.71289
3.50236
3.37115
3.31067
3.31577
3.38523
3.52073
3.72293
3.99921
4.35866
4.80712
5.36479
6.0087
6.83987
7.58297
8.95279
9.10382
12.223
9.54712
16.42
14.8923
13.3717
12.2809
11.2903
10.3178
9.48824
8.80356
8.23876
7.77386
7.39674
7.10459
6.89826
6.7743
6.73862
6.79789
6.95245
7.22111
7.58168
8.11973
8.60108
9.63282
9.62943
12.2446
9.54122
30.7995
28.2173
25.6119
23.7106
21.9279
20.1775
18.6161
17.2581
16.0698
15.0152
14.0731
13.2458
12.536
11.9201
11.4145
11.0249
10.7486
10.601
10.552
10.6876
10.783
11.3908
11.0963
13.1443
10.2412
49.2742
45.4257
41.5032
38.6969
35.9625
33.2539
30.7807
28.573
26.6293
24.8078
23.1164
21.5854
20.2103
18.973
17.8659
16.9078
16.0774
15.4142
14.8437
14.5006
14.1009
14.2463
13.5032
14.9978
11.6266
69.2987
64.1524
58.8669
55.2226
51.4588
47.8375
44.3177
41.1566
38.3153
35.7054
33.2666
31.016
28.941
27.0496
25.3021
23.7499
22.3303
21.1392
20.0194
19.2039
18.275
18.0125
16.724
17.8311
13.721
87.7721
81.3061
74.807
70.7381
65.8627
61.1058
56.8587
52.9795
49.3962
46.1062
43.0123
40.1328
37.441
34.9908
32.6927
30.6474
28.7243
27.1089
25.5219
24.3431
22.9639
22.4243
20.6137
21.5917
16.7317
103.206
95.5874
87.8307
83.1737
77.5951
72.1126
67.3555
62.9793
58.8584
55.0766
51.5105
48.1934
45.0605
42.2231
39.5375
37.1715
34.9052
33.0373
31.1341
29.7611
28.088
27.4328
25.2934
26.2835
20.8637
115.29
105.971
97.5349
92.2419
86.3477
80.5406
75.5243
70.8829
66.4581
62.3982
58.556
55.0087
51.6423
48.6296
45.7644
43.2849
40.8798
38.9711
36.9579
35.6052
33.8498
33.2664
31.0604
32.2583
26.5445
124.655
112.92
104.084
98.8104
92.7827
86.8418
81.7282
76.9891
72.4543
68.321
64.4005
60.8355
57.4529
54.491
51.681
49.3156
47.012
45.2958
43.3855
42.2845
40.6938
40.5
38.5086
40.1955
34.6028
132.326
117.761
108.827
103.695
97.6338
91.6738
86.58
81.8845
77.4167
73.4114
69.6235
66.2662
63.1028
60.4325
57.9354
55.943
53.9707
52.7166
51.2374
50.7227
49.6504
50.0772
48.7431
51.4055
46.4822
140.156
122.481
112.899
107.802
101.745
95.8436
90.8652
86.3636
82.1474
78.4888
75.0738
72.1814
69.517
67.4144
65.5177
64.1491
62.9347
62.4317
61.7984
62.1506
62.0965
63.7096
63.6005
68.0104
64.6186
148.944
127.952
117.149
111.914
105.89
100.156
95.4492
91.3604
87.6619
84.6412
81.9278
79.8276
77.9632
76.7988
75.9189
75.6319
75.5164
76.2513
77.0073
78.8811
80.5582
84.1457
86.1941
93.5392
93.1052
159.989
135.081
122.493
116.914
110.973
105.658
101.531
98.2246
95.4457
93.4748
91.8644
91.0342
90.5445
90.7642
91.4292
92.7859
94.4905
97.2233
100.218
104.572
109.136
116.023
121.563
133.9
138.562
174.758
144.956
129.932
123.902
118.375
113.974
111.008
109.077
107.821
107.569
107.815
108.863
110.436
112.872
115.969
119.941
124.538
130.466
137.157
145.445
154.68
166.826
178.114
198.595
212.042
195.06
158.739
141.151
135.028
130.77
128.262
127.415
127.958
129.241
131.674
134.814
138.922
143.794
149.74
156.756
164.836
174.134
185.157
197.618
212.5
228.966
250.004
270.295
303.827
331.654
225.114
179.812
160.002
155.645
154.518
155.768
158.794
163.449
169.061
175.971
183.902
192.888
203.086
214.775
228.01
243.007
259.799
279.202
301.031
326.395
354.682
389.598
424.898
477.823
530.667
277.18
219.259
200.604
202.892
208.967
217.526
227.657
239.674
252.767
267.591
283.528
301.11
320.259
341.757
365.715
392.339
421.83
455.304
492.831
535.837
584.058
641.957
703.595
786.582
887.866
461.959
376.501
377.829
411.299
443.182
477.115
513.626
552.105
592.339
635.735
681.587
731.641
785.856
845.815
910.885
982.467
1060.97
1148.45
1246.57
1357.04
1482.93
1628.58
1792.77
1993.68
2263.17
0
0
0
0
0
0
0
0
0
0
0
0
0
0
0
0
0
0
0
0
0
0
0
0
0
)
;


// ************************************************************************* //
