/*--------------------------------*- C++ -*----------------------------------*\
  =========                 |
  \\      /  F ield         | OpenFOAM: The Open Source CFD Toolbox
   \\    /   O peration     | Website:  https://openfoam.org
    \\  /    A nd           | Version:  11
     \\/     M anipulation  |
\*---------------------------------------------------------------------------*/
FoamFile
{
    format      ascii;
    class       volScalarField;
    location    "1.7";
    object      gradTy;
}
// * * * * * * * * * * * * * * * * * * * * * * * * * * * * * * * * * * * * * //

dimensions      [0 -1 0 1 0 0 0];

internalField   nonuniform List<scalar> 
5712
(
12034.4
6941.05
19480.9
12790.6
21277.6
15769.6
33338.4
41429.4
43867.4
53788.4
28398.6
24706.8
18031.1
14315.2
9062.26
6133.32
20106.8
20464.4
17364.8
20343.1
27162.4
24136
31444.5
25332.5
8465.19
6064.05
4767.52
3548.83
10100.7
8209.78
6151.33
4988.79
18535.1
19159.9
18854.6
15779.1
14580.2
11479
11509.7
13095.8
18531.4
18470
39019.5
40368.4
27542.8
28409.6
15843.8
13360.6
17187.2
12239.2
7994.85
8228.75
6611.07
9414.3
3463.57
4220.81
9050.68
12587.9
5405.26
6356.18
9983.52
17038.6
6937.85
11464
2638.19
6799.42
2195.16
5065.58
17993.1
22262
18654
22222.1
21978.8
22159.3
22472.1
21931
15931.1
21632.4
16299.2
21332
18413.4
22100.4
18428.6
22066.2
22710.8
21684.1
22661.1
21495.3
14745.8
21741
14249.9
21829.1
18157.5
21467.8
22924.4
32210.4
19240.1
24873.5
22728.9
35090.5
17211.8
18858.4
23006.4
30914.8
17030.7
17629.4
23252.3
30658.7
5590.99
7363.57
14302.3
25161.4
6900.41
7888.61
18342.5
28492.2
8539.69
8641.07
23149.8
31606.6
24826.2
26436.4
21216.5
20698.5
30428.4
26555.4
25247
21619.1
18899
34909.4
24230.8
24071
21628.2
21774.4
39705.1
2138.33
2575.21
4614.29
10681.9
3025.12
3446.5
6328.56
11886.9
4481.35
3802.4
8554.12
13519.5
26161.2
25622.3
23730.3
23126.7
20565.7
18628.6
15672.5
13767.9
11197.7
15744.8
23885.6
22886.1
24226.5
23668.3
21227.5
19766.3
17736.4
15831.8
11907.8
15821.7
24089.1
27071.2
24049
27782.3
23155.3
23893.8
22636.4
24116.6
22057.6
22415.8
21868.7
21746.7
23872.8
27916.5
23777.1
27906
21993.2
24441.3
21825
24400.2
22143.4
22365
22145.7
22358.3
18675.7
17746.5
12078.5
13479
18557.7
17293.7
11906.2
13574.3
18927
17684.1
12336.1
13513.5
19003.4
17502.9
12718
13513.6
1718.02
1140.34
780.558
983.032
659.898
612.924
2398.33
1394.55
1040.38
1926.58
1525.55
1297.95
2749.12
2222.88
2202.63
3375.87
2717.28
2418.18
24172.1
21506.6
19688.7
22368.1
20453
18979.6
16124.6
14756.3
13999.6
11069
9424.88
8718.14
5158.68
3724.43
3119.48
21935
19989.9
18410.9
22674.1
20331.4
18572
16913.7
14266.4
12779.5
11110.4
8706.4
7720.23
5477.08
3698.42
2930.67
27457.6
26788
29975.9
26822.3
30858.6
26823.6
37351.3
28319.2
21214.1
21456.7
20976
19416.8
23808.9
22346.6
23421.2
19963.4
23193.7
22963.6
21341
22757.3
28306.8
25505.3
28301.9
28766.9
30809.7
31900.1
23546.2
24460.4
21073.8
20470.5
25583.2
26271.4
16557
8967.26
15515.7
9920.55
16810.2
9049.55
15485.2
9862.44
16586.4
9095.21
15449.9
10276.3
15046.2
10749.7
15238.7
10661.4
21351
18181.8
21291.5
18193.8
23619.6
21272
23925.2
21104.8
20820
15155.2
21654.2
14925.3
21806.1
18130.3
22102.7
17933.3
24588.7
20958.9
24629
20702.2
20657.5
15218.3
20616.7
15129.4
13642.3
9135.23
11993.1
7773.01
12682.6
8187.83
11506.5
7268.46
13998
9703.93
12198.3
8009.59
14026.5
10048.1
12171.4
8068.08
2606.77
1367.39
4807.6
2630.54
2780.73
1674.02
5121.14
3138.06
3417.91
2519.85
5667.22
4086.83
13127.5
20373.2
9472.12
9097.76
6543.15
19904.1
13826.7
8107.82
8159.65
5399.58
20764.8
16308.8
12949.5
10089.1
6382.81
736.542
551.053
1543.9
1153.1
1034.68
711.383
2144.99
1712.04
1784.62
1365.09
3081.74
2511.12
20125.4
19324.8
13593.4
12905.5
8820.09
8785.31
7430.55
6733.81
4621.01
3784.15
18927.2
17084
14624.4
12719
11360.8
9973.13
8650.52
7705.63
5629.94
5477.59
15035.7
12048.1
15153.8
11791.7
18141.5
14961.9
18136
14799
12647
10143.4
12253.9
10154.4
15175
11628.6
15087.3
11615.8
18085.4
15105.9
17920.9
15070.6
12885.9
10000.5
12866.6
10133.8
9851.49
8232.5
6619.36
6848.62
9483.18
8037.44
6318.19
6481.64
10274
8400.6
6789.41
7243.48
10515.2
8399.82
7051.6
7347.31
1655.33
1448.92
1196.71
7096.34
3798.93
3101.72
1614.37
1582.59
1401.34
7734.01
4513.26
3819.03
2228.36
2481.93
2535.23
8607.46
5683.08
5047.86
17963.5
16559.6
15586.5
12211
11668
11337.2
8852.02
8616.77
8544.86
7527.12
7188.08
6965.84
9864.84
7053.43
6347.68
15364.1
13931.7
12989.1
11357
10389.4
9846.04
9371.45
8553.89
8102.13
8925.81
7814.82
7180.48
12032.9
7970.9
7117.39
4972.25
3100.69
2127.61
1662.23
5586.56
3362.78
2242.62
1703.83
4999.05
3099.07
2132.86
1673.64
5708.1
3432.53
2290.53
1729.45
4989.64
3069.8
2145.9
1677.56
5825.49
3477.72
2350.55
1745.63
6266.58
3679.6
2391.17
1794.74
6451.64
3820.45
2460.64
1854.94
5317.2
3267.14
2235.25
1704.9
4375.06
2878.22
2055.83
1635.73
4676.19
2965.18
2091.54
1597.98
4035.65
2716.06
1975.5
1573.5
5748.4
3495.78
2334.71
1773.38
4579.31
2997
2106.62
1684.03
5992.11
3651.89
2407.55
1826.97
4670.34
3082.55
2151.25
1716.34
3770
2669.22
1944.02
1579.64
2479.94
2155.37
1720.45
1485.51
3783.16
2658.09
1942.48
1576.84
2588.87
2185.33
1731.15
1493.78
3877.45
2659.25
1957.22
1588.7
2916.47
2282.16
1770.3
1529.7
3838.45
2599.11
1926.6
1621.72
3200.26
2351.04
1822.2
1525.97
3583.02
2527.65
1885.13
1550.73
1195.81
1740.58
1377.51
418.268
-220.616
1511.49
1240.75
437.666
1428.46
1817.98
1409.22
441.06
62.3304
1597.22
1267.86
446.982
1867.38
1955.49
1455.8
439.682
546.309
1742.62
1306.93
452.002
2408.88
2120.52
1527.54
477.072
1069.49
1905.52
1364.52
471.363
2774.86
2273.49
1617.11
553.663
1229.49
2031.5
1418.43
488.373
2966.14
2444.76
1656.36
528.328
968.918
2171.38
1519.8
518.644
2890.57
2369.02
1626.78
528.247
921.498
2106.61
1468.25
500.723
2994.01
2498.5
1676.97
493.848
922.884
2226.61
1552.97
521.737
3056.73
2554.32
1720.08
503.893
1024.94
2285.39
1593.44
534.208
1415.58
1029.08
679.772
383.186
123.439
1400.93
1027.12
680.333
383.729
123.622
1433.39
1037.89
683.929
385.066
123.981
1423.87
1038.41
685.878
386.289
124.367
1468.65
1050.43
689.305
387.437
124.663
1453.12
1051.76
692.369
389.293
125.243
1473.86
1066.84
700.883
393.462
126.482
1508.53
1088.4
712.949
399.389
128.248
1504.28
1065.44
696.987
391.076
125.732
1604.53
1083.6
702.08
392.928
126.234
1511.5
1061.52
693.3
389.077
125.124
1602.24
1077.01
697.995
390.896
125.626
1517.81
1078.71
704.614
394.833
126.852
1634.04
1096.45
709
396.306
127.239
1552.94
1099.66
715.957
400.349
128.491
1671.29
1115.14
718.809
401.057
128.651
1453.84
1034.22
679.708
382.748
123.277
1527.24
1040.06
679.853
382.497
123.18
1470.7
1041.19
682.822
384.127
123.672
1540.71
1045.33
682.239
383.558
123.484
1505.4
1052.88
687.716
386.281
124.29
1570.47
1054.96
686.482
385.461
124.032
1560.83
1066.2
692.646
388.385
124.89
1606.14
1065.31
691.3
387.665
124.671
1613.14
1073.04
695.421
389.618
125.244
10568.6
16315.6
11031.1
16564.2
11696.2
16861.7
12103.1
16993.3
11522.1
16223
10557.6
11914.6
10608.5
12561.1
10595.6
11775.5
10770.4
11902
9392.83
1610.53
344.676
77.4374
13.731
10457.4
2979.61
724.414
164.606
29.1751
9458.74
1593.38
338.658
75.815
13.4091
10512.3
2958.69
716.835
162.149
28.4983
9492.66
1578.15
332.768
74.2035
13.0997
10524.4
2932.57
707.038
159.403
27.9809
9340.85
1520.38
317.88
70.7347
12.4827
10334.6
2854.55
686.039
154.466
27.0934
8792.09
1395
291.149
65.0088
11.5014
9724.98
2691.88
649.26
146.644
25.765
7726.06
1274.76
274.822
62.394
11.1278
7912.77
2300.36
569.948
130.939
23.2362
8046.11
1306.38
278.315
62.7823
11.1592
8442.99
2449.97
601.548
137.069
24.1904
7594.53
1265.02
273.957
62.3443
11.13
7722.02
2230.74
553.126
127.479
22.6877
7553.8
1252.99
271.099
61.7128
11.0075
7714.77
2211.92
546.937
126.333
22.4468
34306
48791.1
47644.6
33260.1
19514
20552.8
28787.5
30114.1
22594
25361.9
35987.1
49200.1
45531.7
60412.2
29704.7
33899.7
23274.3
24893.4
12622.8
13851.4
4866.91
3172.93
750.868
561.212
634.846
550.084
685.566
4697.41
4570.45
2725.84
3801.69
3599.9
1530.49
2152.02
1923.95
1246.08
1444.31
1169.65
4250.33
2230.9
1370.13
1205.86
1566.68
1348.57
1037.51
969.644
896.645
780.309
1089.38
978.312
4478.46
2665.72
3073.09
1908.98
1546.27
2224.11
1057.2
807.136
1169.8
9805.02
9724.06
9745.08
10733.4
17250.1
6963.49
7859.93
8457.59
9353.94
10774.9
1966.91
2792.48
3410.03
3825.22
4038.29
1483.02
2132.11
2629.49
2965.44
3135.44
1675.55
2403.32
2955.54
3324.1
3508.61
1455.52
2096.12
2587.69
2918.76
3085.36
1804.18
2577.34
3160.07
3549.27
3745.4
9790.89
9931.77
9644.63
10047
15367.6
9504.31
9473.56
9036.66
9106.64
10272.6
6212.88
7260.91
7727.25
8156.17
8729.29
8144.24
8430.06
8098.56
7941.13
8079.49
7710.31
8058.23
7726.64
7454.82
7408.58
3791.31
4962.45
5670.58
6104.84
6344.1
5078.23
6207.61
6750.1
7080.32
7322.07
4603.17
5725.23
6269.48
6543.45
6683.69
3159.13
4269.96
4993.99
5437.82
5660.45
3595.7
4733.36
5416.16
5810.2
6003.76
2984.99
4070.46
4789.12
5226.86
5439.86
9030.18
9471.03
9468.93
10119.7
15667.7
5260.64
6469.7
7167.16
7759.59
8381.02
3446.52
4613.65
5373.34
5864.91
6141.04
3069.02
4180.62
4941.74
5446.58
5726.26
3877.23
5087.17
5867.7
6418.53
6792.47
3401.26
4581.51
5387.57
5949.5
6289.9
2670.86
3702.2
4445.09
4952.55
5231.05
2511.83
3507.8
4225.24
4701.21
4948.89
2335.33
3282.57
3964.33
4403.46
4620.72
2044.67
2901.04
3533.81
3949.55
4157.14
2798.29
3856.22
4585.66
5050.89
5287.59
2532.23
3530.18
4241.55
4706
4943.85
9248.99
9453.5
9528.05
10423.7
16537
6043.12
7117.04
7818.5
8644.12
9739.62
7076.44
8172
8648.28
9457
11362.1
4614.69
5896.42
6747.9
7463.26
8072.73
3844.36
5086.5
5927.34
6553.64
6982.44
5252.7
6494.06
7254.98
7943.46
8669.92
2720.11
3765.29
4511.27
5014.54
5287.5
2109.71
2983.99
3629.01
4056.54
4273.52
2985.9
4086.37
4852.85
5369.44
5657.43
18979.8
12625.1
19535.6
13979.9
25263
36256.7
26435.4
36105.2
20058.7
21170.7
17238.4
20490.9
22703.1
21520
29034
23697
14688.7
13814.2
7196.84
6175.3
15991.6
14688.4
8257.62
6768.06
19803.9
21370.7
20242.8
18421
20699.8
13628.2
11344.5
13074.9
18499.6
18458.9
38561
40287.3
26848.3
28227.3
16498.6
13504
17954.2
12380.5
8716.47
8405.16
14609.7
16222
6106.16
6680.67
16048.8
18384.6
7604.68
8422.03
15261
21443
8853.43
13710.3
3085.24
7574.38
2285.31
5216.94
18618.5
21243.6
18565.6
21632.6
20198
20442.8
21326.5
20978.2
17036.4
21536.9
19339.9
21236.6
18258.3
21785.9
18364
21964.3
22126.8
21200.6
22490.6
21346.2
15086
21664.5
14308.4
21796.8
19125.8
22752.2
23197.8
32526.5
20857.2
26998.9
23294.2
35733.7
17655.6
19481.7
23114
31055.4
17145.6
17803.1
23274
30695.6
20053.1
21644.8
25261.5
37565.6
20137.7
20579.1
27017.9
38028.2
19785.2
19411.6
29036.8
37663.3
18812.4
19566.5
20257.9
21733.1
32975.7
18780.4
17654.9
21596.3
19824.4
37760.3
19594.7
20571.2
20562.3
22505.8
40754.8
11834.9
10780.5
11091.9
14446.4
12960.5
11825.8
11484.9
14829.9
14277.7
12321.3
12000.4
15133.3
18140.6
17333.7
17134.1
16573.7
19968.4
18558.3
16582.4
14865.1
12554.5
15770
19193
18859.1
20472
20509.1
19790.6
18551.1
18095
16027.2
12350.7
15226.5
22312
25060.2
23165.8
26711.2
20956.3
21793.4
21592.1
23089
21599.6
21806
21071.5
20768.4
23445.4
27403.4
23647.9
27754.2
21509.3
23947.4
21682.2
24256.7
21896.8
22055.3
22067.9
22266.4
18584.9
17515.9
12137.7
13395.5
18529.4
17043.4
12121.5
13480
18852.1
17546.8
12343.7
13458.6
18974.7
17458.2
12715.4
13493.1
9835.91
9988.8
4261.24
3913.07
10970.7
10598.7
4773.13
4557.47
10677.6
9966.69
5425.24
5223.98
16962.4
16362.8
16689.2
16687.2
16777.4
16186.2
12718.2
11316.9
6410.16
5261.18
19015.5
18134.5
20508
19597.5
16425.7
15126.5
11896
10141
5884.56
4380.2
22484.8
21299.8
27717.2
24108.8
25139.3
22320.8
34611
25977.4
20531.2
16876.6
22440.6
17758.6
20394.8
17157
22535
17995.1
21048.5
18571.8
18977.7
17571.2
21442.3
22827.1
26950.5
28358.9
29693.3
31580.6
22216
23995.7
20011
20167.8
24054.9
25758.2
13740
10167.4
14213.9
10403.3
14022.1
10082.2
14413
10259.6
13920.2
9933.7
14353.9
10461.2
14407.7
10777.9
15028.8
10663.4
17470.9
16890.2
19369.9
17397.5
20095.7
19201.7
22065.6
19960.1
18998.5
14855.7
17986.2
14642.1
20857.1
17708
21821.7
17805.6
23691.5
20385.2
24370.7
20529.6
19754.6
15029.9
20352.7
15070.7
13233.7
9541.77
12191.7
8150.99
12623.7
9241.83
12101.4
8068.48
13682.6
9851.47
12258.4
8185.65
13916.1
10082.7
12186.3
8125
13172.5
13233.8
9544.01
8802.14
13304.9
13345.4
9400.03
8730.19
13246.9
12826.3
9169.98
8632.99
15391.6
18224.8
16154.9
12014.8
8902.82
16884.5
15740.7
17524.9
12012.3
8601.34
18627.8
16428.8
14522.8
12177.1
7991.07
13642.1
14554.1
8689.4
9248.73
13519
14197.5
8618.63
9133.27
12643.2
12941.9
8268
8329.2
16638.1
15659
14956.2
14265.8
15454.2
15710
12030.9
12626.6
8041.42
7811.98
16847.7
15325
15086.6
13634.3
13505.3
12740.4
11419.1
11238.8
7442.38
7777.65
14782.7
12476
14871.4
11932.9
16840.6
14171.5
17386.5
14380
12816.7
10701.1
12888.3
11437.6
14993.1
11684.5
15030.4
11629.8
17710.6
14897.7
17809.3
15010.9
12906.3
10237
12859.6
10192.7
10343.3
9008.94
7107.91
7569.39
10614.2
9671.63
7285.11
7932.94
10468.2
8741.79
7016.13
7624.33
10569.7
8498.14
7127.67
7466.11
17027.6
16931.7
22714.3
19245.4
16396.6
16398.6
21795.6
18409.5
14432.5
14949.8
20027.8
17118.4
15064.5
14473.2
13734.3
13453.1
15727.4
16041.1
14318.3
14188.7
18380.7
15639.5
14182
13403.9
12818.1
12544.9
12901
13121.6
13609.1
13223.3
17861.3
14293.9
6424.85
4052.85
2686.88
2023.45
6658.3
4176.85
2757.35
2042.06
6315.52
3983.25
2643.96
2002.42
6602.1
4136.14
2735.7
2023.68
6116.86
3847.69
2594.84
1965.85
6519.78
4044.15
2723.32
1994.49
6669.98
4035.19
2641.2
1968.91
6586.29
3943.97
2545.23
1915.49
5906.13
3716.02
2540.51
1922.36
4776.36
3201.19
2274.01
1799.76
5607.55
3604.75
2489.89
1865.09
4692.13
3212.35
2267.8
1771.18
6072.39
3763.51
2525.92
1912.62
4795.84
3179.56
2242.86
1794.75
6092.45
3741.44
2473.13
1875.57
4738.59
3142.03
2197.67
1754.33
5940.48
3819.09
2562.25
1967.41
5145.13
3475.04
2396.99
1899.27
5795.82
3746.96
2522.55
1938.58
5046.16
3433.89
2374.25
1889.08
5593.56
3630.27
2479.05
1916.86
4973.44
3379.85
2348.16
1885.16
5160.5
3415.74
2375.16
1909.56
4805.87
3289.93
2313.91
1815.91
4556.79
3199.21
2248.7
1774.09
3987.29
3124.24
2009.56
571.12
2210.92
2901.07
1885.72
620.269
4018.75
3122.04
2011.43
590.946
2354.46
2903.02
1883.46
622.741
4077.34
3101.69
1989.39
565.487
2553.88
2889.28
1859.17
608.865
4032.37
3051.8
1996.54
594.107
2565.39
2845.07
1841.15
609.205
3773.47
2952.54
1997.13
666.714
2084.23
2741.09
1807.49
605.596
3276.29
2733.29
1881.19
608.988
1142.14
2479.32
1725.89
588.495
3454.84
2827.13
1933.82
626.832
1321.06
2592.47
1760.93
593.406
3149.22
2657.07
1812.9
544.412
989.816
2394.18
1673.45
564.143
3101.85
2604.88
1764.94
520.949
1039.34
2337.77
1632.36
548.13
1674.54
1179.54
761.007
422.466
135.08
1637.68
1169.87
758.339
421.598
134.857
1673.29
1175.14
757.946
420.855
134.589
1632.64
1163.05
753.924
419.328
134.171
1687.41
1171.57
754.335
418.854
133.973
1629.35
1155.07
748.66
416.618
133.352
1594.86
1138.51
740.103
412.537
132.147
1552.99
1115.4
727.806
406.63
130.4
1665.7
1158.87
747.318
415.431
132.955
1757.55
1166.75
746.304
414.262
132.556
1716.56
1172.51
752.425
417.594
133.572
1799.51
1176.96
750.746
416.286
133.145
1624.38
1142.77
739.388
411.704
131.859
1733.17
1152.77
739.179
410.906
131.569
1589.82
1121.84
728.063
406.236
130.24
1705.32
1134.74
729.367
406.176
130.17
1747.45
1193.76
764.193
423.369
135.297
1867.34
1206.62
766.43
423.946
135.433
1750.94
1191.08
762.067
422.222
134.946
1868.43
1204.21
764.75
423.062
135.163
1765.92
1187.58
758.686
420.39
134.385
1874.41
1199.55
761.522
421.404
134.661
1804.79
1186.47
755.654
418.646
133.846
1883.49
1192.54
757.479
419.401
134.06
1845.98
1183.86
753.524
417.536
133.508
12330.7
16281.8
12387
16280.8
12507.6
16260.2
12274.6
16034.9
11436.2
15209
10529.1
11804.3
10591.2
12326.7
10573.3
11719.9
10762.3
11885.2
9564.46
1598.33
337.656
75.4017
13.3309
10298.6
2926.66
708.054
160.24
28.3284
9517.41
1570.95
330.618
73.6889
13.0057
10246.3
2888.41
698.137
157.528
27.639
9380.95
1540.45
323.233
71.9483
12.6914
10114.2
2839
685.324
154.473
27.103
9093.48
1473.5
307.895
68.5387
12.0983
9836.73
2748.22
663.105
149.532
26.2423
8547.62
1354.4
282.801
63.1922
11.1853
9280.88
2596.17
628.634
142.24
25.0121
7651.49
1260.09
271.219
61.519
10.9672
7815.71
2266.36
560.787
128.748
22.841
7914.7
1281.21
272.526
61.4483
10.9213
8247.48
2389.06
586.602
133.705
23.604
7555.5
1257.29
271.996
61.8523
11.0378
7675.23
2213.96
548.365
126.291
22.4672
7541.62
1250.57
270.477
61.5546
10.9775
7700.61
2206.91
545.486
125.961
22.3767
33867.7
48528.4
46684.6
31926.4
24855.1
29737.5
24001.6
29612.9
27944.6
44602.6
29667.1
45702
140.706
155.322
187.758
240.82
319.382
429.618
152.803
168.022
201.649
256.124
335.088
443.114
131.632
127.181
146.993
143.983
181.206
181.607
237.685
244.95
320.391
336.814
430.599
449.04
579.482
778.184
1045.63
1411.42
1839.62
2148.65
585.209
765.579
987.294
1242.08
1489.42
1650.55
376.353
551.327
691.829
789.891
840.232
415.237
607.787
762.045
869.492
924.579
501.482
732.924
917.581
1045.76
1111.33
642.29
936.6
1170.02
1331.28
1413.54
849.999
1235.36
1538.43
1746.53
1852.36
1139.57
1647.84
2042.9
2312.2
2448.87
408.572
598.193
750.221
856.191
910.548
448.983
656.701
822.788
938.295
997.458
538.227
785.812
982.838
1119.34
1189.1
682.464
993.749
1239.81
1409.44
1495.9
890.686
1292.1
1606.58
1822.12
1931.73
1173.68
1693.68
2096.37
2370.7
2510.15
352.17
516.104
647.882
739.942
787.231
340.304
498.808
626.288
715.388
761.171
393.083
575.621
722.035
824.122
876.493
385.08
564.004
707.589
807.745
859.138
484.154
707.988
886.823
1011.09
1074.7
485.274
709.733
889.131
1013.82
1077.65
634.21
925.437
1156.77
1316.73
1398.36
653.619
953.796
1192.22
1357.05
1441.14
853.168
1240.98
1546.46
1756.31
1863
896.839
1304.3
1624.99
1845.04
1956.8
1143.21
1655.15
2053.76
2325.36
2462.92
1192.3
1726.31
2141.69
2424.12
2566.84
1528.74
2192.95
2700.68
3044.49
3219.5
2034.73
2882.28
3515.88
3944.73
4167.24
2694.02
3740.46
4500.28
5023.63
5311.67
3549.4
4774.65
5634.1
6263.19
6662.59
4475.73
5773
6655.85
7383.27
7959.55
5116.3
6420.67
7296.29
8090.56
8811.25
1542.13
2208.83
2717.5
3062.41
3238.56
2002.65
2838.72
3465.03
3889.72
4110.03
2556.13
3572.28
4317.3
4827.54
5101.98
3172.7
4354.81
5202.1
5797.77
6139.93
3749.33
5049.49
5963.92
6633.09
7051.64
4116.83
5479.56
6429.46
7146.67
7621.54
142.689
161.466
198.638
257.397
342.96
461.69
154.888
174.44
212.875
272.874
358.113
472.814
133.606
129.209
153.15
150.35
192.265
193.193
254.904
263.381
345.411
363.605
466.293
488.647
620.096
823.973
1090.24
1445.28
1857.6
2153.71
620.774
804.218
1024.34
1271.89
1507.98
1656.72
381.693
559.232
701.855
801.44
852.578
431.784
632.301
793.169
905.37
962.948
530.82
776.477
972.992
1109.74
1179.82
687.085
1003.33
1255.22
1429.93
1519.31
913.931
1331.12
1661.39
1889.54
2006.07
1227
1779.9
2213.84
2512.31
2664.72
414.19
606.522
760.805
868.4
923.61
466.288
682.386
855.46
976.016
1037.83
568.535
830.894
1040.31
1185.82
1260.33
727.782
1061.4
1326.36
1509.83
1603.64
953.191
1385.9
1727.23
1962.64
2082.89
1254.7
1816.18
2255.1
2556.67
2710.86
357.48
523.955
657.827
751.386
799.458
345.756
506.864
636.487
727.118
773.699
409.652
600.139
753.125
859.926
914.763
402.207
589.335
739.693
844.699
898.628
513.953
752.176
942.979
1075.87
1144.01
516.489
756.01
947.924
1081.63
1150.19
680.713
994.656
1245.07
1418.91
1507.87
703.412
1027.94
1286.85
1466.59
1558.56
921.018
1342.64
1677
1908.16
2026.21
969.611
1413.61
1765.71
2009.06
2133.28
1240.55
1802.3
2244.36
2548.58
2703.74
1300.48
1890.25
2354.58
2673.96
2836.68
1640.42
2363.91
2924.77
3309.4
3506.78
2162.51
3082.06
3782.79
4264.86
4517.25
2822
3947.97
4785.97
5374.04
5699.92
3652.32
4952.58
5890.44
6588.45
7031.22
4536.87
5888.59
6830.46
7613.06
8228.09
5135.67
6460.07
7357.68
8173.36
8910.05
1639.84
2358.19
2913.05
3293.4
3488.97
2109.94
3005.32
3686.3
4154
4398.34
2660.72
3738.37
4542.24
5100.24
5402.11
3258.97
4496.09
5398.14
6039.92
6409.58
3804.79
5143.43
6097.34
6800.92
7240.98
4135.71
5512.3
6476.64
7206.71
7689.85
4850.6
3172.23
807.029
607.795
702.125
603.121
748.446
4428.94
4230.64
2709.39
3444.16
1615.84
2178.73
1341.06
1498.85
1248.78
4130.92
2268.1
1459.45
1289.43
1640.63
1417.3
1095.56
1043.94
993.917
866.249
1183.92
1063.59
4431.33
2672.16
3051.91
1940.38
1598.84
2256.3
1125.35
879.034
1245.5
9804.83
9775.47
9842.26
10890.2
17534.4
6977.35
7905.47
8537.72
9471.78
10928.4
2124.04
3039.03
3740.32
4221.95
4472.27
1611.21
2328.52
2887.14
3270.12
3465.88
1861.37
2689.7
3333.38
3772.96
3996.66
1601.33
2319.25
2880.09
3264.29
3459.95
1979.11
2849.63
3522.3
3981.96
4217.16
9687.91
10639.2
11097.9
12198.1
18672.2
9458.56
10607.2
11255.9
12258.1
14148.1
6410.3
7989.63
9051.41
10009.8
10936.4
8174.1
9742.31
10520.7
11343.6
12087.9
4110.28
5614.38
6686.6
7433.72
7857.78
5357.66
7001
8114.11
8940.03
9478.56
3471.22
4850.69
5861.49
6548.53
6912.87
3852.89
5332.76
6399.04
7124.03
7513.68
3250.83
4577.06
5558.28
6220.91
6565.36
8989.46
9878.07
10358.8
11471.9
17855.9
5471.88
6998.12
8058.19
8981.81
9831.71
3739.74
5159.55
6190.72
6914.89
7328.87
3325.61
4629.68
5591.86
6267.21
6647.5
4131.19
5578.05
6618.19
7397.15
7913.48
3615.55
4962.7
5946.13
6661.71
7095.51
2839.59
3980.31
4832.58
5431.31
5763.3
2726.9
3860.52
4714.49
5302.74
5614.83
2613.96
3733.67
4584.06
5160.65
5456.19
2285.59
3280.15
4042.96
4562.15
4827.75
3084.38
4349.3
5291.91
5935.16
6274.56
2781.26
3942.77
4817.54
5416.5
5731.35
9252.12
9618.71
9841.94
10918.3
17425.6
6096.48
7257.36
8055.52
8980.82
10162.9
7141.35
8476.24
9223.39
10308.3
12501.1
4730.36
6130.14
7114.26
7954.66
8652
4014.66
5400.41
6397.78
7164.06
7682.17
5415.63
6887.76
7918
8860.49
9769.58
2919.88
4097.9
4977.84
5592.94
5931.18
2313.2
3308.24
4068.72
4588.84
4857.92
3214.01
4478.03
5413.65
6073.4
6445.94
8365.91
7928.5
7154.34
6034.55
4441.56
1752.43
19271.2
19604.4
22151.3
22887.5
18827.9
19914.4
21129.2
20409.4
15883
19822.6
16529.1
20363.1
18950.2
17058.3
26698.7
18487.2
18675.8
20861.1
21346
17771.8
18843.5
20159.1
19655.9
15794.2
23935.5
16349.1
23756.7
19115.4
20792
28634.2
17588.7
17645.2
19204.4
19435.1
16959.6
18447.6
18847.7
18857.9
18082
21089.8
18844.7
21068.8
20732.7
22882.8
25689.3
16720.1
16796.6
17667.4
17733.5
16442.2
18167.6
17487.4
17780.4
16869.6
18359.3
17601
17860.8
18863.5
20458.9
22078.1
15819.7
15930.8
16596.6
16575.7
16062.7
17935.7
16567
17046.1
15903.5
15054.7
16660
14421.7
17253.7
17103
18113.5
15404.4
15560.5
15876.1
15821.2
15617.3
17150.3
15966.4
16365.2
15126.2
12865.3
15680.1
12578.2
15982.7
14925.1
16315.2
21904.4
21029
23045.5
24247.4
20218.5
20144.6
21413.3
20389.8
19256.8
14259.4
19191.3
14323.9
17024.4
15397.8
18541.2
20603.6
19968.1
21237.4
22030.4
19464.5
19561.9
20147
19287.6
17759.2
13735.6
17725.2
13822.6
15522.9
13825.3
17074.6
18873.9
18493.9
19050.2
19440.2
18194.3
18306.1
18496.9
17969.5
16742.7
13343.8
16522.5
13082.2
14794.8
12567
16613
17184.8
16964.2
17316.9
17496.6
16761.3
16811.6
17113
16691.6
15613.6
13537.9
15493.6
13229.1
14029.1
12488.4
16671.1
16242.4
16093.3
16310.5
16399.7
15771.4
15818
16252.1
15976.8
15219.8
14356.6
15139.5
14203.4
13959
12851.2
16996.9
15565.4
15428.8
15706.7
15764.9
15173.7
15411.2
15628.9
15502.4
15008.3
14866.6
14988.5
14786.1
13944
13270.5
17536.5
11840
6719.57
19473.2
12797.9
21299.5
15756.4
33367.2
41443.5
43919.5
53814.1
28449.8
24707.2
18039.2
14342.3
8791.89
5853.88
20109.9
20466.8
17363.2
20344.1
27175.8
24141.8
31453
25336.9
8291.7
5942.21
4606.94
3441.62
10072.1
8199.68
6149.57
5002.8
18530
19155
18853
15779.4
14575.8
11482.2
11510.6
13097.3
18533
18471.7
39026.6
40373.4
27546.2
28412
15844.7
13362.1
17188.8
12240.6
7996.02
8229.9
6492.81
9267.49
3371.08
4117.82
9052.61
12600.8
5420.2
6373.75
9984.81
17045.1
6944.3
11472.2
2639.62
6802.6
2195.66
5066.8
17994.1
22263.1
18655.4
22223.2
21981.7
22160.8
22474.6
21932.2
15933.1
21633.6
16299.4
21333
18414.6
22101.4
18429.7
22067.1
22712.6
21684.9
22662.2
21495.9
14747.2
21742.3
14251
21830.3
18159.6
21471.8
22926.3
32213.1
19241.7
24877.6
22730.7
35093.6
17213.7
18861.2
23008.2
30917.3
17032.5
17631.8
23254
30661
5503.42
7277.87
14116.7
24960.4
6906.2
7892.51
18358.9
28512.3
8542.32
8643.26
23157.2
31614.3
24826.2
26437.2
21216.1
20699.8
30432.7
26555.9
25246.9
21618.1
18899.7
34914
24231.7
24071.6
21628.8
21776.1
39708.8
2096.21
2543.09
4521.66
10582.2
3029.73
3451.12
6341.14
11897.7
4483.47
3803.6
8558.2
13521.9
26161.3
25622.3
23730.1
23126.6
20564.9
18628.3
15673.4
13768.7
11199.8
15746.3
23885.9
22886.1
24226.8
23668.5
21228
19766.7
17737.6
15832.8
11909.1
15822.7
24089.7
27071.4
24049.6
27782.5
23155.8
23893.9
22636.9
24116.7
22058.4
22416.4
21869.4
21747.3
23873.3
27916.8
23777.5
27906.2
21993.5
24441.3
21825.2
24400.2
22144.1
22365.6
22146.5
22358.8
18676.7
17747.3
12079.3
13479.7
18558.8
17294.5
11907.2
13575.1
18927.9
17684.8
12336.9
13514.2
19004.3
17503.6
12718.7
13514.2
1695.23
1122.9
766.468
978.944
654.583
606.57
2405.83
1398.44
1041.97
1933.42
1529.77
1300.24
2749.66
2223.62
2203.47
3376.88
2718.72
2419.6
24172.2
21506.9
19689.1
22368.4
20453.6
18980.3
16125
14757
14000.5
11069.7
9425.75
8719.12
5159.35
3725.21
3120.23
21935
19990.2
18411.3
22674.3
20331.9
18572.7
16914.2
14267
12780.2
11111
8707.06
7720.94
5477.58
3698.89
2931.09
27462.1
26789.3
29979.1
26823.6
30873.1
26829.3
37364.1
28324.3
21034.6
21402.4
20763.7
19350.6
23777.3
22317.6
23386
19935.2
23188.3
22959
21340.9
22755.4
28289.5
25489.9
28302.9
28767.2
30813.4
31902.2
23544.3
24459.4
21072.9
20469.5
25575.6
26267.8
16561.1
8972.09
15513.1
9927.29
16791
9044.53
15468.9
9858.56
16573.9
9090.48
15439
10271.5
15040.1
10746
15235.5
10659.1
21349.2
18181.4
21290.4
18193.4
23621.6
21272.9
23927.1
21105.4
20814.5
15153.9
21647.1
14923.7
21805.5
18129.9
22102.2
17932.8
24590
20959.2
24629.7
20702.3
20654.2
15217.3
20614.7
15128.5
13639
9132.71
11991.3
7771.69
12679.1
8185.34
11504.5
7267.02
13995.6
9701.81
12196.9
8008.48
14024.8
10046.5
12170.2
8067.16
2593.87
1351.46
4792.8
2612.01
2781.15
1675.05
5121
3138.89
3416.99
2519.68
5665.63
4086.2
13128.1
20374.4
9471.7
9096.17
6541.63
19905
13827
8107.69
8158.47
5398.58
20765.6
16308.7
12948.4
10087.4
6381.56
719.893
531.775
1524.35
1141.62
1035.96
711.195
2145.27
1711.49
1784.86
1365.65
3081.63
2511.47
20125.7
19324.7
13593.2
12905.1
8819.69
8784.77
7429.83
6733.47
4620.44
3784.01
18927.5
17084
14624.2
12718.7
11360.1
9972.63
8649.59
7705.12
5629.12
5477.06
15035.4
12047.8
15153.5
11791.4
18141.9
14961.9
18136.3
14799
12646.3
10142.8
12253.1
10153.8
15174.7
11628.3
15087
11615.4
18085.4
15105.8
17920.8
15070.4
12885.3
9999.96
12866
10133.3
9850.55
8231.85
6618.55
6847.91
9482.13
8036.78
6317.31
6480.93
10273.2
8399.99
6788.7
7242.8
10514.5
8399.26
7050.96
7346.7
1625.78
1424.39
1177.11
7054.63
3762.7
3067.23
1611.97
1581.51
1401.36
7730.84
4513.13
3819.24
2228.92
2482.34
2535.55
8607.41
5683.49
5048.36
17963.4
16559.5
15586.5
12210.6
11667.6
11336.9
8851.4
8616.23
8544.44
7526.86
7187.84
6965.61
9864.36
7053.42
6347.8
15364
13931.6
12989.1
11356.7
10389.2
9845.84
9371.04
8553.6
8101.91
8925.36
7814.57
7180.31
12032
7970.62
7117.29
4972.04
3100.25
2127.25
1661.55
5584.75
3360.81
2241.56
1702.84
4997.82
3098.56
2132.55
1673.49
5707.34
3432.22
2290.33
1729.33
4988.31
3069.29
2145.62
1677.4
5824.13
3477.24
2350.29
1745.48
6265.23
3679.1
2390.92
1794.59
6450.59
3820.01
2460.42
1854.8
5316.11
3266.65
2234.98
1704.75
4374.33
2877.81
2055.58
1635.57
4675.14
2964.69
2091.27
1597.82
4034.9
2715.64
1975.24
1573.34
5747.37
3495.3
2334.46
1773.23
4578.65
2996.62
2106.39
1683.87
5991.26
3651.48
2407.33
1826.82
4669.76
3082.2
2151.04
1716.19
3768.46
2669.19
1944.18
1579.17
2476.99
2154.61
1720.6
1484.77
3782.33
2657.65
1942.19
1576.7
2588.24
2185.01
1730.93
1493.7
3876.55
2658.8
1956.95
1588.56
2915.84
2281.8
1770.07
1529.58
3837.63
2598.68
1926.33
1621.55
3199.6
2350.66
1821.95
1525.82
3582.33
2527.24
1884.88
1550.55
1194.52
1739.89
1377.93
418.348
-220.6
1509.96
1240.3
437.478
1427.91
1817.81
1409.02
441.003
61.7193
1597.21
1267.81
446.973
1866.95
1955.22
1455.61
439.611
546.038
1742.42
1306.79
451.957
2408.41
2120.19
1527.34
477.005
1069.25
1905.24
1364.34
471.305
2774.35
2273.13
1616.88
553.592
1229.24
2031.18
1418.24
488.31
2965.69
2444.42
1656.15
528.27
968.745
2171.07
1519.6
518.582
2890.08
2368.66
1626.56
528.186
921.304
2106.29
1468.05
500.66
2993.62
2498.18
1676.78
493.798
922.745
2226.33
1552.79
521.68
3056.39
2554.04
1719.91
503.848
1024.82
2285.14
1593.27
534.157
1414.43
1028.55
679.551
383.093
123.412
1399.66
1026.47
680.04
383.6
123.585
1433.37
1037.84
683.895
385.05
123.977
1423.81
1038.36
685.846
386.274
124.362
1468.58
1050.37
689.269
387.419
124.657
1453.04
1051.7
692.334
389.276
125.238
1473.77
1066.78
700.846
393.443
126.477
1508.43
1088.34
712.912
399.37
128.242
1504.18
1065.38
696.95
391.057
125.727
1604.4
1083.54
702.041
392.908
126.228
1511.41
1061.46
693.263
389.059
125.118
1602.12
1076.95
697.957
390.876
125.62
1517.71
1078.64
704.576
394.813
126.846
1633.91
1096.38
708.96
396.285
127.233
1552.83
1099.59
715.919
400.329
128.485
1671.16
1115.07
718.77
401.037
128.645
1452.68
1033.77
679.53
382.675
123.256
1526.15
1039.68
679.706
382.436
123.163
1470.71
1041.14
682.788
384.111
123.668
1540.74
1045.28
682.206
383.543
123.48
1505.34
1052.83
687.681
386.264
124.285
1570.42
1054.91
686.447
385.444
124.027
1560.73
1066.14
692.609
388.366
124.884
1606.04
1065.25
691.263
387.646
124.666
1613.02
1072.98
695.383
389.599
125.238
10515.7
16256.2
11033.7
16566.3
11697.9
16862.7
12104.3
16994
11522.9
16223.6
10558.2
11915.3
10609.2
12561.8
10596.2
11776.1
10771
11902.6
9382.5
1600.06
341.948
76.8068
13.6191
10441.9
2973.42
722.6
164.167
29.0943
9455.91
1594.06
338.786
75.835
13.4116
10510.5
2957.99
716.588
162.078
28.4844
9492.01
1578.22
332.778
74.2013
13.0987
10523.9
2932.33
706.946
159.373
27.9745
9340.9
1520.39
317.878
70.7319
12.4818
10334.6
2854.5
686.008
154.454
27.0905
8792.38
1395.04
291.153
65.0085
11.5011
9725.23
2691.92
649.258
146.64
25.7639
7726.46
1274.82
274.834
62.3964
11.1281
7913.16
2300.47
569.971
130.943
23.2369
8046.48
1306.44
278.324
62.7838
11.1593
8443.36
2450.05
601.562
137.071
24.1904
7594.93
1265.08
273.97
62.3472
11.1305
7722.42
2230.85
553.153
127.485
22.6886
7554.22
1253.06
271.113
61.716
11.008
7715.19
2212.04
546.966
126.339
22.4479
34307.3
48796.2
47653.5
33262.6
19221.9
20195.2
28788.4
30105.8
22625
25390.9
36018.6
49228.3
45582
60454
29746.7
33941.2
23244.2
24855.8
12152.8
13316.9
4866.85
3172.86
750.827
561.178
634.809
550.051
685.528
4697.39
4570.42
2725.79
3801.66
3599.88
1530.44
2151.98
1923.91
1246.03
1444.27
1169.61
4250.32
2230.85
1370.08
1205.81
1566.63
1348.52
1037.46
969.598
896.602
780.268
1089.34
978.267
4478.42
2665.66
3073.06
1908.93
1546.21
2224.05
1057.15
807.094
1169.75
9804.81
9723.67
9744.53
10732.6
17248.7
6963.29
7859.6
8457.12
9353.31
10774.1
1966.79
2792.31
3409.8
3824.95
4038
1482.93
2131.97
2629.31
2965.23
3135.22
1675.45
2403.17
2955.35
3323.87
3508.37
1455.43
2095.99
2587.52
2918.56
3085.14
1804.08
2577.18
3159.87
3549.03
3745.14
9790.75
9931.42
9644.08
10046.3
15366.1
9504.16
9473.25
9036.23
9106.08
10271.8
6212.73
7260.64
7726.85
8155.65
8728.65
8144.13
8429.82
8098.25
7940.76
8079.07
7710.23
8058.05
7726.4
7454.56
7408.32
3791.17
4962.23
5670.29
6104.49
6343.71
5078.09
6207.38
6749.78
7079.93
7321.63
4603.05
5725.03
6269.22
6543.13
6683.35
3159
4269.76
4993.72
5437.5
5660.1
3595.57
4733.17
5415.89
5809.89
6003.42
2984.86
4070.27
4788.87
5226.55
5439.53
9030.04
9470.67
9468.37
10118.9
15666.1
5260.48
6469.42
7166.76
7759.06
8380.38
3446.39
4613.43
5373.04
5864.54
6140.64
3068.89
4180.41
4941.45
5446.23
5725.86
3877.08
5086.93
5867.36
6418.1
6791.99
3401.12
4581.28
5387.25
5949.1
6289.45
2670.72
3701.99
4444.81
4952.21
5230.68
2511.7
3507.6
4224.98
4700.9
4948.55
2335.21
3282.39
3964.09
4403.18
4620.42
2044.56
2900.87
3533.59
3949.29
4156.86
2798.17
3856.02
4585.39
5050.57
5287.25
2532.1
3529.99
4241.29
4705.7
4943.52
9248.81
9453.13
9527.49
10422.9
16535.5
6042.93
7116.73
7818.05
8643.51
9738.86
7076.28
8171.67
8647.78
9456.3
11361.2
4614.52
5896.14
6747.5
7462.74
8072.12
3844.2
5086.24
5926.98
6553.19
6981.92
5252.54
6493.77
7254.56
7942.9
8669.25
2719.97
3765.08
4510.99
5014.21
5287.13
2109.6
2983.81
3628.79
4056.27
4273.22
2985.77
4086.15
4852.56
5369.08
5657.03
18945.6
12547.7
19540
14003.8
25249.3
36217.7
26484.7
36182.3
20059
21170.6
17242.5
20491.7
22697.4
21517.5
29020.2
23693.6
14627.8
13749.1
7113.81
6090.69
16000.3
14695.4
8282.96
6798.45
19809.7
21372.9
20242.5
18422
20705.9
13643.4
11345.7
13076.3
18500.5
18460.3
38560.6
40290.4
26847.3
28228.4
16503.2
13506.3
17957.4
12382.3
8721.9
8407.18
14533.8
16122.6
6019.85
6584.64
16056.6
18400.4
7629.33
8445.62
15267.7
21451.9
8866.69
13722.7
3088.56
7579.21
2286.18
5218.48
18619.6
21244.1
18567.5
21633.3
20196.8
20442.1
21325.4
20977.9
17042.2
21538.5
19343.5
21238.2
18259.5
21786.6
18364.9
21965
22126.6
21200.7
22491.1
21346.5
15089
21666
14309.9
21798
19129.7
22757.9
23200.4
32529.9
20860.6
27004.4
23296.9
35737.8
17658.5
19485.6
23116.1
31058.3
17147.8
17805.8
23275.8
30698.1
20005
21626.1
25176.2
37495.5
20135.3
20569.8
27031.1
38043.7
19787.2
19411.1
29043.3
37668.8
18812.7
19565.5
20259.5
21735.3
32980.2
18779.6
17655.3
21596.9
19825.7
37764.5
19594.1
20571.5
20563.5
22508
40759.2
11842.6
10785.2
11069.6
14425
12954.3
11819.5
11492.9
14835.6
14276.5
12320.2
12002.1
15134.6
18140.1
17333.5
17134.2
16573.6
19968
18557.6
16583.1
14865.3
12555.8
15770.9
19192.5
18858.8
20472.1
20509
19791.3
18551.4
18096.3
16027.9
12351.9
15227.3
22312.2
25060.2
23166
26711.2
20955.8
21792.9
21591.8
23088.6
21600.5
21806.5
21072.4
20769
23445.7
27403.5
23648.3
27754.3
21509.2
23947.1
21682.3
24256.5
21897.6
22055.8
22068.6
22266.9
18586.2
17516.7
12138.7
13396.3
18530.8
17044.3
12122.7
13480.9
18853.1
17547.6
12344.6
13459.4
18975.6
17458.9
12716.2
13493.8
9841.64
10003.2
4308.35
3956.4
10961.3
10588.2
4775.29
4557.62
10676.6
9965.84
5425.27
5224.19
16962.3
16362.7
16689
16687
16776.8
16185.6
12718.1
11316.7
6410.26
5261.27
19015.3
18134.3
20507.9
19597.4
16425.7
15126.4
11896.2
10141
5884.74
4380.27
22479.8
21296.5
27709
24104.5
25130.6
22316.8
34591.6
25971.5
20563.3
16894
22470.2
17774.1
20393.1
17153.7
22534.1
17993.4
21044.5
18568.7
18974.6
17568.7
21438.9
22823.9
26947.7
28357.9
29691.1
31580.9
22212.8
23993.9
20008.9
20166.6
24051.9
25755.5
13753.9
10177.8
14227.3
10415.5
14020.6
10084
14411.9
10261.5
13918.9
9933.57
14352.7
10461
14406.3
10777.2
15027
10662
17468.8
16888.7
19367.6
17396.2
20093.4
19200.2
22062.9
19958.8
18996.5
14854.5
17984.2
14640.8
20855.5
17707.1
21820.8
17805
23690.3
20384.5
24370.6
20529.4
19752.8
15028.9
20351.1
15069.8
13232.4
9541.17
12190.8
8150.37
12622.5
9241.34
12100.5
8067.94
13681.2
9850.62
12257.4
8184.95
13914.7
10081.5
12185.3
8124.2
13182.7
13240.8
9552.83
8809.94
13302.5
13343.1
9400.88
8730.61
13245.5
12825
9169.66
8632.48
15390.2
18223.3
16153.4
12013.7
8902.32
16883.3
15739.4
17523.4
12011.4
8600.82
18626.4
16427.4
14521.6
12176.2
7990.59
13646.1
14566.4
8704.21
9290.09
13516.3
14187.6
8618.24
9129.38
12642.2
12941
8267.5
8329.02
16637.4
15658.7
14955.4
14265.4
15453.2
15709.3
12030.2
12626
8040.92
7811.63
16846.8
15324.5
15085.6
13633.7
13504.4
12739.8
11418.4
11238.2
7441.9
7777.22
14781.8
12475.4
14870.6
11932.3
16839.8
14171
17385.9
14379.5
12815.9
10700.5
12887.4
11437
14992.4
11684
15029.9
11629.4
17710.2
14897.3
17809.1
15010.7
12905.5
10236.4
12858.9
10192.1
10342.6
9008.4
7107.42
7568.91
10613.5
9671.08
7284.63
7932.48
10467.5
8741.26
7015.61
7623.82
10569
8497.61
7127.11
7465.56
17033
16938.5
22724
19263.9
16374.6
16378.7
21786.6
18404.5
14431.6
14948.8
20027.4
17118.2
15064.4
14473.1
13734.1
13452.9
15726.8
16040.4
14317.9
14188.2
18380.2
15639.2
14181.7
13403.7
12817.7
12544.5
12900.5
13121.1
13608.6
13222.9
17860.6
14293.4
6431.19
4056.21
2688.73
2024.05
6664.12
4180.05
2759.39
2042.93
6315.87
3983.35
2643.95
2002.42
6602.83
4136.41
2735.78
2023.68
6116.92
3847.71
2594.82
1965.82
6519.89
4044.18
2723.31
1994.46
6669.72
4035.06
2641.12
1968.85
6585.64
3943.67
2545.06
1915.38
5905.89
3715.89
2540.43
1922.3
4776.04
3201
2273.89
1799.68
5607.38
3604.67
2489.84
1865.05
4691.88
3212.22
2267.71
1771.11
6071.97
3763.28
2525.79
1912.53
4795.44
3179.32
2242.71
1794.65
6091.81
3741.12
2472.95
1875.45
4738.1
3141.73
2197.49
1754.2
5947.64
3822.47
2564.13
1967.82
5152.7
3477.78
2398.7
1899.2
5795.96
3747.02
2522.53
1938.59
5046
3433.98
2374.24
1889.14
5593.54
3630.29
2479.03
1916.85
4973.29
3379.87
2348.16
1885.18
5160.33
3415.69
2375.11
1909.51
4805.68
3289.9
2313.88
1815.88
4556.57
3199.11
2248.63
1774.02
3998.45
3127.14
2011.17
571.515
2226.77
2903.43
1886.46
620.345
4018.29
3122.3
2011.46
590.966
2353.43
2903.39
1883.59
622.786
4077.07
3101.75
1989.39
565.467
2553.45
2889.37
1859.21
608.872
4032.16
3051.77
1996.51
594.09
2565.14
2845.04
1841.15
609.198
3773.26
2952.45
1997.07
666.694
2084.07
2741.01
1807.45
605.581
3276.05
2733.11
1881.1
608.967
1142.03
2479.17
1725.8
588.466
3454.63
2827
1933.75
626.816
1320.94
2592.36
1760.86
593.384
3148.96
2656.86
1812.78
544.386
989.719
2394
1673.33
564.107
3101.55
2604.64
1764.79
520.912
1039.23
2337.56
1632.22
548.086
1674.08
1179.53
761.094
422.527
135.099
1637.56
1169.99
758.491
421.69
134.887
1673.35
1175.11
757.929
420.848
134.587
1632.63
1163.01
753.901
419.318
134.168
1687.42
1171.55
754.314
418.844
133.971
1629.32
1155.04
748.636
416.606
133.349
1594.81
1138.47
740.074
412.522
132.142
1552.91
1115.35
727.772
406.612
130.395
1665.65
1158.83
747.293
415.418
132.951
1757.47
1166.71
746.277
414.247
132.551
1716.53
1172.48
752.403
417.582
133.569
1799.46
1176.93
750.721
416.272
133.141
1624.32
1142.72
739.358
411.688
131.854
1733.08
1152.72
739.147
410.889
131.564
1589.73
1121.78
728.029
406.218
130.234
1705.21
1134.68
729.331
406.157
130.164
1746.7
1193.7
764.251
423.414
135.312
1866.56
1206.58
766.481
423.983
135.445
1751.05
1191.06
762.052
422.216
134.944
1868.55
1204.18
764.734
423.056
135.162
1765.95
1187.56
758.667
420.381
134.383
1874.45
1199.53
761.505
421.395
134.659
1804.78
1186.44
755.632
418.635
133.843
1883.48
1192.52
757.459
419.391
134.057
1845.94
1183.83
753.501
417.524
133.504
12304.7
16253
12389.4
16282.8
12509
16261.3
12275.7
16035.8
11437.2
15209.8
10529.8
11805
10592.1
12327.5
10574
11720.6
10763
11885.9
9562.27
1588.71
335.064
74.7969
13.2232
10292.5
2921.82
706.441
159.833
28.2521
9516.04
1571.82
330.773
73.7133
13.0088
10245.8
2888.1
697.965
157.471
27.6272
9380.94
1540.64
323.267
71.951
12.6912
10114.4
2839
685.287
154.455
27.0984
9093.85
1473.58
307.909
68.5395
12.0981
9837.11
2748.31
663.111
149.528
26.2408
8548.09
1354.47
282.814
63.1942
11.1855
9281.34
2596.29
628.656
142.242
25.0121
7651.96
1260.16
271.234
61.5222
10.9678
7816.18
2266.5
560.818
128.754
22.842
7915.19
1281.28
272.541
61.4511
10.9218
8247.97
2389.19
586.631
133.71
23.6047
7555.96
1257.36
272.011
61.8556
11.0384
7675.68
2214.08
548.396
126.297
22.4683
7542.06
1250.64
270.492
61.5579
10.9781
7701.04
2207.04
545.516
125.968
22.3779
33866.9
48530.6
46681.6
31922.3
24918.2
29819.8
23994.7
29597.5
27925.8
44540.3
29759.6
45875
140.694
155.309
187.743
240.802
319.36
429.59
152.791
168.008
201.634
256.106
335.065
443.085
131.621
127.171
146.981
143.972
181.192
181.592
237.667
244.932
320.368
336.79
430.571
449.011
579.447
778.142
1045.58
1411.37
1839.55
2148.58
585.175
765.537
987.245
1242.02
1489.36
1650.49
376.323
551.282
691.772
789.826
840.162
415.204
607.738
761.983
869.421
924.503
501.443
732.866
917.508
1045.67
1111.24
642.242
936.529
1169.93
1331.17
1413.43
849.939
1235.27
1538.32
1746.4
1852.22
1139.5
1647.73
2042.75
2312.03
2448.69
408.539
598.145
750.16
856.122
910.474
448.948
656.649
822.722
938.219
997.377
538.186
785.751
982.761
1119.25
1189.01
682.414
993.675
1239.72
1409.33
1495.78
890.624
1292.01
1606.47
1821.98
1931.59
1173.6
1693.57
2096.22
2370.52
2509.97
352.141
516.061
647.828
739.881
787.166
340.275
498.766
626.236
715.328
761.107
393.051
575.574
721.975
824.054
876.42
385.048
563.958
707.531
807.677
859.066
484.116
707.932
886.752
1011.01
1074.61
485.235
709.677
889.06
1013.74
1077.56
634.162
925.367
1156.68
1316.63
1398.25
653.57
953.723
1192.13
1356.94
1441.03
853.107
1240.89
1546.35
1756.18
1862.86
896.776
1304.2
1624.87
1844.9
1956.65
1143.13
1655.04
2053.62
2325.19
2462.74
1192.22
1726.19
2141.54
2423.95
2566.65
1528.64
2192.81
2700.49
3044.28
3219.27
2034.62
2882.11
3515.65
3944.46
4166.94
2693.88
3740.25
4500
5023.28
5311.29
3549.24
4774.4
5633.75
6262.76
6662.11
4475.55
5772.71
6655.45
7382.77
7958.97
5116.1
6420.36
7295.86
8090.03
8810.62
1542.04
2208.69
2717.32
3062.2
3238.33
2002.53
2838.55
3464.8
3889.45
4109.74
2555.99
3572.07
4317.02
4827.21
5101.62
3172.54
4354.56
5201.77
5797.38
6139.49
3749.16
5049.22
5963.55
6632.65
7051.14
4116.64
5479.27
6429.07
7146.2
7621.01
142.678
161.454
198.624
257.379
342.937
461.662
154.876
174.427
212.86
272.855
358.09
472.786
133.595
129.199
153.138
150.338
192.251
193.179
254.886
263.363
345.388
363.582
466.265
488.617
620.06
823.929
1090.18
1445.21
1857.53
2153.64
620.739
804.175
1024.29
1271.83
1507.92
1656.65
381.663
559.188
701.799
801.375
852.509
431.751
632.253
793.107
905.3
962.873
530.782
776.42
972.921
1109.66
1179.73
687.037
1003.26
1255.13
1429.83
1519.2
913.871
1331.04
1661.28
1889.42
2005.94
1226.92
1779.79
2213.7
2512.15
2664.55
414.157
606.474
760.745
868.332
923.537
466.253
682.335
855.395
975.941
1037.76
568.494
830.834
1040.24
1185.73
1260.23
727.733
1061.33
1326.27
1509.72
1603.53
953.13
1385.81
1727.11
1962.51
2082.75
1254.62
1816.07
2254.96
2556.51
2710.68
357.451
523.912
657.774
751.325
799.393
345.728
506.822
636.435
727.058
773.636
409.62
600.092
753.067
859.858
914.691
402.175
589.289
739.635
844.633
898.557
513.915
752.121
942.909
1075.79
1143.93
516.451
755.954
947.854
1081.55
1150.1
680.666
994.587
1244.98
1418.81
1507.77
703.364
1027.87
1286.76
1466.48
1558.45
920.958
1342.55
1676.89
1908.03
2026.07
969.549
1413.52
1765.59
2008.93
2133.14
1240.48
1802.19
2244.22
2548.42
2703.57
1300.41
1890.13
2354.43
2673.79
2836.5
1640.33
2363.77
2924.6
3309.19
3506.56
2162.39
3081.89
3782.56
4264.6
4516.97
2821.85
3947.76
4785.69
5373.72
5699.56
3652.15
4952.32
5890.1
6588.05
7030.78
4536.68
5888.3
6830.07
7612.59
8227.55
5135.47
6459.76
7357.26
8172.83
8909.44
1639.75
2358.05
2912.87
3293.19
3488.75
2109.83
3005.15
3686.08
4153.74
4398.07
2660.58
3738.16
4541.97
5099.93
5401.77
3258.81
4495.85
5397.83
6039.54
6409.17
3804.61
5143.16
6096.98
6800.49
7240.5
4135.52
5512.02
6476.26
7206.25
7689.33
4850.52
3172.15
806.986
607.76
702.086
603.086
748.405
4428.8
4230.54
2709.29
3444.09
1615.77
2178.66
1341
1498.79
1248.72
4130.79
2268.02
1459.39
1289.37
1640.56
1417.24
1095.51
1043.89
993.868
866.204
1183.86
1063.54
4431.23
2672.08
3051.81
1940.3
1598.77
2256.21
1125.3
878.988
1245.44
9804.58
9775.06
9841.71
10889.5
17533.1
6977.14
7905.12
8537.25
9471.17
10927.6
2123.92
3038.86
3740.1
4221.69
4472
1611.12
2328.38
2886.97
3269.92
3465.66
1861.27
2689.55
3333.18
3772.73
3996.43
1601.24
2319.11
2879.91
3264.09
3459.74
1979
2849.47
3522.09
3981.73
4216.91
9687.55
10638.7
11097.4
12197.5
18671.3
9458.28
10606.8
11255.5
12257.5
14147.5
6410.06
7989.29
9051
10009.3
10935.9
8173.88
9741.99
10520.3
11343.1
12087.4
4110.11
5614.12
6686.28
7433.36
7857.39
5357.46
7000.72
8113.76
8939.63
9478.12
3471.07
4850.46
5861.2
6548.2
6912.52
3852.72
5332.52
6398.74
7123.68
7513.31
3250.68
4576.84
5558
6220.59
6565.02
8989.12
9877.6
10358.2
11471.3
17854.9
5471.66
6997.8
8057.79
8981.34
9831.19
3739.58
5159.31
6190.41
6914.54
7328.49
3325.46
4629.45
5591.57
6266.87
6647.13
4131
5577.79
6617.86
7396.76
7913.06
3615.38
4962.45
5945.81
6661.34
7095.1
2839.45
3980.09
4832.31
5430.99
5762.96
2726.76
3860.32
4714.23
5302.44
5614.51
2613.83
3733.48
4583.82
5160.37
5455.89
2285.47
3279.97
4042.74
4561.89
4827.48
3084.24
4349.08
5291.64
5934.84
6274.23
2781.12
3942.56
4817.29
5416.21
5731.03
9251.83
9618.28
9841.4
10917.6
17424.4
6096.26
7257.02
8055.08
8980.26
10162.2
7141.08
8475.85
9222.9
10307.8
12500.4
4730.16
6129.83
7113.87
7954.19
8651.46
4014.48
5400.14
6397.43
7163.65
7681.72
5415.41
6887.44
7917.59
8860
9769.03
2919.73
4097.68
4977.56
5592.62
5930.83
2313.08
3308.06
4068.5
4588.58
4857.64
3213.86
4477.81
5413.36
6073.07
6445.58
8365.52
7928.13
7154.02
6034.29
4441.39
1752.36
19259.5
19606.7
22146.4
22916.3
18828.7
19914.9
21126.2
20407.7
15840.1
19793.4
16536
20357.5
18953.2
17059.2
26699.1
18477.9
18678.6
20858.8
21366.3
17772.9
18844.3
20157.3
19654.8
15754
23926.9
16355.2
23750.5
19117.5
20791.2
28632.3
17584.6
17647.3
19204.4
19445.6
16960.4
18448.1
18847.3
18857.3
18062.1
21088.3
18845.2
21066.9
20732.3
22881.4
25686.2
16716.8
16798.3
17668.2
17737.2
16442.5
18167.7
17487.7
17780.3
16848.8
18346
17601
17862.3
18863.1
20458.1
22075.3
15815.9
15932.4
16597.7
16576
16063
17935.8
16567.5
17046.2
15892.8
15052.8
16660
14428.2
17253.5
17102.7
18111.3
15401.1
15562.2
15877.2
15819.9
15617.7
17150.4
15966.9
16365.3
15123
12871.4
15680.5
12583
15982.7
14925
16313.5
21943.3
21027.7
23039
24297.4
20215.8
20142.3
21409.1
20387.2
19283.6
14272.2
19190.9
14319.5
17022.7
15396.3
18538.2
20633.3
19968.5
21234.4
22065.1
19462.9
19560.2
20144.4
19285.7
17777.7
13747.5
17725.1
13819.6
15521.9
13824.2
17072.3
18891.3
18495.8
19050.2
19458.1
18193.9
18305.3
18496.2
17968.7
16755.5
13351.9
16523.8
13083.7
14794.7
12566.6
16611.3
17194.3
16966.4
17317.7
17504.9
16761.7
16811.4
17113.2
16691.4
15625.2
13547.9
15495.1
13231.8
14029.3
12488.5
16669.8
16248.4
16095.4
16311.5
16403.9
15771.9
15818.1
16252.5
15976.8
15227.8
14381.7
15140.8
14209.4
13959.2
12851.2
16995.2
15569.9
15430.4
15707.6
15767.5
15174.1
15411.3
15629.3
15502.5
15014.3
14899.9
14988.8
14789.2
13943.7
13270.5
17534.4
)
;

boundaryField
{
    patch1
    {
        type            calculated;
        value           nonuniform List<scalar> 
2440
(
14580.2
28306.8
0
0
0
0
0
0
0
0
14575.8
28289.5
0
0
0
0
0
0
0
0
12034.4
19480.9
21277.6
33338.4
43867.4
28398.6
18031.1
9062.26
48781.8
19514
28787.5
22594
35987.1
45531.7
29704.7
23274.3
12622.8
0
0
0
0
0
0
0
0
0
0
0
0
0
0
0
0
0
0
0
0
0
0
0
0
0
0
0
0
0
0
0
0
0
0
0
48519.1
0
0
0
0
0
0
0
0
0
0
0
0
0
0
0
0
0
0
0
0
0
0
0
0
0
0
0
0
0
0
0
0
0
0
0
0
0
0
0
0
0
0
0
0
0
0
0
0
0
0
0
0
0
0
0
0
0
11840
19473.2
21299.5
33367.2
43919.5
28449.8
18039.2
8791.89
48787
19221.9
28788.4
22625
36018.6
45582
29746.7
23244.2
12152.8
0
0
0
0
0
0
0
0
0
0
0
0
0
0
0
0
0
0
0
0
0
0
0
0
0
0
0
0
0
0
0
0
0
0
0
48521.2
0
0
0
0
0
0
0
0
0
0
0
0
0
0
0
0
0
0
0
0
0
0
0
0
0
0
0
0
0
0
0
0
0
0
0
0
0
0
0
0
0
0
0
0
0
0
0
0
0
0
0
0
0
0
0
0
0
15779.1
22757.3
0
0
0
0
0
14925.1
16315.2
13270.5
17536.5
15779.4
22755.4
0
0
0
0
0
14925
16313.5
13270.5
17534.4
19159.9
27241.6
28057.8
22647.3
21878.4
28289.8
28290.6
22688
22689.5
17951
13595.2
17422
13664.1
17922.6
13643.6
17768.8
13690.3
780.558
612.924
1040.38
1297.95
2202.63
2418.18
19688.7
18979.6
13999.6
8718.14
3119.48
18410.9
18572
12779.5
7720.23
2930.67
22963.6
1196.71
3101.72
1401.34
3819.03
2535.23
5047.86
15586.5
11337.2
8544.86
6965.84
6347.68
12989.1
9846.04
8102.13
7180.48
7117.39
0
0
0
0
0
0
0
0
0
0
0
0
0
0
0
0
0
0
0
0
0
0
0
0
0
0
0
0
0
0
0
0
0
0
0
0
0
0
0
0
0
0.881454
-0.33846
0.876451
-0.41839
0.863441
-0.414882
0.836413
-0.397766
0.806101
-0.382227
0.248576
-0.138042
0.52638
-0.272596
0.0901485
-0.0512526
0.0180475
-0.00934152
34305.3
47652.6
33261.4
20501.4
30141.4
25370
49197.6
60401.9
33935.8
24881.1
13838.2
25217.5
26975.2
22027.9
20889.7
27769.7
28136.6
22372.4
22595.9
17714.5
13510.4
17166.3
13571.1
17782.1
13587.9
17723.1
13669.3
9988.85
3913.05
10598.7
4557.47
9966.69
5223.98
16362.8
16687.2
16186.2
11316.9
5261.18
18134.5
19597.5
15126.5
10141
4380.2
16931.7
19245.4
16398.6
18409.5
14949.8
17118.4
14473.2
13453.1
16041.1
14188.7
15639.5
13403.9
12544.9
13121.6
13223.3
14293.9
0
0
0
0
0
0
0
0
0
0
0
0
0
0
0
0
0
0
0
0
0
0
0
0
0
0
0
0
0
0
0
0
0
0
0
0
0
0
0
0
0
0.85317
-0.327392
0.848172
-0.404821
0.835729
-0.401403
0.810693
-0.385428
0.784283
-0.372091
0.244375
-0.136785
0.514459
-0.267924
0.0891011
-0.051193
0.0179231
-0.00941767
33867
46693
31927.8
29716.3
29635.5
44648.5
45648.4
15404.5
15560.5
15876.2
15821.2
15617.3
17150.3
15966.4
16365.2
15126.2
12865.3
15680.1
12578.2
15982.7
15565.3
15428.8
15706.7
15764.8
15173.7
15411.2
15628.9
15502.4
15008.3
14866.6
14988.5
14786.1
13944
19155
27241.8
28058
22647.8
21879
28290
28290.8
22688.5
22690
17951.8
13595.9
17422.8
13664.9
17923.3
13644.3
17769.5
13690.9
766.468
606.57
1041.97
1300.24
2203.47
2419.6
19689.1
18980.3
14000.5
8719.12
3120.23
18411.3
18572.7
12780.2
7720.94
2931.09
22959
1177.11
3067.23
1401.36
3819.24
2535.55
5048.36
15586.5
11336.9
8544.44
6965.61
6347.8
12989.1
9845.84
8101.91
7180.31
7117.29
0
0
0
0
0
0
0
0
0
0
0
0
0
0
0
0
0
0
0
0
0
0
0
0
0
0
0
0
0
0
0
0
0
0
0
0
0
0
0
0
0
0.8803
-0.340643
0.87624
-0.417829
0.863211
-0.414709
0.836293
-0.397707
0.806053
-0.382211
0.24858
-0.138049
0.526373
-0.272608
0.0901513
-0.0512554
0.0180482
-0.00934204
34306.6
47661.5
33263.9
20131.5
30133.1
25399.1
49225.9
60443.7
33977.5
24843.7
13293.2
25217.5
26975.2
22028.4
20890.3
27769.8
28136.7
22372.9
22596.4
17715.4
13511.2
17167.2
13572
17782.8
13588.7
17723.7
13670
10003.3
3956.38
10588.2
4557.62
9965.84
5224.19
16362.7
16687
16185.6
11316.7
5261.27
18134.3
19597.4
15126.4
10141
4380.27
16938.5
19263.9
16378.7
18404.5
14948.8
17118.2
14473.1
13452.9
16040.4
14188.2
15639.2
13403.7
12544.5
13121.1
13222.9
14293.4
0
0
0
0
0
0
0
0
0
0
0
0
0
0
0
0
0
0
0
0
0
0
0
0
0
0
0
0
0
0
0
0
0
0
0
0
0
0
0
0
0
0.85208
-0.329516
0.848002
-0.404295
0.835546
-0.401254
0.810612
-0.385388
0.784264
-0.372088
0.244383
-0.136793
0.514466
-0.26794
0.089105
-0.0511958
0.0179239
-0.00941811
33866.2
46690
31923.6
29796.8
29620.3
44586.4
45817.2
15401.2
15562.2
15877.2
15820
15617.7
17150.4
15966.9
16365.3
15123
12871.4
15680.5
12583
15982.7
15569.9
15430.4
15707.6
15767.4
15174.1
15411.3
15629.3
15502.5
15014.3
14899.9
14988.8
14789.2
13943.7
19726.7
7233.12
1752.43
19725.7
7232.99
1752.36
20106.8
20464.4
27162.4
24136
8465.19
6064.05
10100.7
8209.78
575.055
727.525
4953.22
5476.93
10121.2
10916.8
25590.6
26132.2
20064.7
528.5
147.26
3938.9
3143.79
7752.98
6515.97
239.715
206.105
208.331
2458.24
1921.94
1641.29
4999.8
4210.44
3921.49
27457.6
26788
30858.6
26823.6
21214.1
21456.7
23808.9
22346.6
131.337
101.33
1442.95
1154.8
1609.51
1865.97
14843.8
21260.1
8697.12
121.396
172.897
1014.38
921.725
1874.71
1925.64
83.0001
84.0698
97.5296
998.786
1027.77
1025.71
2366.79
2604.7
2657.06
10568.6
11031.1
11696.2
12103.1
11522.1
10557.6
10608.5
10595.6
10770.4
12330.7
12387
12507.6
12274.6
11436.2
10529.1
10591.2
10573.3
10762.3
20109.9
20466.8
27175.8
24141.8
8291.7
5942.21
10072.1
8199.68
495.918
623.518
4935.91
5462.18
10117.9
10913.2
25590.7
26133
20064
442.047
63.3303
3948.83
3152.23
7750.2
6515.06
191.099
165.685
174.721
2468.77
1926.05
1641.64
5000.17
4211.25
3922.25
27462.1
26789.3
30873.1
26829.3
21034.6
21402.4
23777.3
22317.6
113.664
85.6516
1434.25
1145.97
1608.47
1865.19
14844.3
21261.2
8696.99
105.808
164.973
1005.12
914.099
1874.03
1924.75
70.0652
69.8506
81.2584
991.045
1023.48
1022.76
2365.75
2603.74
2656.4
10515.7
11033.7
11697.9
12104.3
11522.9
10558.2
10609.2
10596.2
10771
12304.7
12389.4
12509
12275.7
11437.2
10529.8
10592.1
10574
10763
20910.7
15625.5
1606.14
1065.31
691.3
387.665
124.671
1613.14
1073.04
695.421
389.618
125.244
24045.8
25751.4
26206.7
24215.3
25565.3
26260.7
1883.48
1192.52
757.459
419.391
134.057
1845.94
1183.83
753.501
417.524
133.504
8365.52
7928.13
7154.02
6034.29
4441.39
26469.8
26145.4
24554.9
24195.9
19994.9
18158.7
24593.1
21862.6
20052.1
22964.1
20345.1
18608.1
15270
12986.1
11753.7
20508
19597.5
16425.7
15126.5
11896
10141
5884.56
4380.2
14420
10782
15062.9
10670.1
6669.98
4035.19
2641.2
1968.91
6586.29
3943.97
2545.23
1915.49
1594.86
1138.51
740.103
412.537
132.147
1552.99
1115.4
727.806
406.63
130.4
129.209
150.35
193.193
263.381
363.605
488.647
345.756
506.864
636.487
727.118
773.699
402.207
589.335
739.693
844.699
898.628
516.489
756.01
947.924
1081.63
1150.19
703.412
1027.94
1286.85
1466.59
1558.56
969.611
1413.61
1765.71
2009.06
2133.28
1300.48
1890.25
2354.58
2673.96
2836.68
993.917
2613.96
3733.67
4584.06
5160.65
5456.19
22674.3
20331.9
18572.7
16914.2
14267
12780.2
11111
8707.06
7720.94
5477.58
3698.89
2931.09
15053.9
10750.8
15270.7
10666.2
20446.3
19292.8
14477.3
12800
7350.99
6890.44
17811
16407.5
15411.9
11697.9
11245.3
10868.4
7029.96
7019.32
6923.22
6265.23
3679.1
2390.92
1794.59
6450.59
3820.01
2460.42
1854.8
1473.77
1066.78
700.846
393.443
126.477
1508.43
1088.34
712.912
399.37
128.242
896.602
2335.21
3282.39
3964.09
4403.18
4620.42
127.171
143.972
181.592
244.932
336.79
449.011
340.275
498.766
626.236
715.328
761.107
385.048
563.958
707.531
807.677
859.066
485.235
709.677
889.06
1013.74
1077.56
653.57
953.723
1192.13
1356.94
1441.03
896.776
1304.2
1624.87
1844.9
1956.65
1192.22
1726.19
2141.54
2423.95
2566.65
26206.1
24215.3
25572.9
26264.2
1883.49
1192.54
757.479
419.401
134.06
1845.98
1183.86
753.524
417.536
133.508
8365.91
7928.5
7154.34
6034.55
4441.56
20911.4
15625.4
1606.04
1065.25
691.263
387.646
124.666
1613.02
1072.98
695.383
389.599
125.238
24042.8
25748.7
45095.7
58155.6
30097.2
32890.5
14946.4
16635.4
2055.3
2190.79
0
0
0
0
0
0
0
0
0
0
0
0
0
0
0
20977.1
19419.2
23421.2
19964
23549.1
24465.4
15515.7
9920.63
15471.6
9859.58
5586.56
3362.78
2242.62
1703.83
5708.1
3432.53
2290.53
1729.45
-220.616
1511.49
1240.75
437.666
62.3304
1597.22
1267.86
446.982
546.309
1742.62
1306.93
452.002
1069.49
1905.52
1364.52
471.363
1229.49
2031.5
1418.43
488.373
968.918
2171.38
1519.8
518.644
921.498
2106.61
1468.25
500.723
922.884
2226.61
1552.97
521.737
1024.94
2285.39
1593.44
534.208
1400.93
1027.12
680.333
383.729
123.622
1423.87
1038.41
685.878
386.289
124.367
1604.53
1083.6
702.08
392.928
126.234
1602.24
1077.01
697.995
390.896
125.626
1634.04
1096.45
709
396.306
127.239
1671.29
1115.14
718.809
401.057
128.651
1527.24
1040.06
679.853
382.497
123.18
1540.71
1045.33
682.239
383.558
123.484
1570.47
1054.96
686.482
385.461
124.032
16409.4
16659.6
16957.5
17042.6
16262.5
11951.3
12590.3
11816.8
11947
10515.2
2995.2
728.576
165.558
29.3883
10571.6
2976.23
721.174
163.159
28.7578
10583.4
2949.98
711.342
160.403
28.2385
10394.8
2872.25
690.385
155.472
27.3515
9781.13
2708.77
653.439
147.616
26.0154
7956.13
2313.49
573.176
131.679
23.4276
8487.62
2463.77
604.985
137.87
24.3969
7764.59
2243.47
556.229
128.184
22.87
7757.48
2224.74
550.095
126.997
22.6291
44281.8
58934.3
24948.6
29356
13852.6
15883.7
1609.01
1976.24
634.846
3599.9
1923.95
1169.65
1675.55
2403.32
2955.54
3324.1
3508.61
7710.31
8058.23
7726.64
7454.82
7408.58
4603.17
5725.23
6269.48
6543.45
6683.69
2984.99
4070.46
4789.12
5226.86
5439.86
0
0
0
0
0
0
0
0
0
0
22444.8
17761.7
22535
17995.7
22219.1
24000.8
14213.8
10403.3
14405.4
10257.9
6658.3
4176.85
2757.35
2042.06
6602.1
4136.14
2735.7
2023.68
2210.92
2901.07
1885.72
620.269
2354.46
2903.02
1883.46
622.741
2553.88
2889.28
1859.17
608.865
2565.39
2845.07
1841.15
609.205
2084.23
2741.09
1807.49
605.596
1142.14
2479.32
1725.89
588.495
1321.06
2592.47
1760.93
593.406
989.816
2394.18
1673.45
564.143
1039.34
2337.77
1632.36
548.13
1637.68
1169.87
758.339
421.598
134.857
1632.64
1163.05
753.924
419.328
134.171
1757.55
1166.75
746.304
414.262
132.556
1799.51
1176.96
750.746
416.286
133.145
1733.17
1152.77
739.179
410.906
131.569
1705.32
1134.74
729.367
406.176
130.17
1867.34
1206.62
766.43
423.946
135.433
1868.43
1204.21
764.75
423.062
135.163
1874.41
1199.55
761.522
421.404
134.661
16360.9
16360.6
16340.3
16076.3
15243.1
11841.2
12357
11761.2
11930.3
10354.6
2941.83
712.107
161.163
28.5346
10303.5
2905.45
702.35
158.507
27.8901
10170.7
2855.85
689.487
155.442
27.3521
9894.26
2765.32
667.308
150.506
26.4923
9335.09
2612.56
632.694
143.185
25.256
7858.71
2279.35
563.975
129.478
23.0297
8291.4
2402.59
589.971
134.488
23.8063
7717.59
2226.61
551.446
126.99
22.6481
7743.24
2219.71
548.637
126.624
22.5586
152.803
168.022
201.649
256.124
335.088
443.114
585.209
765.579
987.294
1242.08
1489.42
1650.55
408.572
598.193
750.221
856.191
910.548
448.983
656.701
822.788
938.295
997.458
538.227
785.812
982.838
1119.34
1189.1
682.464
993.749
1239.81
1409.44
1495.9
890.686
1292.1
1606.58
1822.12
1931.73
1173.68
1693.68
2096.37
2370.7
2510.15
1542.13
2208.83
2717.5
3062.41
3238.56
2002.65
2838.72
3465.03
3889.72
4110.03
2556.13
3572.28
4317.3
4827.54
5101.98
3172.7
4354.81
5202.1
5797.77
6139.93
3749.33
5049.49
5963.92
6633.09
7051.64
4116.83
5479.56
6429.46
7146.67
7621.54
154.888
174.44
212.875
272.874
358.113
472.814
620.774
804.218
1024.34
1271.89
1507.98
1656.72
414.19
606.522
760.805
868.4
923.61
466.288
682.386
855.46
976.016
1037.83
568.535
830.894
1040.31
1185.82
1260.33
727.782
1061.4
1326.36
1509.83
1603.64
953.191
1385.9
1727.23
1962.64
2082.89
1254.7
1816.18
2255.1
2556.67
2710.86
1639.84
2358.19
2913.05
3293.4
3488.97
2109.94
3005.32
3686.3
4154
4398.34
2660.72
3738.37
4542.24
5100.24
5402.11
3258.97
4496.09
5398.14
6039.92
6409.58
3804.79
5143.43
6097.34
6800.92
7240.98
4135.71
5512.3
6476.64
7206.71
7689.85
702.125
3444.16
1248.78
1861.37
2689.7
3333.38
3772.96
3996.66
8174.1
9742.31
10520.7
11343.6
12087.9
3250.83
4577.06
5558.28
6220.91
6565.36
45148.5
58181.5
30154
32891.9
14956.1
16682.6
1402.61
1495.27
0
0
0
0
0
0
0
0
0
0
0
0
0
0
0
20764.9
19353.1
23386
19935.8
23547.2
24464.5
15513.1
9927.37
15455.2
9855.68
5584.75
3360.81
2241.56
1702.84
5707.34
3432.22
2290.33
1729.33
-220.6
1509.96
1240.3
437.478
61.7193
1597.21
1267.81
446.973
546.038
1742.42
1306.79
451.957
1069.25
1905.24
1364.34
471.305
1229.24
2031.18
1418.24
488.31
968.745
2171.07
1519.6
518.582
921.304
2106.29
1468.05
500.66
922.745
2226.33
1552.79
521.68
1024.82
2285.14
1593.27
534.157
1399.66
1026.47
680.04
383.6
123.585
1423.81
1038.36
685.846
386.274
124.362
1604.4
1083.54
702.041
392.908
126.228
1602.12
1076.95
697.957
390.876
125.62
1633.91
1096.38
708.96
396.285
127.233
1671.16
1115.07
718.77
401.037
128.645
1526.15
1039.68
679.706
382.436
123.163
1540.74
1045.28
682.206
383.543
123.48
1570.42
1054.91
686.447
385.444
124.027
16349.3
16661.7
16958.5
17043.3
16263.2
11951.9
12591
11817.5
11947.7
10500.1
2989.13
726.789
165.124
29.3087
10569.8
2975.52
720.922
163.087
28.7436
10582.9
2949.75
711.248
160.373
28.232
10394.8
2872.2
690.354
155.46
27.3485
9781.39
2708.81
653.437
147.613
26.0143
7956.53
2313.59
573.199
131.684
23.4282
8487.99
2463.85
605
137.871
24.3969
7764.99
2243.58
556.256
128.189
22.871
7757.89
2224.86
550.124
127.004
22.6302
44333.1
58977.9
24994.2
29403.9
13807
15830.7
1081.63
1332.35
634.809
3599.88
1923.91
1169.61
1675.45
2403.17
2955.35
3323.87
3508.37
7710.23
8058.05
7726.4
7454.56
7408.32
4603.05
5725.03
6269.22
6543.13
6683.35
2984.86
4070.27
4788.87
5226.55
5439.53
0
0
0
0
0
0
0
0
0
0
22474.6
17777.4
22534.1
17994.1
22216
23999
14227.2
10415.6
14404.2
10259.7
6664.12
4180.05
2759.39
2042.93
6602.83
4136.41
2735.78
2023.68
2226.77
2903.43
1886.46
620.345
2353.43
2903.39
1883.59
622.786
2553.45
2889.37
1859.21
608.872
2565.14
2845.04
1841.15
609.198
2084.07
2741.01
1807.45
605.581
1142.03
2479.17
1725.8
588.466
1320.94
2592.36
1760.86
593.384
989.719
2394
1673.33
564.107
1039.23
2337.56
1632.22
548.086
1637.56
1169.99
758.491
421.69
134.887
1632.63
1163.01
753.901
419.318
134.168
1757.47
1166.71
746.277
414.247
132.551
1799.46
1176.93
750.721
416.272
133.141
1733.08
1152.72
739.147
410.889
131.564
1705.21
1134.68
729.331
406.157
130.164
1866.56
1206.58
766.481
423.983
135.445
1868.55
1204.18
764.734
423.056
135.162
1874.45
1199.53
761.505
421.395
134.659
16331.8
16362.6
16341.4
16077.2
15244
11841.9
12357.8
11761.9
11930.9
10348.9
2937.1
710.521
160.761
28.4596
10302.9
2905.12
702.173
158.448
27.8779
10170.9
2855.85
689.449
155.423
27.3474
9894.65
2765.4
667.314
150.502
26.4908
9335.57
2612.68
632.716
143.187
25.256
7859.18
2279.48
564.006
129.485
23.0308
8291.89
2402.72
590
134.493
23.807
7718.05
2226.74
551.477
126.997
22.6493
7743.67
2219.83
548.667
126.631
22.5598
152.791
168.008
201.634
256.106
335.065
443.085
585.175
765.537
987.245
1242.02
1489.36
1650.49
408.539
598.145
750.16
856.122
910.474
448.948
656.649
822.722
938.219
997.377
538.186
785.751
982.761
1119.25
1189.01
682.414
993.675
1239.72
1409.33
1495.78
890.624
1292.01
1606.47
1821.98
1931.59
1173.6
1693.57
2096.22
2370.52
2509.97
1542.04
2208.69
2717.32
3062.2
3238.33
2002.53
2838.55
3464.8
3889.45
4109.74
2555.99
3572.07
4317.02
4827.21
5101.62
3172.54
4354.56
5201.77
5797.38
6139.49
3749.16
5049.22
5963.55
6632.65
7051.14
4116.64
5479.27
6429.07
7146.2
7621.01
154.876
174.427
212.86
272.855
358.09
472.786
620.739
804.175
1024.29
1271.83
1507.92
1656.65
414.157
606.474
760.745
868.332
923.537
466.253
682.335
855.395
975.941
1037.76
568.494
830.834
1040.24
1185.73
1260.23
727.733
1061.33
1326.27
1509.72
1603.53
953.13
1385.81
1727.11
1962.51
2082.75
1254.62
1816.07
2254.96
2556.51
2710.68
1639.75
2358.05
2912.87
3293.19
3488.75
2109.83
3005.15
3686.08
4153.74
4398.07
2660.58
3738.16
4541.97
5099.93
5401.77
3258.81
4495.85
5397.83
6039.54
6409.17
3804.61
5143.16
6096.98
6800.49
7240.5
4135.52
5512.02
6476.26
7206.25
7689.33
702.086
3444.09
1248.72
1861.27
2689.55
3333.18
3772.73
3996.43
8173.88
9741.99
10520.3
11343.1
12087.4
3250.68
4576.84
5558
6220.59
6565.02
22674.1
20331.4
18572
16913.7
14266.4
12779.5
11110.4
8706.4
7720.23
5477.08
3698.42
2930.67
15060
10754.5
15273.9
10668.5
20446.1
19292.8
14477.6
12800.3
7351.11
6890.76
17811.1
16407.5
15411.8
11698.3
11245.7
10868.7
7030.44
7019.82
6923.63
6266.58
3679.6
2391.17
1794.74
6451.64
3820.45
2460.64
1854.94
1473.86
1066.84
700.883
393.462
126.482
1508.53
1088.4
712.949
399.389
128.248
896.645
2335.33
3282.57
3964.33
4403.46
4620.72
127.181
143.983
181.607
244.95
336.814
449.04
340.304
498.808
626.288
715.388
761.171
385.08
564.004
707.589
807.745
859.138
485.274
709.733
889.131
1013.82
1077.65
653.619
953.796
1192.22
1357.05
1441.14
896.839
1304.3
1624.99
1845.04
1956.8
1192.3
1726.31
2141.69
2424.12
2566.84
26469.9
26145.4
24554.7
24195.7
19993.9
18158.1
24593.1
21862.9
20052.6
22964.3
20345.7
18608.9
15270.1
12986.7
11754.5
20507.9
19597.4
16425.7
15126.4
11896.2
10141
5884.74
4380.27
14418.7
10781.3
15061.1
10668.8
6669.72
4035.06
2641.12
1968.85
6585.64
3943.67
2545.06
1915.38
1594.81
1138.47
740.074
412.522
132.142
1552.91
1115.35
727.772
406.612
130.395
129.199
150.338
193.179
263.363
363.582
488.617
345.728
506.822
636.435
727.058
773.636
402.175
589.289
739.635
844.633
898.557
516.451
755.954
947.854
1081.55
1150.1
703.364
1027.87
1286.76
1466.48
1558.45
969.549
1413.52
1765.59
2008.93
2133.14
1300.41
1890.13
2354.43
2673.79
2836.5
993.868
2613.83
3733.48
4583.82
5160.37
5455.89
)
;
    }
    patch2
    {
        type            calculated;
        value           nonuniform List<scalar> 
348
(
8492.69
8492.28
9031.97
5363.69
4329.15
5741.17
10197.3
6025.41
4927.46
6553.35
9031.24
5363.31
4328.85
5740.76
10196.8
6025.06
4927.17
6552.98
17198.8
11618.4
4093.31
3178.39
3554.87
3127.21
3794.97
14992.8
10769.6
9053
8220.17
7443.27
6416.43
7420.88
6727.44
5719.42
6055.48
5494.01
15369.3
8697.26
6224.44
5807.92
6930.06
6398.3
5309.48
5014.61
4675.4
4209.46
5350.1
5006.27
16511.1
10348.7
12277.4
8333.31
7135.48
852.98
938.519
1127.91
1434.31
1879.05
2483.37
924.308
1012.42
1206.73
1517.73
1959.4
2545.43
799.21
772.77
889.75
872.149
1090.78
1093.79
1418.97
1462.36
1889.89
1984.95
2497.57
2602.72
3263.99
4225.31
5392.5
6793.65
8190.5
9127.9
3283.48
4167.38
5176.59
6240.14
7185.76
7782.06
865.53
977.527
1197.55
1541.91
2035.53
2703.32
937.589
1053.48
1279.18
1627.36
2113.32
2749.98
811.637
785.502
928.651
912.287
1161.26
1167.54
1530.37
1581.81
2056.04
2164.66
2742.97
2877.77
3557.16
4583.32
5791.25
7175.37
8472.32
9232.53
3539.01
4462.11
5484.21
6517.6
7381.54
7852.94
17484.7
11788
4537.24
3515.59
4053.26
3509.42
4277.05
18312.9
14840.1
11378.7
12406.7
7981.46
9661.12
7010.6
7619.94
6655.44
17630.2
10227.5
7450.88
6757.3
8094.06
7230.95
5856.61
5698.02
5531.94
4895.52
6364.97
5814.58
17394.2
10809.1
13528.6
8942.88
7862.6
17197.4
11617.5
4093.02
3178.16
3554.62
3126.99
3794.71
14991.3
10768.8
9052.31
8219.72
7443
6416.02
7420.42
6727.09
5719.06
6055.13
5493.67
15367.8
8696.58
6224.02
5807.52
6929.56
6397.84
5309.1
5014.26
4675.09
4209.18
5349.75
5005.93
16509.6
10347.9
12276.3
8332.67
7134.94
852.909
938.442
1127.81
1434.19
1878.91
2483.18
924.233
1012.34
1206.63
1517.61
1959.25
2545.25
799.144
772.705
889.676
872.076
1090.69
1093.7
1418.86
1462.25
1889.75
1984.8
2497.39
2602.53
3263.75
4225
5392.11
6793.15
8189.89
9127.24
3283.24
4167.08
5176.22
6239.69
7185.25
7781.51
865.46
977.451
1197.47
1541.8
2035.39
2703.14
937.514
1053.4
1279.08
1627.25
2113.18
2749.8
811.571
785.438
928.578
912.215
1161.17
1167.46
1530.26
1581.7
2055.9
2164.52
2742.79
2877.59
3556.93
4583.03
5790.89
7174.91
8471.76
9231.89
3538.78
4461.82
5483.86
6517.18
7381.05
7852.4
17483.4
11787.2
4536.97
3515.37
4053.02
3509.21
4276.79
18312
14839.4
11378.1
12406.2
7981.06
9660.68
7010.24
7619.56
6655.09
17629.3
10227
7450.49
6756.93
8093.63
7230.54
5856.26
5697.69
5531.64
4895.24
6364.63
5814.25
17393
10808.4
13527.8
8942.33
7862.14
8269.14
4864.82
3856.45
8993.21
5575.94
4539
10133
6669.86
5639.82
11507.3
7814.87
6698.56
13033.3
8596.22
7296.09
24393.2
21210.4
23587.7
20218.8
22368.8
18734.2
21223.2
17156.4
19677.8
15583.2
8246.73
4835.23
3825.38
8989.91
5576.92
4539.96
10131.6
6669.91
5640.15
11506.2
7814.61
6698.58
13032
8595.8
7295.95
24425.6
21236.1
23582.1
20220.4
22366.9
18733.6
21222.1
17155.7
19676.9
15582.6
)
;
    }
    patch3
    {
        type            calculated;
        value           uniform 0;
    }
    patch4
    {
        type            calculated;
        value           nonuniform List<scalar> 
384
(
6527.12
12686.2
15724.5
41391.7
53549.3
24443.7
14356.7
5803.03
12549.3
14050.9
36404
35903.1
6279.19
12693.1
15711.2
41405.8
53574.9
24443.7
14383.9
5474.78
12467.8
14075.4
36365.6
35967.3
11516.8
13079.1
39044.5
40326.4
11352.3
13057.8
38586.7
40244.9
11517.7
13080.6
39051.6
40331.4
11353.5
13059.1
38586.3
40248
7983.97
8216.55
8710.12
8394.6
2641.59
6802.84
2203.24
5070.62
3093.39
7583.66
2295.24
5223.99
8704.69
8392.58
7985.14
8217.69
4782.35
3558.59
6151.37
4990.02
15838.1
13353.7
3463.57
4220.78
5398.21
6355.18
7213.01
6186.09
8257.66
6769.28
16491.5
13496.6
6106
6680.68
7596.41
8420.53
4622.39
3451.8
6149.6
5004.05
15838.9
13355.2
3371.08
4117.79
5412.99
6372.69
7130.53
6101.76
8283
6799.68
16496
13498.9
6019.69
6584.65
7620.87
8444.07
3090.06
7578.83
2294.37
5222.45
2643.03
6806.03
2203.75
5071.85
51892.6
56487.4
54568.8
57256.4
51899.2
56492.3
54575.5
57262.2
10565.9
4537.18
14041
6755.53
19795.9
12304.3
7266.73
5414.04
23740.3
39787.4
29216
45525.6
20305.6
37164.7
18796.2
36434.9
17023.6
6931.53
19559.9
8806.36
24028.2
14529.1
8080.98
5581.37
25064
40087.5
31349.3
46086.3
20963.6
37302
18982.7
36470.8
10407.8
4428.86
14056.3
6775.02
19804.4
12313.7
7270.36
5415.45
23744.8
39790.7
29221.1
45529.5
20308.8
37167.6
18798.8
36437.6
16910
6829.49
19578.2
8832.07
24038.8
14542.3
8086.16
5583.1
25070.1
40091.7
31355.7
46091.2
20967.9
37305.4
18985.7
36473.7
17732.9
36294.3
22421.8
41048.8
28939
45428.9
39958.3
27828.6
48006.2
30585.9
50174.8
34551.7
51144.8
42455.5
17523
36017.4
22440.8
41077.7
28948.7
45439.9
39964
27708.9
47855.9
30603.5
50201.5
34560.9
51154.6
42461.6
9392.83
9458.74
9492.66
9340.85
8792.09
7726.06
8046.11
7594.53
7553.8
9564.47
9517.41
9380.95
9093.48
8547.62
7651.49
7914.7
7555.5
7541.62
9382.5
9455.91
9492.01
9340.9
8792.38
7726.46
8046.48
7594.93
7554.22
9562.28
9516.04
9380.94
9093.85
8548.09
7651.96
7915.19
7555.96
7542.06
1610.53
1593.38
1578.15
1520.38
1395
1274.76
1306.38
1265.02
1252.99
1598.33
1570.95
1540.45
1473.5
1354.4
1260.09
1281.21
1257.29
1250.57
1600.06
1594.06
1578.22
1520.39
1395.04
1274.82
1306.44
1265.08
1253.06
1588.71
1571.82
1540.64
1473.58
1354.47
1260.16
1281.28
1257.36
1250.64
344.676
338.658
332.768
317.88
291.149
274.822
278.315
273.957
271.099
337.656
330.618
323.233
307.895
282.801
271.219
272.526
271.996
270.477
341.948
338.786
332.778
317.878
291.153
274.834
278.324
273.97
271.113
335.064
330.773
323.267
307.909
282.814
271.234
272.541
272.011
270.492
77.4374
75.815
74.2035
70.7347
65.0088
62.394
62.7823
62.3443
61.7128
75.4017
73.6889
71.9483
68.5387
63.1922
61.519
61.4483
61.8523
61.5546
76.8068
75.835
74.2013
70.7319
65.0085
62.3964
62.7838
62.3472
61.716
74.7969
73.7133
71.951
68.5395
63.1942
61.5222
61.4511
61.8556
61.5579
13.731
13.4091
13.0997
12.4827
11.5014
11.1278
11.1592
11.13
11.0075
13.3309
13.0057
12.6914
12.0983
11.1853
10.9672
10.9213
11.0378
10.9775
13.6191
13.4116
13.0987
12.4818
11.5011
11.1281
11.1593
11.1305
11.008
13.2232
13.0088
12.6912
12.0981
11.1855
10.9678
10.9218
11.0384
10.9781
)
;
    }
}


// ************************************************************************* //
