/*--------------------------------*- C++ -*----------------------------------*\
  =========                 |
  \\      /  F ield         | OpenFOAM: The Open Source CFD Toolbox
   \\    /   O peration     | Website:  https://openfoam.org
    \\  /    A nd           | Version:  11
     \\/     M anipulation  |
\*---------------------------------------------------------------------------*/
FoamFile
{
    format      ascii;
    class       volScalarField;
    location    "1.7";
    object      gradTz;
}
// * * * * * * * * * * * * * * * * * * * * * * * * * * * * * * * * * * * * * //

dimensions      [0 -1 0 1 0 0 0];

internalField   nonuniform List<scalar> 
5712
(
7524.43
24704.3
5980.38
25326.4
4481.64
26163.5
7054.2
40236.4
8664.13
55296.5
8611.23
40331.6
8318.2
33506.9
8646.68
29957.1
5232.46
3257.24
13993.5
8329.08
5115.21
2764.09
15269.9
7585.41
5742.96
4190.22
18400.2
13015
4345.04
3155.39
18094.2
13209.9
10197.5
4326.61
8828.37
3948.08
4082.98
9543.02
35027.3
9476.37
12558.2
4220.55
45022.2
12197
11716.5
4012.44
25078.2
7772.3
12881.9
4479.31
21861.8
6941.78
6406.39
3176.74
9233.37
3613.1
6937.75
3746.19
8994.94
3469.09
8746.75
4995.97
7753.91
3387.55
11370.1
4100.6
3904.17
1367.58
12919.7
9016.36
7951.38
5842.64
14255.9
11749
7772.07
6727.25
7602.58
5190.33
10812.7
7317.37
5211.26
3844.25
2612.51
2149.66
4984.33
4305.82
2537.04
2455.11
5041.96
3335.35
2555.13
1650.06
6841.31
3733.42
5178.65
6201.27
9439.55
6725.01
7560.97
10661.7
4496.15
2139.7
3038.14
3535.65
2212.11
924.922
1300.57
1306.41
8570.34
15339.3
5790.08
17095.4
10006.3
14998.1
7102.4
17857.3
11315.8
13545.9
9105.79
17362
12973.8
15215.6
9984.51
9686.95
10539.8
15234.7
14351.7
14336.4
14830.8
21273.8
12392.9
9753.71
8594.89
9656.66
14975.4
17809.7
15950.2
20621.1
19899
16311.1
15155
20338.9
19461.6
14106.6
13800.5
19040
18725
11168.8
8822.77
10655.9
9370.63
11755.7
10648
12741.3
12345.7
17450.3
17990.3
10418
9119.16
10144.6
9930.32
10595.4
11424.7
11980.4
13639.3
15585.1
18235
8666.72
6818.87
5916.3
7483.38
11527.5
13949.7
7960.25
12529.3
5083.56
6628.02
7615.83
6304.13
1466.79
4950.38
728.952
1762.84
4052.39
8387.67
1468.07
2885.49
758.948
4245.29
393.35
1478.46
5030.57
5100.71
5722.79
3608.25
7993.98
6441.14
9398.8
6560.9
1236.74
2794.46
2847.64
1654.71
1563.47
2015.25
2199.47
1666.57
12760.2
7778.69
2461.59
14416
8308.53
2726.07
12246.8
7698.86
2610.41
14175.7
8316.17
2724.73
11265
7076.83
2332.97
13810.6
8346.07
2792.72
5872.98
3256.63
906.702
7656.21
5064.16
1754.1
9225.43
6360.58
2193.75
10724.1
6971.54
2319.96
13659.8
8558.64
2990.31
6910.74
3964.94
1284.69
7297.07
5270.58
1994.49
8742.07
6455.21
2379.8
10888.5
7655.71
2747.62
13829.9
8682.36
3090.99
297.874
2030.01
2870.24
4141.83
2239.9
2559.96
5612.42
5312.69
603.546
1021.46
644.247
1063.57
484.049
1406.04
865.859
1843.84
3212.64
1571.23
4070.56
2357.69
2153.4
3756.98
3416.9
862.281
6208.33
1458.64
-2032.14
607.495
1730.42
1246.12
1166.11
1028
9701.38
4352.49
2644.06
1611.29
9854.03
4519.04
3337.43
2043.48
9727.06
4855.41
4824.28
3327.06
3448.93
2445.06
1627.16
1553.85
12739.4
11299.2
5978.1
6191.97
13848.5
12977.8
6819.21
6863.13
5250.27
5391.35
10842.6
9022.35
3536.19
3706.7
1929.9
2222.09
4174.81
4148.5
2247.73
2423.76
3037.84
3289.48
1655.34
2084.31
4626.16
3169.03
4595.11
3182.76
7235.68
4171.93
6863
4409
2754.37
2285.6
2895.71
2047.3
1493.62
1407.96
1827.99
1193.02
11405.3
7743.52
5634.19
5598.73
11363.6
7968.21
5659.68
5573.6
11834.4
8367
5740.61
5435.37
13976.2
15244.5
12626.7
8349.71
4627.47
14450.8
13204.1
12124.2
9888.69
6210.34
13534.4
12101.2
9571.84
7275.63
4428.85
6394.48
5552.82
5873.14
6568.18
6661.17
5515.07
5963.39
6520.5
7059.61
5596.81
6074.68
6496.49
10901.4
7718.29
10014.5
6951.05
7763.88
6223.34
7147.69
6037.02
5670.91
6490.34
9065.14
7880.22
7905.26
6880.62
6647.68
5987.08
5754.44
5647.54
4447.34
6165.8
7064.52
4782.57
4687.52
2823.91
9342.74
7207.42
6478.21
5236.59
3772.72
2261.57
5480.11
4024.92
4710.79
2232.97
1696.31
972.633
5039.74
3658.66
1730.71
1437.57
4031.76
1788.46
1563.54
815.297
3067.25
2781.25
2618.47
3795.92
4275.11
3980.18
3329.74
4839.64
3130.7
1990.82
1914.12
2591.65
920.985
434.818
160.015
456.806
3806.04
1590.51
470.365
4325.35
1129.06
301.57
3894.85
1735.16
533.586
4343.75
1182.7
331.747
3717.08
1757.42
457.848
4313.72
1217.59
287.955
4808.97
2478.58
577.014
4223.08
2058.06
497.707
4022.81
1935.58
528.435
3884.32
1821.24
394.012
4339.13
1210.11
185.737
6027.01
3070.05
841.829
5295.5
2640.65
730.495
4704.13
2325.46
678.537
4345.02
1869.13
465.335
4715.64
1143.26
281.729
1668.3
591.701
125.837
-148.526
696.076
259.547
72.8434
-27.099
1765.61
646.837
173.258
-85.9149
883.421
358.049
172.478
78.9586
1891.34
716.341
257.068
14.0256
1502.88
679.693
250.316
51.4803
1133.38
614.587
191.027
-25.228
1040.08
655.903
356.47
198.935
1555.03
673.307
194.981
-147.545
1319.97
564.183
240.985
-140.263
1841.17
702.671
229.082
-92.2423
1655.54
634.479
252.563
-227.664
1237.48
616.547
230.529
-51.1085
1006.18
491.127
253.22
1.58652
900.167
531.783
298.62
173.46
684.772
406.847
260.335
145.195
2108
712.496
131.136
-299.136
2060.05
653.062
190.415
-403.753
2105.67
722.048
147.884
-285.515
1997.47
635.315
196.566
-392.304
2065
723.264
218.003
-194.554
1868.66
601.238
236.17
-315.307
1811.89
667.314
291.366
-3.41577
2050.31
672.173
326.445
-366.028
1609.29
593.524
287.246
-81.8859
1609.95
457.94
167.489
-266.878
635.731
166.011
44.8279
-52.5026
1671.87
490.162
183.625
-253.76
666.138
180.032
56.1548
-40.6967
1715.62
526.778
222.004
-219.902
684.878
196.339
70.4866
-26.6995
1552.97
496.755
252.514
-169.42
669.934
203.235
95.4748
-1.69755
1426.46
493.24
267.872
-92.7249
605.283
214.419
127.835
31.5193
985.716
390
185.077
-30.358
568.679
273.71
158.637
80.0677
1143.16
401.261
199.286
-69.9744
577.079
241.798
144.3
56.6324
789.344
370.825
194.868
27.6567
503.943
282.064
168.324
102.849
551.026
329.232
213.51
125.37
413.139
274.349
181.923
131.228
-13.3533
5.02112
4.96466
3.26153
2.3434
-1.99005
3.42257
2.76754
1.76405
1.25866
6.86963
15.0236
10.238
6.27863
4.43722
19.967
14.8471
8.925
5.31374
3.72715
28.1652
26.8051
16.6582
9.99873
7.02802
79.375
50.0009
28.7102
16.8901
11.8143
93.8793
58.4645
33.5884
19.8011
13.8689
137.172
77.5498
43.2862
25.3234
17.7113
48.6895
39.1919
23.5948
14.0722
9.88844
52.5517
36.9413
21.6692
12.8571
9.02399
33.332
31.1083
18.9689
11.3233
7.94969
63.417
38.6178
21.7122
12.7114
8.87693
63.3625
46.5829
27.7243
16.5112
11.6016
70.8757
44.1946
25.3661
14.9711
10.499
108.86
62.3773
34.914
20.4453
14.3058
91.0561
51.4923
28.7758
16.8552
11.7986
-24.8626
2.37293
3.64673
2.49104
1.80345
-13.6797
0.643421
1.37415
0.949322
0.687828
-11.6181
8.64843
6.88554
4.32747
3.07331
-8.89073
2.90963
2.53358
1.60344
1.13886
4.78273
15.7049
10.3911
6.30054
4.43482
9.37521
10.464
6.30083
3.7201
2.59876
41.2362
30.7272
17.8108
10.4459
7.28179
28.0381
19.6736
11.1387
6.48979
4.51346
78.1319
41.2611
22.3608
12.9003
8.96241
1851.48
4220.06
1889.83
4188.9
2087.75
4168.52
2480.24
4331.78
2571.64
4447.01
1066.78
1593.2
1714.53
2668.33
583.367
795.47
215.169
272.379
9549.43
2285.56
525.077
117.599
29.3115
2609.32
703.614
187.451
42.732
9.32416
9419.22
2236.73
513.478
114.061
28.6433
2657.51
784.229
193.645
45.1295
11.2434
8961.66
2114.24
483.72
107.345
26.9954
2579.53
757.729
186.57
43.2605
10.8169
8167.4
1910.76
436.029
96.7133
24.337
2501.09
719.212
174.822
40.1829
9.9956
6800.07
1583.42
361.658
80.3528
20.252
2353.32
658.68
158.417
36.1938
8.9792
3185.33
775.889
180.361
40.3902
10.2033
1147.11
326.15
77.8758
17.4955
4.33231
4767.86
1144.97
264.038
58.8239
14.8314
1687.26
473.496
113.946
26.02
6.49899
1864.42
457.724
106.914
24.0643
6.09243
644.491
190.44
45.2561
10.1691
2.54251
644.527
157.366
36.8634
8.33024
2.11149
258.768
69.8721
15.4892
4.31867
0.856014
-13.0218
421.4
4668.77
-929.572
767.297
822.264
2398.79
3074.05
1943.57
3642.87
3077.86
4745.42
3723.83
4619.76
1930.37
2597.8
2050.06
2432.29
1065.34
1107.72
2318.26
1665.21
591.171
-337.625
-626.44
-747.409
-148.953
13367.5
3509.21
4517.18
3038.66
16.216
146.223
3130.66
-1158.66
-572.773
-853.563
-456.106
7322.8
3940.21
1528.18
1195.23
3738.39
2150.73
729.325
1456.73
-1273.55
-670.244
825.346
685.602
8828.16
4321.85
5479.23
2922.88
4103
4674.78
1641.68
-700.35
1071.7
1615.91
1295.24
1091.15
953.115
700.519
1305.23
1037.83
799.563
553.724
234.095
517.069
426.402
320.271
201.372
69.4963
-301.497
-251.465
-187.515
-115.124
-38.749
-559.29
-466.627
-348.402
-214.258
-72.1649
-668.273
-558.582
-417.914
-257.475
-86.816
-129.043
-101.924
-69.8747
-38.7424
-11.9831
9512.22
8013.02
6609.6
5794.32
5119.41
2995.91
2517.73
2234.34
1778.4
901.907
3422.1
2670.91
2163.19
1620.53
808.486
2292.7
1778.47
1472.14
1086.82
442.3
110.934
105.73
174.662
163.784
76.382
202.933
240.073
239.77
186.445
74.553
2619.13
2140.32
1641.43
1110.29
443.959
-681.841
-317.463
-114.506
-12.0423
9.44204
-450.668
-314.764
-184.9
-84.2488
-20.536
-587.776
-352.867
-172.914
-61.7291
-10.8592
-414.98
-345.917
-253.209
-150.95
-49.2184
5326.91
4683.2
3924.09
3475.6
3080.94
3007.94
2336.03
1875.59
1370.14
641.34
1374.75
1196.67
971.614
670.113
257.002
1039.67
871.153
680.88
453.832
168.528
3096.08
2468.3
1848.11
1203.78
454.562
1886.57
1578.05
1217.38
793.432
283.709
631.5
522.408
399.711
259.226
92.9944
1276.31
1057.34
799.997
507.641
176.967
-1102.72
-887.898
-639.859
-382.246
-126.397
-589.885
-481.284
-348.655
-207.517
-68.1333
727.631
613.532
478.65
315.611
114.388
607.366
514.219
401.715
263.956
94.7084
5643.36
4038.51
3368.18
2970.67
2477
3273.35
2512.64
1903.21
1323.57
580.25
3990.48
3207.32
2525.05
1894.77
893.012
2318.06
1862.93
1422.93
974.672
412.885
3468.24
2807.56
2114.58
1367.35
499.319
3523.11
2584.52
2030.17
1463.54
598.667
1425.36
1172.9
885.651
563.977
198.124
-621.906
-513.568
-377.523
-228.045
-75.7114
934.396
782.636
610.207
404.412
147.601
-29060.9
-47444.2
-24114.2
-38385.6
-25752.6
-53725.3
-30806.9
-68245.5
-18436.8
-12641.9
-20671.9
-12920
-16962.3
-10918.3
-20939.9
-11069.3
-24123.7
-18242.5
-35029.3
-25312.2
-20732.4
-16586.2
-29253
-22041
-16572
-16990.8
-13626.9
-13151.1
-16103.8
-15103
-40101.1
-11066.8
-15330.9
-5742.53
-48929.9
-13588.7
-13699
-5131.94
-29905.9
-9416.95
-15701
-6024.29
-26645.1
-8272.24
-12537.5
-5054.76
-15909.8
-5773.71
-11910.5
-5249.13
-13822.3
-5013.35
-12335.1
-6007.28
-11042.3
-4395.06
-14096.7
-4987.14
-4939.46
-1736.96
-10568.6
-7097.15
-9121.75
-5609.44
-9276.05
-7494.35
-7979.87
-5711.41
-9303.44
-5356.83
-10913.4
-6896.79
-6254.27
-3765.73
-3365.92
-2087.96
-5394.9
-3737.28
-2819.1
-2020.94
-6364.14
-3500.37
-3504.65
-1778.81
-8222.63
-4184.93
-5372.81
-6207.74
-10459.4
-7043.5
-7585.06
-10500.7
-5564.1
-2500.27
-3214.32
-3576.41
-2989.41
-1204.63
-1442.74
-1351.12
-12390.5
-15140.8
-7004.3
-17167.7
-12883
-14447
-8047
-17548.1
-13016.2
-13141.5
-9588.55
-16685.7
-8851.2
-7118.37
-9748.02
-10837.2
-10821.2
-9704.6
-11293.6
-13174.2
-14238.4
-20215.8
-6721.46
-7006.57
-7662.24
-9266.05
-14390.5
-14416
-10069.5
-18319.7
-14119.3
-13364.8
-9908.84
-18050.5
-14066.6
-11827.1
-9270.59
-16849.4
-13934.2
-7942.09
-6321.71
-8307.07
-6662.82
-9322.12
-7576.19
-10247
-8730.83
-15344.9
-14015
-7441.28
-6447.47
-7592.65
-6675.8
-8418.32
-7961.04
-10135.9
-10134.3
-14119.5
-14620.4
-6878.28
-5493.76
-5061.2
-6564.3
-8487.03
-11602.4
-6421.09
-10726.9
-4685.71
-6118
-6693.63
-5480.83
-974.322
-4332.61
-313.931
-1298.07
-3125.72
-7360.02
-738.583
-2090.5
-538.127
-3902.63
-197.641
-1215.26
-4830.85
-4792
-5560.65
-3377.04
-7480.09
-5834.91
-9002.95
-5957.86
-1130.97
-2599.87
-2746.45
-1515.76
-1469.78
-1863.51
-2115.04
-1554.94
-6120.59
-2105.3
-8290.08
-2826.49
-6257.72
-2198.93
-8487.51
-3044.47
-6212.93
-2166.21
-8981.44
-3457.19
-3737.31
-1062.19
-4707.19
-1799.09
-5362.19
-2075.42
-6481.17
-2448.47
-9490.6
-3772.24
-4726.12
-1451.23
-4398.7
-2149.57
-5345.22
-2518.38
-7183.06
-3122.21
-9871
-3728.86
-6381.32
-5964.95
-4882.23
-4765.37
-10731.6
-8205.06
-8765.91
-7254.39
-4250.54
-3612.93
-1750.37
-1235.72
-4023.24
-3817.68
-1634.02
-1675.48
-3128.85
-4746.18
-3678.53
-5122.88
-3829.85
-2612.75
-3424.89
-650.027
-7107.83
-1943.45
2495.46
261.389
-1059.14
-429.481
94.8438
504.027
-2386.93
-1608.35
-899.623
-510.104
-2562.59
-1712.81
-1380.77
-614.746
-2886.08
-2070.94
-1891.11
-896.542
-1323.32
-190.138
489.17
935.229
-5236.75
-5608.2
-4082.91
-3799.51
-7133.68
-7135.63
-5945.73
-4990.4
-2645.85
-2912.01
-3894.86
-4442.19
-2510.57
-2169.49
-1096.83
-996.025
-3847.98
-3025.03
-1972.59
-1557.3
-1423.72
-1555.23
-311.085
-641.197
-1707.25
-1141.86
-2409.45
-1659.88
-2606.4
-2001.34
-3682.3
-2698.48
-663.687
-383.91
-1206.79
-658.254
322.33
460.892
-347.771
130.991
-3409.8
-4198.2
-2778.99
-4029.91
-3386.4
-4223.87
-2842.93
-4021.17
-3608.81
-3957.18
-3010.46
-3824.99
-2991.06
-4993.94
-2485.84
-2069.49
-2103.75
-7433.06
-5195.47
-4618.24
-4589.43
-4434.11
-5977
-4933.39
-4060.11
-3641.3
-2692.96
-4885.14
-4811.06
-6136.91
-9454.79
-4670.83
-4359.8
-5899.11
-9026.93
-4366.13
-4111.36
-5455.24
-8347.34
-7174.76
-5487.78
-6334.35
-4774.82
-5365.29
-4203.79
-5262.42
-4733.5
-5082.15
-7710.43
-5808.59
-5449.89
-4803.72
-4758.03
-4158.39
-4315.69
-4085.77
-4769.17
-3498.27
-6676.4
-3939.04
-2795.18
-2733.27
-1046.36
-5798.24
-5053.08
-4509.5
-3359.71
-2037.89
-717.926
-3069.07
-2390.26
-3278.36
-1037.63
-509.722
58.0341
-3743.13
-2474.46
-718.032
-439.472
-2643.91
-710.249
-332.919
144.3
-1739.78
-1718.73
-1790.44
-3344.32
-2677.26
-2932.11
-2538.28
-4641.83
-1934.12
-1152.91
-1008.21
-2055.55
229.961
377.178
793.925
173.849
-3423.33
-998.431
-6311.37
-599.785
-3222.24
-1085.86
-6148.66
-624.167
-2519.42
-669.749
-5589.76
-465.489
-3030.2
-697.576
-2700.3
-638.799
-2797.99
-849.613
-2776.78
-517.74
-5257.03
-635.063
-4150.33
-838.77
-3680.62
-601.696
-3567.92
-692.201
-3769.97
-543.606
-5525.6
-659.878
-698.973
-159.16
117.899
321.931
-238.808
-44.7227
43.3912
98.729
-693.594
-133.036
125.903
296.635
-173.217
13.1226
33.3961
44.4121
-714.872
-103.215
114.169
246.676
-48.9617
173.243
287.191
308.543
447.889
379.788
447.143
440.151
863.475
587.661
435.916
301.187
-332.351
71.8391
298.951
500.922
-263.615
122.786
222.479
490.861
-766.469
-90.2516
169.755
395.561
-583.992
21.7579
188.459
602.657
84.9218
237.172
323.153
419.696
31.3936
213.346
229.295
348.169
496.797
396.64
316.088
236.977
347.388
308.935
238.19
215.868
-1092.39
-259.015
137.748
528.818
-1342.22
-296.247
8.86868
652.122
-1050.22
-228.406
151.847
539.215
-1292.39
-275.236
10.0263
645.905
-980.445
-181.471
104.56
455.211
-1177.57
-235.321
-22.2451
579.983
-656.014
-55.8876
86.2969
308.625
-1221.77
-206.921
-37.5938
716.59
-608.275
-5.38485
110.885
454.759
-1233.07
-223.3
-35.972
451.235
-534
-84.8149
11.5316
112.045
-1154.4
-194.326
-21.0832
453.445
-508.931
-75.3125
13.2646
109.319
-994.421
-137.449
-18.3029
438.288
-435.133
-51.4082
23.4407
113.934
-819.803
-89.2523
-36.2929
389.314
-357.639
-27.0693
19.8521
107.267
-604.782
-12.4528
5.54025
331.191
-186.734
28.6827
27.9062
103.029
-278.738
94.587
154.507
318.677
77.9497
161.133
134.106
153.373
-500.495
12.745
79.3975
322.971
-22.434
101.569
80.6895
128.37
-6.37862
184.531
197.022
288.422
181.024
209.931
172.231
164.258
269.463
263.383
204.789
204.516
290.52
248.461
182.191
151.155
69.6549
18.9173
7.02776
3.51234
2.34681
29.2127
9.01567
3.61392
1.86573
1.25934
79.9064
26.8059
11.8238
6.39541
4.38112
44.8559
19.0022
9.39534
5.29246
3.66835
97.7668
37.3506
17.9077
9.99782
6.91426
113.888
54.9117
28.9322
16.6497
11.6089
127.354
63.8751
34.0918
19.6793
13.7287
141.152
78.054
43.1769
25.1964
17.6231
117.289
48.999
24.6254
13.9563
9.68238
99.3065
43.2636
22.1331
12.601
8.75364
106.251
40.649
19.909
11.2127
7.7727
86.4968
40.0073
21.1623
12.1892
8.50509
125.855
56.3539
28.9635
16.5197
11.4823
100.586
48.7175
25.7736
14.8272
10.3261
117.762
63.6044
34.976
20.3786
14.2475
97.9983
52.6199
28.8586
16.7957
11.737
76.6171
16.9896
5.71956
2.75093
1.81738
35.8321
6.94272
2.23001
1.06069
0.699455
81.558
21.5714
8.60415
4.50231
3.05729
37.578
8.57816
3.26672
1.69188
1.14713
83.2458
25.8901
11.6161
6.36871
4.38671
40.9948
13.7385
6.59997
3.72221
2.58557
91.2323
35.9938
18.2052
10.4082
7.26167
53.6121
21.3731
11.0302
6.3465
4.43772
74.7921
39.0736
21.4463
12.5343
8.78826
-1919.72
-3647.5
-1980.92
-3658.74
-2168.27
-3693.64
-2391.16
-3799.67
-2320.83
-3822.42
-939.076
-1431.48
-1532.44
-2360.93
-477.5
-687.764
-119.506
-185.25
-9394.25
-2233.92
-511.005
-114.093
-28.3689
-2532.93
-686.018
-182.475
-41.4788
-9.02393
-9225.73
-2180.23
-498.927
-110.573
-27.7165
-2583.21
-764.745
-188.377
-43.7828
-10.8821
-8711.9
-2051.98
-468.936
-103.961
-26.1203
-2500.69
-736.553
-181.059
-41.905
-10.4601
-7887.2
-1848.2
-422.091
-93.6453
-23.5648
-2401.55
-694.692
-168.984
-38.8306
-9.65297
-6561.33
-1532.18
-350.494
-77.9357
-19.6529
-2234.37
-632.343
-152.601
-34.9128
-8.66505
-3114.59
-758.072
-176.136
-39.4359
-9.96191
-1080.2
-309.439
-74.0849
-16.6705
-4.13173
-4630.76
-1112.76
-256.766
-57.2306
-14.4365
-1591.86
-452.005
-109.249
-25.0044
-6.25314
-1827.22
-448.14
-104.545
-23.5112
-5.94844
-597.694
-177.739
-42.191
-9.47694
-2.36874
-620.971
-151.352
-35.3405
-7.96478
-2.01401
-221.818
-59.4553
-12.8519
-3.69858
-0.696875
-26.1174
-1285.58
-5800.23
694.507
-6731.71
-2966.47
-6526.97
-3028.57
-11946.2
-6378.81
-13377.1
-7084.77
-118.786
-440.628
-688.332
-810.826
-720.751
-250.963
-194.526
-692.937
-1051.61
-1169.06
-946.055
-301.691
-99.402
-104.256
-349.368
-349.989
-497.015
-492.583
-475.335
-456.498
-417.172
-414.65
-301.716
-295.07
856.815
2142
3476.16
2471.75
2255.94
1062.25
774.432
2177.86
3542.57
4123.93
3442.9
1546.51
-107.024
-90.3662
-68.3926
-42.5742
-14.4474
-397.531
-336.225
-254.93
-158.933
-53.9794
-620.911
-525.067
-398.054
-248.139
-84.2736
-731.144
-618.019
-468.32
-291.844
-99.0995
-649.965
-549.371
-416.199
-259.272
-88.0155
-228.922
-195.556
-149.141
-93.0562
-31.5548
-175.125
-147.731
-111.71
-69.4947
-23.5752
-624.635
-527.794
-399.815
-249.096
-84.5746
-947.544
-800.269
-605.986
-377.46
-128.147
-1052.42
-887.983
-671.838
-418.256
-141.966
-850.864
-717.189
-542.15
-337.342
-114.48
-272.744
-231.042
-175.243
-109.165
-37.039
-89.6375
-75.7652
-57.4031
-35.7631
-12.1416
-94.0719
-79.5726
-60.3345
-37.6129
-12.774
-315.362
-266.892
-202.484
-126.293
-42.904
-315.978
-267.469
-202.963
-126.613
-43.0163
-448.582
-379.58
-287.933
-179.569
-60.999
-444.528
-376.095
-285.248
-177.875
-60.4197
-429.062
-363.087
-275.416
-171.746
-58.3361
-411.721
-348.086
-263.804
-164.402
-55.8242
-376.658
-318.733
-241.656
-150.576
-51.1132
-373.481
-315.224
-238.463
-148.38
-50.3394
-273.273
-231.723
-175.647
-109.197
-36.9779
-265.701
-224.043
-169.181
-105.039
-35.5778
757.912
629.017
470.991
292.617
99.6063
1886.02
1560.41
1167.94
727.56
248.8
3022.63
2481.29
1856.79
1166.36
404.91
2133.72
1746.99
1310.91
827.868
288.572
1979.32
1625.52
1214.71
755.464
246.26
961.823
807.015
612.329
382.601
122.112
686.163
570.147
426.955
264.992
90.0844
1924.34
1595.98
1194.87
742.738
253.115
3109.11
2565.91
1918.68
1196.13
409.809
3593.42
2951
2204.93
1379.38
475.437
2998.99
2461.79
1840.29
1152.15
395.851
1361.5
1129.48
852.167
536.544
184.296
228.102
551.325
800.747
924.512
833.742
374.353
349.663
847.665
1201.52
1303.36
1051.03
374.652
184.076
175.203
433.656
421.759
578.175
562.525
547.443
514.625
489.376
428.895
431.284
340.369
-711.445
-1923.01
-3098.94
-1970.84
-1656.92
-413.856
-712.667
-2080.82
-3328.53
-3739.26
-2890.47
-888.615
206.196
174.821
132.891
83.0216
28.2299
498.009
421.849
320.367
199.993
67.9754
723.059
612.231
464.763
290.046
98.5679
834.618
706.497
536.181
334.551
113.681
753.062
637.793
484.23
302.194
102.691
341.599
292.288
223.631
140.083
47.6375
315.936
267.722
203.409
127.032
43.1872
765.175
647.661
491.505
306.673
104.209
1083.89
916.761
695.255
433.6
147.307
1174.82
992.801
752.366
469.005
159.307
946.743
799.524
605.584
377.411
128.191
339.369
288.24
219.293
136.978
46.552
166.429
141.135
107.304
67.0452
22.7987
158.406
134.328
102.125
63.8073
21.6972
391.846
332.045
252.256
157.514
53.5439
381.106
322.953
245.352
153.204
52.0788
522.307
442.468
336.044
209.784
71.303
508.096
430.353
326.785
203.975
69.3234
494.671
419.162
318.405
198.79
67.5674
464.68
393.425
298.624
186.338
63.3183
442.681
375.507
285.456
178.271
60.5932
387.182
327.701
248.633
155.082
52.6842
391.778
333.655
254.308
158.945
54.0086
307.681
260.719
197.927
123.442
41.9191
-625.478
-515.664
-384.005
-237.893
-80.9388
-1686.88
-1390.3
-1037.75
-645.925
-221.049
-2677.04
-2183.28
-1626.61
-1021.15
-355.508
-1661.2
-1326.74
-975.589
-609.511
-212.044
-1407.58
-1112.72
-801.266
-482.224
-148.294
-340.872
-247.974
-159.682
-82.1125
-14.3428
-630.194
-522.55
-390.682
-242.307
-82.3746
-1836.74
-1521.82
-1138.66
-707.785
-241.292
-2913.8
-2398.34
-1789.84
-1115.03
-382.173
-3237.8
-2641.31
-1962.9
-1224.66
-422.082
-2483.57
-2008.67
-1482.49
-920.931
-315.283
-745.168
-585.247
-420.395
-256.244
-86.3363
-1499.63
-946.497
-297.432
586.69
883.943
1120.43
497.879
-11084.5
-1834
-3257.68
-1546.29
204.084
-3947.1
777.566
2379.15
1104.39
-6032.66
-2784.28
-555.482
-611.925
-3363.28
-1331.78
-306.375
-1043.01
2012.66
1225.11
-541.504
-218.41
-7854.26
-3625.62
-4371.62
-2124.31
-3510.96
-3454.11
-1126.66
1234.17
-452.114
-740.992
-477.042
-390.699
-454.545
-497.134
-591.922
-379.157
-251.832
-178.308
-92.943
-247.795
-194.206
-140.752
-87.7709
-30.6274
530.865
450.319
342.17
213.541
72.5625
796.367
672.114
508.187
315.93
107.092
1009.42
852.056
644.497
400.891
135.95
452.881
385.036
291.703
180.632
60.8449
-7763.28
-6703.56
-5785.67
-5583.04
-5594.82
-1166.59
-748.533
-800.309
-877.106
-603.349
-2263.29
-1629.52
-1346.47
-1120.77
-665.288
-983.428
-628.916
-551.252
-474.332
-207.005
194.741
162.891
109.454
51.0924
9.37732
-3256.4
-2624.44
-1980.19
-1318.54
-520.493
705.029
590.889
436.622
261.658
84.6754
2059.79
1673.88
1230.52
754.35
254.812
989.707
827.816
619.029
380.67
127.779
-4113.77
-3683.33
-3205.12
-3126.42
-3156.31
-1899.46
-1336.39
-1083.52
-872.214
-484.382
-430.903
-341.704
-285.236
-226.432
-105.163
-489.273
-383.137
-295.276
-207.139
-84.4128
-2777.5
-2213.86
-1668.23
-1102.76
-426.208
-1109.83
-885.868
-667.394
-438.795
-161.06
-238.252
-177.872
-129.383
-86.3598
-33.6051
-893.808
-724.76
-541.315
-343.577
-120.906
1792.49
1494.07
1117.41
689.439
232.631
1103.63
929.414
699.319
431.795
145.406
-448.618
-357
-270.022
-179.337
-67.2927
-168.609
-126.518
-95.655
-67.5736
-27.1647
-4729.3
-3217.34
-2711.91
-2567.73
-2401.63
-2610.26
-1915.5
-1421.19
-1006.96
-469.012
-2881.53
-2212.26
-1715.07
-1365.67
-690.789
-1559.5
-1181.54
-876.152
-618.977
-291.117
-2919.23
-2327.6
-1740.4
-1130.69
-419.234
-2381.6
-1554.66
-1219.09
-952.231
-427.675
-951.017
-761.846
-566.818
-362.212
-129.309
1113.58
939.928
709.21
439.169
148.243
-351.745
-267.145
-203.014
-143.235
-57.8701
1.73891
37.7924
83.8502
103.262
58.3551
-56.3605
-20615.4
-18208.6
-17302.1
-19714.5
-15123.4
-11984.1
-13577.2
-10314.4
-17938.1
-15772.2
-16533.2
-15589.7
-14520.7
-12385.3
-15278.8
-16998.9
-15204.8
-13927.6
-15700
-12793.2
-10837
-11390.7
-9137.26
-16121.7
-14377.4
-14861.3
-13583.5
-12883.4
-12025.8
-12452
-13380
-12270
-11039.3
-12074.6
-10657.3
-9160.57
-9524.29
-8178.49
-13523
-12347.4
-12593.1
-11548.9
-10966.4
-10139
-10482.8
-9370.07
-8819.78
-7799.94
-8271.47
-7919.24
-7107.33
-7083.09
-6474.6
-9779.83
-9900.06
-9230.62
-9331.86
-8241.58
-7455.89
-8292.98
-6002.33
-5739.02
-5022.98
-5241.88
-5310.99
-4812.45
-4678.64
-4321.69
-6486.05
-6497.88
-6197.61
-6083.22
-5648.1
-5107.19
-5536.59
-2162.45
-2086.03
-1817.75
-1882.57
-1963.25
-1834.71
-1715.31
-1599.31
-2456.67
-2460.09
-2301.37
-2203.66
-2122.73
-1948.62
-2089.85
-7749.63
-7633.39
-11639.6
-12551.4
-7279.49
-6460.06
-10206.8
-8295.66
-5996.2
-4394.41
-5955.22
-4371.25
-5973.46
-5724.52
-4456.41
-7707.51
-7312.52
-10359.5
-11298.4
-6788.34
-6142.07
-9009.82
-7753.78
-5952.14
-3821.58
-5851.32
-4054.97
-5343.37
-5146.08
-4456.28
-7014.04
-6684.94
-8773.58
-9409.78
-6281.5
-5841.11
-7849.7
-6942.35
-4893.49
-4102.57
-4883.86
-4353.12
-4560.54
-4575.53
-4544.93
-5632.98
-5423.03
-6561.37
-6893.03
-5150.77
-4814.98
-6073.2
-5539.75
-4650.27
-3651.44
-4576.63
-3917.03
-4282.81
-4262.29
-4031.29
-3870.83
-3750.04
-4329.69
-4495.42
-3489
-3228.82
-4079.13
-3744.46
-3242.65
-2790.41
-3173.98
-2954.71
-2973.6
-2928.81
-2848.62
-1437.53
-1394.4
-1580.57
-1633.04
-1291.92
-1187.25
-1498.45
-1380.25
-1057.33
-1018.75
-1129.86
-1118.87
-1098.42
-1070.45
-1036.97
7490.49
24195.4
5947.64
25324.4
4464.73
26165.5
7049.81
40244.9
8659.02
55308.6
8594.1
40328
8282.87
33489
8622.52
29309.9
5225.03
3255.49
13994.4
8329.23
5113.62
2763.89
15273.2
7586.61
5707.05
4161.93
18032.3
12771.7
4323.56
3146.4
18109.5
13228.4
10203.9
4319.71
8828.89
3945.65
4078.1
9551.26
35036.9
9477.7
12560.4
4220.59
45032.8
12199.3
11718.9
4013.11
25091.4
7774.69
12885.6
4479.91
21879.1
6944.91
6345.77
3147.02
9072.34
3552.44
6938.5
3746.8
9009.95
3474.78
8745.81
4996.18
7758.81
3389.91
11379.5
4104.17
3906.45
1368.47
12918.6
9015.65
7951.21
5842.44
14254.2
11747.7
7772.21
6727.07
7602.74
5190.31
10812
7317.08
5211.65
3844.27
2612.13
2149.47
4984.99
4305.95
2537.08
2455.1
5042.81
3335.43
2554.89
1649.86
6842.2
3734
5178.84
6201.58
9439.43
6725.34
7561.07
10662.1
4497.57
2140.31
3038.33
3535.85
2212.26
925.029
1300.47
1306.42
8521.75
15335.8
5755.41
17088.1
10008.4
14993.7
7105.98
17854.1
11316
13544.8
9106.66
17361.3
12972.8
15213.4
9984.06
9687.42
10540.6
15232.7
14350.5
14335.5
14830.4
21273.8
12391.2
9752.8
8594.49
9656.69
14975.8
17837.2
15993.6
20629.9
19880.2
16303.4
15149.3
20330.1
19456.2
14103.8
13796.7
19038.6
18723.1
11167.3
8821.7
10654.7
9369.51
11754.5
10646.6
12739.6
12343.7
17449.6
17989.1
10416.8
9118.11
10143.7
9929.28
10594.7
11423.7
11979.8
13638.3
15585.2
18234.5
8666.21
6818.61
5916.09
7483.33
11526.5
13948.9
7959.83
12528.8
5083.51
6628.11
7615.59
6304.03
1466.65
4950.36
728.86
1762.81
4052.26
8387.48
1468.07
2885.45
758.856
4245.36
393.236
1478.43
5030.67
5100.84
5723.02
3608.34
7993.99
6441.18
9399.08
6560.97
1236.74
2794.52
2847.75
1654.75
1563.46
2015.27
2199.52
1666.59
12791
7794.81
2471.41
14424.6
8319.72
2729.86
12242.8
7697.76
2610.34
14172.2
8314.36
2724.51
11262.3
7075.48
2332.64
13808.6
8344.65
2792.33
5872.17
3256.11
906.525
7655.21
5063.47
1753.87
9224.07
6359.67
2193.45
10722.3
6970.4
2319.62
13658.5
8557.55
2989.94
6909.89
3964.38
1284.48
7296.08
5269.83
1994.2
8740.96
6454.33
2379.46
10887.3
7654.74
2747.25
13829
8681.42
3090.6
303.436
2032.15
2884.96
4146.42
2242.34
2561.08
5620.63
5315.35
586.577
1009.15
625.009
1047.03
488.367
1405.53
870.29
1842.9
3225.15
1576.55
4075.31
2359.01
2157.1
3765.11
3421.75
866.294
6211.26
1460.69
-2019.81
616.09
1736.31
1251.44
1176.1
1035.97
9714.96
4349.87
2633.88
1604.34
9844.89
4518.75
3335.16
2043.26
9721.92
4854.33
4825.69
3326.69
3453.06
2445.58
1632.22
1555.67
12735.7
11297.1
5979.1
6192.04
13845.9
12976
6819.78
6863.12
5251.32
5391.35
10838.9
9020.55
3538.42
3707.31
1931.7
2222.69
4176.16
4148.89
2248.59
2424.07
3040.36
3290.07
1657.68
2085.01
4626.56
3169.02
4595
3182.66
7233.21
4171.18
6861.7
4408.38
2756.2
2286.16
2896.16
2047.54
1495.8
1409
1828.63
1193.48
11435.6
7747.64
5636.98
5598.96
11355.1
7967.42
5658.23
5573.32
11826.4
8363.45
5738.77
5434.07
13971.1
15240.8
12621.5
8346.06
4626.32
14447.8
13200
12119.8
9884.99
6208.85
13531.9
12098.3
9569.29
7273.76
4428.04
6392.06
5553.46
5869.24
6562.39
6659.33
5514.92
5961.04
6519.44
7057.46
5595.45
6073.71
6495.8
10899.4
7717.07
10011.9
6949.6
7761.4
6221.83
7145.5
6035.58
5669.79
6489.39
9063.51
7878.97
7903.26
6879.19
6645.77
5985.69
5752.9
5646.34
4446.49
6164.86
7062.87
4781.54
4686.98
2823.44
9341.27
7206.44
6477.69
5236.09
3772.27
2261.18
5478.73
4024.02
4710.77
2232.83
1696.58
972.743
5039.68
3658.5
1730.85
1437.62
4031.74
1788.36
1563.85
815.431
3066.91
2780.86
2618.24
3795.51
4274.12
3979.42
3329.21
4838.97
3130.69
1990.71
1914.14
2591.5
921.303
434.963
160.309
456.926
3808.25
1593.74
472.194
4328.99
1135.41
303.153
3893.81
1735.36
533.615
4341.89
1181.51
331.779
3716.2
1757.15
457.831
4313
1217.08
287.848
4808.19
2478.14
576.87
4222.25
2057.64
497.579
4021.95
1935.18
528.323
3883.44
1820.85
393.9
4338.47
1209.79
185.643
6026.14
3069.56
841.659
5294.58
2640.18
730.344
4703.23
2325.02
678.402
4344.21
1868.75
465.213
4714.97
1143.05
281.666
1661.86
588.155
123.885
-149.155
689.38
256.337
71.4883
-27.5774
1765.85
646.884
173.228
-86.0582
883.503
358.064
172.402
78.833
1891.22
716.306
257.035
13.9405
1502.72
679.632
250.267
51.3904
1133.44
614.6
191.034
-25.2461
1040.65
656.131
356.573
198.971
1555.03
673.321
194.993
-147.555
1319.99
564.213
241.005
-140.242
1840.98
702.621
229.064
-92.2777
1655.39
634.442
252.547
-227.667
1237.67
616.641
230.583
-51.0843
1006.34
491.22
253.274
1.62017
900.596
531.983
298.723
173.507
685.042
406.998
260.422
145.247
2107.22
711.606
129.799
-300.091
2062.22
653.598
189.995
-405.089
2105.18
721.807
147.802
-285.64
1997.02
635.128
196.567
-392.326
2064.58
723.105
217.947
-194.61
1868.19
601.074
236.13
-315.318
1811.54
667.172
291.289
-3.4977
2049.88
672.035
326.388
-366.043
1609.06
593.446
287.193
-81.9562
1614.8
459.685
167.957
-268.679
638.769
166.966
44.9679
-53.1886
1669.63
489.436
183.426
-253.564
665.188
179.736
56.0379
-40.6064
1715.03
526.521
221.927
-219.899
684.579
196.211
70.4325
-26.6926
1552.59
496.602
252.451
-169.428
669.746
203.153
95.4324
-1.71647
1426.2
493.142
267.82
-92.7394
605.161
214.364
127.796
31.4909
985.705
390.02
185.09
-30.3449
568.688
273.718
158.635
80.0592
1143.04
401.231
199.27
-69.9761
577.016
241.767
144.273
56.6068
789.442
370.897
194.912
27.6899
504.032
282.121
168.354
102.866
551.215
329.352
213.583
125.422
413.295
274.452
181.985
131.271
-14.111
4.58435
4.72971
3.12827
2.25234
-2.46215
3.14525
2.61525
1.67681
1.19853
6.86693
15.0278
10.2405
6.28042
4.43904
19.9623
14.8479
8.92516
5.31371
3.72727
28.1502
26.801
16.6551
9.99636
7.02628
79.3475
49.9855
28.6981
16.8811
11.8075
93.8694
58.4563
33.5807
19.7948
13.8636
137.188
77.5567
43.2885
25.3238
17.7113
48.6761
39.1834
23.5879
14.0665
9.88412
52.5424
36.9356
21.6647
12.8533
9.02096
33.3184
31.1029
18.965
11.3204
7.94776
63.3914
38.6053
21.7033
12.7046
8.87174
63.362
46.58
27.7206
16.5075
11.5985
70.8772
44.194
25.3646
14.9693
10.4974
108.879
62.3859
34.9177
20.4469
14.3067
91.0747
51.5009
28.7798
16.8572
11.7999
-25.3978
2.10345
3.51135
2.41624
1.75283
-13.9277
0.537385
1.32408
0.922171
0.669296
-11.6095
8.6441
6.88031
4.32391
3.07058
-8.87786
2.90611
2.52903
1.60017
1.13602
4.76965
15.698
10.3857
6.29649
4.43114
9.36515
10.4582
6.29623
3.71674
2.59579
41.2104
30.7162
17.803
10.4403
7.27702
28.0183
19.6638
11.1314
6.48446
4.50878
78.0945
41.2452
22.3499
12.8923
8.95636
1819.1
4199.51
1888.85
4186.67
2087.17
4167.94
2479.87
4331.34
2571.47
4446.77
1066.76
1593.19
1714.49
2668.26
583.348
795.46
215.128
272.349
9558.75
2284.66
524.751
117.516
29.2904
2629.71
709.044
188.587
42.9797
9.39088
9414.19
2235.11
513.043
113.955
28.6148
2651.84
782.538
193.218
45.0207
11.2153
8961.69
2114.13
483.66
107.325
26.989
2578.43
757.36
186.467
43.2345
10.8098
8167.32
1910.69
435.995
96.7017
24.3331
2500.71
719.077
174.78
40.1714
9.99224
6800.13
1583.41
361.646
80.3479
20.2501
2353.19
658.628
158.398
36.1882
8.97743
3185.45
775.912
180.365
40.3905
10.2032
1147.11
326.146
77.873
17.4944
4.33189
4767.99
1144.99
264.038
58.8229
14.8308
1687.23
473.479
113.939
26.0177
6.49817
1864.5
457.741
106.917
24.0648
6.09249
644.494
190.438
45.2547
10.1685
2.54229
644.549
157.371
36.8643
8.33037
2.1115
258.762
69.8694
15.4881
4.31838
0.8559
-4.9759
425.815
4676.92
-915.851
728.115
780.085
2401.83
3077.59
1952
3652.88
3080.34
4748.73
3723.3
4619.46
1931.8
2599.97
2048.69
2430.97
1003.37
1042.65
2318.23
1665.17
591.126
-337.613
-626.414
-747.376
-148.966
13366.7
3508.69
4516.76
3038.25
16.0585
146.108
3130.36
-1158.78
-572.838
-853.659
-456.102
7322.43
3939.91
1527.96
1195.1
3738.15
2150.56
729.267
1456.62
-1273.53
-670.242
825.243
685.515
8827.88
4321.69
5478.99
2922.75
4102.77
4674.5
1641.56
-700.337
1071.59
1615.91
1295.26
1091.18
953.126
700.503
1305.21
1037.83
799.571
553.733
234.098
517.027
426.364
320.241
201.351
69.4891
-301.487
-251.456
-187.508
-115.119
-38.7476
-559.267
-466.607
-348.387
-214.248
-72.1617
-668.243
-558.557
-417.894
-257.462
-86.8119
-129.055
-101.935
-69.8838
-38.7486
-11.9853
9511.23
8012
6608.63
5793.49
5118.75
2995.39
2517.23
2233.9
1778.06
901.751
3421.68
2670.51
2162.83
1620.26
808.36
2292.32
1778.13
1471.84
1086.6
442.208
110.798
105.61
174.562
163.712
76.3536
202.825
239.974
239.688
186.388
74.5324
2618.84
2140.05
1641.19
1110.12
443.892
-681.947
-317.56
-114.589
-12.1006
9.42056
-450.729
-314.82
-184.946
-84.2811
-20.5479
-587.863
-352.946
-172.979
-61.7739
-10.8755
-414.977
-345.916
-253.209
-150.951
-49.2186
5326.47
4682.75
3923.65
3475.19
3080.59
3007.63
2335.74
1875.34
1369.95
641.254
1374.54
1196.47
971.449
669.999
256.959
1039.54
871.039
680.785
453.767
168.504
3095.84
2468.07
1847.92
1203.64
454.509
1886.41
1577.91
1217.26
793.349
283.679
631.445
522.359
399.671
259.199
92.9846
1276.2
1057.25
799.918
507.588
176.948
-1102.7
-887.882
-639.847
-382.239
-126.394
-589.883
-481.284
-348.656
-207.519
-68.134
727.532
613.442
478.576
315.561
114.369
607.283
514.144
401.654
263.915
94.6935
5643.05
4038.22
3367.9
2970.41
2476.77
3273.2
2512.5
1903.09
1323.48
580.208
3990.25
3207.09
2524.85
1894.61
892.935
2317.93
1862.81
1422.83
974.599
412.853
3468.02
2807.35
2114.4
1367.23
499.273
3522.81
2584.25
2029.93
1463.36
598.59
1425.25
1172.79
885.564
563.918
198.103
-621.894
-513.559
-377.517
-228.041
-75.7104
934.292
782.541
610.128
404.358
147.582
-29163.7
-47145.6
-24069.2
-38436.4
-25699.2
-53779.6
-30981
-67981.4
-18422.7
-12636.7
-20691.7
-12923.4
-16949.9
-10914.3
-20958.1
-11071.4
-24182.1
-18280.4
-34785.4
-25135.3
-20696
-16562.6
-29293.5
-22070.1
-16587
-16978.2
-13630.1
-13144.1
-16091.7
-15117.3
-40137.2
-11075.3
-15338.9
-5746.64
-48959.8
-13596
-13703.8
-5134.44
-29935.7
-9425.13
-15710.7
-6029.2
-26677.1
-8279.48
-12544.5
-5042.44
-15793.8
-5726.42
-11904.5
-5248.03
-13840.6
-5020.13
-12329.4
-6006.19
-11048.8
-4397.89
-14111.5
-4992.21
-4943.99
-1738.55
-10565.9
-7095.91
-9122.3
-5609.47
-9273.7
-7492.99
-7979.95
-5711.16
-9304.35
-5357.04
-10910.8
-6895.9
-6256.83
-3766.39
-3367.47
-2088.4
-5396.44
-3737.58
-2819.83
-2021.08
-6367.19
-3501.1
-3506.5
-1779.31
-8223.8
-4185.61
-5373.15
-6208.17
-10457.7
-7043.44
-7584.69
-10501.1
-5566.92
-2501.31
-3214.96
-3576.8
-2990.96
-1205.19
-1443.14
-1351.33
-12397
-15151.1
-6986.55
-17182.1
-12878.3
-14442
-8049.25
-17545.3
-13011.4
-13139.2
-9588.26
-16685.3
-8848.42
-7116.04
-9745.11
-10835.4
-10821.5
-9701.6
-11290.1
-13170.8
-14236.4
-20216
-6719.8
-7004.86
-7660.87
-9265.37
-14390.9
-14434.9
-10091.2
-18357.3
-14110.4
-13362.7
-9902.99
-18044.3
-14064.3
-11825.7
-9269.06
-16849
-13933.6
-7939.91
-6320.45
-8304.51
-6661.39
-9319.93
-7574.9
-10245.5
-8729.78
-15344.8
-14014.8
-7439.85
-6446.34
-7591.11
-6674.56
-8417.09
-7960.03
-10135.3
-10133.7
-14119.8
-14620.5
-6877.3
-5493.35
-5060.93
-6564.23
-8485.9
-11601.5
-6420.6
-10726.5
-4685.65
-6118.12
-6693
-5480.64
-974.388
-4332.69
-314.083
-1298.17
-3125.6
-7359.8
-738.584
-2090.45
-538.266
-3902.83
-197.842
-1215.4
-4831
-4792.2
-5561
-3377.24
-7479.93
-5834.94
-9003.32
-5958.07
-1131.16
-2600.07
-2746.71
-1515.91
-1470.03
-1863.7
-2115.26
-1555.08
-6130.28
-2106.88
-8287.7
-2826.15
-6255.87
-2198.3
-8486.27
-3043.61
-6212.01
-2165.92
-8980.89
-3456.87
-3736.7
-1062.01
-4706.5
-1798.88
-5361.51
-2075.2
-6480.5
-2448.24
-9490.36
-3772.09
-4725.42
-1450.98
-4397.93
-2149.29
-5344.55
-2518.14
-7182.63
-3122.04
-9870.9
-3728.77
-6379.64
-5963.42
-4879.36
-4764.21
-10726.4
-8202.54
-8766.71
-7254.29
-4246.57
-3609.69
-1744.39
-1231.14
-4024.57
-3815.84
-1632.39
-1671.14
-3126.35
-4745.9
-3677.17
-5122.12
-3829.83
-2609.98
-3423.93
-647.96
-7108.88
-1943.51
2497.98
266.018
-1057.3
-426.157
98.2516
508.949
-2384.8
-1610.87
-898.856
-511.796
-2561.46
-1713.67
-1377.72
-614.562
-2885.93
-2071.08
-1888.42
-895.024
-1319.82
-187.958
493.308
937.508
-5235.62
-5607.16
-4081.98
-3798.74
-7132
-7134.36
-5945.22
-4989.84
-2644.78
-2911.17
-3894.13
-4441.34
-2509.66
-2168.85
-1095.44
-995.28
-3848.15
-3024.81
-1972.23
-1556.96
-1422.25
-1554.39
-309.096
-640.27
-1706.13
-1141.06
-2408.65
-1659.28
-2606.03
-2001.07
-3681.62
-2698.01
-661.954
-382.72
-1205.93
-657.611
324.426
462.151
-346.88
131.603
-3408.14
-4199.18
-2778.1
-4021.84
-3389.02
-4227.9
-2843.95
-4023.08
-3609.57
-3957.61
-3010.88
-3825.53
-2990.1
-4992.3
-2485.33
-2069.36
-2103.64
-7430.92
-5194.22
-4617.62
-4589.3
-4434.18
-5975.63
-4932.36
-4059.38
-3640.78
-2692.62
-4883.86
-4804.17
-6112.58
-9431.82
-4670.08
-4363.64
-5897.6
-9026.25
-4366.09
-4110.91
-5455.83
-8347.76
-7173.14
-5486.8
-6333.3
-4774.12
-5364.75
-4203.33
-5262.24
-4733.18
-5082.26
-7710.41
-5807.5
-5449.01
-4802.97
-4757.39
-4157.92
-4315.25
-4085.5
-4768.87
-3498.12
-6676.17
-3938.39
-2794.74
-2732.77
-1046.04
-5797.32
-5052.44
-4508.96
-3359.3
-2037.43
-717.655
-3068.62
-2389.94
-3277.86
-1037.34
-509.361
58.2449
-3742.79
-2474.2
-717.838
-439.324
-2643.36
-709.968
-332.477
144.527
-1739.38
-1718.44
-1790.1
-3343.98
-2676.95
-2931.84
-2538.04
-4641.54
-1933.61
-1152.62
-1007.82
-2055.23
230.358
377.376
794.216
174.039
-3422.13
-1001.57
-6308.31
-601.777
-3218.5
-1084.36
-6144.02
-621.243
-2518.39
-669.164
-5589.41
-464.968
-3029.71
-697.426
-2699.9
-638.665
-2797.62
-849.45
-2776.34
-517.49
-5256.89
-634.928
-4149.76
-838.578
-3680.19
-601.552
-3567.58
-692.082
-3769.71
-543.498
-5525.41
-659.831
-699.982
-160.831
116.274
319.913
-238.699
-45.5822
42.0848
97.4
-693.938
-133.084
126.014
296.922
-173.181
13.2113
33.5684
44.6274
-714.819
-103.117
114.285
246.862
-48.2366
173.623
287.424
308.734
448.854
380.253
447.379
440.286
864.418
588.095
436.132
301.306
-331.901
72.0926
299.111
501.048
-263.247
123.009
222.62
490.954
-766.233
-90.0895
169.873
395.689
-583.682
21.9603
188.597
602.771
85.5168
237.476
323.316
419.796
31.7765
213.566
229.43
348.255
497.379
396.922
316.24
237.069
347.737
309.131
238.309
215.945
-1093.96
-260.411
137.487
528.571
-1344.67
-297.538
8.59749
653.196
-1050.25
-228.395
151.82
539.366
-1292.13
-275.144
9.92507
645.901
-980.369
-181.381
104.608
455.32
-1177.46
-235.246
-22.2586
580.013
-655.772
-55.7092
86.4179
308.774
-1221.64
-206.814
-37.5384
716.672
-608.015
-5.20427
111.024
454.926
-1235.66
-224.527
-36.4748
453.414
-535.972
-85.4198
11.5869
112.988
-1152.46
-193.891
-21.0963
453.086
-508.057
-75.1357
13.3144
109.154
-994.022
-137.261
-18.2949
438.267
-434.917
-51.3161
23.4644
113.899
-819.599
-89.1153
-36.2439
389.343
-357.521
-26.9966
19.8858
107.281
-604.577
-12.3037
5.6279
331.253
-186.623
28.7657
27.9624
103.074
-278.504
94.7378
154.61
318.756
78.1395
161.273
134.203
153.452
-500.312
12.87
79.4847
323.041
-22.283
101.683
80.7711
128.438
-6.11504
184.697
197.13
288.5
181.232
210.078
172.33
164.335
269.712
263.538
204.887
204.585
290.718
248.596
182.278
151.219
68.9634
18.5424
6.80958
3.38048
2.25241
28.7201
8.75779
3.46935
1.77966
1.19832
79.9642
26.8324
11.839
6.40418
4.38675
44.8997
19.0231
9.40791
5.30012
3.6736
97.8277
37.3792
17.925
10.0089
6.92218
113.953
54.9489
28.9579
16.6674
11.622
127.409
63.9076
34.1139
19.6944
13.7403
141.206
78.0826
43.1943
25.2078
17.6316
117.347
49.0303
24.6454
13.97
9.69243
99.3591
43.2906
22.1493
12.6119
8.76176
106.302
40.6743
19.9246
11.2227
7.7798
86.5595
40.039
21.1825
12.203
8.51536
125.907
56.3829
28.9817
16.532
11.4916
100.634
48.7423
25.7882
14.8367
10.3332
117.807
63.6274
34.9893
20.3871
14.2539
98.0357
52.6388
28.8691
16.8022
11.7418
76.4156
16.8242
5.60705
2.67978
1.76574
35.8496
6.90066
2.19389
1.03684
0.682216
81.5407
21.5781
8.61235
4.50791
3.06152
37.5449
8.57693
3.26983
1.69449
1.14955
83.2794
25.9088
11.6289
6.37739
4.39374
41.0111
13.7492
6.60809
3.72788
2.59023
91.2884
36.0216
18.2234
10.4203
7.2712
53.6465
21.3922
11.0438
6.35584
4.44533
74.8629
39.1082
21.4689
12.5497
8.79971
-1898.97
-3634.48
-1980.23
-3657.19
-2168.06
-3693.44
-2391.07
-3799.56
-2320.84
-3822.41
-939.163
-1431.56
-1532.51
-2360.99
-477.587
-687.841
-119.574
-185.309
-9407.87
-2233.56
-510.749
-114.019
-28.3493
-2553.72
-691.447
-183.601
-41.7218
-9.08876
-9222.01
-2178.84
-498.537
-110.476
-27.69
-2578.13
-763.179
-187.975
-43.6795
-10.8553
-8712.72
-2052.03
-468.909
-103.948
-26.1153
-2499.97
-736.271
-180.973
-41.8824
-10.4537
-7887.58
-1848.24
-422.082
-93.639
-23.562
-2401.43
-694.622
-168.956
-38.8219
-9.65022
-6561.63
-1532.23
-350.498
-77.9343
-19.6519
-2234.39
-632.335
-152.593
-34.9094
-8.66379
-3114.77
-758.112
-176.143
-39.4372
-9.96211
-1080.26
-309.451
-74.0862
-16.6704
-4.13156
-4631.01
-1112.81
-256.775
-57.2315
-14.4364
-1591.91
-452.014
-109.249
-25.0035
-6.25266
-1827.33
-448.165
-104.55
-23.5122
-5.94865
-597.735
-177.749
-42.1925
-9.47708
-2.36871
-621.017
-151.362
-35.3427
-7.96526
-2.01411
-221.845
-59.4619
-12.8532
-3.69887
-0.69692
-22.9921
-1286.61
-5804.97
695.92
-6741.67
-2964.61
-6526.02
-3026.84
-11935.2
-6370.72
-13418.4
-7088.84
-118.774
-440.595
-688.284
-810.771
-720.704
-250.948
-194.507
-692.887
-1051.54
-1168.98
-945.995
-301.672
-99.3918
-104.246
-349.342
-349.963
-496.98
-492.549
-475.303
-456.468
-417.145
-414.624
-301.699
-295.054
856.762
2141.88
3475.97
2471.62
2255.84
1062.23
774.387
2177.74
3542.38
4123.72
3442.74
1546.46
-107.013
-90.3566
-68.3852
-42.5695
-14.4458
-397.502
-336.199
-254.91
-158.921
-53.9752
-620.867
-525.029
-398.025
-248.121
-84.2675
-731.094
-617.977
-468.287
-291.823
-99.0926
-649.923
-549.335
-416.172
-259.254
-88.0096
-228.908
-195.545
-149.132
-93.0509
-31.5531
-175.108
-147.716
-111.699
-69.4875
-23.5727
-624.589
-527.755
-399.785
-249.077
-84.5682
-947.479
-800.213
-605.943
-377.433
-128.137
-1052.35
-887.923
-671.792
-418.227
-141.956
-850.809
-717.142
-542.114
-337.319
-114.473
-272.726
-231.028
-175.231
-109.158
-37.0366
-89.6283
-75.7573
-57.397
-35.7593
-12.1403
-94.0629
-79.5649
-60.3286
-37.6092
-12.7727
-315.339
-266.872
-202.468
-126.284
-42.9007
-315.955
-267.449
-202.948
-126.603
-43.013
-448.55
-379.552
-287.912
-179.556
-60.9946
-444.497
-376.069
-285.228
-177.862
-60.4154
-429.033
-363.062
-275.397
-171.734
-58.332
-411.694
-348.062
-263.786
-164.39
-55.8204
-376.633
-318.712
-241.641
-150.567
-51.1099
-373.457
-315.204
-238.448
-148.371
-50.3361
-273.258
-231.71
-175.638
-109.191
-36.9759
-265.686
-224.03
-169.171
-105.033
-35.5757
757.863
628.974
470.957
292.595
99.5985
1885.91
1560.3
1167.86
727.507
248.781
3022.44
2481.13
1856.66
1166.27
404.879
2133.61
1746.9
1310.83
827.819
288.554
1979.24
1625.45
1214.66
755.435
246.252
961.81
807.013
612.334
382.609
122.117
686.121
570.11
426.926
264.973
90.0779
1924.23
1595.88
1194.79
742.687
253.097
3108.93
2565.75
1918.56
1196.05
409.781
3593.22
2950.83
2204.79
1379.29
475.405
2998.85
2461.67
1840.19
1152.09
395.829
1361.46
1129.45
852.146
536.533
184.293
228.092
551.295
800.701
924.459
833.697
374.336
349.648
847.618
1201.46
1303.28
1050.97
374.633
184.068
175.195
433.631
421.734
578.141
562.492
547.412
514.596
489.35
428.872
431.266
340.353
-711.398
-1922.9
-3098.76
-1970.71
-1656.81
-413.799
-712.624
-2080.7
-3328.33
-3739.04
-2890.29
-888.535
206.187
174.814
132.885
83.018
28.2287
497.982
421.826
320.35
199.982
67.9716
723.017
612.196
464.736
290.03
98.5622
834.571
706.457
536.15
334.532
113.674
753.02
637.758
484.204
302.178
102.685
341.584
292.275
223.622
140.077
47.6356
315.922
267.71
203.4
127.027
43.1853
765.133
647.625
491.477
306.656
104.203
1083.83
916.708
695.215
433.575
147.299
1174.75
992.744
752.322
468.978
159.298
946.689
799.479
605.55
377.39
128.183
339.351
288.226
219.282
136.971
46.5497
166.422
141.128
107.299
67.0422
22.7977
158.398
134.322
102.121
63.8043
21.6962
391.824
332.026
252.241
157.505
53.5409
381.085
322.934
245.338
153.195
52.0758
522.277
442.442
336.024
209.772
71.2988
508.066
430.328
326.766
203.963
69.3193
494.643
419.138
318.386
198.778
67.5636
464.653
393.403
298.607
186.327
63.3147
442.658
375.488
285.441
178.261
60.59
387.161
327.684
248.62
155.074
52.6814
391.761
333.642
254.298
158.938
54.0065
307.667
260.707
197.918
123.436
41.9172
-625.434
-515.626
-383.975
-237.874
-80.932
-1686.78
-1390.21
-1037.67
-645.877
-221.033
-2676.87
-2183.13
-1626.49
-1021.06
-355.479
-1661.08
-1326.63
-975.494
-609.446
-212.02
-1407.46
-1112.61
-801.171
-482.159
-148.271
-340.809
-247.909
-159.623
-82.0703
-14.3276
-630.155
-522.516
-390.655
-242.29
-82.3686
-1836.63
-1521.72
-1138.58
-707.737
-241.275
-2913.62
-2398.19
-1789.72
-1114.95
-382.145
-3237.6
-2641.12
-1962.76
-1224.57
-422.048
-2483.4
-2008.51
-1482.37
-920.846
-315.253
-745.088
-585.171
-420.33
-256.199
-86.3199
-1499.56
-946.425
-297.399
586.672
883.907
1120.38
497.877
-11083.7
-1833.67
-3257.38
-1546.15
204.122
-3946.91
777.563
2379.1
1104.36
-6032.31
-2784.04
-555.359
-611.845
-3363.09
-1331.65
-306.329
-1042.92
2012.6
1225.08
-541.448
-218.363
-7853.95
-3625.44
-4371.39
-2124.17
-3510.74
-3453.86
-1126.57
1234.14
-452.042
-740.872
-476.895
-390.545
-454.405
-497.042
-591.835
-379.06
-251.739
-178.234
-92.9098
-247.764
-194.178
-140.729
-87.7561
-30.6221
530.849
450.306
342.161
213.535
72.5606
796.334
672.087
508.167
315.917
107.088
1009.38
852.021
644.471
400.874
135.944
452.879
385.035
291.703
180.633
60.8452
-7762.6
-6703
-5785.22
-5582.68
-5594.54
-1166.32
-748.324
-800.149
-876.993
-603.3
-2263.04
-1629.32
-1346.31
-1120.66
-665.239
-983.316
-628.832
-551.186
-474.286
-206.987
194.775
162.921
109.478
51.1086
9.3833
-3256.23
-2624.3
-1980.08
-1318.47
-520.465
705.027
590.888
436.622
261.659
84.6757
2059.75
1673.85
1230.49
754.334
254.807
989.677
827.791
619.01
380.658
127.775
-4113.42
-3683.01
-3204.84
-3126.17
-3156.1
-1899.25
-1336.21
-1083.37
-872.11
-484.336
-430.791
-341.607
-285.158
-226.38
-105.144
-489.199
-383.072
-295.224
-207.104
-84.4
-2777.33
-2213.71
-1668.11
-1102.68
-426.178
-1109.71
-885.755
-667.302
-438.732
-161.037
-238.209
-177.833
-129.35
-86.3377
-33.597
-893.73
-724.692
-541.261
-343.541
-120.893
1792.43
1494.02
1117.38
689.416
232.623
1103.6
929.389
699.301
431.784
145.403
-448.567
-356.956
-269.987
-179.314
-67.2844
-168.565
-126.479
-95.6242
-67.5531
-27.1574
-4728.97
-3217.03
-2711.62
-2567.47
-2401.42
-2610.07
-1915.32
-1421.03
-1006.84
-468.958
-2881.29
-2212.03
-1714.86
-1365.5
-690.704
-1559.37
-1181.41
-876.036
-618.891
-291.08
-2919.03
-2327.42
-1740.25
-1130.59
-419.196
-2381.37
-1554.47
-1218.93
-952.111
-427.626
-950.929
-761.769
-566.755
-362.171
-129.294
1113.55
939.9
709.189
439.156
148.238
-351.678
-267.085
-202.965
-143.202
-57.8579
1.73964
37.7925
83.8496
103.261
58.3543
-56.3609
-20698
-18186
-17279.8
-19807.4
-15112.1
-11978.3
-13567.6
-10310
-17994.2
-15813.9
-16512.7
-15573.7
-14510.5
-12378.6
-15269.6
-17069.5
-15191.8
-13915.6
-15771.4
-12785
-10832.1
-11383.7
-9133.46
-16163
-14399.6
-14850.6
-13576.2
-12876.6
-12020.7
-12447.7
-13427.3
-12264.2
-11034.2
-12119.7
-10652.4
-9157.19
-9520.07
-8175.71
-13556.7
-12363.2
-12589.4
-11549.6
-10963
-10136.1
-10481
-9394.62
-8818.4
-7798.87
-8293.31
-7917.39
-7105.64
-7081.44
-6473.13
-9801.81
-9901.65
-9229.9
-9326.46
-8240.26
-7454.51
-8292.17
-6014.25
-5738.78
-5022.85
-5252.2
-5310.32
-4811.71
-4678.03
-4321
-6499.53
-6497.18
-6197.51
-6082.99
-5647.5
-5106.54
-5535.99
-2165.99
-2086.01
-1817.77
-1885.65
-1963.07
-1834.49
-1715.16
-1599.1
-2467.27
-2464.98
-2301.35
-2203.46
-2122.54
-1948.41
-2089.62
-7768.64
-7633.61
-11633.5
-12593.5
-7278.07
-6458.51
-10202.1
-8292.81
-6002.45
-4395.12
-5957.97
-4374.08
-5973.46
-5723.86
-4457.09
-7724.95
-7311.78
-10354.9
-11338.4
-6786.89
-6140.61
-9005.98
-7751.19
-5966.46
-3823.75
-5851.98
-4058.66
-5343.14
-5145.44
-4456.47
-7028.93
-6684.38
-8771.33
-9438.41
-6280.4
-5839.93
-7847.19
-6940.4
-4901.69
-4110.47
-4883.72
-4353.5
-4560.18
-4574.95
-4544.78
-5642.88
-5422.84
-6560.89
-6908.69
-5150.14
-4814.23
-6072.09
-5538.63
-4655.47
-3664.04
-4576.35
-3921.52
-4282.41
-4261.8
-4030.81
-3876.55
-3749.93
-4329.65
-4503.34
-3488.64
-3228.4
-4078.68
-3743.9
-3244.96
-2802.87
-3173.49
-2953.41
-2973.16
-2928.42
-2847.95
-1439.5
-1394.32
-1580.57
-1635.53
-1291.78
-1187.1
-1498.32
-1380.08
-1056.91
-1022.64
-1129.46
-1117.87
-1098.17
-1070.27
-1036.55
)
;

boundaryField
{
    patch1
    {
        type            calculated;
        value           nonuniform List<scalar> 
2440
(
0
0
4674.78
1641.68
-700.35
1071.7
-3454.11
-1126.66
1234.17
-452.114
0
0
4674.5
1641.56
-700.337
1071.59
-3453.86
-1126.57
1234.14
-452.042
0
0
0
0
0
0
0
0
-1035.95
0
0
0
0
0
0
0
0
2318.26
1665.21
591.171
-337.625
-626.44
-747.409
-148.953
13367.5
3509.21
4517.18
3038.66
16.216
146.223
3130.66
-1158.66
-572.773
-853.563
-456.106
7322.8
3940.21
1528.18
1195.23
3738.39
2150.73
729.325
1456.73
-1273.55
-670.244
825.346
685.602
8828.16
4321.85
5479.23
2922.88
4103
188.29
-99.402
-104.256
-349.368
-349.989
-497.015
-492.583
-475.335
-456.498
-417.172
-414.65
-301.716
-295.07
184.076
175.203
433.656
421.759
578.175
562.525
547.443
514.625
489.376
428.895
431.284
340.369
-1499.63
-946.497
-297.432
586.69
883.943
1120.43
497.879
-11084.5
-1834
-3257.68
-1546.29
204.084
-3947.1
777.566
2379.15
1104.39
-6032.66
-2784.28
-555.482
-611.925
-3363.28
-1331.78
-306.375
-1043.01
2012.66
1225.11
-541.504
-218.41
-7854.26
-3625.62
-4371.62
-2124.31
-3510.96
0
0
0
0
0
0
0
0
-1031.48
0
0
0
0
0
0
0
0
2318.23
1665.17
591.126
-337.613
-626.414
-747.376
-148.966
13366.7
3508.69
4516.76
3038.25
16.0585
146.108
3130.36
-1158.78
-572.838
-853.659
-456.102
7322.43
3939.91
1527.96
1195.1
3738.15
2150.56
729.267
1456.62
-1273.53
-670.242
825.243
685.515
8827.88
4321.69
5478.99
2922.75
4102.77
187.179
-99.3918
-104.246
-349.342
-349.963
-496.98
-492.549
-475.303
-456.468
-417.145
-414.624
-301.699
-295.054
184.068
175.195
433.631
421.734
578.141
562.492
547.412
514.596
489.35
428.872
431.266
340.353
-1499.56
-946.425
-297.399
586.672
883.907
1120.38
497.877
-11083.7
-1833.67
-3257.38
-1546.15
204.122
-3946.91
777.563
2379.1
1104.36
-6032.31
-2784.04
-555.359
-611.845
-3363.09
-1331.65
-306.329
-1042.92
2012.6
1225.08
-541.448
-218.363
-7853.95
-3625.44
-4371.39
-2124.17
-3510.74
0
0
4.51346
8.96241
4.43772
8.78826
-56.3605
0
0
0
0
0
0
4.50878
8.95636
4.44533
8.79971
-56.3609
0
0
0
0
0
1873.12
1823.75
1869.03
2477.35
276.346
184.915
197.235
119.39
1366.08
869.636
3158.51
3569.85
-75.4983
-46.8902
924.574
941.406
0
0
0
0
0
0
0
0
0
0
0
0
0
0
0
0
0
0
0
0
0
0
0
0
0
0
0
0
0
0
0
0
0
-266.878
-52.5026
-253.76
-40.6967
-219.902
-26.6995
-169.42
-1.69755
-92.7249
31.5193
-30.358
80.0677
-69.9744
56.6324
27.6567
102.849
125.37
131.228
2.3434
1.25866
4.43722
3.72715
7.02802
11.8143
13.8689
17.7113
9.88844
9.02399
7.94969
8.87693
11.6016
10.499
14.3058
11.7986
1.80345
0.687828
3.07331
1.13886
4.43482
2.59876
7.28179
29.6911
8.11057
29.0044
10.089
27.3302
9.73839
24.6292
9.02947
20.4855
8.17117
10.2941
4.21016
15.0115
6.06591
6.13123
2.54335
2.12084
0.867417
-126.716
78.5305
-1694.94
-319.813
5562.79
5415.19
3048.92
2850.09
5235.72
6273.92
623.835
-925.268
-1142.47
-1551.76
-1958.7
253.782
270.726
74.4419
136.763
-1164.49
-669.579
-2686.47
-2924.3
229.406
174.452
-777.142
-831.653
-0.2404
0.0207653
0
0
0
0
0
0
0
0
0
0
0
0
0
0
0.370766
-0.168952
0
0
0
0
0
0
0
0
0
0
0
0
0
0
451.235
112.045
453.445
109.319
438.288
113.934
389.314
107.267
331.191
103.029
318.677
153.373
322.971
128.37
288.422
164.258
204.516
151.155
2.34681
1.25934
4.38112
3.66835
6.91426
11.6089
13.7287
17.6231
9.68238
8.75364
7.7727
8.50509
11.4823
10.3261
14.2475
11.737
1.81738
0.699455
3.05729
1.14713
4.38671
2.58557
7.26167
-28.7375
-7.84564
-28.0668
-9.76262
-26.4447
-9.41558
-23.848
-8.71729
-19.88
-7.88059
-10.0514
-4.01166
-14.6127
-5.83052
-5.98692
-2.36957
-2.02333
-0.708243
87.0067
-981.239
1484.92
244.081
151.39
709.966
489.366
-0.654078
-0.168245
-0.162592
-0.712992
0
0
0
0
0
0
0
0
0
0.689604
0.227054
0.378951
0.794447
0
0
0
0
0
0
0
0
0
0
1873.02
1823.83
1869.14
2477.32
276.398
184.898
197.275
119.351
1366.15
869.616
3158.52
3569.76
-75.49
-46.9223
924.573
941.398
0
0
0
0
0
0
0
0
0
0
0
0
0
0
0
0
0
0
0
0
0
0
0
0
0
0
0
0
0
0
0
0
0
-268.679
-53.1886
-253.564
-40.6064
-219.899
-26.6926
-169.428
-1.71647
-92.7394
31.4909
-30.3449
80.0592
-69.9761
56.6068
27.6899
102.866
125.422
131.271
2.25234
1.19853
4.43904
3.72727
7.02628
11.8075
13.8636
17.7113
9.88412
9.02096
7.94776
8.87174
11.5985
10.4974
14.3067
11.7999
1.75283
0.669296
3.07058
1.13602
4.43114
2.59579
7.27702
29.6669
8.17975
28.976
10.0615
27.3237
9.73155
24.6253
9.02622
20.4837
8.16943
10.2941
4.20974
15.0109
6.06508
6.13129
2.54312
2.12085
0.867304
-118.581
85.686
-1682.83
-507.392
5568.92
5445.73
3061.5
2857.3
5251.68
6244.22
310.028
-925.175
-1142.64
-1551.97
-1958.67
253.596
270.602
74.2413
136.619
-1164.65
-669.659
-2686.53
-2924.36
229.255
174.373
-777.311
-831.77
-0.237366
0.0228321
0
0
0
0
0
0
0
0
0
0
0
0
0
0
0.371821
-0.168815
0
0
0
0
0
0
0
0
0
0
0
0
0
0
453.414
112.988
453.086
109.154
438.267
113.899
389.343
107.281
331.253
103.074
318.756
153.452
323.041
128.438
288.5
164.335
204.585
151.219
2.25241
1.19832
4.38675
3.6736
6.92218
11.622
13.7403
17.6316
9.69243
8.76176
7.7798
8.51536
11.4916
10.3332
14.2539
11.7418
1.76574
0.682216
3.06152
1.14955
4.39374
2.59023
7.2712
-28.7149
-7.91277
-28.0404
-9.73629
-26.4397
-9.40939
-23.8452
-8.71461
-19.879
-7.87933
-10.0516
-4.01149
-14.6127
-5.83003
-5.98713
-2.36954
-2.02343
-0.708289
89.9157
-985.268
1485.95
246.898
179.517
750.104
478.899
-0.656101
-0.168252
-0.162587
-0.719257
0
0
0
0
0
0
0
0
0
0.687677
0.227085
0.378988
0.788289
0
0
0
0
0
0
0
0
0
14327.8
12128.2
0
14326.9
12123.8
0
0
0
0
0
0
0
0
0
8570.34
15363.4
10006.3
15039.8
11318.6
13528.6
12973.8
15215.6
9979.29
17809.7
15914.1
16311.1
15152.8
14106.7
13791.5
12760.2
7778.69
2464.22
12246.8
7698.86
2614.2
11263.3
7075.27
2331.62
0
0
0
0
0
0
0
0
11405.3
7738.92
11363.6
7959.24
11837.6
8362.03
13976.2
15244.5
12630.2
6394.51
5558.44
6661.17
5513.54
7059.61
5598.69
3806.04
1590.51
465.308
3894.85
1735.16
535.953
3717.19
1757.52
457.944
-10.9687
-38.5001
108.098
734.753
1596.74
664.571
1381.19
284.38
93.537
-6.7097
-86.3361
-327.918
-857.313
-1448.68
-519.64
-1155.15
-173.809
2.45924
0
0
0
0
0
0
0
0
8521.75
15358
10008.4
15035.7
11318.8
13527.5
12972.8
15213.4
9978.84
17837.1
15954.5
16303.4
15147.2
14103.8
13787.7
12791
7794.81
2474.39
12242.8
7697.76
2614.12
11260.5
7073.93
2331.29
0
0
0
0
0
0
0
0
11435.6
7743.41
11355.1
7958.28
11829.6
8358.48
13971.1
15240.8
12625
6392.09
5559.25
6659.33
5513.44
7057.45
5597.32
3808.25
1593.74
466.673
3893.81
1735.36
536.001
3716.31
1757.25
457.925
-7.50127
-43.2053
106.262
733.88
1596.36
664.515
1381.05
284.342
93.4891
-6.65979
-82.8966
-326.911
-856.899
-1448.55
-519.693
-1155.15
-173.878
2.39687
14450.8
13204.1
30.9832
17.4714
9.50804
5.47256
3.79576
61.1808
31.0508
16.6607
9.57295
6.64196
3475.27
1649.72
15232.7
14350.5
-2713.42
-173.488
35.4493
16.9228
9.16706
5.35338
3.75547
52.1079
28.7244
15.9689
9.3776
6.58453
0
0
0
0
0
11168.8
8816.63
10655.9
9377.31
11755.7
10648.8
5872.98
3256.63
906.7
7656.21
5064.16
1754.1
9226.28
6362.34
2195.97
-4398.7
-2149.57
-5345.22
-2518.38
-7183.06
-3122.21
-9871
-3728.86
3528.8
1539.58
2726.75
1649.28
600.178
397.471
374.407
324.888
924.358
602.817
422.115
271.578
100.264
53.4968
29.2261
16.9993
11.8854
136.167
76.6734
42.6717
24.9491
17.4599
190.176
478.16
692.814
779.818
867.119
1077.27
171.932
145.787
110.828
69.2397
23.5435
432.034
366.073
278.082
173.628
59.019
625.63
529.758
402.159
250.973
85.2874
703.557
595.117
451.325
281.451
95.6102
781.314
659.934
499.823
311.414
105.745
968.71
816.431
617.196
384.101
130.368
1482
1309.47
1084.71
809.598
500.962
170.027
7296.08
5269.83
1994.2
8740.96
6454.33
2379.46
10887.3
7654.74
2747.25
13829
8681.42
3090.6
-2025.53
385.877
-679.688
808.651
10899.4
7716.7
10011.9
6950.25
7761.44
6218.82
4808.19
2478.14
576.871
4222.25
2057.64
497.579
4020.15
1933.6
526.721
799.694
479.935
184.43
32.311
962.699
629.158
362.328
223.175
90.5928
52.3996
29.4168
17.2158
12.0314
139.618
77.546
43.0261
25.1231
17.5611
-1295.89
-1115.39
-895.653
-647.755
-390.846
-130.827
-118.883
-403.214
-613.452
-702.246
-829.183
-986.112
-107.283
-90.7617
-68.8302
-42.9153
-14.576
-364.013
-308.113
-233.793
-145.84
-49.5477
-553.465
-468.122
-354.943
-221.287
-75.1577
-632.742
-534.345
-404.536
-251.913
-85.5076
-745.585
-628.134
-474.44
-294.937
-100.024
-883.565
-741.38
-557.864
-345.866
-117.143
15234.7
14351.7
-2722.6
-181.538
35.4209
16.9065
9.15504
5.34507
3.74892
52.0542
28.6982
15.9516
9.36575
6.57569
0
0
0
0
0
14447.8
13200
30.9643
17.4623
9.50127
5.46768
3.7917
61.1513
31.0383
16.6521
9.56666
6.63714
3477.51
1654.35
8664.1
55348.4
8611.18
40323.3
8318.3
33503
8646.85
29958.9
14416
8308.53
2726.07
14175.7
8316.17
2724.73
13810.6
8346.07
2792.72
13659.8
8558.64
2990.31
13829.9
8682.36
3090.99
187.844
71.3108
-304.3
257.468
-1079
1434.52
-23.023
13.034
1117.31
1027.63
82.3823
39.5025
25.8625
19.7999
478.807
233.272
185.971
158.504
15.0931
5.54167
2.57031
1.69673
118.941
44.6322
19.55
12.7675
263.722
105.057
48.9876
32.8071
342.307
158.284
82.7265
57.7216
308.536
190.024
110.278
78.789
293.669
232.128
152.289
113.097
245.045
202.624
133.794
99.4352
326.95
252.505
166.405
125.885
351.564
262.855
181.135
139.407
7.19103
3.70535
1.97328
1.12818
0.781215
43.8666
22.8795
12.2945
7.06628
4.9048
58.0268
34.6602
19.5899
11.4989
8.04426
60.6823
32.3616
17.6064
10.2022
7.10269
75.4279
43.4919
24.4893
14.3753
10.065
93.4729
51.6314
28.6802
16.7711
11.7343
1.47272
0.682412
0.347929
0.195232
0.134182
10.9255
5.2177
2.70885
1.53211
1.05663
26.2743
12.8184
6.73914
3.83403
2.6514
391.201
379.676
509.97
810.251
1904.17
838.335
1862.47
278.086
87.629
255.678
69.7719
17.8169
4.01235
0.644587
275.758
80.3812
19.598
4.62578
0.837937
315.049
88.9668
21.756
4.91388
0.951705
428.239
110.199
25.8573
5.76549
1.18452
629.146
139.204
29.9
6.26603
1.25709
256.569
56.8117
11.8972
2.41197
0.447024
457.68
93.6756
19.5665
4.10975
0.847669
104.943
29.493
6.15846
1.31303
0.257747
83.5819
17.342
2.54175
1.59424
0.108197
3723.82
4637.28
1930.21
2593.19
2049.78
2417.13
1065.07
1102.58
-1075.05
-3299.27
-2252.05
-1514.03
-953.284
-790.595
-588.547
-362.192
-122.269
-1517.61
-934.218
-555.118
-368.654
-178.069
-1463.28
-860.983
-502.215
-262.206
-85.48
-1263.79
-984.063
-693.565
-411.676
-137.002
-8290.08
-2826.49
-8487.51
-3044.47
-8981.44
-3457.19
-9490.6
-3772.24
-9871
-3728.86
23.1905
29.9677
848.656
217.639
1467.67
-571.03
192.77
165.825
-127.221
13.6353
28.1381
21.5005
8.92174
1.00205
176.239
134.723
19.3877
-36.1433
1.24466
1.77894
1.00023
0.57581
15.2026
15.8244
10.7734
6.54908
69.8492
46.9741
27.8463
16.4778
194.133
94.0712
46.5828
26.2588
356.27
149.215
75.2396
48.8925
426.473
235.093
149.461
114.47
461.393
203.593
109.727
78.9672
384.108
251.98
176.985
137.572
354.57
261.138
183.181
142.49
5.04044
3.13618
1.81522
1.07939
0.760502
33.2869
20.147
11.5218
6.81416
4.79089
75.4717
36.5918
19.4337
11.1979
7.80748
57.427
30.4083
16.7368
9.75965
6.83405
88.175
45.4434
24.5001
14.1751
9.8888
94.4188
51.8753
28.6233
16.6871
11.6665
0.67002
0.49981
0.302325
0.1825
0.129275
6.5609
4.22545
2.45541
1.46377
1.03241
18.4843
11.0457
6.27899
3.71712
2.61506
-402.502
-461.827
-632.042
-831.546
-1633.81
-672.244
-1528.53
-170.141
-0.611593
-255.027
-68.8411
-17.4907
-3.91101
-0.626472
-288.39
-81.1228
-19.4069
-4.52295
-0.81265
-333.064
-90.1288
-21.4818
-4.77887
-0.912775
-420.506
-107.049
-24.8445
-5.49533
-1.1154
-568.365
-128.276
-27.7019
-5.80226
-1.15067
-197.114
-43.0154
-8.90283
-1.78128
-0.29855
-381.737
-79.4271
-16.7563
-3.53819
-0.716522
-60.682
-17.7438
-3.35474
-0.68484
-0.101228
-46.9293
-7.02677
0.0677489
-0.980417
0.0491499
-222.948
-779.829
-1201.09
-1380.56
-1193.99
-530.054
656.076
2271.26
3994.51
5065.03
4500.81
2024.48
-200.78
-169.444
-128.185
-79.7712
-27.0666
-702.992
-594.033
-450.017
-280.386
-95.2007
-1082.07
-913.742
-691.807
-430.872
-146.273
-1242.16
-1047.45
-792.064
-492.927
-167.284
-1072.06
-902.023
-680.86
-423.28
-143.6
-474.413
-397.89
-299.614
-186.064
-63.1179
584.445
488.007
366.428
227.412
77.205
2009.55
1668.15
1248.86
775.592
264.052
3500.83
2884.94
2154.52
1342.41
460.158
4386.16
3585.33
2674.34
1677.22
582.064
3857.84
3135.1
2340.22
1479.01
520.124
1741.88
1424.71
1071.87
682.468
241.472
378.366
936.858
1356.09
1519.9
1294.2
565.533
-685.472
-2312.33
-3938.92
-4802.52
-4001.67
-1372.99
341.849
289.657
220.054
137.417
46.7157
845.642
715.721
543.117
338.858
115.142
1223.11
1034.3
784.243
489.031
166.127
1369.27
1156.45
875.916
545.83
185.373
1163.82
981.072
741.963
461.983
156.863
507.102
426.257
321.707
200.147
67.9617
-611.875
-512.162
-385.523
-239.735
-81.4753
-2049.63
-1705.19
-1279.53
-796.142
-271.344
-3454.44
-2849.45
-2130.77
-1329.51
-456.27
-4148.63
-3383.3
-2520.41
-1581.24
-549.666
-3395.92
-2732.22
-2024.78
-1277.01
-450.428
-1132.15
-886.791
-645.522
-405.994
-144.972
1220.69
0
1810.55
1092.15
915.693
689.417
428.155
145.266
0
0
0
0
0
1582.4
1298.17
963.166
595.214
202.406
8658.98
55360.4
8594.04
40319.7
8282.96
33485.1
8622.7
29312.1
14424.6
8319.72
2729.86
14172.2
8314.36
2724.51
13808.6
8344.65
2792.33
13658.5
8557.55
2989.94
13829
8681.42
3090.6
160.793
76.4101
-303.218
220.496
-1068
1443.13
-11.426
13.1143
1088.72
1019.92
69.5957
33.3167
21.8973
16.7329
476.789
232.517
185.36
158.061
13.2897
4.83201
2.21813
1.43389
118.078
44.384
19.4602
12.7923
263.47
104.92
48.9212
32.7679
342.139
158.17
82.6598
57.6678
308.437
189.941
110.219
78.7341
293.715
232.135
152.279
113.077
245.024
202.585
133.754
99.3914
327.06
252.563
166.432
125.895
351.726
262.957
181.196
139.447
5.98825
3.09159
1.64932
0.944051
0.65412
43.8278
22.8255
12.2546
7.04053
4.8861
58.0128
34.6525
19.5841
11.4942
8.04054
60.6568
32.3493
17.5978
10.1956
7.09765
75.4258
43.4899
24.487
14.373
10.063
93.4903
51.6396
28.684
16.773
11.7354
1.20561
0.560327
0.286373
0.160921
0.110658
10.9532
5.21231
2.70238
1.52796
1.05386
26.2648
12.8112
6.7329
3.82968
2.64811
392.998
374.405
508.687
809.581
1903.82
838.276
1862.31
278.051
87.5909
256.908
70.5261
17.8786
4.0336
0.658749
272.439
79.3765
19.3588
4.56399
0.82324
314.501
88.7866
21.7063
4.90199
0.948677
427.952
110.103
25.8287
5.75805
1.18249
628.973
139.146
29.882
6.26111
1.25567
256.523
56.7939
11.8913
2.41025
0.446474
457.586
93.6422
19.5559
4.10673
0.846744
104.917
29.4831
6.15517
1.31205
0.257433
83.5663
17.3365
2.54002
1.59381
0.10805
3723.3
4636.95
1931.64
2595.36
2048.41
2415.77
1003.1
1036.54
-1075
-3299.4
-2252.1
-1514
-953.238
-790.555
-588.516
-362.172
-122.262
-1517.69
-934.279
-555.175
-368.704
-178.081
-1463.31
-861.013
-502.241
-262.225
-85.4863
-1263.76
-984.038
-693.544
-411.662
-136.998
-8287.7
-2826.15
-8486.27
-3043.61
-8980.89
-3456.87
-9490.36
-3772.09
-9870.9
-3728.77
1.11592
3.63375
873.191
258.65
1469.82
-566.539
152.955
137.787
-102.208
19.0218
23.6099
18.1537
7.44871
0.815892
177.468
135.153
19.7625
-36.0133
0.713038
1.4733
0.866065
0.53788
16.1812
15.975
10.786
6.45017
70.1558
47.0929
27.8797
16.4877
194.343
94.1978
46.6401
26.3001
356.447
149.348
75.3193
48.9568
426.666
235.246
149.568
114.557
461.569
203.735
109.824
79.0481
384.309
252.132
177.089
137.653
354.764
261.273
183.269
142.555
4.32064
2.66788
1.53804
0.91274
0.642485
33.1005
20.0976
11.5093
6.81027
4.78899
75.5212
36.6173
19.4496
11.2087
7.8156
57.4798
30.4352
16.7543
9.77181
6.84313
88.223
45.4681
24.5148
14.1848
9.89607
94.457
51.8945
28.634
16.6937
11.6714
0.591577
0.42741
0.256016
0.153931
0.108881
6.49111
4.22111
2.45839
1.46607
1.03388
18.492
11.0564
6.28873
3.72383
2.62005
-402.493
-458.219
-631.375
-831.233
-1633.69
-672.28
-1528.51
-170.193
-0.662318
-255.945
-69.5365
-17.5447
-3.93092
-0.640127
-285.326
-80.1583
-19.1751
-4.46295
-0.798373
-332.717
-89.9818
-21.4371
-4.76774
-0.90987
-420.376
-106.988
-24.8222
-5.48897
-1.11356
-568.309
-128.248
-27.6903
-5.79854
-1.14949
-197.113
-43.0113
-8.90049
-1.78037
-0.298199
-381.714
-79.4141
-16.7505
-3.53619
-0.715828
-60.6923
-17.7443
-3.35419
-0.684529
-0.101087
-46.9473
-7.0305
0.0671051
-0.980576
0.0491403
-222.927
-779.774
-1201.01
-1380.47
-1193.91
-530.022
656.038
2271.13
3994.29
5064.78
4500.61
2024.41
-200.762
-169.428
-128.172
-79.7633
-27.0639
-702.941
-593.99
-449.984
-280.365
-95.1936
-1082
-913.679
-691.759
-430.841
-146.262
-1242.08
-1047.38
-792.01
-492.893
-167.273
-1071.99
-901.964
-680.814
-423.252
-143.59
-474.384
-397.865
-299.594
-186.052
-63.1136
584.41
487.976
366.404
227.397
77.1997
2009.43
1668.05
1248.78
775.539
264.033
3500.63
2884.76
2154.38
1342.32
460.125
4385.92
3585.11
2674.17
1677.1
582.023
3857.65
3134.93
2340.08
1478.91
520.091
1741.81
1424.66
1071.83
682.444
241.463
378.349
936.806
1356.01
1519.81
1294.13
565.502
-685.435
-2312.2
-3938.71
-4802.26
-4001.44
-1372.89
341.833
289.643
220.044
137.411
46.7136
845.595
715.681
543.087
338.838
115.135
1223.04
1034.24
784.198
489.002
166.118
1369.2
1156.38
875.865
545.798
185.362
1163.76
981.016
741.92
461.956
156.854
507.074
426.233
321.689
200.135
67.9577
-611.841
-512.133
-385.501
-239.721
-81.4704
-2049.51
-1705.09
-1279.45
-796.093
-271.327
-3454.24
-2849.28
-2130.64
-1329.42
-456.24
-4148.39
-3383.09
-2520.24
-1581.12
-549.626
-3395.71
-2732.02
-2024.62
-1276.9
-450.389
-1132.05
-886.697
-645.441
-405.938
-144.951
1220.64
0
1810.5
1092.1
915.652
689.386
428.135
145.259
0
0
0
0
0
1582.35
1298.12
963.133
595.193
202.399
7297.07
5270.58
1994.49
8742.07
6455.21
2379.8
10888.5
7655.71
2747.62
13829.9
8682.36
3090.99
-2031.47
384.774
-685.25
806.688
10901.4
7717.91
10014.4
6951.71
7763.92
6220.32
4808.97
2478.58
577.015
4223.08
2058.06
497.707
4021.01
1934
526.833
799.648
479.947
184.446
32.3457
962.15
628.941
362.234
223.147
90.607
52.4093
29.4252
17.2224
12.0368
139.604
77.5402
43.0245
25.1231
17.5615
-1295.93
-1115.42
-895.685
-647.78
-390.862
-130.833
-118.894
-403.243
-613.494
-702.291
-829.234
-986.168
-107.293
-90.7701
-68.8366
-42.9194
-14.5773
-364.04
-308.136
-233.81
-145.851
-49.5514
-553.503
-468.154
-354.968
-221.303
-75.163
-632.784
-534.38
-404.563
-251.931
-85.5134
-745.632
-628.173
-474.471
-294.956
-100.03
-883.617
-741.424
-557.899
-345.888
-117.151
11167.3
8815.56
10654.8
9376.19
11754.5
10647.3
5872.17
3256.11
906.524
7655.21
5063.47
1753.87
9224.91
6361.42
2195.67
-4397.93
-2149.29
-5344.55
-2518.14
-7182.63
-3122.04
-9870.9
-3728.77
3531.38
1541.45
2730.51
1651.46
601.077
397.91
374.633
325.019
925.304
603.258
422.337
271.702
100.314
53.5264
29.2463
17.0133
11.8961
136.222
76.7027
42.6896
24.9609
17.4687
190.167
478.132
692.774
779.774
867.072
1077.21
171.923
145.779
110.822
69.2363
23.5424
432.009
366.051
278.066
173.618
59.0155
625.594
529.727
402.136
250.958
85.2824
703.517
595.083
451.3
281.435
95.6047
781.272
659.899
499.795
311.397
105.739
968.661
816.389
617.164
384.081
130.361
1481.95
1309.43
1084.67
809.568
500.943
170.02
)
;
    }
    patch2
    {
        type            calculated;
        value           nonuniform List<scalar> 
348
(
1.73891
1.73964
598.667
198.124
-75.7114
147.601
-427.675
-129.309
148.243
-57.8701
598.59
198.103
-75.7104
147.582
-427.626
-129.294
148.238
-57.8579
700.519
234.095
69.4963
-38.749
-72.1649
-86.816
-11.9831
5119.41
901.907
808.486
442.3
76.382
74.553
443.959
9.44204
-20.536
-10.8592
-49.2184
3080.94
641.34
257.002
168.528
454.562
283.709
92.9944
176.967
-126.397
-68.1333
114.388
94.7084
2477
580.25
893.012
412.885
499.319
-14.4474
-53.9794
-84.2736
-99.0995
-88.0155
-31.5548
-23.5752
-84.5746
-128.147
-141.966
-114.48
-37.039
-12.1416
-12.774
-42.904
-43.0163
-60.999
-60.4197
-58.3361
-55.8242
-51.1132
-50.3394
-36.9779
-35.5778
99.6063
248.8
404.91
288.572
246.26
122.112
90.0844
253.115
409.809
475.437
395.851
184.296
28.2299
67.9754
98.5679
113.681
102.691
47.6375
43.1872
104.209
147.307
159.307
128.191
46.552
22.7987
21.6972
53.5439
52.0788
71.303
69.3234
67.5674
63.3183
60.5932
52.6842
54.0086
41.9191
-80.9388
-221.049
-355.508
-212.044
-148.294
-14.3428
-82.3746
-241.292
-382.173
-422.082
-315.283
-86.3363
-497.134
-92.943
-30.6274
72.5625
107.092
135.95
60.8449
-5594.82
-603.349
-665.288
-207.005
9.37732
-520.493
84.6754
254.812
127.779
-3156.31
-484.382
-105.163
-84.4128
-426.208
-161.06
-33.6051
-120.906
232.631
145.406
-67.2927
-27.1647
-2401.63
-469.012
-690.789
-291.117
-419.234
700.503
234.098
69.4891
-38.7476
-72.1617
-86.8119
-11.9853
5118.75
901.751
808.36
442.208
76.3536
74.5324
443.892
9.42056
-20.5479
-10.8755
-49.2186
3080.59
641.254
256.959
168.504
454.509
283.679
92.9846
176.948
-126.394
-68.134
114.369
94.6935
2476.77
580.208
892.935
412.853
499.273
-14.4458
-53.9752
-84.2675
-99.0926
-88.0096
-31.5531
-23.5727
-84.5682
-128.137
-141.956
-114.473
-37.0366
-12.1403
-12.7727
-42.9007
-43.013
-60.9946
-60.4154
-58.332
-55.8204
-51.1099
-50.3361
-36.9759
-35.5757
99.5985
248.781
404.879
288.554
246.252
122.117
90.0779
253.097
409.781
475.405
395.829
184.293
28.2287
67.9716
98.5622
113.674
102.685
47.6356
43.1853
104.203
147.299
159.298
128.183
46.5497
22.7977
21.6962
53.5409
52.0758
71.2988
69.3193
67.5636
63.3147
60.59
52.6814
54.0065
41.9172
-80.932
-221.033
-355.479
-212.02
-148.271
-14.3276
-82.3686
-241.275
-382.145
-422.048
-315.253
-86.3199
-497.042
-92.9098
-30.6221
72.5606
107.088
135.944
60.8452
-5594.54
-603.3
-665.239
-206.987
9.3833
-520.465
84.6757
254.807
127.775
-3156.1
-484.336
-105.144
-84.4
-426.178
-161.037
-33.597
-120.893
232.623
145.403
-67.2844
-27.1574
-2401.42
-468.958
-690.704
-291.08
-419.196
4325.35
1129.06
301.57
4343.75
1182.7
331.747
4313.72
1217.59
287.955
4339.13
1210.11
185.737
4715.64
1143.26
281.729
-6311.37
-599.785
-6148.66
-624.167
-5589.76
-465.489
-5257.03
-635.063
-5525.6
-659.878
4328.99
1135.41
303.153
4341.89
1181.51
331.779
4313
1217.08
287.848
4338.47
1209.79
185.643
4714.97
1143.05
281.666
-6308.31
-601.777
-6144.02
-621.243
-5589.41
-464.968
-5256.89
-634.928
-5525.41
-659.831
)
;
    }
    patch3
    {
        type            calculated;
        value           nonuniform List<scalar> 
96
(
-118.786
-440.628
-688.332
-810.826
-720.751
-250.963
-194.526
-692.937
-1051.61
-1169.06
-946.055
-301.691
856.815
2142
3476.16
2471.75
2255.94
1062.25
774.432
2177.86
3542.57
4123.93
3442.9
1546.51
228.102
551.325
800.747
924.512
833.742
374.353
349.663
847.665
1201.52
1303.36
1051.03
374.652
-711.445
-1923.01
-3098.94
-1970.84
-1656.92
-413.856
-712.667
-2080.82
-3328.53
-3739.26
-2890.47
-888.615
-118.774
-440.595
-688.284
-810.771
-720.704
-250.948
-194.507
-692.887
-1051.54
-1168.98
-945.995
-301.672
856.762
2141.88
3475.97
2471.62
2255.84
1062.23
774.387
2177.74
3542.38
4123.72
3442.74
1546.46
228.092
551.295
800.701
924.459
833.697
374.336
349.648
847.618
1201.46
1303.28
1050.97
374.633
-711.398
-1922.9
-3098.76
-1970.71
-1656.81
-413.799
-712.624
-2080.7
-3328.33
-3739.04
-2890.29
-888.535
)
;
    }
    patch4
    {
        type            calculated;
        value           nonuniform List<scalar> 
384
(
33903.7
34850.3
36048.2
66072.4
96396.7
59538.6
46552.3
42079
-58938.7
-48376.6
-76492.5
-96841.4
33099.5
34882.9
36082.1
66099.4
96433.5
59563.4
46561.9
41058.3
-58281.2
-48506.9
-76627.2
-96131.2
39166.2
12145.1
59352.3
18818.3
-44632
-13804
-63634.5
-20273.7
39177.6
12147.2
59366.2
18821.8
-44672.4
-13813.6
-63669.1
-20282.4
25969.8
8998.47
-31057.3
-10399
12720.1
4918.73
4434.54
1673.04
-16006
-6057.48
-5539.26
-2072.41
-31023.1
-10391.1
25988.2
9002.13
24539.4
17046.2
23756
16684.8
26960.7
8904.43
11250.3
4202.56
10150.1
3653.65
-41851.1
-29662.2
-35256.7
-25768.8
-32254.7
-10621.3
-18366.5
-6532.7
-15182.4
-5289.39
23957.2
16668.3
23817.9
16743.4
26975.9
8907.39
11009.6
4112.89
10191
3668.35
-41314.3
-29276.1
-35360.4
-25848.4
-32288.8
-10630.3
-18124.2
-6440.59
-15233.2
-5307.44
-15987.3
-6050.77
-5534.1
-2070.55
12731.7
4923.39
4437.27
1674.15
21273.8
14975.4
-20215.8
-14390.5
21273.8
14975.8
-20216
-14390.9
3176.74
3613.1
3746.19
3469.09
4995.97
3387.55
4100.6
1367.58
3733.42
6201.27
6725.01
10661.7
2139.7
3535.65
924.922
1306.41
-5054.76
-5773.71
-5249.13
-5013.35
-6007.28
-4395.06
-4987.14
-1736.96
-4184.93
-6207.74
-7043.5
-10500.7
-2500.27
-3576.41
-1204.63
-1351.12
3147.02
3552.44
3746.8
3474.78
4996.18
3389.91
4104.17
1368.47
3734
6201.58
6725.34
10662.1
2140.31
3535.85
925.029
1306.42
-5042.44
-5726.42
-5248.03
-5020.13
-6006.19
-4397.89
-4992.21
-1738.55
-4185.61
-6208.17
-7043.44
-10501.1
-2501.31
-3576.8
-1205.19
-1351.33
5790.08
17095.4
7102.4
17857.3
9105.79
17362
10539.8
-7004.3
-17167.7
-8047
-17548.1
-9588.55
-16685.7
-10821.2
5755.41
17088.1
7105.98
17854.1
9106.66
17361.3
10540.6
-6986.55
-17182.1
-8049.25
-17545.3
-9588.26
-16685.3
-10821.5
13961.3
13643.4
12924.3
11655.3
9537.62
4690.68
6911.81
2768.32
936.096
-13845
-13456.4
-12634.6
-11305.6
-9237.76
-4604.2
-6739.04
-2725.97
-911.968
13914.8
13643
12925.4
11655.5
9537.78
4690.88
6912.04
2768.45
936.135
-13805
-13457.7
-12636.8
-11306.3
-9238.24
-4604.47
-6739.42
-2726.13
-912.03
2995.04
2909.7
2738.16
2451.18
1997.3
1019.96
1478.01
607.668
206.046
-2932.91
-2841.22
-2661.65
-2374.43
-1935.73
-999.387
-1439.88
-597.136
-199.923
2981.04
2909.15
2738.34
2451.16
1997.3
1020
1478.04
607.693
206.053
-2919.83
-2840.94
-2662.03
-2374.55
-1935.81
-999.44
-1439.95
-597.17
-199.936
677.319
656.125
615.296
549.397
448.209
232.766
334.661
139.292
47.3221
-659.332
-637.758
-596.758
-532.181
-434.782
-227.898
-326.06
-136.699
-45.7738
674.001
655.913
615.294
549.371
448.198
232.772
334.663
139.297
47.3235
-656.175
-637.593
-596.795
-532.185
-434.79
-227.909
-326.072
-136.706
-45.7766
151.773
146.783
137.434
122.617
100.182
52.4679
75.0947
31.5219
10.7398
-147.238
-142.302
-133.126
-118.779
-97.2415
-51.3582
-73.1863
-30.9136
-10.3681
151.025
146.721
137.424
122.606
100.177
52.4687
75.094
31.5227
10.74
-146.52
-142.249
-133.124
-118.774
-97.2407
-51.3601
-73.1879
-30.9151
-10.3687
38.4943
37.3054
34.9596
31.2007
25.5216
13.4665
19.1944
8.1174
2.77216
-37.2538
-36.099
-33.8314
-30.2223
-24.7833
-13.1818
-18.7134
-7.95788
-2.67289
38.3018
37.2867
34.9551
31.1965
25.5196
13.4665
19.1938
8.11753
2.7722
-37.0684
-36.0823
-33.8286
-30.2196
-24.7823
-13.1821
-18.7135
-7.95817
-2.67303
)
;
    }
}


// ************************************************************************* //
