/*--------------------------------*- C++ -*----------------------------------*\
  =========                 |
  \\      /  F ield         | OpenFOAM: The Open Source CFD Toolbox
   \\    /   O peration     | Website:  https://openfoam.org
    \\  /    A nd           | Version:  11
     \\/     M anipulation  |
\*---------------------------------------------------------------------------*/
FoamFile
{
    format      ascii;
    class       volScalarField;
    location    "4.5";
    object      epsilon;
}
// * * * * * * * * * * * * * * * * * * * * * * * * * * * * * * * * * * * * * //

dimensions      [0 2 -3 0 0 0 0];

internalField   nonuniform List<scalar> 
2200
(
7.31434e-05
7.31434e-05
7.31434e-05
7.31434e-05
7.31434e-05
7.31434e-05
7.31434e-05
7.31434e-05
7.31434e-05
7.31434e-05
7.31434e-05
7.31434e-05
7.31434e-05
7.31434e-05
7.31434e-05
7.31434e-05
7.31434e-05
7.31434e-05
7.31434e-05
7.31434e-05
7.31434e-05
7.31434e-05
7.31434e-05
7.31434e-05
7.31434e-05
7.31434e-05
7.31434e-05
7.31434e-05
7.31434e-05
7.31434e-05
7.31434e-05
7.31434e-05
7.31434e-05
7.31434e-05
7.31434e-05
7.31434e-05
7.31434e-05
7.31434e-05
7.31434e-05
7.31434e-05
7.31434e-05
7.31434e-05
7.31434e-05
7.31434e-05
7.31434e-05
7.31434e-05
7.31434e-05
7.31434e-05
7.31434e-05
7.31434e-05
7.31434e-05
7.31434e-05
7.31434e-05
7.31434e-05
7.31434e-05
7.31434e-05
7.31434e-05
7.31434e-05
7.31434e-05
7.31434e-05
7.31434e-05
7.31434e-05
7.31434e-05
7.31434e-05
7.31434e-05
7.31434e-05
7.31434e-05
7.31434e-05
7.31434e-05
7.31434e-05
7.31434e-05
7.31434e-05
7.31434e-05
7.31434e-05
7.31434e-05
7.31434e-05
7.31434e-05
7.31434e-05
7.31434e-05
7.31434e-05
7.31434e-05
7.31434e-05
7.31434e-05
7.31434e-05
7.31434e-05
7.31434e-05
7.31434e-05
7.31434e-05
7.31434e-05
7.31434e-05
7.31434e-05
7.31434e-05
7.31434e-05
7.31434e-05
7.31434e-05
7.31434e-05
7.31434e-05
7.31434e-05
7.31434e-05
7.31434e-05
7.31434e-05
7.31434e-05
7.31434e-05
7.31434e-05
7.31434e-05
7.31434e-05
7.31434e-05
7.31434e-05
7.31434e-05
7.31434e-05
7.31434e-05
7.31434e-05
7.31434e-05
7.31434e-05
7.31434e-05
7.31434e-05
7.31434e-05
7.31434e-05
7.31434e-05
7.31434e-05
7.31434e-05
7.31434e-05
7.31434e-05
7.31434e-05
7.31434e-05
7.31434e-05
7.31434e-05
7.31434e-05
7.31434e-05
7.31434e-05
7.31434e-05
7.31434e-05
7.31434e-05
7.31434e-05
7.31434e-05
7.31434e-05
7.31434e-05
7.31434e-05
7.31434e-05
7.31434e-05
7.31434e-05
7.31434e-05
7.31434e-05
7.31434e-05
7.31434e-05
7.31434e-05
7.31434e-05
7.31434e-05
7.31434e-05
7.31434e-05
7.31434e-05
7.31434e-05
7.31434e-05
7.31434e-05
7.31434e-05
7.31434e-05
7.31434e-05
7.31434e-05
7.31434e-05
7.31434e-05
7.31434e-05
7.31434e-05
7.31434e-05
7.31434e-05
7.31434e-05
7.31434e-05
7.31434e-05
7.31434e-05
7.31434e-05
7.31434e-05
7.31434e-05
7.31434e-05
7.31434e-05
7.31434e-05
7.31434e-05
7.31434e-05
7.31434e-05
7.31434e-05
7.31434e-05
7.31434e-05
7.31434e-05
7.31434e-05
7.31434e-05
7.31434e-05
7.31434e-05
7.31434e-05
7.31434e-05
7.31434e-05
7.31434e-05
7.31434e-05
7.31434e-05
7.31434e-05
7.31434e-05
7.31434e-05
7.31434e-05
7.31434e-05
7.31434e-05
7.31434e-05
7.31434e-05
7.31434e-05
7.31434e-05
7.31434e-05
7.31434e-05
7.31434e-05
7.31434e-05
7.31434e-05
7.31434e-05
7.31434e-05
7.31434e-05
7.31434e-05
7.31434e-05
7.31434e-05
7.31434e-05
7.31434e-05
7.31434e-05
7.31434e-05
7.31434e-05
7.31434e-05
7.31434e-05
7.31434e-05
7.31434e-05
7.31434e-05
7.31434e-05
7.31434e-05
7.31434e-05
7.31434e-05
7.31434e-05
7.31434e-05
7.31434e-05
7.31434e-05
7.31434e-05
7.31434e-05
7.31434e-05
7.31434e-05
7.31434e-05
7.31434e-05
7.31434e-05
7.31434e-05
7.31434e-05
7.31434e-05
7.31434e-05
7.31434e-05
7.31434e-05
7.31434e-05
7.31434e-05
7.31434e-05
7.31434e-05
7.31434e-05
7.31434e-05
7.31434e-05
7.31434e-05
7.31434e-05
7.31434e-05
7.31434e-05
7.31434e-05
7.31434e-05
7.31434e-05
7.31434e-05
7.31434e-05
7.31434e-05
7.31434e-05
7.31434e-05
7.31434e-05
7.31434e-05
7.31434e-05
7.31434e-05
7.31434e-05
7.31434e-05
7.31434e-05
7.31434e-05
7.31434e-05
7.31434e-05
7.31434e-05
7.31434e-05
7.31434e-05
7.31434e-05
7.31434e-05
7.31434e-05
7.31434e-05
7.31434e-05
7.31434e-05
7.31434e-05
7.31434e-05
7.31434e-05
7.31434e-05
7.31434e-05
7.31434e-05
7.31434e-05
7.31434e-05
7.31434e-05
7.31434e-05
7.31434e-05
7.31434e-05
7.31434e-05
7.31434e-05
7.31434e-05
7.31434e-05
7.31434e-05
7.31434e-05
7.31434e-05
7.31434e-05
7.31434e-05
7.31434e-05
7.31434e-05
7.31434e-05
7.31434e-05
7.31434e-05
7.31434e-05
7.31434e-05
7.31434e-05
7.31434e-05
7.31434e-05
7.31434e-05
7.31434e-05
7.31434e-05
7.31434e-05
7.31434e-05
7.31434e-05
7.31434e-05
7.31434e-05
7.31434e-05
7.31434e-05
7.31434e-05
7.31434e-05
7.31434e-05
7.31434e-05
7.31434e-05
7.31434e-05
7.31434e-05
7.31434e-05
7.31434e-05
7.31434e-05
7.31434e-05
7.31434e-05
7.31434e-05
7.31434e-05
7.31434e-05
7.31434e-05
7.31434e-05
7.31434e-05
7.31434e-05
7.31434e-05
7.31434e-05
7.31434e-05
7.31434e-05
7.31434e-05
7.31434e-05
7.31434e-05
7.31434e-05
7.31434e-05
7.31434e-05
7.31434e-05
7.31434e-05
7.31434e-05
7.31434e-05
7.31434e-05
7.31434e-05
7.31434e-05
7.31434e-05
7.31434e-05
7.31434e-05
7.31434e-05
7.31434e-05
7.31434e-05
7.31434e-05
7.31434e-05
7.31434e-05
7.31434e-05
7.31434e-05
7.31434e-05
7.31434e-05
7.31434e-05
7.31434e-05
7.31434e-05
7.31434e-05
7.31434e-05
7.31434e-05
7.31434e-05
7.31434e-05
7.31434e-05
7.31434e-05
7.31434e-05
7.31434e-05
7.31434e-05
7.31434e-05
7.31434e-05
7.31434e-05
7.31434e-05
7.31434e-05
7.31434e-05
7.31434e-05
7.31434e-05
7.31434e-05
7.31434e-05
7.31434e-05
7.31434e-05
7.31434e-05
7.31434e-05
7.31434e-05
7.31434e-05
7.31434e-05
7.31434e-05
7.31434e-05
7.31434e-05
7.31434e-05
7.31434e-05
7.31434e-05
7.31434e-05
7.31434e-05
7.31434e-05
7.31434e-05
7.31434e-05
7.31434e-05
7.31434e-05
7.31434e-05
7.31434e-05
7.31434e-05
7.31434e-05
7.31434e-05
7.31434e-05
7.31434e-05
7.31434e-05
7.31434e-05
7.31434e-05
7.31434e-05
7.31434e-05
7.31434e-05
7.31434e-05
7.31434e-05
7.31434e-05
7.31434e-05
7.31434e-05
7.31434e-05
7.31434e-05
7.31434e-05
7.31434e-05
7.31434e-05
7.31434e-05
7.31434e-05
7.31434e-05
7.31434e-05
7.31434e-05
7.31434e-05
7.31434e-05
7.31434e-05
7.31434e-05
7.31434e-05
7.31434e-05
7.31434e-05
7.31434e-05
7.31434e-05
7.31434e-05
7.31434e-05
7.31434e-05
7.31434e-05
7.31434e-05
7.31434e-05
7.31434e-05
7.31434e-05
7.31434e-05
7.31434e-05
7.31434e-05
7.31434e-05
7.31434e-05
7.31434e-05
7.31434e-05
7.31434e-05
7.31434e-05
7.31434e-05
7.31434e-05
7.31435e-05
7.31435e-05
7.31434e-05
7.31434e-05
7.31434e-05
7.31434e-05
7.31434e-05
7.31434e-05
7.31433e-05
7.31432e-05
7.31436e-05
7.31436e-05
7.31435e-05
7.31434e-05
7.31434e-05
7.31434e-05
7.31434e-05
7.31433e-05
7.3143e-05
7.31427e-05
7.31441e-05
7.31439e-05
7.31436e-05
7.31435e-05
7.31435e-05
7.31435e-05
7.31434e-05
7.31431e-05
7.31423e-05
7.31412e-05
7.31456e-05
7.31448e-05
7.3144e-05
7.31436e-05
7.31436e-05
7.31436e-05
7.31435e-05
7.31426e-05
7.314e-05
7.31369e-05
7.315e-05
7.31473e-05
7.31451e-05
7.3144e-05
7.31438e-05
7.3144e-05
7.31437e-05
7.31412e-05
7.31342e-05
7.3125e-05
7.31616e-05
7.31542e-05
7.31478e-05
7.3145e-05
7.31445e-05
7.31451e-05
7.31447e-05
7.31384e-05
7.31198e-05
7.3095e-05
7.31908e-05
7.31709e-05
7.31545e-05
7.31474e-05
7.31463e-05
7.31479e-05
7.31476e-05
7.31333e-05
7.30877e-05
7.30241e-05
7.32597e-05
7.32092e-05
7.31692e-05
7.31525e-05
7.31502e-05
7.31548e-05
7.31558e-05
7.31257e-05
7.30221e-05
7.28683e-05
7.34111e-05
7.32899e-05
7.3199e-05
7.31626e-05
7.31585e-05
7.31698e-05
7.31759e-05
7.31193e-05
7.29016e-05
7.25487e-05
7.37225e-05
7.34455e-05
7.32535e-05
7.31806e-05
7.3174e-05
7.31997e-05
7.32204e-05
7.31272e-05
7.27081e-05
7.19341e-05
7.43217e-05
7.3718e-05
7.33423e-05
7.32088e-05
7.31999e-05
7.32533e-05
7.33084e-05
7.31819e-05
7.24534e-05
7.08143e-05
7.54058e-05
7.41412e-05
7.34678e-05
7.32466e-05
7.32384e-05
7.33388e-05
7.34628e-05
7.3345e-05
7.22457e-05
6.88464e-05
7.72642e-05
7.46944e-05
7.36136e-05
7.32879e-05
7.32875e-05
7.34584e-05
7.36995e-05
7.37059e-05
7.2435e-05
6.5416e-05
7.83856e-05
7.55449e-05
7.39108e-05
7.3378e-05
7.33203e-05
7.35124e-05
7.38678e-05
7.4264e-05
7.4491e-05
7.3667e-05
7.75034e-05
7.59466e-05
7.43216e-05
7.35713e-05
7.33158e-05
7.33408e-05
7.35643e-05
7.39278e-05
7.43312e-05
7.43141e-05
7.58615e-05
7.56065e-05
7.44572e-05
7.37554e-05
7.33928e-05
7.32555e-05
7.32826e-05
7.34463e-05
7.37131e-05
7.39237e-05
7.36631e-05
7.455e-05
7.41296e-05
7.37436e-05
7.34623e-05
7.32873e-05
7.32058e-05
7.32112e-05
7.33002e-05
7.34406e-05
7.11944e-05
7.28917e-05
7.32549e-05
7.33526e-05
7.3331e-05
7.32706e-05
7.3212e-05
7.31757e-05
7.31736e-05
7.32105e-05
6.89257e-05
7.10157e-05
7.20168e-05
7.25985e-05
7.29105e-05
7.3061e-05
7.3123e-05
7.31424e-05
7.31469e-05
7.31531e-05
6.73912e-05
6.95277e-05
7.09012e-05
7.18132e-05
7.2391e-05
7.27387e-05
7.29365e-05
7.30425e-05
7.30955e-05
7.31209e-05
6.69975e-05
6.89915e-05
7.0452e-05
7.14641e-05
7.21375e-05
7.25664e-05
7.28271e-05
7.2978e-05
7.30601e-05
7.31005e-05
6.79434e-05
6.96719e-05
7.09282e-05
7.17851e-05
7.23471e-05
7.27005e-05
7.29144e-05
7.3041e-05
7.31179e-05
7.31704e-05
7.04404e-05
7.14418e-05
7.20953e-05
7.2536e-05
7.28184e-05
7.29938e-05
7.31084e-05
7.32026e-05
7.33131e-05
7.34735e-05
7.27887e-05
7.26597e-05
7.2768e-05
7.29059e-05
7.30149e-05
7.30896e-05
7.31417e-05
7.31855e-05
7.32305e-05
7.32739e-05
7.30022e-05
7.29788e-05
7.30028e-05
7.30467e-05
7.30883e-05
7.31203e-05
7.31443e-05
7.31643e-05
7.31827e-05
7.3197e-05
7.31013e-05
7.30959e-05
7.31e-05
7.31114e-05
7.31244e-05
7.31358e-05
7.31451e-05
7.31531e-05
7.316e-05
7.31646e-05
7.31364e-05
7.31344e-05
7.31339e-05
7.31357e-05
7.31387e-05
7.31419e-05
7.31449e-05
7.31477e-05
7.315e-05
7.31515e-05
7.31451e-05
7.31441e-05
7.31432e-05
7.31428e-05
7.3143e-05
7.31436e-05
7.31444e-05
7.31452e-05
7.31459e-05
7.31463e-05
7.31457e-05
7.31452e-05
7.31446e-05
7.31441e-05
7.31438e-05
7.31438e-05
7.31439e-05
7.31441e-05
7.31443e-05
7.31444e-05
7.31448e-05
7.31445e-05
7.31442e-05
7.3144e-05
7.31438e-05
7.31437e-05
7.31436e-05
7.31437e-05
7.31437e-05
7.31437e-05
7.3144e-05
7.31439e-05
7.31438e-05
7.31437e-05
7.31436e-05
7.31435e-05
7.31435e-05
7.31435e-05
7.31435e-05
7.31435e-05
7.31437e-05
7.31436e-05
7.31436e-05
7.31435e-05
7.31435e-05
7.31435e-05
7.31435e-05
7.31435e-05
7.31435e-05
7.31435e-05
7.31435e-05
7.31435e-05
7.31435e-05
7.31435e-05
7.31435e-05
7.31435e-05
7.31434e-05
7.31434e-05
7.31434e-05
7.31434e-05
7.31435e-05
7.31435e-05
7.31435e-05
7.31434e-05
7.31434e-05
7.31434e-05
7.31434e-05
7.31434e-05
7.31434e-05
7.31434e-05
7.31434e-05
7.31434e-05
7.31434e-05
7.31434e-05
7.31434e-05
7.31434e-05
7.31434e-05
7.31434e-05
7.31434e-05
7.31434e-05
7.31434e-05
7.31434e-05
7.31434e-05
7.31434e-05
7.31434e-05
7.31434e-05
7.31434e-05
7.31434e-05
7.31434e-05
7.31434e-05
7.31434e-05
7.31434e-05
7.31434e-05
7.31434e-05
7.31434e-05
7.31434e-05
7.31434e-05
7.31434e-05
7.31434e-05
7.31434e-05
7.31434e-05
7.31434e-05
7.31434e-05
7.31434e-05
7.31434e-05
7.31434e-05
7.31434e-05
7.31434e-05
7.31434e-05
7.31434e-05
7.31434e-05
7.31434e-05
7.31434e-05
7.31434e-05
7.31434e-05
7.31434e-05
7.31434e-05
7.31434e-05
7.31434e-05
7.31434e-05
7.31434e-05
7.31434e-05
7.31434e-05
7.31434e-05
7.31434e-05
7.31434e-05
7.31434e-05
7.31434e-05
7.31434e-05
7.31434e-05
7.31434e-05
7.31434e-05
7.31434e-05
7.31434e-05
7.31434e-05
7.31434e-05
7.31434e-05
7.31434e-05
7.31434e-05
7.31434e-05
7.31434e-05
7.31434e-05
7.31434e-05
7.31434e-05
7.31434e-05
7.31434e-05
7.31434e-05
7.31434e-05
7.31434e-05
7.31434e-05
7.31434e-05
7.31434e-05
7.31434e-05
7.31434e-05
7.31434e-05
7.31434e-05
7.31434e-05
7.31434e-05
7.31434e-05
7.31434e-05
7.31434e-05
7.31434e-05
7.31434e-05
7.31434e-05
7.31434e-05
7.31434e-05
7.31434e-05
7.31434e-05
7.31434e-05
7.31434e-05
7.31434e-05
7.31434e-05
7.31434e-05
7.31434e-05
7.31434e-05
7.31434e-05
7.31434e-05
7.31434e-05
7.31434e-05
7.31434e-05
7.31434e-05
7.31434e-05
7.31434e-05
7.31434e-05
7.31434e-05
7.31434e-05
7.31434e-05
7.31434e-05
7.31434e-05
7.31434e-05
7.31434e-05
7.31434e-05
7.31434e-05
7.31434e-05
7.31434e-05
7.31434e-05
7.31434e-05
7.31434e-05
7.31434e-05
7.31434e-05
7.31434e-05
7.31434e-05
7.31434e-05
7.31434e-05
7.31434e-05
7.31434e-05
7.31434e-05
7.31434e-05
7.31434e-05
7.31434e-05
7.31434e-05
7.31434e-05
7.31434e-05
7.31434e-05
7.31434e-05
7.31434e-05
7.31434e-05
7.31434e-05
7.31434e-05
7.31434e-05
7.31434e-05
7.31434e-05
7.31434e-05
7.31434e-05
7.31434e-05
7.31434e-05
7.31434e-05
7.31434e-05
7.31434e-05
7.31434e-05
7.31434e-05
7.31434e-05
7.31434e-05
7.31434e-05
7.31434e-05
7.31434e-05
7.31434e-05
7.31434e-05
7.31434e-05
7.31434e-05
7.31434e-05
7.31434e-05
7.31434e-05
7.31434e-05
7.31434e-05
7.31434e-05
7.31434e-05
7.31434e-05
7.31434e-05
7.31434e-05
7.31434e-05
7.31434e-05
7.31434e-05
7.31434e-05
7.31434e-05
7.31434e-05
7.31434e-05
7.31434e-05
7.31434e-05
7.31434e-05
7.31434e-05
7.31434e-05
7.31434e-05
7.31434e-05
7.31434e-05
7.31434e-05
7.31434e-05
7.31434e-05
7.31434e-05
7.31434e-05
7.31434e-05
7.31434e-05
7.31434e-05
7.31434e-05
7.31434e-05
7.31434e-05
7.31434e-05
7.31434e-05
7.31434e-05
7.31434e-05
7.31434e-05
7.31434e-05
7.31434e-05
7.31434e-05
7.31434e-05
7.31434e-05
7.31434e-05
7.31434e-05
7.31434e-05
7.31434e-05
7.31434e-05
7.31434e-05
7.31434e-05
7.31434e-05
7.31434e-05
7.31434e-05
7.31434e-05
7.31434e-05
7.31434e-05
7.31434e-05
7.31434e-05
7.31434e-05
7.31434e-05
7.31434e-05
7.31434e-05
7.31434e-05
7.31434e-05
7.31434e-05
7.31434e-05
7.31434e-05
7.31434e-05
7.31434e-05
7.31434e-05
7.31434e-05
7.31434e-05
7.31434e-05
7.31434e-05
7.31434e-05
7.31434e-05
7.31434e-05
7.31434e-05
7.31434e-05
7.31434e-05
7.31434e-05
7.31434e-05
7.31434e-05
7.31434e-05
7.31434e-05
7.31434e-05
7.31434e-05
7.31434e-05
7.31434e-05
7.31434e-05
7.31434e-05
7.31434e-05
7.31434e-05
7.31434e-05
7.31434e-05
7.31434e-05
7.31434e-05
7.31434e-05
7.31434e-05
7.31434e-05
7.31434e-05
7.31434e-05
7.31434e-05
7.31434e-05
7.31434e-05
7.31434e-05
7.31434e-05
7.31434e-05
7.31434e-05
7.31434e-05
7.31434e-05
7.31434e-05
7.31434e-05
7.31434e-05
7.31434e-05
7.31434e-05
7.31434e-05
7.31434e-05
7.31434e-05
7.31434e-05
7.31434e-05
7.31434e-05
7.31434e-05
7.31434e-05
7.31434e-05
7.31434e-05
7.31434e-05
7.31434e-05
7.31434e-05
7.31434e-05
7.31434e-05
7.31434e-05
7.31434e-05
7.31434e-05
7.31434e-05
7.31434e-05
7.31434e-05
7.31434e-05
7.31434e-05
7.31434e-05
7.31434e-05
7.31434e-05
7.31434e-05
7.31434e-05
7.31434e-05
7.31434e-05
7.31434e-05
7.31434e-05
7.31434e-05
7.31434e-05
7.31434e-05
7.31434e-05
7.31434e-05
7.31434e-05
7.31434e-05
7.31434e-05
7.31434e-05
7.31434e-05
7.31434e-05
7.31434e-05
7.31434e-05
7.31434e-05
7.31434e-05
7.31434e-05
7.31434e-05
7.31434e-05
7.31434e-05
7.31434e-05
7.31434e-05
7.31434e-05
7.31434e-05
7.31434e-05
7.31434e-05
7.31434e-05
7.31434e-05
7.31434e-05
7.31434e-05
7.31434e-05
7.31434e-05
7.31434e-05
7.31434e-05
7.31434e-05
7.31434e-05
7.31434e-05
7.31434e-05
7.31434e-05
7.31434e-05
7.31434e-05
7.31434e-05
7.31434e-05
7.31434e-05
7.31434e-05
7.31434e-05
7.31434e-05
7.31434e-05
7.31434e-05
7.31434e-05
7.31434e-05
7.31434e-05
7.31434e-05
7.31434e-05
7.31434e-05
7.31434e-05
7.31434e-05
7.31434e-05
7.31434e-05
7.31434e-05
7.31434e-05
7.31434e-05
7.31434e-05
7.31434e-05
7.31434e-05
7.31434e-05
7.31434e-05
7.31434e-05
7.31434e-05
7.31434e-05
7.31434e-05
7.31434e-05
7.31434e-05
7.31434e-05
7.31434e-05
7.31434e-05
7.31434e-05
7.31434e-05
7.31434e-05
7.31434e-05
7.31434e-05
7.31434e-05
7.31434e-05
7.31434e-05
7.31434e-05
7.31434e-05
7.31434e-05
7.31434e-05
7.31434e-05
7.31434e-05
7.31434e-05
7.31434e-05
7.31434e-05
7.31434e-05
7.31434e-05
7.31434e-05
7.31434e-05
7.31434e-05
7.31434e-05
7.31434e-05
7.31434e-05
7.31434e-05
7.31434e-05
7.31434e-05
7.31434e-05
7.31434e-05
7.31434e-05
7.31434e-05
7.31434e-05
7.31434e-05
7.31434e-05
7.31434e-05
7.31434e-05
7.31434e-05
7.31434e-05
7.31434e-05
7.31434e-05
7.31434e-05
7.31434e-05
7.31434e-05
7.31434e-05
7.31434e-05
7.31434e-05
7.31434e-05
7.31434e-05
7.31434e-05
7.31434e-05
7.31434e-05
7.31434e-05
7.31434e-05
7.31434e-05
7.31434e-05
7.31434e-05
7.31434e-05
7.31434e-05
7.31434e-05
7.31434e-05
7.31434e-05
7.31434e-05
7.31434e-05
7.31434e-05
7.31434e-05
7.31434e-05
7.31434e-05
7.31434e-05
7.31434e-05
7.31434e-05
7.31434e-05
7.31434e-05
7.31434e-05
7.31434e-05
7.31434e-05
7.31434e-05
7.31434e-05
7.31434e-05
7.31434e-05
7.31434e-05
7.31434e-05
7.31434e-05
7.31434e-05
7.31434e-05
7.31434e-05
7.31434e-05
7.31434e-05
7.31434e-05
7.31434e-05
7.31434e-05
7.31434e-05
7.31434e-05
7.31434e-05
7.31434e-05
7.31434e-05
7.31434e-05
7.31434e-05
7.31434e-05
7.31434e-05
7.31434e-05
7.31434e-05
7.31434e-05
7.31434e-05
7.31434e-05
7.31434e-05
7.31434e-05
7.31434e-05
7.31434e-05
7.31434e-05
7.31434e-05
7.31434e-05
7.31434e-05
7.31434e-05
7.31434e-05
7.31434e-05
7.31434e-05
7.31434e-05
7.31434e-05
7.31434e-05
7.31434e-05
7.31434e-05
7.31434e-05
7.31434e-05
7.31434e-05
7.31434e-05
7.31434e-05
7.31434e-05
7.31434e-05
7.31434e-05
7.31434e-05
7.31434e-05
7.31434e-05
7.31434e-05
7.31434e-05
7.31434e-05
7.31434e-05
7.31434e-05
7.31434e-05
7.31434e-05
7.31434e-05
7.31434e-05
7.31434e-05
7.31434e-05
7.31434e-05
7.31434e-05
7.31434e-05
7.31434e-05
7.31434e-05
7.31434e-05
7.31434e-05
7.31434e-05
7.31434e-05
7.31434e-05
7.31434e-05
7.31434e-05
7.31434e-05
7.31434e-05
7.31434e-05
7.31434e-05
7.31434e-05
7.31434e-05
7.31434e-05
7.31434e-05
7.31434e-05
7.31434e-05
7.31434e-05
7.31434e-05
7.31434e-05
7.31434e-05
7.31434e-05
7.31434e-05
7.31434e-05
7.31434e-05
7.31434e-05
7.31434e-05
7.31434e-05
7.31434e-05
7.31434e-05
7.31434e-05
7.31434e-05
7.31434e-05
7.31434e-05
7.31434e-05
7.31434e-05
7.31434e-05
7.31434e-05
7.31434e-05
7.31434e-05
7.31434e-05
7.31434e-05
7.31434e-05
7.31434e-05
7.31434e-05
7.34012e-05
7.34618e-05
7.353e-05
7.35947e-05
7.36431e-05
7.36703e-05
7.36766e-05
7.36566e-05
7.3621e-05
7.35808e-05
7.32723e-05
7.33292e-05
7.33875e-05
7.34269e-05
7.34341e-05
7.3411e-05
7.33663e-05
7.33111e-05
7.32559e-05
7.32044e-05
7.32128e-05
7.32468e-05
7.32772e-05
7.32873e-05
7.3272e-05
7.3239e-05
7.32e-05
7.3164e-05
7.31355e-05
7.31154e-05
7.31875e-05
7.32044e-05
7.32145e-05
7.32104e-05
7.31933e-05
7.3171e-05
7.3151e-05
7.3137e-05
7.31293e-05
7.31267e-05
7.31872e-05
7.3196e-05
7.31931e-05
7.31815e-05
7.31663e-05
7.31527e-05
7.31436e-05
7.31394e-05
7.314e-05
7.3148e-05
7.32127e-05
7.3226e-05
7.3211e-05
7.31878e-05
7.31673e-05
7.31532e-05
7.31457e-05
7.31449e-05
7.31555e-05
7.31903e-05
7.3275e-05
7.33179e-05
7.32861e-05
7.32364e-05
7.3195e-05
7.3168e-05
7.31557e-05
7.31636e-05
7.32119e-05
7.33396e-05
7.33974e-05
7.35254e-05
7.34691e-05
7.33662e-05
7.32768e-05
7.3215e-05
7.31834e-05
7.31959e-05
7.32961e-05
7.3568e-05
7.36216e-05
7.39439e-05
7.38538e-05
7.3662e-05
7.3486e-05
7.3349e-05
7.32442e-05
7.31617e-05
7.31128e-05
7.32164e-05
7.38774e-05
7.47162e-05
7.46934e-05
7.44805e-05
7.42678e-05
7.40791e-05
7.38604e-05
7.34481e-05
7.24519e-05
7.00962e-05
7.32846e-05
7.32268e-05
7.31883e-05
7.31688e-05
7.31608e-05
7.31569e-05
7.31462e-05
7.31016e-05
7.2946e-05
7.24512e-05
7.31985e-05
7.31822e-05
7.31661e-05
7.31542e-05
7.31443e-05
7.3131e-05
7.31056e-05
7.30533e-05
7.29554e-05
7.2816e-05
7.31647e-05
7.31595e-05
7.31529e-05
7.31463e-05
7.31386e-05
7.31269e-05
7.31068e-05
7.30736e-05
7.30268e-05
7.29816e-05
7.31514e-05
7.31496e-05
7.31468e-05
7.31434e-05
7.31387e-05
7.31314e-05
7.31196e-05
7.31026e-05
7.30822e-05
7.30661e-05
7.31462e-05
7.31456e-05
7.31444e-05
7.31428e-05
7.31404e-05
7.31366e-05
7.31309e-05
7.31231e-05
7.31148e-05
7.31089e-05
7.31444e-05
7.31441e-05
7.31437e-05
7.3143e-05
7.31419e-05
7.31402e-05
7.31377e-05
7.31346e-05
7.31313e-05
7.31292e-05
7.31437e-05
7.31436e-05
7.31435e-05
7.31432e-05
7.31428e-05
7.31421e-05
7.31411e-05
7.31399e-05
7.31388e-05
7.3138e-05
7.31435e-05
7.31435e-05
7.31434e-05
7.31433e-05
7.31432e-05
7.31429e-05
7.31426e-05
7.31422e-05
7.31418e-05
7.31415e-05
7.31435e-05
7.31434e-05
7.31434e-05
7.31434e-05
7.31433e-05
7.31433e-05
7.31432e-05
7.3143e-05
7.31429e-05
7.31428e-05
7.31434e-05
7.31434e-05
7.31434e-05
7.31434e-05
7.31434e-05
7.31434e-05
7.31433e-05
7.31433e-05
7.31433e-05
7.31432e-05
7.31434e-05
7.31434e-05
7.31434e-05
7.31434e-05
7.31434e-05
7.31434e-05
7.31434e-05
7.31434e-05
7.31434e-05
7.31434e-05
7.31434e-05
7.31434e-05
7.31434e-05
7.31434e-05
7.31434e-05
7.31434e-05
7.31434e-05
7.31434e-05
7.31434e-05
7.31434e-05
7.31434e-05
7.31434e-05
7.31434e-05
7.31434e-05
7.31434e-05
7.31434e-05
7.31434e-05
7.31434e-05
7.31434e-05
7.31434e-05
7.31434e-05
7.31434e-05
7.31434e-05
7.31434e-05
7.31434e-05
7.31434e-05
7.31434e-05
7.31434e-05
7.31434e-05
7.31434e-05
7.31434e-05
7.31434e-05
7.31434e-05
7.31434e-05
7.31434e-05
7.31434e-05
7.31434e-05
7.31434e-05
7.31434e-05
7.31434e-05
7.31434e-05
7.31434e-05
7.31434e-05
7.31434e-05
7.31434e-05
7.31434e-05
7.31434e-05
7.31434e-05
7.31434e-05
7.31434e-05
7.31434e-05
7.31434e-05
7.31434e-05
7.31434e-05
7.31434e-05
7.31434e-05
7.31434e-05
7.31434e-05
7.31434e-05
7.31434e-05
7.31434e-05
7.31434e-05
7.31434e-05
7.31434e-05
7.31434e-05
7.31434e-05
7.31434e-05
7.31434e-05
7.31434e-05
7.31434e-05
7.31434e-05
7.31434e-05
7.31434e-05
7.31434e-05
7.31434e-05
7.31434e-05
7.31434e-05
7.31434e-05
7.31434e-05
7.31434e-05
7.31434e-05
7.31434e-05
7.31434e-05
7.31434e-05
7.31434e-05
7.31434e-05
7.31434e-05
7.31434e-05
7.31434e-05
7.31434e-05
7.31434e-05
7.31434e-05
7.31434e-05
7.31434e-05
7.31434e-05
7.31434e-05
7.31434e-05
7.31434e-05
7.31434e-05
7.31434e-05
7.31434e-05
7.31434e-05
7.31434e-05
7.31434e-05
7.31434e-05
7.31434e-05
7.31434e-05
7.31434e-05
7.31434e-05
7.31434e-05
7.31434e-05
7.31434e-05
7.31434e-05
7.31434e-05
7.31434e-05
7.31434e-05
7.31434e-05
7.31434e-05
7.31434e-05
7.31434e-05
7.31434e-05
7.31434e-05
7.31434e-05
7.31434e-05
7.31434e-05
7.31434e-05
7.31434e-05
7.31434e-05
7.31434e-05
7.31434e-05
7.31434e-05
7.31434e-05
7.31434e-05
7.31434e-05
7.31434e-05
7.31434e-05
7.31434e-05
7.31434e-05
7.31434e-05
7.31434e-05
7.31434e-05
7.31434e-05
7.31434e-05
7.31434e-05
7.31434e-05
7.31434e-05
7.31434e-05
7.31434e-05
7.31434e-05
7.31434e-05
7.31434e-05
7.31434e-05
7.31434e-05
7.31434e-05
7.31434e-05
7.31434e-05
7.31434e-05
7.31434e-05
7.31434e-05
7.31434e-05
7.31434e-05
7.31434e-05
7.31434e-05
7.31434e-05
7.31434e-05
7.31434e-05
7.31434e-05
7.31434e-05
7.31434e-05
7.31434e-05
7.31434e-05
7.31434e-05
7.31434e-05
7.31434e-05
7.31434e-05
7.31434e-05
7.31434e-05
7.31434e-05
7.31434e-05
7.31434e-05
7.31434e-05
7.31434e-05
7.31434e-05
7.31434e-05
7.31434e-05
7.31434e-05
7.31434e-05
7.31434e-05
7.31434e-05
7.31434e-05
7.31434e-05
7.31434e-05
7.31434e-05
7.31434e-05
7.31434e-05
7.31434e-05
7.31434e-05
7.31434e-05
7.31434e-05
7.31434e-05
7.31434e-05
7.31434e-05
7.31434e-05
7.31434e-05
7.31434e-05
7.31434e-05
7.31434e-05
7.31434e-05
7.31434e-05
7.31434e-05
7.31434e-05
7.31434e-05
7.31434e-05
7.31434e-05
7.31434e-05
7.31434e-05
7.31434e-05
7.31434e-05
7.31434e-05
7.31434e-05
7.31434e-05
7.31434e-05
7.31434e-05
7.31434e-05
7.31434e-05
7.31434e-05
7.31434e-05
7.31434e-05
7.31434e-05
7.31434e-05
7.31434e-05
7.31434e-05
7.31434e-05
7.31434e-05
7.31434e-05
7.31434e-05
7.31434e-05
7.31434e-05
7.31434e-05
7.31434e-05
7.31434e-05
7.31434e-05
7.31434e-05
7.31434e-05
7.31434e-05
7.31434e-05
7.31434e-05
7.31434e-05
7.31434e-05
7.31434e-05
7.31434e-05
7.31434e-05
7.31434e-05
7.31434e-05
7.31434e-05
7.31434e-05
7.31434e-05
7.31434e-05
7.31434e-05
7.31434e-05
7.31434e-05
7.31434e-05
7.31434e-05
7.31434e-05
7.31434e-05
7.31434e-05
7.31434e-05
7.31434e-05
7.31434e-05
7.31434e-05
7.31434e-05
7.31434e-05
7.31434e-05
7.31434e-05
7.31434e-05
7.31434e-05
7.31434e-05
7.31434e-05
7.31434e-05
7.31434e-05
7.31434e-05
7.31434e-05
7.31434e-05
7.31434e-05
7.31434e-05
7.31434e-05
7.31434e-05
7.31434e-05
7.31434e-05
7.31434e-05
7.31434e-05
7.31434e-05
7.31434e-05
7.31434e-05
7.31434e-05
7.31434e-05
7.31434e-05
7.31434e-05
7.31434e-05
7.31434e-05
7.31434e-05
7.31434e-05
7.31434e-05
7.31434e-05
7.31434e-05
7.31434e-05
7.31434e-05
7.31434e-05
7.31434e-05
7.31434e-05
7.31434e-05
7.31434e-05
7.31434e-05
7.31434e-05
7.31434e-05
7.31434e-05
7.31434e-05
7.31434e-05
7.31434e-05
7.31434e-05
7.31434e-05
7.31434e-05
7.31434e-05
7.31434e-05
7.31434e-05
7.31434e-05
7.31434e-05
7.31434e-05
7.31434e-05
7.31434e-05
7.31434e-05
7.31434e-05
7.31434e-05
7.31434e-05
7.31434e-05
7.31434e-05
7.31434e-05
7.31434e-05
7.31434e-05
7.31434e-05
7.31434e-05
7.31434e-05
7.31434e-05
7.31434e-05
7.31434e-05
7.31434e-05
7.31434e-05
7.31434e-05
7.31434e-05
7.31434e-05
7.31434e-05
7.31434e-05
7.31434e-05
7.31434e-05
7.31434e-05
7.31434e-05
7.31434e-05
7.31434e-05
7.31434e-05
7.31434e-05
7.31434e-05
7.31434e-05
7.31434e-05
7.31434e-05
7.31434e-05
7.31434e-05
7.31434e-05
7.31434e-05
7.31434e-05
7.31434e-05
7.31434e-05
7.31434e-05
7.31434e-05
7.31434e-05
7.31434e-05
7.31434e-05
7.31434e-05
7.31434e-05
7.31434e-05
7.31434e-05
7.31434e-05
7.31434e-05
7.31434e-05
7.31434e-05
7.31434e-05
7.31434e-05
7.31434e-05
7.31434e-05
7.31434e-05
7.31434e-05
7.31434e-05
7.31434e-05
7.31434e-05
7.31434e-05
7.31434e-05
7.31434e-05
7.31434e-05
7.31434e-05
7.31434e-05
7.31434e-05
7.31434e-05
7.31434e-05
7.31434e-05
7.31434e-05
7.31434e-05
7.31434e-05
7.31434e-05
7.31434e-05
7.31434e-05
7.31434e-05
7.31434e-05
7.31434e-05
7.31434e-05
7.31434e-05
7.31434e-05
7.31434e-05
7.31434e-05
7.31434e-05
7.31434e-05
7.31434e-05
7.31434e-05
7.31434e-05
7.31434e-05
7.31434e-05
7.31434e-05
7.31434e-05
7.31434e-05
7.31434e-05
7.31434e-05
7.31434e-05
7.31434e-05
7.31434e-05
7.31434e-05
7.31434e-05
7.31434e-05
7.31434e-05
7.31434e-05
7.31434e-05
7.31434e-05
7.31434e-05
7.31434e-05
7.31434e-05
7.31434e-05
7.31434e-05
7.31434e-05
7.31434e-05
7.31434e-05
7.31434e-05
7.31434e-05
7.31434e-05
7.31434e-05
7.31434e-05
7.31434e-05
7.31434e-05
7.31434e-05
7.31434e-05
7.31434e-05
7.31434e-05
7.31434e-05
7.31434e-05
7.31434e-05
7.31434e-05
7.31434e-05
7.31434e-05
7.31434e-05
7.31434e-05
7.31434e-05
7.31434e-05
7.31434e-05
7.31434e-05
7.31434e-05
7.31434e-05
7.31434e-05
7.31434e-05
7.31434e-05
7.31434e-05
7.31434e-05
7.31434e-05
7.31434e-05
7.31434e-05
7.31434e-05
7.31434e-05
7.31434e-05
7.31434e-05
7.31434e-05
7.31434e-05
7.31434e-05
7.31434e-05
7.31434e-05
7.31434e-05
7.31434e-05
7.31434e-05
7.31434e-05
7.31434e-05
7.31434e-05
7.31434e-05
7.31434e-05
7.31434e-05
7.31434e-05
7.31434e-05
7.31434e-05
7.31434e-05
7.31434e-05
7.31434e-05
7.31434e-05
7.31434e-05
7.31434e-05
7.31434e-05
7.31434e-05
7.31434e-05
7.31434e-05
7.31434e-05
7.31434e-05
7.31434e-05
7.31434e-05
7.31434e-05
7.31434e-05
7.31434e-05
7.31434e-05
7.31434e-05
7.31434e-05
7.31434e-05
7.31434e-05
7.31434e-05
7.31434e-05
7.31434e-05
7.31434e-05
7.31434e-05
7.31434e-05
7.31434e-05
7.31434e-05
7.31434e-05
7.31434e-05
7.31434e-05
7.31434e-05
7.31434e-05
7.31434e-05
7.31434e-05
7.31434e-05
7.31434e-05
7.31434e-05
7.31434e-05
7.31434e-05
7.31434e-05
7.31434e-05
7.31434e-05
7.31434e-05
7.31434e-05
7.31434e-05
7.31434e-05
7.31434e-05
7.31434e-05
7.31434e-05
7.31434e-05
7.31434e-05
7.31434e-05
7.31434e-05
7.31434e-05
7.31434e-05
7.31434e-05
7.31434e-05
7.31434e-05
7.31434e-05
7.31434e-05
7.31434e-05
7.31434e-05
7.31434e-05
7.31434e-05
7.31434e-05
7.31434e-05
7.31434e-05
7.31434e-05
7.31434e-05
7.31434e-05
7.31434e-05
7.31434e-05
7.31434e-05
7.31434e-05
7.31434e-05
7.31434e-05
7.31434e-05
7.31434e-05
7.31434e-05
7.31434e-05
7.31434e-05
7.31434e-05
7.31434e-05
7.31434e-05
7.31434e-05
7.31434e-05
)
;

boundaryField
{
    defaultFaces
    {
        type            empty;
    }
}


// ************************************************************************* //
