/*--------------------------------*- C++ -*----------------------------------*\
  =========                 |
  \\      /  F ield         | OpenFOAM: The Open Source CFD Toolbox
   \\    /   O peration     | Website:  https://openfoam.org
    \\  /    A nd           | Version:  11
     \\/     M anipulation  |
\*---------------------------------------------------------------------------*/
FoamFile
{
    format      ascii;
    class       volScalarField;
    location    "5";
    object      nut;
}
// * * * * * * * * * * * * * * * * * * * * * * * * * * * * * * * * * * * * * //

dimensions      [0 2 -1 0 0 0 0];

internalField   nonuniform List<scalar> 
4000
(
0.00278376
0.00273019
0.0027301
0.0027301
0.0027301
0.0027301
0.0027301
0.0027301
0.0027301
0.0027301
0.0027301
0.0027301
0.0027301
0.0027301
0.0027301
0.0027301
0.0027301
0.0027301
0.00273019
0.00278376
0.00948197
0.000180849
0.000174872
0.000174872
0.000174872
0.000174872
0.000174872
0.000174872
0.000174872
0.000174872
0.000174872
0.000174872
0.000174872
0.000174872
0.000174872
0.000174872
0.000174872
0.000174872
0.00018085
0.00948195
0.0162842
0.00015142
0.000141226
0.000141225
0.000141225
0.000141225
0.000141225
0.000141225
0.000141225
0.000141225
0.000141225
0.000141225
0.000141225
0.000141225
0.000141225
0.000141225
0.000141225
0.000141226
0.000151421
0.0162842
0.0163366
0.000151431
0.00014118
0.00014118
0.00014118
0.00014118
0.00014118
0.00014118
0.00014118
0.00014118
0.00014118
0.00014118
0.00014118
0.00014118
0.00014118
0.00014118
0.00014118
0.00014118
0.000151432
0.0163365
0.0163419
0.000151435
0.00014118
0.000141179
0.000141179
0.000141179
0.000141179
0.000141179
0.000141179
0.000141179
0.000141179
0.000141179
0.000141179
0.000141179
0.000141179
0.000141179
0.000141179
0.00014118
0.000151436
0.0163418
0.0163423
0.000151435
0.00014118
0.000141179
0.000141179
0.000141179
0.000141179
0.000141179
0.000141179
0.000141179
0.000141179
0.000141179
0.000141179
0.000141179
0.000141179
0.000141179
0.000141179
0.00014118
0.000151436
0.0163422
0.0163423
0.000151435
0.00014118
0.000141179
0.000141179
0.000141179
0.000141179
0.000141179
0.000141179
0.000141179
0.000141179
0.000141179
0.000141179
0.000141179
0.000141179
0.000141179
0.000141179
0.00014118
0.000151436
0.0163423
0.0163423
0.000151435
0.00014118
0.000141179
0.000141179
0.000141179
0.000141179
0.000141179
0.000141179
0.000141179
0.000141179
0.000141179
0.000141179
0.000141179
0.000141179
0.000141179
0.000141179
0.00014118
0.000151436
0.0163423
0.0163423
0.000151435
0.00014118
0.000141179
0.000141179
0.000141179
0.000141179
0.000141179
0.000141179
0.000141179
0.000141179
0.000141179
0.000141179
0.000141179
0.000141179
0.000141179
0.000141179
0.00014118
0.000151436
0.0163423
0.0163423
0.000151435
0.00014118
0.000141179
0.000141179
0.000141179
0.000141179
0.000141179
0.000141179
0.000141179
0.000141179
0.000141179
0.000141179
0.000141179
0.000141179
0.000141179
0.000141179
0.00014118
0.000151436
0.0163423
0.0163423
0.000151435
0.00014118
0.000141179
0.000141179
0.000141179
0.000141179
0.000141179
0.000141179
0.000141179
0.000141179
0.000141179
0.000141179
0.000141179
0.000141179
0.000141179
0.000141179
0.00014118
0.000151436
0.0163423
0.0163423
0.000151435
0.00014118
0.000141179
0.000141179
0.000141179
0.000141179
0.000141179
0.000141179
0.000141179
0.000141179
0.000141179
0.000141179
0.000141179
0.000141179
0.000141179
0.000141179
0.00014118
0.000151436
0.0163423
0.0163423
0.000151435
0.00014118
0.000141179
0.000141179
0.000141179
0.000141179
0.000141179
0.000141179
0.000141179
0.000141179
0.000141179
0.000141179
0.000141179
0.000141179
0.000141179
0.000141179
0.00014118
0.000151436
0.0163423
0.0163423
0.000151435
0.00014118
0.000141179
0.000141179
0.000141179
0.000141179
0.000141179
0.000141179
0.000141179
0.000141179
0.000141179
0.000141179
0.000141179
0.000141179
0.000141179
0.000141179
0.00014118
0.000151436
0.0163423
0.0163423
0.000151435
0.00014118
0.000141179
0.000141179
0.000141179
0.000141179
0.000141179
0.000141179
0.000141179
0.000141179
0.000141179
0.000141179
0.000141179
0.000141179
0.000141179
0.000141179
0.00014118
0.000151436
0.0163422
0.0163419
0.000151435
0.00014118
0.000141179
0.000141179
0.000141179
0.000141179
0.000141179
0.000141179
0.000141179
0.000141179
0.000141179
0.000141179
0.000141179
0.000141179
0.000141179
0.000141179
0.00014118
0.000151436
0.0163419
0.0163374
0.000151431
0.00014118
0.00014118
0.00014118
0.00014118
0.00014118
0.00014118
0.00014118
0.00014118
0.00014118
0.00014118
0.00014118
0.00014118
0.00014118
0.00014118
0.00014118
0.00014118
0.000151432
0.0163373
0.016294
0.000151458
0.000141255
0.000141254
0.000141254
0.000141254
0.000141254
0.000141254
0.000141254
0.000141254
0.000141254
0.000141254
0.000141254
0.000141254
0.000141254
0.000141254
0.000141254
0.000141255
0.000151459
0.0162939
0.00955371
0.000208307
0.000202057
0.000202057
0.000202057
0.000202057
0.000202057
0.000202057
0.000202057
0.000202057
0.000202057
0.000202057
0.000202057
0.000202057
0.000202057
0.000202057
0.000202057
0.000202057
0.000208308
0.00955369
0.00320567
0.00366204
0.0036626
0.0036626
0.0036626
0.0036626
0.0036626
0.0036626
0.0036626
0.0036626
0.0036626
0.0036626
0.0036626
0.0036626
0.0036626
0.0036626
0.0036626
0.0036626
0.00366204
0.00320567
0.00014118
0.00014118
0.00014118
0.00014118
0.00014118
0.00014118
0.00014118
0.00014118
0.00014118
0.00014118
0.00014118
0.00014118
0.00014118
0.00014118
0.00014118
0.00014118
0.00014118
0.00014118
0.00014118
0.000141179
0.00014118
0.00014118
0.00014118
0.00014118
0.00014118
0.00014118
0.00014118
0.00014118
0.00014118
0.00014118
0.00014118
0.00014118
0.00014118
0.00014118
0.00014118
0.00014118
0.00014118
0.00014118
0.00014118
0.000141179
0.00014118
0.00014118
0.00014118
0.00014118
0.00014118
0.00014118
0.00014118
0.00014118
0.00014118
0.00014118
0.00014118
0.00014118
0.00014118
0.00014118
0.00014118
0.00014118
0.00014118
0.00014118
0.00014118
0.000141179
0.00014118
0.00014118
0.00014118
0.00014118
0.00014118
0.00014118
0.00014118
0.00014118
0.00014118
0.00014118
0.00014118
0.00014118
0.00014118
0.00014118
0.00014118
0.00014118
0.00014118
0.00014118
0.00014118
0.000141179
0.00014118
0.00014118
0.00014118
0.00014118
0.00014118
0.00014118
0.00014118
0.00014118
0.00014118
0.00014118
0.00014118
0.00014118
0.00014118
0.00014118
0.00014118
0.00014118
0.00014118
0.00014118
0.00014118
0.000141179
0.00014118
0.00014118
0.00014118
0.00014118
0.00014118
0.00014118
0.00014118
0.00014118
0.00014118
0.00014118
0.00014118
0.00014118
0.00014118
0.00014118
0.00014118
0.00014118
0.00014118
0.00014118
0.00014118
0.000141179
0.00014118
0.00014118
0.00014118
0.00014118
0.00014118
0.00014118
0.00014118
0.00014118
0.00014118
0.00014118
0.00014118
0.00014118
0.00014118
0.00014118
0.00014118
0.00014118
0.00014118
0.00014118
0.00014118
0.000141179
0.00014118
0.00014118
0.00014118
0.00014118
0.00014118
0.00014118
0.00014118
0.00014118
0.00014118
0.00014118
0.00014118
0.00014118
0.00014118
0.00014118
0.00014118
0.00014118
0.00014118
0.00014118
0.00014118
0.000141179
0.00014118
0.00014118
0.00014118
0.00014118
0.00014118
0.00014118
0.00014118
0.00014118
0.00014118
0.00014118
0.00014118
0.00014118
0.00014118
0.00014118
0.00014118
0.00014118
0.00014118
0.00014118
0.00014118
0.000141179
0.00014118
0.00014118
0.00014118
0.00014118
0.00014118
0.00014118
0.00014118
0.00014118
0.00014118
0.00014118
0.00014118
0.00014118
0.00014118
0.00014118
0.00014118
0.00014118
0.00014118
0.00014118
0.00014118
0.000141179
0.00014118
0.00014118
0.00014118
0.00014118
0.00014118
0.00014118
0.00014118
0.00014118
0.00014118
0.00014118
0.00014118
0.00014118
0.00014118
0.00014118
0.00014118
0.00014118
0.00014118
0.00014118
0.00014118
0.000141179
0.00014118
0.00014118
0.00014118
0.00014118
0.00014118
0.00014118
0.00014118
0.00014118
0.00014118
0.00014118
0.00014118
0.00014118
0.00014118
0.00014118
0.00014118
0.00014118
0.00014118
0.00014118
0.00014118
0.000141179
0.00014118
0.00014118
0.00014118
0.00014118
0.00014118
0.00014118
0.00014118
0.00014118
0.00014118
0.00014118
0.00014118
0.00014118
0.00014118
0.00014118
0.00014118
0.00014118
0.00014118
0.00014118
0.00014118
0.000141179
0.00014118
0.00014118
0.00014118
0.00014118
0.00014118
0.00014118
0.00014118
0.00014118
0.00014118
0.00014118
0.00014118
0.00014118
0.00014118
0.00014118
0.00014118
0.00014118
0.00014118
0.00014118
0.00014118
0.000141179
0.00014118
0.00014118
0.00014118
0.00014118
0.00014118
0.00014118
0.00014118
0.00014118
0.00014118
0.00014118
0.00014118
0.00014118
0.00014118
0.00014118
0.00014118
0.00014118
0.00014118
0.00014118
0.00014118
0.000141179
0.00014118
0.00014118
0.00014118
0.00014118
0.00014118
0.00014118
0.00014118
0.00014118
0.00014118
0.00014118
0.00014118
0.00014118
0.00014118
0.00014118
0.00014118
0.00014118
0.00014118
0.00014118
0.00014118
0.000141179
0.00014118
0.00014118
0.00014118
0.00014118
0.00014118
0.00014118
0.00014118
0.00014118
0.00014118
0.00014118
0.00014118
0.00014118
0.00014118
0.00014118
0.00014118
0.00014118
0.00014118
0.00014118
0.00014118
0.000141179
0.00014118
0.00014118
0.00014118
0.00014118
0.00014118
0.00014118
0.00014118
0.00014118
0.00014118
0.00014118
0.00014118
0.00014118
0.00014118
0.00014118
0.00014118
0.00014118
0.00014118
0.00014118
0.00014118
0.000141179
0.00014118
0.00014118
0.00014118
0.00014118
0.00014118
0.00014118
0.00014118
0.00014118
0.00014118
0.00014118
0.00014118
0.00014118
0.00014118
0.00014118
0.00014118
0.00014118
0.00014118
0.00014118
0.00014118
0.000141179
0.000141179
0.000141179
0.000141179
0.000141179
0.000141179
0.000141179
0.000141179
0.000141179
0.000141179
0.000141179
0.000141179
0.000141179
0.000141179
0.000141179
0.000141179
0.000141179
0.000141179
0.000141179
0.000141179
0.000141179
0.00014118
0.00014118
0.00014118
0.00014118
0.00014118
0.00014118
0.00014118
0.00014118
0.00014118
0.00014118
0.00014118
0.00014118
0.00014118
0.00014118
0.00014118
0.00014118
0.00014118
0.00014118
0.00014118
0.000141179
0.00014118
0.00014118
0.00014118
0.00014118
0.00014118
0.00014118
0.00014118
0.00014118
0.00014118
0.00014118
0.00014118
0.00014118
0.00014118
0.00014118
0.00014118
0.00014118
0.00014118
0.00014118
0.00014118
0.000141179
0.00014118
0.00014118
0.00014118
0.00014118
0.00014118
0.00014118
0.00014118
0.00014118
0.00014118
0.00014118
0.00014118
0.00014118
0.00014118
0.00014118
0.00014118
0.00014118
0.00014118
0.00014118
0.00014118
0.000141179
0.00014118
0.00014118
0.00014118
0.00014118
0.00014118
0.00014118
0.00014118
0.00014118
0.00014118
0.00014118
0.00014118
0.00014118
0.00014118
0.00014118
0.00014118
0.00014118
0.00014118
0.00014118
0.00014118
0.000141179
0.00014118
0.00014118
0.00014118
0.00014118
0.00014118
0.00014118
0.00014118
0.00014118
0.00014118
0.00014118
0.00014118
0.00014118
0.00014118
0.00014118
0.00014118
0.00014118
0.00014118
0.00014118
0.00014118
0.000141179
0.00014118
0.00014118
0.00014118
0.00014118
0.00014118
0.00014118
0.00014118
0.00014118
0.00014118
0.00014118
0.00014118
0.00014118
0.00014118
0.00014118
0.00014118
0.00014118
0.00014118
0.00014118
0.00014118
0.000141179
0.00014118
0.00014118
0.00014118
0.00014118
0.00014118
0.00014118
0.00014118
0.00014118
0.00014118
0.00014118
0.00014118
0.00014118
0.00014118
0.00014118
0.00014118
0.00014118
0.00014118
0.00014118
0.00014118
0.000141179
0.00014118
0.00014118
0.00014118
0.00014118
0.00014118
0.00014118
0.00014118
0.00014118
0.00014118
0.00014118
0.00014118
0.00014118
0.00014118
0.00014118
0.00014118
0.00014118
0.00014118
0.00014118
0.00014118
0.000141179
0.00014118
0.00014118
0.00014118
0.00014118
0.00014118
0.00014118
0.00014118
0.00014118
0.00014118
0.00014118
0.00014118
0.00014118
0.00014118
0.00014118
0.00014118
0.00014118
0.00014118
0.00014118
0.00014118
0.000141179
0.00014118
0.00014118
0.00014118
0.00014118
0.00014118
0.00014118
0.00014118
0.00014118
0.00014118
0.00014118
0.00014118
0.00014118
0.00014118
0.00014118
0.00014118
0.00014118
0.00014118
0.00014118
0.00014118
0.000141179
0.00014118
0.00014118
0.00014118
0.00014118
0.00014118
0.00014118
0.00014118
0.00014118
0.00014118
0.00014118
0.00014118
0.00014118
0.00014118
0.00014118
0.00014118
0.00014118
0.00014118
0.00014118
0.00014118
0.000141179
0.00014118
0.00014118
0.00014118
0.00014118
0.00014118
0.00014118
0.00014118
0.00014118
0.00014118
0.00014118
0.00014118
0.00014118
0.00014118
0.00014118
0.00014118
0.00014118
0.00014118
0.00014118
0.00014118
0.000141179
0.00014118
0.00014118
0.00014118
0.00014118
0.00014118
0.00014118
0.00014118
0.00014118
0.00014118
0.00014118
0.00014118
0.00014118
0.00014118
0.00014118
0.00014118
0.00014118
0.00014118
0.00014118
0.00014118
0.000141179
0.00014118
0.00014118
0.00014118
0.00014118
0.00014118
0.00014118
0.00014118
0.00014118
0.00014118
0.00014118
0.00014118
0.00014118
0.00014118
0.00014118
0.00014118
0.00014118
0.00014118
0.00014118
0.00014118
0.000141179
0.00014118
0.00014118
0.00014118
0.00014118
0.00014118
0.00014118
0.00014118
0.00014118
0.00014118
0.00014118
0.00014118
0.00014118
0.00014118
0.00014118
0.00014118
0.00014118
0.00014118
0.00014118
0.00014118
0.000141179
0.00014118
0.00014118
0.00014118
0.00014118
0.00014118
0.00014118
0.00014118
0.00014118
0.00014118
0.00014118
0.00014118
0.00014118
0.00014118
0.00014118
0.00014118
0.00014118
0.00014118
0.00014118
0.00014118
0.000141179
0.00014118
0.00014118
0.00014118
0.00014118
0.00014118
0.00014118
0.00014118
0.00014118
0.00014118
0.00014118
0.00014118
0.00014118
0.00014118
0.00014118
0.00014118
0.00014118
0.00014118
0.00014118
0.00014118
0.000141179
0.00014118
0.00014118
0.00014118
0.00014118
0.00014118
0.00014118
0.00014118
0.00014118
0.00014118
0.00014118
0.00014118
0.00014118
0.00014118
0.00014118
0.00014118
0.00014118
0.00014118
0.00014118
0.00014118
0.000141179
0.00014118
0.00014118
0.00014118
0.00014118
0.00014118
0.00014118
0.00014118
0.00014118
0.00014118
0.00014118
0.00014118
0.00014118
0.00014118
0.00014118
0.00014118
0.00014118
0.00014118
0.00014118
0.00014118
0.000141179
0.000141179
0.000141179
0.000141179
0.000141179
0.000141179
0.000141179
0.000141179
0.000141179
0.000141179
0.000141179
0.000141179
0.000141179
0.000141179
0.000141179
0.000141179
0.000141179
0.000141179
0.000141179
0.000141179
0.000141179
0.00014118
0.00014118
0.00014118
0.00014118
0.00014118
0.00014118
0.00014118
0.00014118
0.00014118
0.00014118
0.00014118
0.00014118
0.00014118
0.00014118
0.00014118
0.00014118
0.00014118
0.00014118
0.00014118
0.000141179
0.00014118
0.00014118
0.00014118
0.00014118
0.00014118
0.00014118
0.00014118
0.00014118
0.00014118
0.00014118
0.00014118
0.00014118
0.00014118
0.00014118
0.00014118
0.00014118
0.00014118
0.00014118
0.00014118
0.000141179
0.00014118
0.00014118
0.00014118
0.00014118
0.00014118
0.00014118
0.00014118
0.00014118
0.00014118
0.00014118
0.00014118
0.00014118
0.00014118
0.00014118
0.00014118
0.00014118
0.00014118
0.00014118
0.00014118
0.000141179
0.00014118
0.00014118
0.00014118
0.00014118
0.00014118
0.00014118
0.00014118
0.00014118
0.00014118
0.00014118
0.00014118
0.00014118
0.00014118
0.00014118
0.00014118
0.00014118
0.00014118
0.00014118
0.00014118
0.000141179
0.00014118
0.00014118
0.00014118
0.00014118
0.00014118
0.00014118
0.00014118
0.00014118
0.00014118
0.00014118
0.00014118
0.00014118
0.00014118
0.00014118
0.00014118
0.00014118
0.00014118
0.00014118
0.00014118
0.000141179
0.00014118
0.00014118
0.00014118
0.00014118
0.00014118
0.00014118
0.00014118
0.00014118
0.00014118
0.00014118
0.00014118
0.00014118
0.00014118
0.00014118
0.00014118
0.00014118
0.00014118
0.00014118
0.00014118
0.000141179
0.00014118
0.00014118
0.00014118
0.00014118
0.00014118
0.00014118
0.00014118
0.00014118
0.00014118
0.00014118
0.00014118
0.00014118
0.00014118
0.00014118
0.00014118
0.00014118
0.00014118
0.00014118
0.00014118
0.000141179
0.00014118
0.00014118
0.00014118
0.00014118
0.00014118
0.00014118
0.00014118
0.00014118
0.00014118
0.00014118
0.00014118
0.00014118
0.00014118
0.00014118
0.00014118
0.00014118
0.00014118
0.00014118
0.00014118
0.000141179
0.00014118
0.00014118
0.00014118
0.00014118
0.00014118
0.00014118
0.00014118
0.00014118
0.00014118
0.00014118
0.00014118
0.00014118
0.00014118
0.00014118
0.00014118
0.00014118
0.00014118
0.00014118
0.00014118
0.000141179
0.00014118
0.00014118
0.00014118
0.00014118
0.00014118
0.00014118
0.00014118
0.00014118
0.00014118
0.00014118
0.00014118
0.00014118
0.00014118
0.00014118
0.00014118
0.00014118
0.00014118
0.00014118
0.00014118
0.000141179
0.00014118
0.00014118
0.00014118
0.00014118
0.00014118
0.00014118
0.00014118
0.00014118
0.00014118
0.00014118
0.00014118
0.00014118
0.00014118
0.00014118
0.00014118
0.00014118
0.00014118
0.00014118
0.00014118
0.000141179
0.00014118
0.00014118
0.00014118
0.00014118
0.00014118
0.00014118
0.00014118
0.00014118
0.00014118
0.00014118
0.00014118
0.00014118
0.00014118
0.00014118
0.00014118
0.00014118
0.00014118
0.00014118
0.00014118
0.000141179
0.00014118
0.00014118
0.00014118
0.00014118
0.00014118
0.00014118
0.00014118
0.00014118
0.00014118
0.00014118
0.00014118
0.00014118
0.00014118
0.00014118
0.00014118
0.00014118
0.00014118
0.00014118
0.00014118
0.000141179
0.00014118
0.00014118
0.00014118
0.00014118
0.00014118
0.00014118
0.00014118
0.00014118
0.00014118
0.00014118
0.00014118
0.00014118
0.00014118
0.00014118
0.00014118
0.00014118
0.00014118
0.00014118
0.00014118
0.000141179
0.00014118
0.00014118
0.00014118
0.00014118
0.00014118
0.00014118
0.00014118
0.00014118
0.00014118
0.00014118
0.00014118
0.00014118
0.00014118
0.00014118
0.00014118
0.00014118
0.00014118
0.00014118
0.00014118
0.000141179
0.00014118
0.00014118
0.00014118
0.00014118
0.00014118
0.00014118
0.00014118
0.00014118
0.00014118
0.00014118
0.00014118
0.00014118
0.00014118
0.00014118
0.00014118
0.00014118
0.00014118
0.00014118
0.00014118
0.000141179
0.00014118
0.00014118
0.00014118
0.00014118
0.00014118
0.00014118
0.00014118
0.00014118
0.00014118
0.00014118
0.00014118
0.00014118
0.00014118
0.00014118
0.00014118
0.00014118
0.00014118
0.00014118
0.00014118
0.000141179
0.00014118
0.00014118
0.00014118
0.00014118
0.00014118
0.00014118
0.00014118
0.00014118
0.00014118
0.00014118
0.00014118
0.00014118
0.00014118
0.00014118
0.00014118
0.00014118
0.00014118
0.00014118
0.00014118
0.000141179
0.00014118
0.00014118
0.00014118
0.00014118
0.00014118
0.00014118
0.00014118
0.00014118
0.00014118
0.00014118
0.00014118
0.00014118
0.00014118
0.00014118
0.00014118
0.00014118
0.00014118
0.00014118
0.00014118
0.000141179
0.000141179
0.000141179
0.000141179
0.000141179
0.000141179
0.000141179
0.000141179
0.000141179
0.000141179
0.000141179
0.000141179
0.000141179
0.000141179
0.000141179
0.000141179
0.000141179
0.000141179
0.000141179
0.000141179
0.000141179
0.000141179
0.000141179
0.000141179
0.000141179
0.000141179
0.000141179
0.000141179
0.000141179
0.000141179
0.000141179
0.000141179
0.000141179
0.000141179
0.000141179
0.000141179
0.000141179
0.000141179
0.000141179
0.000141179
0.000141179
0.000141179
0.000141179
0.000141179
0.000141179
0.000141179
0.000141179
0.000141179
0.000141179
0.000141179
0.000141179
0.000141179
0.000141179
0.000141179
0.000141179
0.000141179
0.000141179
0.000141179
0.000141179
0.000141179
0.000141179
0.000141179
0.000141179
0.000141179
0.000141179
0.000141179
0.000141179
0.000141179
0.000141179
0.000141179
0.000141179
0.000141179
0.000141179
0.000141179
0.000141179
0.000141179
0.000141179
0.000141179
0.000141179
0.000141179
0.000141179
0.000141179
0.000141179
0.000141179
0.000141179
0.000141179
0.000141179
0.000141179
0.000141179
0.000141179
0.000141179
0.000141179
0.000141179
0.000141179
0.000141179
0.000141179
0.000141179
0.000141179
0.000141179
0.000141179
0.000141179
0.000141179
0.000141179
0.000141179
0.000141179
0.000141179
0.000141179
0.000141179
0.000141179
0.000141179
0.000141179
0.000141179
0.000141179
0.000141179
0.000141179
0.000141179
0.000141179
0.000141179
0.000141179
0.000141179
0.000141179
0.000141179
0.000141179
0.000141179
0.000141179
0.000141179
0.000141179
0.000141179
0.000141179
0.000141179
0.000141179
0.000141179
0.000141179
0.000141179
0.000141179
0.000141179
0.000141179
0.000141179
0.000141179
0.000141179
0.000141179
0.000141179
0.000141179
0.000141179
0.000141179
0.000141179
0.000141179
0.000141179
0.000141179
0.000141179
0.000141179
0.000141179
0.000141179
0.000141179
0.000141179
0.000141179
0.000141179
0.000141179
0.000141179
0.000141179
0.000141179
0.000141179
0.000141179
0.000141179
0.000141179
0.000141179
0.000141179
0.000141179
0.000141179
0.000141179
0.000141179
0.000141179
0.000141179
0.000141179
0.000141179
0.000141179
0.000141179
0.000141179
0.000141179
0.000141179
0.000141179
0.000141179
0.000141179
0.000141179
0.000141179
0.000141179
0.000141179
0.000141179
0.000141179
0.000141179
0.000141179
0.000141179
0.000141179
0.000141179
0.000141179
0.000141179
0.000141179
0.000141179
0.000141179
0.000141179
0.000141179
0.000141179
0.000141179
0.000141179
0.000141179
0.000141179
0.000141179
0.000141179
0.000141179
0.000141179
0.000141179
0.000141179
0.000141179
0.000141179
0.000141179
0.000141179
0.000141179
0.000141179
0.000141179
0.000141179
0.000141179
0.000141179
0.000141179
0.000141179
0.000141179
0.000141179
0.000141179
0.000141179
0.000141179
0.000141179
0.000141179
0.000141179
0.000141179
0.000141179
0.000141179
0.000141179
0.000141179
0.000141179
0.000141179
0.000141179
0.000141179
0.000141179
0.000141179
0.000141179
0.000141179
0.000141179
0.000141179
0.000141179
0.000141179
0.000141179
0.000141179
0.000141179
0.000141179
0.000141179
0.000141179
0.000141179
0.000141179
0.000141179
0.000141179
0.000141179
0.000141179
0.000141179
0.000141179
0.000141179
0.000141179
0.000141179
0.000141179
0.000141179
0.000141179
0.000141179
0.000141179
0.000141179
0.000141179
0.000141179
0.000141179
0.000141179
0.000141179
0.000141179
0.000141179
0.000141179
0.000141179
0.000141179
0.000141179
0.000141179
0.000141179
0.000141179
0.000141179
0.000141179
0.000141179
0.000141179
0.000141179
0.000141179
0.000141179
0.000141179
0.000141179
0.000141179
0.000141179
0.000141179
0.000141179
0.000141179
0.000141179
0.000141179
0.000141179
0.000141179
0.000141179
0.000141179
0.000141179
0.000141179
0.000141179
0.000141179
0.000141179
0.000141179
0.000141179
0.000141179
0.000141179
0.000141179
0.000141179
0.000141179
0.000141179
0.000141179
0.000141179
0.000141179
0.000141179
0.000141179
0.000141179
0.000141179
0.000141179
0.000141179
0.000141179
0.000141179
0.000141179
0.000141179
0.000141179
0.000141179
0.000141179
0.000141179
0.000141179
0.000141179
0.000141179
0.000141179
0.000141179
0.000141179
0.000141179
0.000141179
0.000141179
0.000141179
0.000141179
0.000141179
0.000141179
0.000141179
0.000141179
0.000141179
0.000141179
0.000141179
0.000141179
0.000141179
0.000141179
0.000141179
0.000141179
0.000141179
0.000141179
0.000141179
0.000141179
0.000141179
0.000141179
0.000141179
0.000141179
0.000141179
0.000141179
0.000141179
0.000141179
0.000141179
0.000141179
0.000141179
0.000141179
0.000141179
0.000141179
0.000141179
0.000141179
0.000141179
0.000141179
0.000141179
0.000141179
0.000141179
0.000141179
0.000141179
0.000141179
0.000141179
0.000141179
0.000141179
0.000141179
0.000141179
0.000141179
0.000141179
0.000141179
0.000141179
0.000141179
0.000141179
0.000141179
0.000141179
0.000141179
0.000141179
0.000141179
0.000141179
0.000141179
0.000141179
0.000141179
0.000141179
0.000141179
0.000141179
0.000141179
0.000141179
0.000141179
0.000141179
0.000141179
0.000141179
0.000141179
0.000141179
0.000141179
0.000141179
0.000141179
0.000141179
0.000141179
0.000141179
0.000141179
0.000141179
0.000141179
0.000141179
0.000141179
0.000141179
0.000141179
0.000141179
0.000141179
0.000141179
0.000141179
0.000141179
0.000141179
0.000141179
0.000141179
0.000141179
0.000141179
0.000141179
0.000141179
0.000141179
0.000141179
0.000141179
0.000141179
0.000141179
0.000141179
0.000141179
0.000141179
0.000141179
0.000141179
0.000141179
0.000141179
0.000141179
0.000141179
0.000141179
0.000141179
0.000141179
0.000141179
0.000141179
0.000141179
0.000141179
0.000141179
0.000141179
0.000141179
0.000141179
0.000141179
0.000141179
0.000141179
0.000141179
0.000141179
0.000141179
0.000141179
0.000141179
0.000141179
0.000141179
0.000141179
0.000141179
0.000141179
0.000141179
0.000141179
0.000141179
0.000141179
0.000141179
0.000141179
0.000141179
0.000141179
0.000141179
0.000141179
0.000141179
0.000141179
0.000141179
0.000141179
0.000141179
0.000141179
0.000141179
0.000141179
0.000141179
0.000141179
0.000141179
0.000141179
0.000141179
0.000141179
0.000141179
0.000141179
0.000141179
0.000141179
0.000141179
0.000141179
0.000141179
0.000141179
0.000141179
0.000141179
0.000141179
0.000141179
0.000141179
0.000141179
0.000141179
0.000141179
0.000141179
0.000141179
0.000141179
0.000141179
0.000141179
0.000141179
0.000141179
0.000141179
0.000141179
0.000141179
0.000141179
0.000141179
0.000141179
0.000141179
0.000141179
0.000141179
0.000141179
0.000141179
0.000141179
0.000141179
0.000141179
0.000141179
0.000141179
0.000141179
0.000141179
0.000141179
0.000141179
0.000141179
0.000141179
0.000141179
0.000141179
0.000141179
0.000141179
0.000141179
0.000141179
0.000141179
0.000141179
0.000141179
0.000141179
0.000141179
0.000141179
0.000141179
0.000141179
0.000141179
0.000141179
0.000141179
0.000141179
0.000141179
0.000141179
0.000141179
0.000141179
0.000141179
0.000141179
0.000141179
0.000141179
0.000141179
0.000141179
0.000141179
0.000141179
0.000141179
0.000141179
0.000141179
0.000141179
0.000141179
0.000141179
0.000141179
0.000141179
0.000141179
0.000141179
0.000141179
0.000141179
0.000141179
0.000141179
0.000141179
0.000141179
0.000141179
0.000141179
0.000141179
0.000141179
0.000141179
0.000141179
0.000141179
0.000141179
0.000141179
0.000141179
0.000141179
0.000141179
0.000141179
0.000141179
0.000141179
0.000141179
0.000141179
0.000141179
0.000141179
0.000141179
0.000141179
0.000141179
0.000141179
0.000141179
0.000141179
0.000141179
0.000141179
0.000141179
0.000141179
0.000141179
0.000141179
0.000141179
0.000141179
0.000141179
0.000141179
0.000141179
0.000141179
0.000141179
0.000141179
0.000141179
0.000141179
0.000141179
0.000141179
0.000141179
0.000141179
0.000141179
0.000141179
0.000141179
0.000141179
0.000141179
0.000141179
0.000141179
0.000141179
0.000141179
0.000141179
0.000141179
0.000141179
0.000141179
0.000141179
0.000141179
0.000141179
0.000141179
0.000141179
0.000141179
0.000141179
0.000141179
0.000141179
0.000141179
0.000141179
0.000141179
0.000141179
0.000141179
0.000141179
0.000141179
0.000141179
0.000141179
0.000141179
0.000141179
0.000141179
0.000141179
0.000141179
0.000141179
0.000141179
0.000141179
0.000141179
0.000141179
0.000141179
0.000141179
0.000141179
0.000141179
0.000141179
0.000141179
0.000141179
0.000141179
0.000141179
0.000141179
0.000141179
0.000141179
0.000141179
0.000141179
0.000141179
0.000141179
0.000141179
0.000141179
0.000141179
0.000141179
0.000141179
0.000141179
0.000141179
0.000141179
0.000141179
0.000141179
0.000141179
0.000141179
0.000141179
0.000141179
0.000141179
0.000141179
0.000141179
0.000141179
0.000141179
0.000141179
0.000141179
0.000141179
0.000141179
0.000141179
0.000141179
0.000141179
0.000141179
0.000141179
0.000141179
0.000141179
0.000141179
0.000141179
0.000141179
0.000141179
0.000141179
0.000141179
0.000141179
0.000141179
0.000141179
0.000141179
0.000141179
0.000141179
0.000141179
0.000141179
0.000141179
0.000141179
0.000141179
0.000141179
0.000141179
0.000141179
0.000141179
0.000141179
0.000141179
0.000141179
0.000141179
0.000141179
0.000141179
0.000141179
0.000141179
0.000141179
0.000141179
0.000141179
0.000141179
0.000141179
0.000141179
0.000141179
0.000141179
0.000141179
0.000141179
0.000141179
0.000141179
0.000141179
0.000141179
0.000141179
0.000141179
0.000141179
0.000141179
0.000141179
0.000141179
0.000141179
0.000141179
0.000141179
0.000141179
0.000141179
0.000141179
0.000141179
0.000141179
0.000141179
0.000141179
0.000141179
0.000141179
0.000141179
0.000141179
0.000141179
0.000141179
0.000141179
0.000141179
0.000141179
0.000141179
0.000141179
0.000141179
0.000141179
0.000141179
0.000141179
0.000141179
0.000141179
0.000141179
0.000141179
0.000141179
0.000141179
0.000141179
0.000141179
0.000141179
0.000141179
0.000141179
0.000141179
0.000141179
0.000141179
0.000141179
0.000141179
0.000141179
0.000141179
0.000141179
0.000141179
0.000141179
0.000141179
0.000141179
0.000141179
0.000141179
0.000141179
0.000141179
0.000141179
0.000141179
0.000141179
0.000141179
0.000141179
0.000141179
0.000141179
0.000141179
0.000141179
0.000141179
0.000141179
0.000141179
0.000141179
0.000141179
0.000141179
0.000141179
0.000141179
0.000141179
0.000141179
0.000141179
0.000141179
0.000141179
0.000141179
0.000141179
0.000141179
0.000141179
0.000141179
0.000141179
0.000141179
0.000141179
0.000141179
0.000141179
0.000141179
0.000141179
0.000141179
0.000141179
0.000141179
0.000141179
0.000141179
0.000141179
0.000141179
0.000141179
0.000141179
0.000141179
0.000141179
0.000141179
0.000141179
0.000141179
0.000141179
0.000141179
0.000141179
0.000141179
0.000141179
0.000141179
0.000141179
0.000141179
0.000141179
0.000141179
0.000141179
0.000141179
0.000141179
0.000141179
0.000141179
0.000141179
0.000141179
0.000141179
0.000141179
0.000141179
0.000141179
0.000141179
0.000141179
0.000141179
0.000141179
0.000141179
0.000141179
0.000141179
0.000141179
0.000141179
0.000141179
0.000141179
0.000141179
0.000141179
0.000141179
0.000141179
0.000141179
0.000141179
0.000141179
0.000141179
0.000141179
0.000141179
0.000141179
0.000141179
0.000141179
0.000141179
0.000141179
0.000141179
0.000141179
0.000141179
0.000141179
0.000141179
0.000141179
0.000141179
0.000141179
0.000141179
0.000141179
0.000141179
0.000141179
0.000141179
0.000141179
0.000141179
0.000141179
0.000141179
0.000141179
0.000141179
0.000141179
0.000141179
0.000141179
0.000141179
0.000141179
0.000141179
0.000141179
0.000141179
0.000141179
0.000141179
0.000141179
0.000141179
0.000141179
0.000141179
0.000141179
0.000141179
0.000141179
0.000141179
0.000141179
0.000141179
0.000141179
0.000141179
0.000141179
0.000141179
0.000141179
0.000141179
0.000141179
0.000141179
0.000141179
0.000141179
0.000141179
0.000141179
0.000141179
0.000141179
0.000141179
0.000141179
0.000141179
0.000141179
0.000141179
0.000141179
0.000141179
0.000141179
0.000141179
0.000141179
0.000141179
0.000141179
0.000141179
0.000141179
0.000141179
0.000141179
0.000141179
0.000141179
0.000141179
0.000141179
0.000141179
0.000141179
0.000141179
0.000141179
0.000141179
0.000141179
0.000141179
0.000141179
0.000141179
0.000141179
0.000141179
0.000141179
0.000141179
0.000141179
0.000141179
0.000141179
0.000141179
0.000141179
0.000141179
0.000141179
0.000141179
0.000141179
0.000141179
0.000141179
0.000141179
0.000141179
0.000141179
0.000141179
0.000141179
0.000141179
0.000141179
0.000141179
0.000141179
0.000141179
0.000141179
0.000141179
0.000141179
0.000141179
0.000141179
0.000141179
0.000141179
0.000141179
0.000141179
0.000141179
0.000141179
0.000141179
0.000141179
0.000141179
0.000141179
0.000141179
0.000141179
0.000141179
0.000141179
0.000141179
0.000141179
0.000141179
0.000141179
0.000141179
0.000141179
0.000141179
0.000141179
0.000141179
0.000141179
0.000141179
0.000141179
0.000141179
0.000141179
0.000141179
0.000141179
0.000141179
0.000141179
0.000141179
0.000141179
0.000141179
0.000141179
0.000141179
0.000141179
0.000141179
0.000141179
0.000141179
0.000141179
0.000141179
0.000141179
0.000141179
0.000141179
0.000141179
0.000141179
0.000141179
0.000141179
0.000141179
0.000141179
0.000141179
0.000141179
0.000141179
0.000141179
0.000141179
0.000141179
0.000141179
0.000141179
0.000141179
0.000141179
0.000141179
0.000141179
0.000141179
0.000141179
0.000141179
0.000141179
0.000141179
0.000141179
0.000141179
0.000141179
0.000141179
0.000141179
0.000141179
0.000141179
0.000141179
0.000141179
0.000141179
0.000141179
0.000141179
0.000141179
0.000141179
0.000141179
0.000141179
0.000141179
0.000141179
0.000141179
0.000141179
0.000141179
0.000141179
0.000141179
0.000141179
0.000141179
0.000141179
0.000141179
0.000141179
0.000141179
0.000141179
0.000141179
0.000141179
0.000141179
0.000141179
0.000141179
0.000141179
0.000141179
0.000141179
0.000141179
0.000141179
0.000141179
0.000141179
0.000141179
0.000141179
0.000141179
0.000141179
0.000141179
0.000141179
0.000141179
0.000141179
0.000141179
0.000141179
0.000141179
0.000141179
0.000141179
0.000141179
0.000141179
0.000141179
0.000141179
0.000141179
0.000141179
0.000141179
0.000141179
0.000141179
0.000141179
0.000141179
0.000141179
0.000141179
0.000141179
0.000141179
0.000141179
0.000141179
0.000141179
0.000141179
0.000141179
0.000141179
0.000141179
0.000141179
0.000141179
0.000141179
0.000141179
0.000141179
0.000141179
0.000141179
0.000141179
0.000141179
0.000141179
0.000141179
0.000141179
0.000141179
0.000141179
0.000141179
0.000141179
0.000141179
0.000141179
0.000141179
0.000141179
0.000141179
0.000141179
0.000141179
0.000141179
0.000141179
0.000141179
0.000141179
0.000141179
0.000141179
0.000141179
0.000141179
0.000141179
0.000141179
0.000141179
0.000141179
0.000141179
0.000141179
0.000141179
0.000141179
0.000141179
0.000141179
0.000141179
0.000141179
0.000141179
0.000141179
0.000141179
0.000141179
0.000141179
0.000141179
0.000141179
0.000141179
0.000141179
0.000141179
0.000141179
0.000141179
0.000141179
0.000141179
0.000141179
0.000141179
0.000141179
0.000141179
0.000141179
0.000141179
0.000141179
0.000141179
0.000141179
0.000141179
0.000141179
0.000141179
0.000141179
0.000141179
0.000141179
0.000141179
0.000141179
0.000141179
0.000141179
0.000141179
0.000141179
0.000141179
0.000141179
0.000141179
0.000141179
0.000141179
0.000141179
0.000141179
0.000141179
0.000141179
0.000141179
0.000141179
0.000141179
0.000141179
0.000141179
0.000141179
0.000141179
0.000141179
0.000141179
0.000141179
0.000141179
0.000141179
0.000141179
0.000141179
0.000141179
0.000141179
0.000141179
0.000141179
0.000141179
0.000141179
0.000141179
0.000141179
0.000141179
0.000141179
0.000141179
0.000141179
0.000141179
0.000141179
0.000141179
0.000141179
0.000141179
0.000141179
0.000141179
0.000141179
0.000141179
0.000141179
0.000141179
0.000141179
0.000141179
0.000141179
0.000141179
0.000141179
0.000141179
0.000141179
0.000141179
0.000141179
0.000141179
0.000141179
0.000141179
0.000141179
0.000141179
0.000141179
0.000141179
0.000141179
0.000141179
0.000141179
0.000141179
0.000141179
0.000141179
0.000141179
0.000141179
0.000141179
0.000141179
0.000141179
0.000141179
0.000141179
0.000141179
0.000141179
0.000141179
0.000141179
0.000141179
0.000141179
0.000141179
0.000141179
0.000141179
0.000141179
0.000141179
0.000141179
0.000141179
0.000141179
0.000141179
0.000141179
0.000141179
0.000141179
0.000141179
0.000141179
0.000141179
0.000141179
0.000141179
0.000141179
0.000141179
0.000141179
0.000141179
0.000141179
0.000141179
0.000141179
0.000141179
0.000141179
0.000141179
0.000141179
0.000141179
0.000141179
0.000141179
0.000141179
0.000141179
0.000141179
0.000141179
0.000141179
0.000141179
0.000141179
0.000141179
0.000141179
0.000141179
0.000141179
0.000141179
0.000141179
0.000141179
0.000141179
0.000141179
0.000141179
0.000141179
0.000141179
0.000141179
0.000141179
0.000141179
0.000141179
0.000141179
0.000141179
0.000141179
0.000141179
0.000141179
0.000141179
0.000141179
0.000141179
0.000141179
0.000141179
0.000141179
0.000141179
0.000141179
0.000141179
0.000141179
0.000141179
0.000141179
0.000141179
0.000141179
0.000141179
0.000141179
0.000141179
0.000141179
0.000141179
0.000141179
0.000141179
0.000141179
0.000141179
0.000141179
0.000141179
0.000141179
0.000141179
0.000141179
0.000141179
0.000141179
0.000141179
0.000141179
0.000141179
0.000141179
0.000141179
0.000141179
0.000141179
0.000141179
0.000141179
0.000141179
0.000141179
0.000141179
0.000141179
0.000141179
0.000141179
0.000141179
0.000141179
0.000141179
0.000141179
0.000141179
0.000141179
0.000141179
0.000141179
0.000141179
0.000141179
0.000141179
0.000141179
0.000141179
0.000141179
0.000141179
0.000141179
0.000141179
0.000141179
0.000141179
0.000141179
0.000141179
0.000141179
0.000141179
0.000141179
0.000141179
0.000141179
0.000141179
0.000141179
0.000141179
0.000141179
0.000141179
0.000141179
0.000141179
0.000141179
0.000141179
0.000141179
0.000141179
0.000141179
0.000141179
0.000141179
0.000141179
0.000141179
0.000141179
0.000141179
0.000141179
0.000141179
0.000141179
0.000141179
0.000141179
0.000141179
0.000141179
0.000141179
0.000141179
0.000141179
0.000141179
0.000141179
0.000141179
0.000141179
0.000141179
0.000141179
0.000141179
0.000141179
0.000141179
0.000141179
0.000141179
0.000141179
0.000141179
0.000141179
0.000141179
0.000141179
0.000141179
0.000141179
0.000141179
0.000141179
0.000141179
0.000141179
0.000141179
0.000141179
0.000141179
0.000141179
0.000141179
0.000141179
0.000141179
0.000141179
0.000141179
0.000141179
0.000141179
0.000141179
0.000141179
0.000141179
0.000141179
0.000141179
0.000141179
0.000141179
0.000141179
0.000141179
0.000141179
0.000141179
0.000141179
0.000141179
0.000141179
0.000141179
0.000141179
0.000141179
0.000141179
0.000141179
0.000141179
0.000141179
0.000141179
0.000141179
0.000141179
0.000141179
0.000141179
0.000141179
0.000141179
0.000141179
0.000141179
0.000141179
0.000141179
0.000141179
0.000141179
0.000141179
0.000141179
0.000141179
0.000141179
0.000141179
0.000141179
0.000141179
0.000141179
0.000141179
0.000141179
0.000141179
0.000141179
0.000141179
0.000141179
0.000141179
0.000141179
0.000141179
0.000141179
0.000141179
0.000141179
0.000141179
0.000141179
0.000141179
0.000141179
0.000141179
0.000141179
0.000141179
0.000141179
0.000141179
0.000141179
0.000141179
0.000141179
0.000141179
0.000141179
0.000141179
0.000141179
0.000141179
0.000141179
0.000141179
0.000141179
0.000141179
0.000141179
0.000141179
0.000141179
0.000141179
0.000141179
0.000141179
0.000141179
0.000141179
0.000141179
0.000141179
0.000141179
0.000141179
0.000141179
0.000141179
0.000141179
0.000141179
0.000141179
0.000141179
0.000141179
0.000141179
0.000141179
0.000141179
0.000141179
0.000141179
0.000141179
0.000141179
0.000141179
0.000141179
0.000141179
0.000141179
0.000141179
0.000141179
0.000141179
0.000141179
0.000141179
0.000141179
0.000141179
0.000141179
0.000141179
0.000141179
0.000141179
0.000141179
0.000141179
0.000141179
0.000141179
0.000141179
0.000141179
0.000141179
0.000141179
0.000141179
0.000141179
0.000141179
0.000141179
0.000141179
0.000141179
0.000141179
0.000141179
0.000141179
0.000141179
0.000141179
0.000141179
0.000141179
0.000141179
0.000141179
0.000141179
0.000141179
0.000141179
0.000141179
0.000141179
0.000141179
0.000141179
0.000141179
0.000141179
0.000141179
0.000141179
0.000141179
0.000141179
0.000141179
0.000141179
0.000141179
0.000141179
0.000141179
0.000141179
0.000141179
0.000141179
0.000141179
0.000141179
0.000141179
0.000141179
0.000141179
0.000141179
0.000141179
0.000141179
0.000141179
0.000141179
0.000141179
0.000141179
0.000141179
0.000141179
0.000141179
0.000141179
0.000141179
0.000141179
0.000141179
0.000141179
0.000141179
0.000141179
0.000141179
0.000141179
0.000141179
0.000141179
0.000141179
0.000141179
0.000141179
0.000141179
0.000141179
0.000141179
0.000141179
0.000141179
0.000141179
0.000141179
0.000141179
0.000141179
0.000141179
0.000141179
0.000141179
0.000141179
0.000141179
0.000141179
0.000141179
0.000141179
0.000141179
0.000141179
0.000141179
0.000141179
0.000141179
0.000141179
0.000141179
0.000141179
0.000141179
0.000141179
0.000141179
0.000141179
0.000141179
0.000141179
0.000141179
0.000141179
0.000141179
0.000141179
0.000141179
0.000141179
0.000141179
0.000141179
0.000141179
0.000141179
0.000141179
0.000141179
0.000141179
0.000141179
0.000141179
0.000141179
0.000141179
0.000141179
0.000141179
0.000141179
0.000141179
0.000141179
0.000141179
0.000141179
0.000141179
0.000141179
0.000141179
0.000141179
0.000141179
0.000141179
0.000141179
0.000141179
0.000141179
0.000141179
0.000141179
0.000141179
0.000141179
0.000141179
0.000141179
0.000141179
0.000141179
0.000141179
0.000141179
0.000141179
0.000141179
0.000141179
0.000141179
0.000141179
0.000141179
0.000141179
0.000141179
0.000141179
0.000141179
0.000141179
0.000141179
0.000141179
0.000141179
0.000141179
0.000141179
0.000141179
0.000141179
0.000141179
0.000141179
0.000141179
0.000141179
0.000141179
0.000141179
0.000141179
0.000141179
0.000141179
0.000141179
0.000141179
0.000141179
0.000141179
0.000141179
0.000141179
0.000141179
0.000141179
0.000141179
0.000141179
0.000141179
0.000141179
0.000141179
0.000141179
0.000141179
0.000141179
0.000141179
0.000141179
0.000141179
0.000141179
0.000141179
0.000141179
0.000141179
0.000141179
0.000141179
0.000141179
0.000141179
0.000141179
0.000141179
0.000141179
0.000141179
0.000141179
0.000141179
0.000141179
0.000141179
0.000141179
0.000141179
0.000141179
0.000141179
0.000141179
0.000141179
0.000141179
0.000141179
0.000141179
0.000141179
0.000141179
0.000141179
0.000141179
0.000141179
0.000141179
0.000141179
0.000141179
0.000141179
0.000141179
0.000141179
0.000141179
0.000141179
0.000141179
0.000141179
0.000141179
0.000141179
0.000141179
0.000141179
0.000141179
0.000141179
0.000141179
0.000141179
0.000141179
0.000141179
0.000141179
0.000141179
0.000141179
0.000141179
0.000141179
0.000141179
0.000141179
0.000141179
0.000141179
0.000141179
0.000141179
0.000141179
0.000141179
0.000141179
0.000141179
0.000141179
0.000141179
0.000141179
0.000141179
0.000141179
0.000141179
0.000141179
0.000141179
0.000141179
0.000141179
0.000141179
0.000141179
0.000141179
0.000141179
0.000141179
0.000141179
0.000141179
0.000141179
0.000141179
0.000141179
0.000141179
0.000141179
0.000141179
0.000141179
0.000141179
0.000141179
0.000141179
0.000141179
0.000141179
0.000141179
0.000141179
0.000141179
0.000141179
0.000141179
0.000141179
0.000141179
0.000141179
0.000141179
0.000141179
0.000141179
0.000141179
0.000141179
0.000141179
0.000141179
0.000141179
0.000141179
0.000141179
0.000141179
0.000141179
0.000141179
0.000141179
0.000141179
0.000141179
0.000141179
0.000141179
0.000141179
0.000141179
0.000141179
0.000141179
0.000141179
0.000141179
0.000141179
0.000141179
0.000141179
0.000141179
0.000141179
0.000141179
0.000141179
0.000141179
0.000141179
0.000141179
0.000141179
0.000141179
0.000141179
0.000141179
0.000141179
0.000141179
0.000141179
0.000141179
0.000141179
0.000141179
0.000141179
0.000141179
0.000141179
0.000141179
0.000141179
0.000141179
0.000141179
0.000141179
0.000141179
0.000141179
0.000141179
0.000141179
0.000141179
0.000141179
0.000141179
0.000141179
0.000141179
0.000141179
0.000141179
0.000141179
0.000141179
0.000141179
0.000141179
0.000141179
0.000141179
0.000141179
0.000141179
0.000141179
0.000141179
0.000141179
0.000141179
0.000141179
0.000141179
0.000141179
0.000141179
0.000141179
0.000141179
0.000141179
0.000141179
0.000141179
0.000141179
0.000141179
0.000141179
0.000141179
0.000141179
0.000141179
0.000141179
0.000141179
0.000141179
0.000141179
0.000141179
0.000141179
0.000141179
0.000141179
0.000141179
0.000141179
0.000141179
0.000141179
0.000141179
0.000141179
0.000141179
0.000141179
0.000141179
0.000141179
0.000141179
0.000141179
0.000141179
0.000141179
0.000141179
0.000141179
0.000141179
0.000141179
0.000141179
0.000141179
0.000141179
0.000141179
0.000141179
0.000141179
0.000141179
0.000141179
0.000141179
0.000141179
0.000141179
0.000141179
0.000141179
0.000141179
0.000141179
0.000141179
0.000141179
0.000141179
0.000141179
0.000141179
0.000141179
0.000141179
0.000141179
0.000141179
0.000141179
0.000141179
0.000141179
0.000141179
0.000141179
0.000141179
0.000141179
0.000141179
0.000141179
0.000141179
0.000141179
0.000141179
0.000141179
0.000141179
0.000141179
0.000141179
0.000141179
0.000141179
0.000141179
0.000141179
0.000141179
0.000141179
0.000141179
0.000141179
0.000141179
0.000141179
0.000141179
0.000141179
0.000141179
0.000141179
0.000141179
0.000141179
0.000141179
0.000141179
0.000141179
0.000141179
0.000141179
0.000141179
0.000141179
0.000141179
0.000141179
0.000141179
0.000141179
0.000141179
0.000141179
0.000141179
0.000141179
0.000141179
0.000141179
0.000141179
0.000141179
0.000141179
0.000141179
0.000141179
0.000141179
0.000141179
0.000141179
0.000141179
0.000141179
0.000141179
0.000141179
0.000141179
0.000141179
0.000141179
0.000141179
0.000141179
0.000141179
0.000141179
0.000141179
0.000141179
0.000141179
0.000141179
0.000141179
0.000141179
0.000141179
0.000141179
0.000141179
0.000141179
0.000141179
0.000141179
0.000141179
0.000141179
0.000141179
0.000141179
0.000141179
0.000141179
0.000141179
0.000141179
0.000141179
0.000141179
0.000141179
0.000141179
0.000141179
0.000141179
0.000141179
0.000141179
0.000141179
0.000141179
0.000141179
0.000141179
0.000141179
0.000141179
0.000141179
0.000141179
0.000141179
0.000141179
0.000141179
0.000141179
0.000141179
0.000141179
0.000141179
0.000141179
0.000141179
0.000141179
0.000141179
0.000141179
0.000141179
0.000141179
0.000141179
0.000141179
0.000141179
0.000141179
0.000141179
0.000141179
0.000141179
0.000141179
0.000141179
0.000141179
0.000141179
0.000141179
0.000141179
0.000141179
0.000141179
0.000141179
0.000141179
0.000141179
0.000141179
0.000141179
0.000141179
0.000141179
0.000141179
0.000141179
0.000141179
0.000141179
0.000141179
0.000141179
0.000141179
0.000141179
0.000141179
0.000141179
0.000141179
0.000141179
0.000141179
0.000141179
0.000141179
0.000141179
0.000141179
0.000141179
0.000141179
0.000141179
0.000141179
0.000141179
0.000141179
0.000141179
0.000141179
0.000141179
0.000141179
0.000141179
0.000141179
0.000141179
0.000141179
0.000141179
0.000141179
0.000141179
0.000141179
0.000141179
0.000141179
0.000141179
0.000141179
0.000141179
0.000141179
0.000141179
0.000141179
0.000141179
0.000141179
0.000141179
0.000141179
0.000141179
0.000141179
0.000141179
0.000141179
0.000141179
0.000141179
0.000141179
0.000141179
0.000141179
0.000141179
0.000141179
0.000141179
0.000141179
0.000141179
0.000141179
0.000141179
0.000141179
0.000141179
0.000141179
0.000141179
0.000141179
0.000141179
0.000141179
0.000141179
0.000141179
0.000141179
0.000141179
0.000141179
0.000141179
0.000141179
0.000141179
0.000141179
0.000141179
0.000141179
0.000141179
0.000141179
0.000141179
0.000141179
0.000141179
0.000141179
0.000141179
0.000141179
0.000141179
0.000141179
0.000141179
0.000141179
0.000141179
0.000141179
0.000141179
0.000141179
0.000141179
0.000141179
0.000141179
0.000141179
0.000141179
0.000141179
0.000141179
0.000141179
0.000141179
0.000141179
0.000141179
0.000141179
0.000141179
0.000141179
0.000141179
0.000141179
0.000141179
0.000141179
0.000141179
0.000141179
0.000141179
0.000141179
0.000141179
0.000141179
0.000141179
0.000141179
0.000141179
0.000141179
0.000141179
0.000141179
0.000141179
0.000141179
0.000141179
0.000141179
0.000141179
0.000141179
0.000141179
0.000141179
0.000141179
0.000141179
0.000141179
0.000141179
0.000141179
0.000141179
0.000141179
0.000141179
0.000141179
0.000141179
0.000141179
0.000141179
0.000141179
0.000141179
0.000141179
0.000141179
0.000141179
0.000141179
0.000141179
0.000141179
0.000141179
0.000141179
0.000141179
0.000141179
0.000141179
0.000141179
0.000141179
0.000141179
0.000141179
0.000141179
0.000141179
0.000141179
0.000141179
0.000141179
0.000141179
0.000141179
0.000141179
0.000141179
0.000141179
0.000141179
0.000141179
0.000141179
0.000141179
0.000141179
0.000141179
0.000141179
0.000141179
0.000141179
0.000141179
0.000141179
0.000141179
0.000141179
0.000141179
0.000141179
0.000141179
0.000141179
0.000141179
0.000141179
0.000141179
0.000141179
0.000141179
0.000141179
0.000141179
)
;

boundaryField
{
    movingWall
    {
        type            nutkWallFunction;
        Cmu             0.09;
        kappa           0.41;
        E               9.8;
        value           nonuniform List<scalar> 
20
(
0.000348472
0.000393379
0.000393433
0.000393433
0.000393433
0.000393433
0.000393433
0.000393433
0.000393433
0.000393433
0.000393433
0.000393433
0.000393433
0.000393433
0.000393433
0.000393433
0.000393433
0.000393433
0.000393379
0.000348472
)
;
    }
    fixedWalls
    {
        type            nutkWallFunction;
        Cmu             0.09;
        kappa           0.41;
        E               9.8;
        value           nonuniform List<scalar> 
60
(
0.000306383
0.000935709
0.00153094
0.0015354
0.00153585
0.00153588
0.00153589
0.00153589
0.00153589
0.00153589
0.00153589
0.00153589
0.00153589
0.00153589
0.00153588
0.00153585
0.00153547
0.00153177
0.000942118
0.000348472
0.000306383
0.000935708
0.00153093
0.00153539
0.00153584
0.00153588
0.00153588
0.00153588
0.00153588
0.00153588
0.00153588
0.00153588
0.00153588
0.00153588
0.00153588
0.00153585
0.00153546
0.00153176
0.000942116
0.000348472
0.000306383
0.000301002
0.000300993
0.000300993
0.000300993
0.000300993
0.000300993
0.000300993
0.000300993
0.000300993
0.000300993
0.000300993
0.000300993
0.000300993
0.000300993
0.000300993
0.000300993
0.000300993
0.000301002
0.000306383
)
;
    }
    frontAndBack
    {
        type            empty;
    }
    defaultFaces
    {
        type            empty;
    }
}


// ************************************************************************* //
