/*--------------------------------*- C++ -*----------------------------------*\
  =========                 |
  \\      /  F ield         | OpenFOAM: The Open Source CFD Toolbox
   \\    /   O peration     | Website:  https://openfoam.org
    \\  /    A nd           | Version:  11
     \\/     M anipulation  |
\*---------------------------------------------------------------------------*/
FoamFile
{
    format      ascii;
    class       volScalarField;
    location    "0.8";
    object      gradTx;
}
// * * * * * * * * * * * * * * * * * * * * * * * * * * * * * * * * * * * * * //

dimensions      [0 -1 0 1 0 0 0];

internalField   nonuniform List<scalar> 
5712
(
-8061.09
-10313.8
-18858.4
-27787
-28476.2
-48976.5
-21622.1
-54749.5
-17410.9
-38189.6
-26032.9
-39739
-23171.4
-30710
-10253.9
-11813.8
-18600.3
-21366.5
-23608.8
-23474
-18347.4
-22399.5
-26812.2
-23971.3
-6747.71
-5263.77
-8360.76
-5797.64
-15773.5
-12991.4
-26626.9
-19731.9
-20525.6
-21487.8
-23329.5
-22899.3
-8747.46
-6580.08
-47700.1
-63902.5
-31104.8
-38128.6
-63001.9
-81992.3
-32782.9
-37582
-35942
-50780.2
-31743.1
-41888
-18870.9
-30126.6
-3805.61
-1302.9
-3972.83
-1451.41
-11435.6
-4684.29
-15448.5
-5777.68
-11376.1
-4324.48
-11632.8
-3782.73
-19564.8
-6307.66
-25219.9
-8618.26
-28765.2
-14653.4
-26458.1
-15668
-26250.4
-17001.9
-23250.5
-17077.4
-21513.2
-12947.6
-21623
-11407.6
-27421.9
-17218
-27561.4
-17313.8
-24676.8
-17925.6
-25010.6
-17913.6
-23213.8
-14706.5
-24060.2
-15025
-22312.8
-10009.7
-10767.6
-13551
-22321.4
-11022.9
-9601.72
-13994.3
-23628.3
-9883.99
-12034.6
-13503.6
-24844.3
-10103.6
-13001.5
-14025.1
-4902.01
-5386.56
-1694.8
-3532.54
-14102.2
-14947.6
-5713.08
-10702.9
-18045
-19682.4
-9438.48
-16310.6
-12176.8
112.486
-15251
-20243.6
-11810.5
545.587
-6491.23
-14237.1
-23806.6
-18854.1
-11716.3
-14874
-13907.5
-12796.8
-20492
-4464.04
-3483.83
-2627.29
-2547.91
-12330.6
-9756.73
-7949.48
-7396.31
-15055.5
-11678.3
-10387.5
-9058.94
-5232
-6940.26
-11417.2
-12092.9
-15734.9
-14044.1
-18059.2
-15027.5
-13844.1
-11583.4
-9566.4
-9101.79
-12979.4
-8853.18
-12451.1
-7758.85
-11399.8
-6773.35
-14398.9
-8887.12
-10939.5
-3532.1
-9806.81
-9546.01
-13134.6
-15860.6
-14603.9
-20183.6
-8232.7
-8067.32
-10049.7
-1461.29
-8886.14
-15852.7
-8482.96
-17224.9
-14526.5
-25140.5
-14768.3
-26943.1
-7218.33
-14273
-6696.8
-15439.8
-10243.8
-6804.67
-14782.7
-5230.08
-9933.55
-239.933
-12622
622.963
-10045.5
-10762.2
-15559.1
-6827.21
-8526.05
-12872.9
-13991.3
-9052.5
-2523.9
-2058.65
-1598.56
-1861.56
-1584.44
-1272.92
-7226.82
-5127.02
-3869.02
-4997.73
-3437.23
-2602.41
-8114.68
-6074.06
-5184.86
-5900.24
-4054.36
-3485.89
-5459.46
-4016.74
-3615.52
-9913.95
-6149.38
-4582.89
-10293.1
-6241.12
-4348.68
-10673.1
-7088.74
-5541.69
-7987.23
-4423.17
-3008.02
-14059.5
-10325.6
-7736.1
-9907.35
-7012.67
-4837.47
-9766.95
-6363.91
-4100.2
-9011.11
-5477.92
-3346.9
-10552.6
-5223.29
-2364.71
-11540.9
-15300.2
-9409.09
-11828.3
-13189
-18873.6
-12050.5
-16950.7
-8.56924
-691.008
490.896
-180.737
-3086.34
-3280.83
-1455.74
-852.497
-1111.48
-2752.13
-10024.9
-14217.4
-6589.83
-4011.24
-11181.7
-11129.6
-17888.1
-19731.5
401.942
4272.73
-8219.4
-7653.97
-7480.69
-5710.23
-1032.41
-535.428
-784.302
-388.477
-2088.61
-215.318
23.5365
564.329
-9264.23
-2162.6
-6601.32
-1714.91
-9282.45
-2729.65
-11077.8
-3312.41
-10007
-12329.6
-9125.05
-11951.8
-16428.5
-16501.9
-15553.9
-15506.1
-5954.72
-8945.77
-6924.03
-8929.97
-9575.06
-11471
-10419.2
-11478.8
-16170
-15167.7
-16855
-15127
-5935.5
-8607.77
-6328.85
-8653.03
253.311
-808.678
-6268.35
-3093.21
653.856
-475.732
-5805.58
-2708.34
-127.467
-1037.96
-6359.01
-3364.95
-434.371
-1198.26
-6289.93
-3410.48
580.517
657.574
-147.172
30.3995
2503.98
2423.8
208.262
431.387
489.488
1606.69
-1200.12
-528.095
9604.4
10042.2
4914.93
3700.33
588.643
10845.2
10140.7
3637.18
5240.38
957.615
-11194.1
-8344.71
-6674.5
-5533.87
-2630.5
572.873
449.799
80.9769
51.9007
1871.6
1544.23
277.581
178.885
1914.82
1983
-185.45
-210.206
4800.2
1615.04
7021.73
3687.95
2774.51
1712.11
3091.77
2292.15
91.4272
-367.915
-4128.11
-2501.59
-1415.68
494.096
-1009.94
428.334
-1123.11
-68.8641
-872.736
-847.395
-5085.55
-4315.43
-9437.53
-5522.13
-8335.86
-7747.01
-12495.4
-9680.12
-6720.36
-3720.44
-3356.9
-3036.34
-11073.9
-4812.82
-12084.6
-5352.36
-13895
-9926.68
-14757.7
-10692.3
-8163.13
-3048.6
-9058.59
-3496.89
-4458.16
-3055.51
-2428.46
-3355.72
-2744.67
-2725.07
-2011.62
-3084.18
-5173.97
-2946.26
-2738.45
-3855.99
-6350.17
-3172.56
-3693.01
-3932.95
357.032
316.281
329.425
37.6641
111.036
114.704
1308.94
1176.32
1084.02
157.441
322.651
300.765
1789.2
1655.83
1530.52
-164.145
325.558
396.287
579.967
475.919
206.633
2047.47
1928.62
1659.39
1519.22
1550.32
1432.63
1912.73
1755.69
1573.54
-509.815
135.976
179.552
-3521.52
-1945.36
-1060.73
124.846
755.617
1047.56
218.023
894.478
1137.8
90.0855
738.109
887.211
-987.502
166.257
289.746
6.22738
7.49181
6.9207
10.771
147.46
60.6909
38.5428
26.2491
-20.4194
6.82055
43.4626
51.9343
218.265
97.4779
99.082
74.9256
-176.448
-31.2684
63.9998
100.181
9.57282
43.7908
62.0836
56.4882
-59.0125
14.9787
13.4463
12.3159
-184.503
-39.0923
21.2099
34.387
-640.596
-164.894
-33.0547
25.9843
-892.043
-224.187
-74.61
63.1766
-433.79
-94.7893
11.5316
73.1985
-727.293
-174.637
-76.8644
47.2496
-680.9
-181.716
-13.1184
52.5666
-996.512
-259.186
-79.9188
79.5831
-728.732
-206.928
-7.86172
71.4158
-1059.01
-284.666
-88.5086
81.6244
3.78023
3.98168
7.38185
15.1526
29.828
13.1506
2.12361
13.1171
44.8972
22.0542
32.3162
46.2598
119.972
48.3315
12.9691
37.3844
-250.74
-61.4322
14.7734
69.9795
-92.4729
-7.4948
2.24971
62.826
-38.4129
28.5488
48.7993
79.4453
14.1029
32.0818
-1.12529
62.1224
-611.348
-139.046
-59.6362
80.9739
54.2512
21.5244
8.86528
12.3348
94.1818
33.6592
12.7192
7.25521
116.273
50.0505
14.1809
28.8996
245.782
89.715
30.3534
17.8061
83.5467
51.4631
14.3734
45.025
325.768
125.788
44.3365
26.8077
-20.6791
39.7977
14.6254
62.7258
284.389
133.521
49.0687
31.691
-280.764
-16.5993
-26.4828
48.785
128.695
108.723
36.5668
28.4317
-686.301
-111.129
-51.8282
49.4004
-205.27
2.29862
6.2114
17.4889
-510.803
-57.3698
-42.4624
45.1792
-87.5315
49.512
21.6829
23.8231
-828.827
-161.922
-64.5218
53.3803
-295.548
-35.428
-3.81365
14.0278
-920.511
-201.788
-77.0678
49.8814
-361.982
-66.0126
-13.6811
10.3251
4.91382
1.66354
0.5891
0.223135
0.106461
6.7078
2.43967
0.913392
0.356763
0.172969
11.7319
3.78726
1.33003
0.503945
0.240841
14.2006
5.20344
1.96479
0.772636
0.376438
15.3616
4.67382
1.62101
0.613748
0.293752
18.1214
6.69184
2.53775
1.00235
0.490056
8.5468
3.20686
1.22515
0.488009
0.240423
6.30723
1.93558
0.672234
0.257427
0.124954
13.943
4.51165
1.60413
0.615917
0.2974
6.54961
1.87283
0.63267
0.238079
0.114083
15.8103
5.29553
1.94408
0.757711
0.368015
6.54054
1.922
0.662752
0.251193
0.120474
10.4832
2.9331
0.973929
0.363755
0.173956
6.15725
1.61796
0.532806
0.19969
0.095896
9.63665
2.07699
0.569183
0.191148
0.0868261
5.30584
1.00474
0.2549
0.0824315
0.0368409
4.20712
1.32629
0.455476
0.169667
0.0801677
3.34225
1.09806
0.385779
0.14481
0.0685136
10.621
3.27926
1.13627
0.427466
0.203242
8.81715
2.83964
1.00375
0.379905
0.180776
14.2958
3.99723
1.3427
0.500648
0.237556
11.8442
3.79372
1.35849
0.520208
0.249506
13.1014
4.2664
1.56249
0.607853
0.294629
8.19646
2.80294
1.03503
0.402518
0.194649
6.57603
2.26643
0.851044
0.334881
0.163317
-76.4525
-312.743
5.90044
-708.002
425.388
-775.938
1312.3
-322.3
2086.08
969.299
-316.065
-1056.37
1447.63
1295.23
-1149.66
-2100.36
-1670.39
-2539.38
-976.784
-236.376
-55.2351
-12.7518
-3.41961
-233.25
-136.402
-18.9946
-5.59419
-2.67283
-2997.34
-720.898
-169.066
-38.8589
-10.443
-528.564
-168.403
-45.6025
-10.4062
-3.14832
-4986.89
-1202.16
-283.061
-65.3804
-17.5674
-893.09
-298.628
-79.0974
-19.9409
-5.52403
-6584.5
-1593.62
-377.602
-87.713
-23.6732
-1060
-381.87
-103.869
-26.3608
-7.27011
-8070.17
-1975.47
-472.571
-110.678
-30.1173
-1211.17
-475.355
-132.084
-33.7881
-9.41018
-9249.29
-2339.74
-570.243
-135.505
-37.3274
-2154.24
-699.362
-182.484
-44.7056
-12.2622
-8730.3
-2199.79
-532.656
-125.695
-34.3927
-1553.73
-573.279
-155.999
-39.2131
-10.8013
-9458.57
-2396.39
-585.951
-139.731
-38.6461
-2513.87
-779.937
-199.558
-48.0813
-13.1305
-9825.63
-2468.95
-604.895
-144.333
-39.9491
-2643.73
-819.047
-210.785
-47.3718
-13.6108
-744.655
-8386.29
-7660.5
-2737.58
1779.26
3010.82
8313.03
12281.1
1539.77
8847.54
-2633.33
2090.38
2354.7
5189.98
10265.9
14768.7
15567.3
19727.2
6361.95
8287.56
-19720.6
-13719.2
-2801.37
-1745.01
-1203.29
-1585.73
-1794.56
-11478.3
-9382.24
-8410.24
-7890.91
-5678.47
-4187.96
-6072.35
-3333.56
-2814.6
-3172.13
-2163.64
-18853
-8649.97
-2337.69
-4216.05
-6643.84
-4286.83
-4273.53
-2992.51
-1536.95
-2108.75
-2591.49
-2862.02
-19211
-11923.5
-11076.6
-7592.41
-6915.32
-7852.64
-2514.31
-2969.61
-4571.17
-12947.4
-10148.3
-7472.26
-5782.9
-4071.95
-8525.9
-5541.06
-3871.8
-2562.49
-1126.99
-2403.47
-1924.11
-1388.62
-837.895
-281.193
-1524.58
-1242.26
-908.479
-551.394
-184.818
-1046.37
-847.284
-615.249
-371.073
-123.886
-1391.76
-1138.82
-835.111
-507.235
-169.901
-1556.16
-1257.14
-911.914
-550.249
-183.926
-6868.12
-4765.19
-3273.15
-2511.06
-2196.57
-4753.32
-3154.75
-1961.51
-1390.94
-857.427
-5145.38
-3064.95
-1983.62
-1225.99
-519.25
-3883.81
-2427.74
-1462.08
-916.867
-464.034
-2563.84
-1510.32
-864.008
-514.295
-219.937
-3209.22
-2305.5
-1522.46
-870.88
-290.109
-4074.73
-2605.59
-1649.24
-938.622
-328.752
-2143.34
-1283.67
-758.219
-400.993
-130.615
-2253.32
-1678.86
-1136.63
-656.182
-216.353
-2458.18
-1772.77
-1163.92
-655.397
-212.964
-1753.94
-1320.61
-899.613
-519.485
-170.328
-11676.5
-8145.51
-5807.84
-4314.16
-3327.7
-6094.48
-4206.97
-2860.54
-1764.21
-712.26
-1884.26
-1417.99
-972.343
-569.5
-190.882
-3449.12
-2640.97
-1843.75
-1097.4
-372.889
-5235.85
-3912.33
-2708.01
-1630.96
-581.288
-3519.02
-2709.81
-1906.31
-1144
-391.188
-3568.73
-2789.93
-1982.61
-1192.7
-404.623
-2525.52
-1987.84
-1414.58
-846.848
-284.087
-1291.42
-1007.77
-707.98
-417.493
-138.104
-1811.82
-1448.71
-1040.85
-623.784
-207.904
-2141.61
-1646.7
-1145.6
-673.832
-223.955
-2406.66
-1885.6
-1334.93
-795.396
-266.027
-12409.6
-9335.39
-6855.29
-5108.92
-3601.19
-7890.55
-5344.32
-3736.41
-2431.01
-1074.38
-7712.22
-5706.05
-3926.41
-2540.54
-1086.95
-5708.73
-4098.54
-2853.58
-1770.76
-665.274
-5533.31
-4199.74
-2945.13
-1788.96
-635.106
-5858.41
-4185.26
-2898.69
-1790.96
-663.957
-2079.04
-1606.71
-1129.56
-674.573
-228.272
-2549.03
-2038.13
-1466.52
-881.29
-294.523
-3804.86
-2960.28
-2092.81
-1253.28
-423.522
-7028.37
-14471.2
-14729.4
-41076.5
-14176.3
-53698.4
-7866.21
-19217
-14215
-10891.6
-24140.5
-19953.9
-13780.7
-12561.3
-26500.3
-20539.6
-5241.41
-3958.38
-10336.7
-7250.83
-11710.2
-8885.39
-31982.9
-24032.3
-19023.6
-14128.5
-19795.8
-11714
-1354.43
-4839.81
-50257.4
-65019.4
-30176
-38037.6
-65109.8
-82930.8
-31681.9
-37334.1
-38022.6
-51871.4
-30949.1
-41956.1
-21200.6
-31291.2
-2613.9
-707.276
-4649.52
-1600.79
-8883.93
-4074.39
-18129.1
-6625.32
-3892.13
-2273.81
-9599.94
-3070.65
-19780.6
-6289.16
-25560.2
-8716.3
-19218
-10336.5
-22794.3
-13515.3
-16743.9
-12238.4
-19505.7
-14820.9
-18951.6
-11226.3
-14808.2
-8057.24
-26058.5
-16270.8
-27235.6
-17059.4
-23196.5
-16940.4
-24616
-17648.4
-22348.5
-13938.6
-23877.1
-14817.2
-21304.7
-9751.62
-9658.47
-13216.5
-18979.5
-10081.5
-7473.99
-13280.6
-23507.1
-9876.41
-11543.2
-13366.4
-24891.8
-10129.3
-12873.4
-13991.5
-1502.57
-1427.1
-407.947
-1881.69
-6112.34
-6522.79
-4034.87
-8400.45
-3854.04
-4766.73
-6534.61
-12521.7
-12732.8
-9134.3
-11026.8
-14469.6
-10344.5
-6887.35
-8061.25
-8688.32
-16924.9
-16639.1
-13398.7
-12162.3
-9318.81
-8594.48
-18580.5
-1572.9
-1164.23
-938.758
-1056.47
-5771.5
-4470.51
-5132.24
-4533.21
-1305.85
133.251
-6198.71
-4897.42
-9634.12
-10200.4
-9198.35
-8541.88
-8124.83
-5893.99
-10978.3
-8585.71
-11269.4
-8788.1
-11859.8
-11216.1
-10736.6
-7366.16
-8513.08
-4945.9
-8093.51
-4460.38
-13101.4
-7534.82
-9639.65
-3975.42
-8844.53
-9355.91
-13131.1
-16698.1
-14006.7
-20016
-7273.79
-7874.43
-8496.61
-1803.28
-8380.75
-15629.3
-8327.6
-17138.2
-14094.4
-24995.4
-14621.4
-26851.4
-6740.75
-14102.4
-6554.47
-15376.5
-9662.05
-6780.86
-14692.8
-5381.55
-8920.94
-864.176
-12577.2
-464.578
-9766.59
-10688.7
-15518.8
-6844.69
-8434.69
-12842
-13975.2
-9053.29
-1093.88
-1001.65
-843.288
-962.793
-3380.21
-2503.8
-3258.36
-2982
771.918
92.9387
-3786.77
-4053.79
-9860
-8856.61
-7760.86
-6197.23
-4719.54
-3699.54
-6797.93
-5439.53
-7407.93
-5280.14
-16999.7
-13770.8
-8152.5
-6080.12
-6928
-4457.39
-6289.75
-3349.66
-7358.55
-2568.11
-5698.73
-9299.22
-4831.81
-9753.17
-9279.05
-11241.6
-10596.4
-14381.5
-878.286
-529.225
-487.728
-337.969
-3411.49
-2115.06
-2506.92
-986.954
-769.923
-1308.14
-8088.46
-8509.06
-3978.19
-3365.56
-9977.1
-10733.8
-16506.6
-19294.1
730.725
4352.79
-7189.01
-7283.12
-6865.79
-5518.44
-847.18
-706.852
-857.762
-661.37
-1325.97
-644.125
-119.677
4.58671
-7182.52
-2723.72
-6069.59
-2192.38
-8736.55
-2945.14
-10833.7
-3378.05
-5303.88
-10089.7
-7221.97
-10671.7
-9256.91
-12450.9
-12632.7
-13563.9
-4902.78
-8331.37
-4251.43
-8191.2
-8635.19
-10861.6
-10123.1
-11305.2
-14863.7
-14303.6
-16470
-14889.8
-5390.54
-8279.07
-6144.47
-8554.58
244.904
-1079.83
-6237.38
-3319.48
279.335
-1074.21
-6102.86
-3134.86
-99.3248
-1203.76
-6297.64
-3481.05
-412.347
-1258.42
-6264.51
-3446.75
-839.17
-877.421
-712.952
-703.693
-1587.78
-1554.4
-827.657
-806.868
-7134.58
-6259.95
-2600.75
-2415.27
-2948.97
-4254.48
-3304.63
498.474
-701.742
-395.337
-821.082
-3415.96
2621.26
-10.3436
-14779.9
-11632.1
-9405.18
-7164.09
-3502.89
-837.031
-692.995
-734.904
-814.763
-1488.15
-1130.82
-1005.83
-1269.55
-6115.81
-5579.7
-2532.3
-3002.42
-4369.15
-6049.51
-2430.66
-4280.6
-4012.29
-4220.49
-437.792
-843.621
-1291.62
-1982.54
-9365.51
-7189.38
-6805.99
-4629.54
-5245.01
-3509.4
-3913.18
-2582.66
-2061.21
-2074.27
-7158.9
-6741.29
-9925.2
-6224.57
-9861.52
-10030.8
-12547.4
-10233.5
-7426.23
-4372.43
-5254.62
-4987.99
-11098.2
-5150.12
-12056.7
-5408.87
-13677.2
-10154.5
-14659.6
-10705.7
-8365.86
-3387.4
-9091.05
-3568.15
-5129.84
-3578.03
-2972.57
-3854.63
-4218.19
-4128.04
-2926.31
-4041.73
-5451.32
-3243.32
-3008.16
-4136.77
-6419.8
-3251.59
-3771.06
-4005.5
-506.228
-445.237
-581.702
-469.107
-1003.5
-1187.85
-825.18
-698.373
-5146.03
-4470.01
-1923.54
-912.777
-6938.73
-6230.01
-5110.19
-4317.6
-3910.49
-3263.32
-1206.79
-1266.14
-1876.64
-935.24
-7678.72
-6115.75
-4089.03
-3171.35
-2919.02
-2032.37
-1837.65
-1058.25
-1904.11
-94.9455
-98.572
-38.1696
-13.0674
2.42922
-45.1158
-26.2284
1.87188
10.8832
-278.699
-104.998
1.5998
36.7433
-158.711
-79.1018
27.3057
45.0324
-503.933
-172.463
14.7923
87.1922
-404.982
-159.827
-31.1458
12.3219
-301.621
-110.62
-46.5607
-14.4896
-282.454
-92.9501
-4.70964
22.4938
-843.374
-265.068
-82.8874
0.319656
-1016.65
-279.427
-99.7652
57.8675
-769.579
-236.604
-49.2271
46.0213
-906.569
-245.008
-107.231
43.5644
-817.24
-254.035
-47.0126
38.4777
-1073.78
-296.47
-98.4594
73.8943
-781.822
-236.288
-21.7431
65.5347
-1085.9
-298.298
-95.3957
79.5218
-99.9158
-35.0113
-7.02028
10.9237
-84.3639
-25.5574
-13.5368
8.863
-251.767
-88.0227
-6.59756
33.9077
-204.649
-62.9831
-30.8956
24.8097
-563.236
-176.958
-24.6628
61.2267
-496.202
-145.468
-51.7924
49.8336
-579.019
-174.295
-26.0994
54.9486
-439.838
-124.431
-58.0322
55.1245
-896.271
-237.198
-97.803
83.6347
-60.065
-17.52
-4.89354
7.65583
-24.2195
-8.66273
-1.99476
0.876177
-183.854
-52.314
-24.8486
14.8222
-80.7439
-26.6007
-11.3021
-0.112387
-337.928
-91.7981
-40.6975
25.4979
-168.664
-49.4439
-17.446
0.554067
-521.042
-134.559
-51.0847
41.6916
-303.811
-77.2617
-24.1516
1.08981
-701.038
-171.021
-91.4243
23.8038
-410.974
-95.6614
-38.4982
-4.47001
-945.72
-229.507
-105.174
27.806
-429.063
-101.934
-38.1987
-3.54251
-893.945
-215.165
-110.435
18.1927
-460.826
-106.433
-40.0033
-4.8295
-969.456
-231.058
-97.0163
40.3802
-407.795
-93.1496
-29.3581
2.18648
-963.233
-223.797
-87.6578
45.6037
-393.458
-83.2221
-21.5444
6.65358
0.807969
-0.241911
-0.217181
-0.114539
-0.064697
-0.691058
-0.815445
-0.442179
-0.208791
-0.113618
2.2456
-0.601682
-0.52348
-0.272292
-0.152828
-2.05205
-1.98288
-1.03881
-0.483752
-0.261337
3.81829
-0.71592
-0.655214
-0.339802
-0.190078
-3.54166
-2.78747
-1.41484
-0.651016
-0.349682
-2.38844
-1.54984
-0.763074
-0.346251
-0.184282
0.815738
-0.475049
-0.340784
-0.169154
-0.0927074
0.977776
-1.14538
-0.754369
-0.370481
-0.203457
1.70753
-0.270418
-0.264202
-0.137536
-0.0767487
-0.891854
-1.84181
-0.999499
-0.467681
-0.252978
1.27713
-0.359386
-0.282945
-0.143016
-0.0793261
3.12592
-0.327483
-0.395487
-0.211313
-0.118709
2.01863
-0.206067
-0.230783
-0.120791
-0.067264
6.35526
0.606666
-0.0519119
-0.0706358
-0.0467245
3.94944
0.393287
-0.00348184
-0.0264933
-0.0187459
1.24204
-0.0890037
-0.142343
-0.0798498
-0.0460011
0.379107
-0.17107
-0.131693
-0.0683718
-0.0387207
2.41798
-0.463781
-0.42207
-0.220315
-0.124081
0.58209
-0.610842
-0.394405
-0.195485
-0.108785
5.13261
-0.340512
-0.478044
-0.258665
-0.146741
0.0813184
-1.06098
-0.603832
-0.288137
-0.15786
-0.771978
-1.50635
-0.788291
-0.365373
-0.197325
-1.51476
-1.07099
-0.519391
-0.237176
-0.127862
-1.49548
-0.984878
-0.465095
-0.20958
-0.111965
83.6095
-164.319
334.777
-383.57
704.578
-462.424
1316.01
-224.84
1770.01
660.408
-422.644
-1205.6
1086.92
735.268
-1167.81
-2130.1
-1668.96
-2539.99
-933.921
-229.476
-54.1111
-12.5787
-3.39412
-213.011
-131.419
-18.6783
-5.54629
-2.64419
-2880.09
-701.658
-165.909
-38.3825
-10.3753
-493.661
-165.154
-45.3674
-10.4407
-3.16003
-4820.27
-1174.27
-278.469
-64.6939
-17.4746
-872.147
-297.692
-79.2832
-20.0138
-5.54708
-6421.58
-1565.3
-372.892
-87.0157
-23.5856
-1094.17
-388.646
-105.133
-26.5797
-7.31682
-7966.37
-1955
-469.03
-110.168
-30.0674
-1314.33
-490.566
-134.404
-34.1428
-9.47656
-9263.37
-2340.26
-570.23
-135.548
-37.3633
-2200.12
-708.121
-183.982
-44.9527
-12.3067
-8713.63
-2192.2
-531.113
-125.492
-34.3933
-1661.8
-589.606
-158.501
-39.5962
-10.8702
-9478.31
-2399.55
-586.5
-139.858
-38.687
-2526.73
-782.947
-200.118
-48.1813
-13.1498
-9834.31
-2470.51
-605.182
-144.395
-39.967
-2645.29
-819.549
-210.89
-47.3897
-13.6149
-555.661
-8167.71
-7022.59
-2203.03
-1660.86
-782.285
-3840.58
-2440.55
-7344.34
-6730.57
-3585.8
-2581.35
-87.2573
-151.25
-292.975
-537.835
-919.377
-1462.49
-68.0282
-165.512
-380.672
-742.654
-1271.06
-1951.18
-62.413
-27.9223
-119.878
-77.401
-247.364
-192.546
-468.594
-412.495
-772.42
-700.907
-1193.21
-1002.01
-2101.05
-2741.74
-3435.51
-5950.71
-7392.59
-8578.13
-2698.32
-3351.18
-3723.31
-3777.68
-3593.13
-3404.49
-78.1002
-65.3962
-49.0519
-30.3065
-10.2408
-135.137
-112.91
-84.5037
-52.1186
-17.5945
-261.201
-217.68
-162.496
-100.021
-33.7296
-478.161
-397.18
-295.535
-181.468
-61.1188
-814.145
-673.212
-498.793
-305.334
-102.682
-1287.5
-1057.76
-779.173
-475.122
-159.518
-60.8247
-50.8658
-38.1033
-23.5176
-7.94229
-147.679
-123.192
-92.0511
-56.7031
-19.1294
-338.907
-281.975
-210.157
-129.204
-43.5445
-659.216
-546.598
-406.045
-249.036
-83.8286
-1123.71
-927.51
-686.114
-419.567
-141.037
-1715.65
-1407.74
-1035.95
-631.35
-211.935
-55.9109
-46.8648
-35.1892
-21.7598
-7.3562
-25.0245
-20.9871
-15.7673
-9.75426
-3.29834
-107.23
-89.7168
-67.2386
-41.5153
-14.0232
-69.2883
-58.0273
-43.5312
-26.8982
-9.08949
-220.849
-184.36
-137.851
-84.9592
-28.6696
-172.063
-143.792
-107.634
-66.3913
-22.4136
-417.257
-347.22
-258.808
-159.117
-53.6248
-367.602
-306.181
-228.415
-140.518
-47.3705
-685.202
-567.674
-421.314
-258.196
-86.8732
-622.353
-516.117
-383.359
-235.044
-79.0957
-1051.88
-865.305
-637.98
-389.156
-130.649
-884.462
-728.421
-537.419
-327.843
-110.04
-1833.34
-1492.37
-1090.98
-662.336
-222.116
-2359.2
-1894.79
-1371.51
-829.151
-278.357
-2889.58
-2275.33
-1626.55
-981.326
-332.157
-4814.01
-3684.97
-2600.74
-1580.3
-552.451
-5615.76
-4142.48
-2895.13
-1799.27
-679.553
-6235.79
-4494.05
-3124.21
-1975.71
-788.243
-2355.45
-1918.19
-1402.85
-851.925
-285.702
-2896.56
-2336.14
-1696.18
-1026.67
-344.381
-3172.77
-2526.28
-1818.78
-1098.41
-369.639
-3146.96
-2460.13
-1753.36
-1059.72
-360.747
-2874.69
-2183.89
-1538.23
-937.8
-330.149
-2620.09
-1938.68
-1352.12
-833.295
-304.28
-89.0838
-157.638
-306.78
-564.298
-966.587
-1535.66
-70.3563
-173.803
-398.639
-775.465
-1322.31
-2017.99
-63.9227
-28.971
-125.474
-81.771
-260.564
-204.625
-496.674
-441.887
-829.572
-778.096
-1289.55
-1153.35
-2195.66
-2851.11
-3554.52
-6031.14
-7416.15
-8579.16
-2769.34
-3411.05
-3761.23
-3787.34
-3582.68
-3397.07
-79.764
-66.8203
-50.1452
-30.995
-10.476
-140.96
-117.898
-88.3357
-54.5332
-18.4195
-273.801
-228.488
-170.811
-105.266
-35.523
-502.359
-417.982
-311.575
-191.604
-64.5873
-857.422
-710.522
-527.64
-323.602
-108.941
-1354.97
-1116.3
-824.719
-504.105
-169.475
-62.9458
-52.6814
-39.4973
-24.3956
-8.24218
-155.24
-129.672
-97.0322
-59.8432
-20.2025
-355.321
-296.073
-221.017
-136.062
-45.8903
-689.272
-572.493
-426.055
-261.702
-88.1673
-1170.86
-968.321
-717.8
-439.7
-147.947
-1777.56
-1461.78
-1078.24
-658.39
-221.249
-57.2847
-48.039
-36.0893
-22.326
-7.54944
-25.9777
-21.8007
-16.3901
-10.1456
-3.43183
-112.324
-94.0735
-70.5803
-43.6183
-14.7412
-73.2619
-61.4207
-46.1301
-28.5317
-9.64681
-232.876
-194.656
-145.756
-89.9372
-30.3698
-183.054
-153.185
-114.834
-70.9195
-23.959
-442.882
-369.195
-275.71
-169.777
-57.2685
-394.406
-329.151
-246.069
-151.645
-51.1725
-737.371
-612.423
-455.735
-279.904
-94.2934
-692.506
-575.981
-429.169
-263.819
-88.9104
-1140.23
-941.476
-696.858
-426.428
-143.416
-1022.01
-845.787
-627.208
-384.227
-129.268
-1921.53
-1569.8
-1151.88
-701.425
-235.614
-2462.98
-1987.56
-1445.66
-877.342
-295.137
-3005.95
-2382.14
-1713.88
-1039.13
-352.577
-4905.49
-3778.55
-2683.92
-1639.14
-574.542
-5658.41
-4194.41
-2946.7
-1839.38
-696.397
-6246.6
-4510.13
-3141.82
-1990.41
-794.838
-2422.15
-1977.24
-1449.69
-882.181
-296.187
-2954.25
-2388.57
-1738.75
-1054.67
-354.191
-3211.62
-2563.55
-1850.42
-1119.92
-377.349
-3161.16
-2477.05
-1769.92
-1072.13
-365.514
-2870.4
-2184.36
-1541.71
-941.91
-332.207
-2615.56
-1936.46
-1351.68
-833.84
-304.773
-19664.3
-13715.7
-2964.51
-1898.99
-1462.75
-1848.65
-2027.75
-12134.4
-12582
-9793.24
-11065
-5499.88
-8731.44
-3959.16
-4220.89
-2885.74
-19303.9
-9414.26
-2912.63
-4831.37
-7182.03
-4598.76
-4603.29
-3331.93
-1900.22
-2521.33
-3304.67
-3326.82
-19061.1
-11959.5
-11440.7
-7774.8
-7175.93
-8168.23
-2898.15
-3314.32
-4959.51
-12933.3
-10163.6
-7508.3
-5834.36
-4118.49
-8548.24
-5572.45
-3905.15
-2590.58
-1139
-2558.61
-2062.96
-1499.66
-910.061
-306.323
-1666.69
-1365.63
-1004.44
-612.444
-205.792
-1283.41
-1050.66
-771.662
-469.709
-157.61
-1631.38
-1343.94
-992.549
-606.365
-203.76
-1772.04
-1445.02
-1058.28
-643.414
-215.935
-8115.64
-6100.48
-4446.81
-3396.04
-2741.21
-8580.35
-6716.23
-4894.66
-3462.29
-1790.81
-6722.81
-4522.64
-3155.55
-1991.67
-781.158
-7611.46
-5764.35
-4133.5
-2736.21
-1182.33
-4477.12
-3434.87
-2413.78
-1442.08
-487.038
-6580.55
-4719.34
-3263.42
-1955.1
-678.648
-3320.8
-2605.71
-1854.1
-1110.76
-372.452
-3524.76
-2755.13
-1954.98
-1169.72
-392.253
-2447.99
-1938.78
-1387.36
-832.358
-278.403
-12538.1
-9120.1
-6711.91
-5018.6
-3744.05
-6943.93
-5025.33
-3542.36
-2223.44
-883.508
-2431.67
-1903.46
-1355.1
-815.109
-275.836
-4042.56
-3175.23
-2271.03
-1374.88
-469.852
-5798.87
-4449.18
-3155.74
-1931.57
-690.318
-3829.35
-2997.14
-2141.68
-1299.81
-446.45
-3886.66
-3077.53
-2214.44
-1344.41
-457.855
-2847.55
-2274.68
-1642.51
-994.157
-335.235
-1635.08
-1312.37
-948.559
-572.1
-191.536
-2192.61
-1778.94
-1297.3
-786.714
-263.863
-2808.12
-2229.42
-1600.18
-963.425
-323.637
-2844.61
-2272.62
-1640.1
-991.408
-333.821
-12412.6
-9425.7
-6997.19
-5270.44
-3752.57
-7988.75
-5461.96
-3852.1
-2522.39
-1113.49
-8239.6
-6248.5
-4417.07
-2900.1
-1237.58
-5931.28
-4330.95
-3060.69
-1918.26
-720.583
-5815.57
-4477.75
-3183.87
-1953.38
-696.053
-6224.13
-4546.81
-3212.72
-2009.99
-746.949
-2443.19
-1930.69
-1386.62
-840.599
-285.991
-2870.79
-2320.52
-1688.19
-1023.25
-343.488
-4181.85
-3302.87
-2369.53
-1434.41
-487.043
-279.448
-824.765
-1378.69
-1963.25
-2564.41
-3158.91
-3218.29
-8539.39
-7846.68
-3044.84
-10660.9
-9125.63
-10257.9
-11265.7
-2984.11
-1909.59
-6977.17
-3778.59
-12598.6
-9477.67
559.947
-2569.52
-6988.97
-6291.29
-2397.23
-8861.96
-7192.2
-8367.35
-9220.84
-2464.89
-1049.77
-6053.98
-1756.28
-9992.47
-5619.23
2471.15
-1809.47
-5104.43
-4526.42
-1670.99
-6702.94
-3882.57
-6424.15
-6800.26
-1808.19
-974.406
-4158.45
-1909.28
-7517.58
-1690.22
2643.35
-1249.86
-3726.32
-3305.88
-1179.67
-4782.91
-1940.15
-4961.74
-5502.84
-1298.58
-1051.4
-2941.89
-2001.2
-6226.99
95.5072
1993.01
-944.125
-2974.73
-2645.01
-921.735
-3530.71
-1422.06
-4157.91
-5072.49
-968.626
-1186.31
-1967.52
-1974.19
-5222.12
289.921
393.638
-788.453
-2491.91
-2298.38
-787.074
-3099.37
-1777.81
-3644.74
-4700.99
-698.716
-935.431
-1471.55
-1893.92
-5168.24
-901.817
-607.035
-1412.71
-3422.12
-5463.39
-2135.45
-5456.61
-9590.48
-7834.91
-11155.5
-902.949
-525.053
-3614.95
-1841.47
-860.447
-8595.01
-3966.07
-1290.26
-3128.47
-4687.39
-1814.18
-4925.39
-8437.55
-6881.11
-9178.43
-906.745
-410.059
-3680.85
-1614.47
-18.7987
-8149.32
-2600.54
-1087.37
-2641.85
-3652.93
-1388.39
-4298.8
-7061.81
-5573.8
-7570.79
-760.207
-463.566
-2957.12
-1615.45
-250.435
-6035.74
-2293.03
-875.273
-2239.49
-2811.71
-1045.31
-3760.5
-5910.73
-4640.41
-6395.22
-643.221
-452.466
-2537.46
-1596.27
-175.321
-5185.52
-2158.92
-738.917
-1902.04
-2328.91
-850.783
-3177.68
-5065.95
-3976.34
-5763.84
-558.735
-503.706
-2130.44
-1697.23
-362.716
-4678.46
-2186.55
-651.372
-1603.98
-2051.56
-740.947
-2797.28
-4887.83
-3508.03
-5390.05
-555.514
-591.066
-1802.53
-1602.04
-639.868
-4756.43
-2502.96
7330.52
9264.46
18902.1
27881.1
28512.5
48958
21632.4
54752.5
17426.3
38196.1
26086.2
39741.4
23193.1
30812.5
8810.74
10068.8
18615.2
21370
23602.8
23471
18349.6
22397.2
26809.2
23968
6223.98
4895.98
7607.55
5291.1
15775.9
12960
26690.1
19764.2
20496.4
21492.4
23319.4
22899.8
8744.86
6553.05
47706.8
63910.9
31105.5
38131
63009.7
82001.7
32782.8
37583.2
35947.1
50787.7
31742.5
41891.4
18878.3
30133.4
3586.92
1249.65
3648.83
1348.05
11400.3
4666
15457.6
5779.96
11368.7
4320.16
11616.4
3776.26
19566
6307.67
25223.6
8619.49
28764.6
14652.2
26456.1
15666.5
26247.4
16999.3
23247.5
17075.1
21510
12946
21621.8
11406.2
27421.2
17216.8
27561.3
17312.8
24675.1
17923.9
25009.6
17912.1
23213.2
14705.6
24060.7
15024.3
22308
10008
10766
13550.8
22317.6
11021.2
9599.83
13993.9
23628
9884
12033.8
13503.8
24845.8
10104.3
13001.2
14025.4
4610.07
5007.48
1629.51
3319.96
14034.8
14892.2
5679.59
10653
18033.9
19670.3
9433.1
16301.2
12176.6
-111.616
15249.6
20239
11808.4
-544.62
6491.34
14236.1
23801.2
18850.7
11714.7
14872.8
13905.8
12794
20491
4055.77
3128.02
2351.7
2316.67
12379.2
9799.46
8038.5
7453.47
15045.8
11675.2
10383.3
9057.68
5232.09
6940.07
11416.8
12092.3
15733.3
14042.8
18054.3
15025.1
13842.4
11583.1
9565.58
9101.32
12978.5
8852.74
12449.7
7758.18
11397.8
6772.49
14398.5
8887.22
10938.6
3531.88
9805.73
9545.61
13133.3
15859.6
14602.3
20182.4
8231.85
8067.14
10048.8
1461.12
8885.16
15852.3
8482.01
17224.5
14525
25139.3
14766.9
26942
7217.67
14273
6696.18
15439.8
10243.4
6804.7
14783.1
5230.31
9932.77
239.852
12622.2
-622.716
10045.4
10762.3
15559.7
6827.48
8525.89
12873.1
13991.8
9052.84
2215.89
1830.48
1449.31
1686.03
1450.46
1181.79
7278.6
5148.64
3872.79
5047.63
3459.3
2606.5
8115.94
6076.11
5186.28
5901.25
4057.16
3488.35
5459.4
4016.86
3615.69
9913.72
6149.57
4583.17
10292.7
6241.42
4349.13
10673
7089.82
5542.84
7987.61
4424.4
3009.35
14059.1
10325.6
7736.36
9907.09
7012.68
4837.67
9766.71
6364.01
4100.5
9010.95
5478.16
3347.33
10552.7
5223.59
2365.16
11512.7
15282.3
9378.08
11812.7
13176
18863.6
12034.5
16941.8
54.9861
602.005
-402.685
135.673
3084.03
3353.2
1453.7
929.926
1083.97
2724.76
10007.1
14195.5
6572.01
3997.17
11173.7
11126.1
17883.5
19729.4
-408.336
-4274.76
8209.1
7649.14
7474.74
5707.93
906.373
487.345
676.668
345.399
2140.73
225.923
33.2532
-549.862
9252.67
2161.27
6593.89
1714.83
9275.08
2727.92
11073.8
3311.17
9996.13
12324
9116.49
11947.2
16421
16497.5
15548
15502.5
5947
8941.57
6914.63
8925
9569.79
11467.8
10416.3
11476.6
16166.3
15165.1
16852.7
15125
5930.65
8604.74
6326.24
8650.94
-257.378
808.125
6265.36
3092.09
-658.409
475.123
5802.35
2707.24
124.335
1037.18
6356.64
3363.9
432.685
1197.69
6288.26
3409.65
-551.889
-619.862
133.962
-33.385
-2480.8
-2402.05
-203.948
-423.327
-488.202
-1605.18
1199.98
528.255
-9604.25
-10041.3
-4915.18
-3700.46
-588.55
-10843.9
-10139.3
-3637.05
-5238.99
-957.235
11191.8
8341.3
6671.15
5531.22
2629.51
-546.747
-426.394
-88.5095
-59.429
-1852.08
-1530.18
-264.038
-167.897
-1913.27
-1981.23
185.65
210.263
-4799.94
-1615.06
-7021.36
-3687.87
-2774.78
-1712.19
-3091.16
-2291.47
-91.4254
367.801
4127.01
2501.14
1414.16
-494.542
1008.62
-428.67
1122.26
68.6838
872.319
847.087
5083.15
4314.25
9434.96
5520.77
8333.88
7745.91
12493.2
9678.81
6718.04
3719.27
3354.81
3035.29
11071.8
4811.63
12082.9
5351.35
13893.1
9925.45
14756.1
10691.2
8161.17
3047.59
9057.01
3496.05
4456.48
3054.54
2427.53
3354.83
2743.13
2724.18
2010.79
3083.34
5172.53
2945.36
2737.57
3855.07
6348.91
3171.79
3692.2
3932.14
-340.134
-295.529
-306.751
-45.5466
-109.445
-111.222
-1296.95
-1170.23
-1080.2
-147.302
-317.639
-297.647
-1787.65
-1654.66
-1529.76
163.81
-325.33
-396.123
-579.953
-475.846
-206.567
-2047.46
-1928.52
-1659.3
-1519.12
-1550.13
-1432.47
-1912.09
-1755.1
-1573.09
509.561
-135.946
-179.481
3521.19
1945.33
1060.82
-125.066
-755.575
-1047.44
-218.159
-894.368
-1137.64
-90.1022
-737.93
-887.014
987.188
-166.267
-289.705
-4.00385
-6.11192
-5.92002
-9.57065
-137.342
-56.2502
-35.8377
-24.2977
21.0404
-6.58692
-43.4964
-52.0863
-214.848
-96.3409
-98.299
-74.4595
176.671
31.4178
-63.8761
-100.077
-8.921
-43.5153
-61.9372
-56.3996
59.0209
-14.9287
-13.4095
-12.2909
184.453
39.1054
-21.1898
-34.3704
640.579
164.973
33.1229
-25.9284
891.836
224.186
74.6375
-63.1291
433.774
94.8769
-11.4465
-73.1196
727.128
174.655
76.8972
-47.1999
680.776
181.745
13.1627
-52.5269
996.287
259.17
79.9371
-79.5398
728.618
206.942
7.8965
-71.3805
1058.82
284.651
88.5239
-81.5853
-1.70805
-2.92127
-6.52152
-13.7072
-27.2902
-11.8648
-1.77157
-11.917
-44.5419
-21.8323
-32.1285
-46.2917
-117.712
-47.4893
-12.6751
-37.3208
250.911
61.5794
-14.6579
-69.8768
92.7053
7.6795
-2.13242
-62.7142
38.5331
-28.4189
-48.7026
-79.3647
-13.9257
-31.94
1.20684
-62.0512
611.246
139.095
59.6855
-80.9116
-52.4876
-20.3597
-8.35281
-11.3247
-88.8638
-31.4624
-11.8158
-6.66788
-112.473
-48.8496
-13.6127
-28.7495
-243.517
-89.0135
-30.077
-17.7211
-83.2975
-51.2842
-14.2915
-44.9294
-325.301
-125.532
-44.2178
-26.735
20.8135
-39.6679
-14.5475
-62.6483
-284.133
-133.351
-48.9812
-31.631
280.737
16.6615
26.5291
-48.7283
-128.588
-108.623
-36.5097
-28.3882
686.077
111.106
51.8361
-49.3672
205.181
-2.30367
-6.2036
-17.476
510.649
57.386
42.4885
-45.1354
87.5054
-49.4773
-21.6546
-23.7969
828.595
161.885
64.5209
-53.3529
295.444
35.4079
3.81275
-14.0209
920.322
201.76
77.0684
-49.8563
361.9
65.9981
13.6814
-10.3187
-4.45277
-1.5022
-0.530613
-0.20053
-0.0954572
-6.0892
-2.20746
-0.825285
-0.321912
-0.155828
-11.702
-3.7697
-1.3209
-0.499534
-0.238378
-14.1503
-5.17918
-1.95256
-0.766809
-0.373206
-15.3357
-4.66405
-1.61635
-0.611413
-0.292376
-18.0921
-6.68012
-2.53208
-0.999515
-0.488383
-8.53793
-3.20341
-1.22355
-0.487208
-0.239941
-6.30267
-1.93398
-0.671552
-0.257092
-0.124752
-13.9239
-4.50458
-1.60096
-0.614368
-0.296489
-6.54208
-1.87023
-0.631561
-0.237547
-0.113772
-15.7871
-5.28682
-1.94012
-0.755765
-0.366864
-6.53177
-1.91893
-0.661419
-0.250552
-0.120098
-10.4727
-2.92952
-0.97242
-0.363034
-0.173532
-6.15222
-1.61632
-0.532136
-0.199372
-0.0957087
-9.62884
-2.07458
-0.568249
-0.19072
-0.0865773
-5.30204
-1.00367
-0.254502
-0.0822531
-0.036738
-3.79713
-1.19013
-0.406817
-0.15098
-0.0711083
-2.99973
-0.978677
-0.342087
-0.127886
-0.0602943
-10.5992
-3.26407
-1.12823
-0.423569
-0.201056
-8.8016
-2.8272
-0.996936
-0.376558
-0.17888
-14.2707
-3.98795
-1.33834
-0.498491
-0.236292
-11.8208
-3.78426
-1.35392
-0.517959
-0.248197
-13.081
-4.25882
-1.55908
-0.60619
-0.293653
-8.18164
-2.79728
-1.03245
-0.401261
-0.193915
-6.56654
-2.26288
-0.84947
-0.334119
-0.16287
28.0456
249.208
25.8209
743.294
-418.231
780.957
-1309.97
324.109
-2085.33
-968.614
316.185
1056.51
-1447.37
-1294.92
1149.75
2100.47
1670.49
2539.49
856.093
205.835
47.9727
11.0577
2.96322
193.954
119.475
15.8281
4.72094
2.35745
3038.79
731.876
171.67
39.4614
10.6024
549.169
174.718
47.1106
10.8036
3.2471
4984.36
1201.59
282.932
65.3504
17.5591
894.7
299.176
79.2497
19.977
5.53353
6584.29
1593.53
377.577
87.7057
23.6707
1060.64
382.082
103.931
26.3766
7.27446
8070.4
1975.5
472.572
110.676
30.1163
1211.51
475.462
132.116
33.7964
9.41251
9249.71
2339.83
570.262
135.508
37.3278
2154.38
699.407
182.495
44.7085
12.263
8730.66
2199.86
532.668
125.697
34.3926
1553.93
573.346
156.018
39.2181
10.8027
9459.02
2396.5
585.974
139.736
38.6469
2514
779.976
199.568
48.0834
13.131
9826.11
2469.07
604.921
144.338
39.9502
2643.86
819.085
210.794
47.3736
13.6112
742.349
8384.99
7656.62
2730.79
-1550.83
-2676.04
-8331.78
-12296
-1589.86
-8907.92
2614.43
-2115.54
-2371.52
-5209.43
-10305.1
-14814.4
-15484
-19629.9
-5473.16
-7139.58
19719.7
13718.5
2801.12
1744.83
1203.17
1585.57
1794.39
11477.7
9382.02
8409.79
7890.85
5678.58
4187.72
6072.08
3333.51
2814.43
3171.99
2163.51
18851.9
8649.41
2337.53
4215.72
6643.34
4286.48
4273.17
2992.26
1536.84
2108.56
2591.3
2861.78
19210
11922.8
11075.9
7591.89
6914.8
7852.11
2514.11
2969.34
4570.79
12946.4
10147.3
7471.34
5782.06
4071.29
8525.21
5540.46
3871.29
2562.1
1126.8
2403.24
1923.9
1388.46
837.789
281.156
1524.42
1242.12
908.37
551.325
184.794
1046.27
847.192
615.178
371.027
123.87
1391.61
1138.69
835.011
507.172
169.88
1556
1257
911.807
550.18
183.902
6867.41
4764.5
3272.52
2510.51
2196.07
4753.11
3154.53
1961.32
1390.77
857.273
5144.95
3064.57
1983.31
1225.76
519.136
3883.71
2427.63
1461.99
916.804
463.979
2563.87
1510.32
864.013
514.303
219.93
3209
2305.3
1522.3
870.775
290.071
4074.47
2605.37
1649.06
938.503
328.704
2143.29
1283.62
758.185
400.972
130.607
2253.16
1678.72
1136.51
656.109
216.327
2458.05
1772.66
1163.83
655.34
212.943
1753.82
1320.5
899.53
519.431
170.31
11675.3
8144.4
5806.82
4313.28
3326.99
6093.93
4206.46
2860.12
1763.9
712.122
1884.11
1417.85
972.236
569.429
190.856
3448.8
2640.69
1843.53
1097.25
372.834
5235.37
3911.9
2707.65
1630.71
581.191
3518.7
2709.53
1906.08
1143.85
391.13
3568.4
2789.63
1982.37
1192.54
404.566
2525.28
1987.63
1414.41
846.739
284.048
1291.32
1007.68
707.906
417.445
138.088
1811.64
1448.56
1040.74
623.707
207.877
2141.43
1646.54
1145.48
673.751
223.927
2406.44
1885.41
1334.78
795.295
265.992
12408.5
9334.35
6854.32
5108.06
3600.51
7889.88
5343.71
3735.89
2430.61
1074.19
7711.51
5705.36
3925.81
2540.08
1086.73
5708.22
4098.08
2853.19
1770.48
665.157
5532.81
4199.29
2944.76
1788.71
635.007
5857.89
4184.79
2898.28
1790.67
663.837
2078.84
1606.54
1129.43
674.481
228.239
2548.78
2037.91
1466.34
881.18
294.485
3804.51
2959.97
2092.56
1253.11
423.463
6503.27
13169.9
14760.2
41240.3
14221.9
53909.1
7255.82
17342.9
14198.8
10881.4
24076
19930.6
13764.7
12553
26434.4
20520.6
4857.72
3713.88
9428.22
6619.06
11715.6
8838.52
32128.6
24116.9
18972
14117.7
19770.4
11702.9
1348.05
4797.76
50268.9
65030.1
30171.4
38039.1
65119.2
82941.1
31677.8
37334.6
38031.8
51881.2
30943.6
41958.8
21213.3
31300.8
2516.15
706.331
4271.51
1486.39
8819.49
4047.27
18151.8
6631.02
3880.08
2268.48
9574.53
3061.63
19780.9
6288.94
25564.1
8717.63
19211.2
10332.4
22784.7
13511
16738.4
12234.7
19498.1
14817
18942.6
11222.4
14802.6
8053.53
26054.5
16268.3
27234.8
17057.9
23192.9
16937.9
24614.5
17646.7
22345.5
13936.4
23877
14816.1
21297.2
9749.29
9655.61
13216
18974.9
10079.7
7471.11
13280
23506.1
9876.25
11541.8
13366.4
24893.3
10129.9
12872.9
13991.8
1515.14
1414.9
444.6
1806.24
6003.95
6419.19
3989.04
8334.75
3847.81
4762.51
6530.07
12514
12730.2
9132.78
11024.6
14468.1
10343
6887.11
8060.6
8687.35
16924.7
16636.8
13395.2
12158.4
9315.51
8591.79
18579.8
1462.52
1090.92
817.795
966.354
5764.1
4448.51
5193.26
4554.1
1301.18
-135.25
6195.04
4896.74
9634.05
10200.7
9198.51
8542.47
8124.63
5894.33
10976.9
8584.89
11268.1
8787.91
11858.3
11215.7
10735
7366.01
8511.9
4945.86
8092.53
4460.2
13101.4
7534.97
9637.72
3975.08
8842.49
9355.22
13129.1
16697
14004.5
20014.6
7272.17
7874.08
8495.12
1803.11
8379.23
15628.7
8326.49
17137.7
14092.6
24994
14620
26850.2
6739.57
14102.2
6553.69
15376.5
9661.31
6780.83
14693.2
5381.77
8920.07
864.137
12577.5
464.748
9766.2
10688.8
15519.3
6844.93
8434.43
12842.2
13975.7
9053.63
1024.62
969.919
775.741
911.721
3356.66
2467.18
3271.72
2976.75
-772.413
-92.865
3786.72
4054.64
9860.35
8857.04
7761.35
6197.88
4720.02
3700.2
6797.7
5439.72
7407.94
5280.47
16999.4
13770.9
8152.45
6080.34
6928.01
4457.61
6289.73
3349.78
7358.66
2568.26
5701.6
9298.81
4838.31
9752.92
9277.59
11238.2
10592.3
14375.5
778.778
425.226
409.084
246.466
3452.85
2191.06
2564.75
1074.89
775.561
1310.64
8089.82
8509.54
3980.29
3370.54
9975.99
10732.2
16503.4
19292.5
-729.572
-4352.42
7189.27
7281.82
6865.78
5517.99
728.695
641.631
736.984
597.042
1374.52
653.965
169.322
5.38444
7185.67
2724.91
6074.53
2194.8
8737.05
2945.86
10832.5
3377.86
5303.41
10088.4
7220.98
10670.2
9254.32
12448.4
12628.9
13561.2
4903
8330.58
4251.74
8190.58
8633.82
10860
10121.2
11303.4
14861
14301.4
16468
14888
5390.12
8278
6143.24
8553.09
-242.982
1080.81
6237.12
3319.48
-277.47
1075.13
6102.79
3135
100.174
1204.24
6296.99
3480.77
412.103
1258.37
6263.38
3446.19
727.622
757.164
650.64
636.887
1632.29
1605.36
834.393
817.122
7136.22
6260.77
2601.62
2415.84
2949.28
4254.19
3304.98
-497.162
702.512
395.855
821.639
3415.91
-2620.24
10.9258
14777.4
11630.7
9404.5
7163.99
3503.1
710.504
571.931
654.32
727.458
1538.3
1180.69
1027.16
1296.23
6116.82
5580.53
2532.56
3002.04
4369.39
6049.75
2431.1
4280.81
4012.35
4220.43
438.413
843.924
1292
1982.54
9364.59
7189.14
6805.56
4629.48
5244.91
3509.41
3913.33
2582.76
2061.44
2074.33
7158.22
6740.83
9924.08
6223.93
9860.21
10030.1
12545.7
10232.5
7425.57
4372.02
5254.37
4987.74
11096.9
5149.45
12055.3
5408.03
13675.6
10153.5
14658
10704.7
8364.91
3386.95
9089.79
3567.5
5129.51
3577.73
2972.48
3854.32
4218.17
4127.87
2926.4
4041.55
5450.72
3242.92
3007.85
4136.28
6418.83
3251
3770.45
4004.83
385.283
339.61
512.242
411.734
1055.86
1230.46
854.207
723.088
5147.42
4471.74
1922.76
913.162
6938.92
6230.27
5110.22
4317.72
3910.42
3263.35
1207.05
1266.61
1876.38
935.2
7678.58
6115.91
4089
3171.48
2919.01
2032.48
1837.7
1058.43
1903.99
94.9511
90.2904
35.0449
12.2851
-1.82233
40.1459
23.8978
-2.04762
-10.1445
279.089
105.19
-1.81337
-37.0993
160.759
79.8116
-26.7017
-44.7031
504.357
172.649
-14.6737
-87.1023
405.902
160.186
31.3073
-12.2393
302.007
110.783
46.6362
14.5267
282.604
93.0256
4.75106
-22.4696
843.727
265.227
82.9721
-0.263887
1016.73
279.485
99.8037
-57.8286
769.921
236.764
49.3236
-45.9449
906.692
245.08
107.272
-43.5269
817.436
254.141
47.0752
-38.4365
1073.76
296.503
98.4894
-73.8545
781.847
236.339
21.7877
-65.4976
1085.79
298.303
95.4161
-79.4836
91.438
32.0739
6.47412
-9.80385
75.4199
22.8894
12.3929
-8.02679
251.938
88.1276
6.61722
-34.13
206.024
63.3875
30.8992
-24.9412
563.526
177.087
24.7545
-61.1405
496.495
145.597
51.8674
-49.7441
579.353
174.462
26.1957
-54.8753
440.104
124.561
58.0961
-55.071
896.443
237.289
97.8541
-83.5916
51.5566
15.2695
4.22388
-7.02718
19.7464
7.49361
1.73413
-0.788164
187.09
53.0444
25.1879
-14.8365
83.2078
27.0528
11.433
0.102726
338.274
91.9376
40.7306
-25.4324
169.157
49.6381
17.5105
-0.517673
521.302
134.694
51.1474
-41.6329
304.1
77.4199
24.2176
-1.04819
701.213
171.129
91.4818
-23.7528
411.177
95.7923
38.5607
4.51039
945.798
229.589
105.221
-27.7644
429.143
102.003
38.237
3.5681
894.093
215.275
110.494
-18.1445
460.96
106.531
40.0551
4.86378
969.439
231.099
97.0453
-40.3457
407.818
93.1875
29.3814
-2.16958
963.12
223.797
87.6695
-45.5757
393.421
83.2288
21.5536
-6.64354
-0.653347
0.254762
0.211811
0.110275
0.062081
0.722419
0.785806
0.420512
0.197764
0.107522
-2.27647
0.600376
0.526157
0.274239
0.154091
2.02206
1.97842
1.04038
0.485347
0.262466
-3.79676
0.724689
0.659792
0.342184
0.1915
3.56768
2.79822
1.42037
0.653864
0.351374
2.40086
1.5547
0.765265
0.347302
0.184889
-0.808116
0.477852
0.34194
0.169678
0.0930019
-0.958683
1.15263
0.757735
0.372148
0.204438
-1.69958
0.273282
0.265457
0.13814
0.0770996
0.916684
1.8514
1.00397
0.469891
0.254276
-1.26837
0.362578
0.284385
0.14372
0.0797388
-3.11385
0.331795
0.397324
0.21218
0.119209
-2.01196
0.208402
0.231737
0.121226
0.0675101
-6.34605
-0.603658
0.0530893
0.0711636
0.047023
-3.94498
-0.391928
0.00399427
0.0267183
0.0188718
-1.07247
0.105615
0.139769
0.0770613
0.044201
-0.294247
0.175926
0.127965
0.0656564
0.0370548
-2.44633
0.465228
0.425685
0.222573
0.125481
-0.603675
0.614589
0.398651
0.197922
0.110255
-5.11318
0.348423
0.482195
0.260821
0.148028
-0.0660214
1.0685
0.608027
0.290327
0.159166
0.792917
1.51439
0.792052
0.367231
0.198415
1.52814
1.0764
0.522041
0.238508
0.128648
1.50649
0.98905
0.46697
0.210484
0.11249
-104.996
125.859
-311.697
407.861
-700.192
465.474
-1314.63
225.93
-1769.56
-659.989
422.723
1205.71
-1086.76
-735.066
1167.88
2130.2
1669.05
2540.1
819.373
199.958
47.0208
10.9119
2.94197
178.022
115.346
15.6129
4.68997
2.33296
2920.14
712.38
168.468
38.9778
10.5337
512.786
171.277
46.8504
10.8337
3.25833
4817.78
1173.74
278.352
64.6663
17.4669
873.264
298.179
79.4304
20.0498
5.55672
6421.42
1565.25
372.875
87.0104
23.5835
1094.57
388.814
105.19
26.5951
7.32118
7966.67
1955.06
469.038
110.168
30.0667
1314.55
490.649
134.431
34.1506
9.47886
9263.84
2340.37
570.253
135.552
37.364
2200.26
708.163
183.993
44.9555
12.3074
8714.06
2192.3
531.131
125.495
34.3935
1661.96
589.662
158.518
39.6008
10.8715
9478.8
2399.67
586.525
139.863
38.688
2526.86
782.987
200.128
48.1834
13.1502
9834.8
2470.63
605.208
144.4
39.9681
2645.42
819.588
210.899
47.3915
13.6153
555.189
8166.98
7020.33
2203.19
1517.79
668.836
3871.19
2511.06
7385
6831.83
3294.69
2279.72
87.2464
151.232
292.94
537.774
919.276
1462.34
68.0199
165.492
380.628
742.571
1270.93
1950.98
62.405
27.9188
119.864
77.3913
247.334
192.522
468.539
412.446
772.333
700.827
1193.08
1001.9
2100.84
2741.49
3435.22
5950.26
7392.1
8577.62
2698.05
3350.87
3722.98
3777.38
3592.88
3404.27
78.0903
65.3878
49.0455
30.3025
10.2395
135.12
112.896
84.4928
52.1117
17.5922
261.169
217.653
162.475
100.008
33.7252
478.105
397.132
295.499
181.445
61.1109
814.053
673.133
498.732
305.296
102.669
1287.36
1057.64
779.08
475.063
159.498
60.8172
50.8593
38.0984
23.5145
7.94124
147.662
123.177
92.0395
56.6958
19.1269
338.867
281.941
210.13
129.188
43.5389
659.14
546.533
405.995
249.004
83.8179
1123.59
927.403
686.031
419.515
141.019
1715.47
1407.58
1035.82
631.272
211.908
55.9037
46.8587
35.1846
21.7569
7.3552
25.0213
20.9843
15.7652
9.75295
3.2979
107.216
89.7053
67.2299
41.5098
14.0213
69.2796
58.0199
43.5255
26.8946
9.08827
220.822
184.337
137.834
84.9481
28.6658
172.042
143.773
107.62
66.3825
22.4106
417.208
347.177
258.775
159.097
53.6178
367.557
306.143
228.386
140.499
47.3642
685.123
567.607
421.262
258.164
86.862
622.28
516.054
383.311
235.014
79.0854
1051.76
865.205
637.903
389.108
130.633
884.363
728.336
537.353
327.802
110.026
1833.15
1492.2
1090.85
662.254
222.088
2358.96
1894.59
1371.35
829.049
278.321
2889.31
2275.09
1626.36
981.201
332.112
4813.58
3684.59
2600.43
1580.09
552.372
5615.29
4142.06
2894.77
1799.02
679.449
6235.3
4493.62
3123.85
1975.44
788.126
2355.21
1917.98
1402.69
851.822
285.666
2896.28
2335.89
1695.99
1026.55
344.338
3172.48
2526.02
1818.57
1098.28
369.592
3146.68
2459.88
1753.16
1059.59
360.7
2874.45
2183.67
1538.06
937.681
330.104
2619.89
1938.49
1351.97
833.188
304.238
89.0725
157.619
306.744
564.234
966.484
1535.51
70.3474
173.782
398.593
775.379
1322.17
2017.79
63.9144
28.9671
125.458
81.7604
260.533
204.6
496.616
441.836
829.482
778.012
1289.42
1153.23
2195.46
2850.86
3554.24
6030.7
7415.66
8578.64
2769.08
3410.74
3760.91
3787.04
3582.42
3396.84
79.7538
66.8116
50.1386
30.9908
10.4746
140.942
117.883
88.3244
54.5261
18.4171
273.768
228.461
170.79
105.253
35.5185
502.301
417.933
311.538
191.581
64.5794
857.329
710.443
527.58
323.565
108.929
1354.83
1116.18
824.629
504.049
169.456
62.9378
52.6747
39.4922
24.3924
8.24109
155.221
129.656
97.0199
59.8356
20.1999
355.28
296.037
220.99
136.045
45.8846
689.194
572.427
426.005
261.671
88.1566
1170.73
968.214
717.718
439.649
147.93
1777.38
1461.63
1078.12
658.316
221.224
57.2772
48.0326
36.0845
22.323
7.54842
25.9742
21.7977
16.3879
10.1442
3.43135
112.31
94.0614
70.5711
43.6125
14.7392
73.2524
61.4126
46.1239
28.5279
9.64551
232.847
194.632
145.737
89.9257
30.3659
183.031
153.166
114.819
70.9103
23.9559
442.83
369.151
275.677
169.756
57.2615
394.36
329.112
246.039
151.626
51.1662
737.29
612.354
455.682
279.872
94.2823
692.429
575.916
429.12
263.789
88.9
1140.11
941.377
696.782
426.381
143.4
1021.91
845.699
627.141
384.186
129.254
1921.34
1569.64
1151.76
701.349
235.588
2462.76
1987.37
1445.51
877.25
295.106
3005.69
2381.93
1713.71
1039.02
352.54
4905.09
3778.21
2683.65
1638.97
574.479
5657.97
4194.03
2946.4
1839.17
696.314
6246.13
4509.72
3141.47
1990.16
794.731
2421.91
1977.04
1449.53
882.085
296.154
2953.98
2388.33
1738.57
1054.55
354.152
3211.33
2563.31
1850.23
1119.8
377.307
3160.89
2476.82
1769.74
1072.01
365.472
2870.17
2184.16
1541.55
941.803
332.167
2615.36
1936.29
1351.54
833.739
304.733
19663.4
13714.9
2964.26
1898.82
1462.62
1848.48
2027.58
12133.8
12581.8
9792.81
11064.9
5499.64
8731.12
3958.95
4220.67
2885.58
19302.8
9413.7
2912.46
4831.05
7181.56
4598.43
4602.94
3331.68
1900.1
2521.13
3304.47
3326.58
19060
11958.8
11440
7774.29
7175.42
8167.7
2897.94
3314.05
4959.14
12932.3
10162.7
7507.47
5833.61
4117.9
8547.59
5571.9
3904.69
2590.24
1138.84
2558.38
2062.77
1499.52
909.97
306.291
1666.53
1365.49
1004.34
612.38
205.77
1283.3
1050.57
771.591
469.665
157.595
1631.23
1343.81
992.45
606.303
203.739
1771.89
1444.89
1058.18
643.353
215.914
8115.09
6100.07
4446.52
3395.82
2741.01
8580.17
6716.05
4894.52
3462.18
1790.73
6722.48
4522.41
3155.39
1991.57
781.114
7611.34
5764.22
4133.39
2736.14
1182.28
4476.91
3434.7
2413.66
1442
487.012
6580.29
4719.14
3263.28
1955.01
678.615
3320.61
2605.56
1853.98
1110.69
372.428
3524.56
2754.97
1954.87
1169.65
392.229
2447.84
1938.66
1387.27
832.303
278.384
12537.2
9119.37
6711.35
5018.16
3743.69
6943.47
5024.97
3542.1
2223.27
883.438
2431.53
1903.34
1355.01
815.053
275.817
4042.28
3175
2270.86
1374.77
469.814
5798.46
4448.85
3155.49
1931.41
690.26
3829.05
2996.89
2141.5
1299.7
446.409
3886.35
3077.26
2214.24
1344.28
457.811
2847.33
2274.49
1642.37
994.068
335.205
1634.97
1312.27
948.489
572.056
191.521
2192.43
1778.79
1297.19
786.645
263.839
2807.94
2229.26
1600.07
963.356
323.613
2844.39
2272.44
1639.97
991.325
333.792
12411.7
9424.86
6996.48
5269.84
3752.11
7988.14
5461.46
3851.71
2522.1
1113.35
8239
6248.01
4416.7
2899.84
1237.47
5930.83
4330.58
3060.41
1918.07
720.508
5815.12
4477.37
3183.59
1953.2
695.985
6223.67
4546.44
3212.44
2009.8
746.877
2443.01
1930.54
1386.51
840.529
285.967
2870.55
2320.32
1688.04
1023.15
343.455
4181.53
3302.6
2369.32
1434.28
486.999
279.432
824.718
1378.61
1963.15
2564.28
3158.76
2976.61
8547.94
7855.5
2815.17
10657
9120.62
10254
11261.4
2768.8
1844.17
6952.8
3672.4
12598.4
9473.2
-553.893
2371.28
6998.04
6300.26
2211.85
8861.93
7189.79
8366.92
9218.71
2285.99
1039.94
6023.06
1639.17
9997.01
5618.84
-2459.63
1665.78
5111.09
4532.81
1538.43
6705.7
3883.22
6426.17
6800.45
1671.76
948.986
4133.38
1830.13
7522.62
1692.77
-2636.15
1149.32
3730.03
3309.13
1085.58
4785.61
1941.61
4963.66
5503.74
1203.46
1016.13
2918.95
1925.31
6230.95
-92.909
-1988.53
867.84
2976.96
2646.59
848.485
3532.88
1423.5
4159.28
5073.38
899.289
1115.64
1946.73
1930.16
5225.27
-287.639
-390.652
724.749
2493.28
2299.1
724.885
3101.09
1779.01
3645.69
4701.73
650.389
886.656
1452.41
1860.35
5171.02
903.838
609.757
1302.47
3427.13
5471.25
1970.3
5458.13
9589.99
7835.14
11153.4
808.91
432.334
3643.85
1905.72
860.883
8594.82
3965.8
1189.38
3132.87
4694.4
1672.23
4926.75
8437.33
6882.27
9177.48
813.474
324.171
3706.47
1683.34
18.6289
8148.88
2599.8
1002.11
2645.21
3657.82
1278.47
4299.95
7062.03
5575.61
7571.04
682.754
374.712
2975.89
1676.48
249.903
6035.45
2291.84
806.851
2241.5
2814.25
962.639
3761.19
5911.04
4641.81
6395.82
577.275
375.286
2553.73
1640.5
174.692
5185.24
2157.72
681.572
1903.12
2330.11
783.975
3178
5066.19
3977.22
5764.39
501.214
432.314
2144.69
1725.98
361.874
4678.13
2185.15
600.995
1604.61
2052.08
683.135
2797.41
4887.97
3508.58
5390.48
497.179
517.307
1818.32
1625.48
639.231
4756.17
2502.2
)
;

boundaryField
{
    patch1
    {
        type            calculated;
        value           nonuniform List<scalar> 
2440
(
-8747.46
-6589.83
-7852.64
-2514.31
-2969.61
-4571.17
-8168.23
-2898.15
-3314.32
-4959.51
8744.86
6572.01
7852.11
2514.11
2969.34
4570.79
8167.7
2897.94
3314.05
4959.14
-8061.09
-18858.4
-28476.2
-21622.1
-17410.9
-26032.9
-23171.4
-10253.9
-323.539
1779.26
8313.03
1539.77
-2633.33
2354.7
10265.9
15567.3
6361.95
-19720.6
-13719.2
-2801.37
-1745.01
-1203.29
-1585.73
-1794.56
-11478.3
-9382.24
-8410.24
-7890.91
-5678.47
-4187.96
-6072.35
-3333.56
-2814.6
-3172.13
-2163.64
-18853
-8649.97
-2337.69
-4216.05
-6643.84
-4286.83
-4273.53
-2992.51
-1536.95
-2108.75
-2591.49
-2862.02
-19211
-11923.5
-11076.6
-7592.41
-6915.32
239.71
-62.413
-27.9223
-119.878
-77.401
-247.364
-192.546
-468.594
-412.495
-772.42
-700.907
-1193.21
-1002.01
-63.9227
-28.971
-125.474
-81.771
-260.564
-204.625
-496.674
-441.887
-829.572
-778.096
-1289.55
-1153.35
-19664.3
-13715.7
-2964.51
-1898.99
-1462.75
-1848.65
-2027.75
-12134.4
-12582
-9793.24
-11065
-5499.88
-8731.44
-3959.16
-4220.89
-2885.74
-19303.9
-9414.26
-2912.63
-4831.37
-7182.03
-4598.76
-4603.29
-3331.93
-1900.22
-2521.33
-3304.67
-3326.82
-19061.1
-11959.5
-11440.7
-7774.8
-7175.93
7330.52
18902.1
28512.5
21632.4
17426.3
26086.2
23193.1
8810.74
322.58
-1550.83
-8331.78
-1589.86
2614.43
-2371.52
-10305.1
-15484
-5473.16
19719.7
13718.5
2801.12
1744.83
1203.17
1585.57
1794.39
11477.7
9382.02
8409.79
7890.85
5678.58
4187.72
6072.08
3333.51
2814.43
3171.99
2163.51
18851.9
8649.41
2337.53
4215.72
6643.34
4286.48
4273.17
2992.26
1536.84
2108.56
2591.3
2861.78
19210
11922.8
11075.9
7591.89
6914.8
-240.092
62.405
27.9188
119.864
77.3913
247.334
192.522
468.539
412.446
772.333
700.827
1193.08
1001.9
63.9144
28.9671
125.458
81.7604
260.533
204.6
496.616
441.836
829.482
778.012
1289.42
1153.23
19663.4
13714.9
2964.26
1898.82
1462.62
1848.48
2027.58
12133.8
12581.8
9792.81
11064.9
5499.64
8731.12
3958.95
4220.67
2885.58
19302.8
9413.7
2912.46
4831.05
7181.56
4598.43
4602.94
3331.68
1900.1
2521.13
3304.47
3326.58
19060
11958.8
11440
7774.29
7175.42
-22899.3
-14217.4
0.194649
0.163317
-0.127862
-0.111965
-3158.91
-901.817
-607.035
-4756.43
-2502.96
22899.8
14195.5
-0.193915
-0.16287
0.128648
0.11249
3158.76
903.838
609.757
4756.17
2502.2
-21487.8
2087.56
695.839
954
3090.76
-564.001
-713.463
-442.502
-593.665
685.289
584.367
3932.99
4650.87
-453.584
-316.655
-382.412
-286.252
-1598.56
-1272.92
-3869.02
-2602.41
-5184.86
-3485.89
-3615.52
-4582.89
-4348.68
-5541.69
-3008.02
-7736.1
-4837.47
-4100.2
-3346.9
-2364.71
-2752.13
329.425
114.704
1084.02
300.765
1530.52
396.287
206.633
1659.39
1432.63
1573.54
179.552
-1060.73
1047.56
1137.8
887.211
289.746
12.3348
7.25521
28.8996
17.8061
45.025
26.8077
62.7258
31.691
48.785
28.4317
49.4004
17.4889
45.1792
23.8231
53.3803
14.0278
49.8814
10.3251
0.106461
0.172969
0.240841
0.376438
0.293752
0.490056
0.240423
0.124954
0.2974
0.114083
0.368015
0.120474
0.173956
0.095896
0.0868261
0.0368409
0.0801677
0.0685136
0.203242
0.180776
0.237556
0.249506
0.294629
-3.46414
-2.52231
-10.5752
-2.71518
-17.7829
-4.83537
-23.9565
-6.36622
-30.4481
-8.35252
-37.4494
-11.6605
-34.6097
-9.7222
-38.6966
-12.897
-39.9606
-13.569
-177.051
-235.821
-1629.92
3245.38
10768.9
7503.82
3893.47
6393.05
13467.2
18187.4
8356.2
1309.3
532.786
913.737
2527.5
-562.737
-699.095
-404.39
-572.647
632.487
475.844
3299.85
3780.11
-422.351
-310.411
-363.789
-275.229
-1001.71
-962.861
-2503.8
-2982
92.9387
-4053.79
-8856.61
-6197.23
-3699.54
-5439.53
-5280.14
-13770.8
-6080.12
-4457.39
-3349.66
-2568.11
-445.249
-469.112
-1187.85
-698.373
-4470.01
-912.777
-6230.01
-4317.6
-3263.32
-1266.14
-935.24
-6115.75
-3171.35
-2032.37
-1058.25
-94.9455
7.65583
0.876177
14.8222
-0.112387
25.4979
0.554067
41.6916
1.08981
23.8038
-4.47001
27.806
-3.54251
18.1927
-4.8295
40.3802
2.18648
45.6037
6.65358
-0.064697
-0.113618
-0.152828
-0.261337
-0.190078
-0.349682
-0.184282
-0.0927074
-0.203457
-0.0767487
-0.252978
-0.0793261
-0.118709
-0.067264
-0.0467245
-0.0187459
-0.0460011
-0.0387207
-0.124081
-0.108785
-0.146741
-0.15786
-0.197325
-3.4378
-2.49642
-10.5052
-2.73446
-17.6866
-4.86983
-23.8651
-6.42551
-30.3952
-8.4297
-37.4853
-11.7057
-34.6095
-9.79687
-38.7375
-12.9161
-39.9785
-13.5731
273.319
1369.93
-498.56
80.9857
52.5323
-1194.53
-700.587
-788.4
-2491.87
-2298.27
-786.951
-3099.37
-1777.81
-3644.74
-4700.99
-698.716
-935.431
-1471.55
-1893.92
-5168.24
-651.342
-1603.96
-2051.47
-740.846
-2797.28
-4887.83
-3508.03
-5390.05
-555.514
-591.066
-1802.53
-1602.04
-639.868
21492.4
-2087.52
-695.915
-954.093
-3090.79
563.976
713.466
442.489
593.681
-685.344
-584.361
-3933.06
-4650.83
453.589
316.678
382.429
286.271
1449.31
1181.79
3872.79
2606.5
5186.28
3488.35
3615.69
4583.17
4349.13
5542.84
3009.35
7736.36
4837.67
4100.5
3347.33
2365.16
2724.76
-306.751
-111.222
-1080.2
-297.647
-1529.76
-396.123
-206.567
-1659.3
-1432.47
-1573.09
-179.481
1060.82
-1047.44
-1137.64
-887.014
-289.705
-11.3247
-6.66788
-28.7495
-17.7211
-44.9294
-26.735
-62.6483
-31.631
-48.7283
-28.3882
-49.3672
-17.476
-45.1354
-23.7969
-53.3529
-14.0209
-49.8563
-10.3187
-0.0954572
-0.155828
-0.238378
-0.373206
-0.292376
-0.488383
-0.239941
-0.124752
-0.296489
-0.113772
-0.366864
-0.120098
-0.173532
-0.0957087
-0.0865773
-0.036738
-0.0711083
-0.0602943
-0.201056
-0.17888
-0.236292
-0.248197
-0.293653
3.00381
2.21744
10.7347
2.81417
17.7746
4.84502
23.954
6.37067
30.4471
8.35489
37.4498
11.6613
34.6096
9.7236
38.6974
12.8975
39.9617
13.5695
175.239
230.426
1620.7
-2914.2
-10781.6
-7546.99
-3910.58
-6408.03
-13505.9
-18101.4
-7227.87
-1309.18
-532.909
-913.869
-2527.43
562.652
699.077
404.317
572.64
-632.569
-475.871
-3299.86
-3780.13
422.311
310.401
363.787
275.235
969.97
911.784
2467.18
2976.75
-92.865
4054.64
8857.04
6197.88
3700.2
5439.72
5280.47
13770.9
6080.34
4457.61
3349.78
2568.26
339.621
411.739
1230.46
723.088
4471.74
913.162
6230.27
4317.72
3263.35
1266.61
935.2
6115.91
3171.48
2032.48
1058.43
94.9511
-7.02718
-0.788164
-14.8365
0.102726
-25.4324
-0.517673
-41.6329
-1.04819
-23.7528
4.51039
-27.7644
3.5681
-18.1445
4.86378
-40.3457
-2.16958
-45.5757
-6.64354
0.062081
0.107522
0.154091
0.262466
0.1915
0.351374
0.184889
0.0930019
0.204438
0.0770996
0.254276
0.0797388
0.119209
0.0675101
0.047023
0.0188718
0.044201
0.0370548
0.125481
0.110255
0.148028
0.159166
0.198415
2.98179
2.19551
10.6637
2.83294
17.6788
4.8796
23.863
6.42994
30.3946
8.43201
37.486
11.7064
34.6097
9.79822
38.7385
12.9166
39.9797
13.5736
-272.714
-1373.49
499.256
-119.548
-2.90777
1270.22
577.039
724.7
2493.24
2298.99
724.771
3101.09
1779.01
3645.69
4701.73
650.389
886.656
1452.41
1860.35
5171.02
600.968
1604.59
2051.99
683.041
2797.41
4887.97
3508.58
5390.48
497.179
517.307
1818.32
1625.48
639.231
-16964.2
4596.15
-3158.91
16963.1
-4596
3158.76
-18600.3
-21366.5
-18347.4
-22399.5
-6747.71
-5263.77
-15773.5
-12991.4
-5793.49
-6640.24
-15327
-16481.5
-16723
-17858.3
-11003
-3320.39
-17264.5
-4752.52
-3866.59
-11978.3
-10092.6
-12309.4
-9728.49
-2693.04
-2150.19
-1652.25
-7330.41
-4988.04
-3715.01
-6699.77
-4855.39
-4162.64
-11540.9
-15300.2
-13189
-18873.6
-8.56924
-691.008
-3086.34
-3280.83
868.365
803.143
3018.64
2613.36
1757.96
2055.5
5543.98
2580.04
5843.39
642.311
480.391
1891.09
1496.82
1877.27
1690.85
422.06
367.858
371.849
1385.96
1247.19
1127
1661.84
1578.27
1466.46
127.196
653.81
1550.45
2723.42
3079.49
562.026
1699.4
142.248
9.37808
271.398
923.726
1714.56
2558.93
2683.78
520.527
1474.87
149.124
16.3758
18615.2
21370
18349.6
22397.2
6223.98
4895.98
15775.9
12960
5429.5
6162.03
15271.9
16435.4
16717.6
17851.9
11002.8
3320.47
17263.6
4327.28
3482.53
12022.2
10132.2
12304.4
9727.12
2370.22
1914.71
1499.51
7379.93
5008.93
3718.83
6700.76
4856.99
4163.87
11512.7
15282.3
13176
18863.6
54.9861
602.005
3084.03
3353.2
-817.345
-753.606
-2998.82
-2594.9
-1756.61
-2054.34
-5544.16
-2580.16
-5843.22
-610.399
-453.55
-1874.49
-1484.41
-1876.3
-1689.83
-397.856
-341.44
-345.017
-1374.91
-1241.61
-1123.62
-1660.94
-1577.58
-1466
-154.281
-623.389
-1544.06
-2721.55
-3079.01
-562.012
-1699.31
-142.242
-9.37428
-274.08
-901.599
-1710.68
-2557.85
-2683.52
-520.55
-1474.85
-149.144
-16.3818
2488.3
5738.48
7.91558
3.01141
1.15066
0.453997
0.221094
10.0074
3.75808
1.44951
0.576753
0.28268
-1894.96
-68.6673
3281.58
10126.3
2304.34
214.011
3.67527
1.46803
0.636728
0.281094
0.149659
4.36016
1.95081
0.85514
0.376508
0.19953
279.432
824.718
1378.61
1963.15
2564.28
-3212.05
-3011.92
-9929.79
-9312.27
-16345.8
-13956.8
-2611.8
-2030.97
-1683.7
-8041.91
-6221.68
-5155.98
-10493.3
-7715.67
-6299.18
0
0
0
0
0
0
0
0
-1961.82
-589.909
-405.185
-169.598
-87.1293
-54.8229
-67.6082
-48.9621
-54.1984
-30.5253
-19.1189
-9.52051
-8.007
-3.21732
-1.33316
-0.566626
-0.293449
-3.34811
-1.46317
-0.618531
-0.262704
-0.135143
-5.28379
-49.5755
-157.797
-379.341
-697.385
-998.873
-4.74236
-3.98461
-2.99955
-1.85872
-0.6291
-44.4427
-37.2865
-28.0252
-17.3442
-5.86617
-141.238
-118.27
-88.7191
-54.8206
-18.5256
-338.734
-282.844
-211.566
-130.436
-44.0256
-620.901
-516.646
-385.118
-236.814
-79.8218
-885.622
-733.379
-544.17
-333.496
-112.222
-1957.2
-1689.26
-1359.73
-984.691
-594.213
-198.805
0
0
0
0
0
0
0
0
0
0
0
0
1892.33
103.967
391.033
14.5563
-2339.6
-2088.36
-5044.8
-4028.1
-4398.13
-3645.17
-1727.13
-1389.89
-1184.99
-3198.37
-2673.84
-2354.42
-3166.96
-2755.51
-2506.4
-256.01
-121.382
-18.5956
7.82626
-70.4946
-38.5671
-14.9836
-6.60215
-8.81977
-4.03585
-1.68933
-0.701336
-0.352403
-3.73985
-1.63907
-0.685346
-0.286965
-0.145625
1432.94
1205.34
941.034
660.649
388.88
128.354
4.59734
46.3966
147.984
353.238
615.694
840.668
4.11893
3.45299
2.593
1.60348
0.542077
41.554
34.8216
26.1389
16.1594
5.46208
132.314
110.647
82.8804
51.1503
17.2733
314.943
262.47
195.919
120.58
40.6586
546.897
453.74
337.169
206.788
69.5978
742.45
611.833
451.646
275.617
92.5249
-3281.54
-10126.4
-2311.42
-215.847
-3.66066
-1.46211
-0.633894
-0.27969
-0.148838
-4.34185
-1.94373
-0.851989
-0.375002
-0.198658
-279.448
-824.765
-1378.69
-1963.25
-2564.41
-2488.37
-5738.36
-7.90107
-3.00571
-1.14805
-0.452728
-0.220353
-9.99308
-3.75249
-1.44701
-0.575538
-0.281963
1896.73
69.7223
-9968.87
-13696.7
-22697.9
-25688.9
-25315.7
-28783.9
-11815
-12684.3
-1861.56
-1584.44
-1272.92
-4997.73
-3437.23
-2602.41
-5900.24
-4054.36
-3485.89
-7987.23
-4423.17
-3008.02
-10552.6
-5223.29
-2364.71
587.184
12.0312
-644.253
161.907
-1142.23
142.163
-278.269
-110.495
1401.91
1141.82
241.027
90.9749
46.2981
25.766
427.037
162.145
107.706
66.9609
122.058
41.093
15.2465
7.40996
321.398
109.143
37.4325
18.2222
427.282
149.296
53.5146
26.4265
397.477
152.563
60.1863
30.3867
267.613
125.129
53.3529
27.7026
90.6978
52.834
24.5503
13.4283
140.436
82.1354
39.1804
21.2611
44.9637
26.6576
12.2552
7.0133
11.9274
7.12886
3.65023
2.15576
6.58639
2.45187
0.930682
0.365804
0.177806
11.8034
4.47442
1.72931
0.687698
0.336719
4.73356
2.1789
0.91044
0.376741
0.188653
7.20698
2.92859
1.15639
0.465502
0.229643
3.63587
1.62132
0.683359
0.285999
0.144558
1.38522
0.595212
0.249635
0.105088
0.0535553
3.19937
1.10682
0.396265
0.149888
0.0711445
8.02569
2.75097
0.994673
0.379944
0.181513
10.4424
3.5919
1.32071
0.51147
0.246598
132.028
611.051
1322.36
2467.87
3701.72
450.964
2277.76
-193.738
-352.518
43.598
-60.098
1.97401
-0.615093
-1.47538
315.382
86.0314
19.0159
5.18902
1.09493
453.489
107.037
23.5524
4.82053
1.22217
635.987
132.71
26.9401
5.34492
1.43262
794.444
144.127
25.9363
4.52591
1.11638
-17.005
-26.7917
-9.99097
-2.938
-0.570988
359.657
41.3561
3.53037
-0.126129
0.101747
-187.725
-58.8438
-16.1194
-4.02026
-0.757037
-235.33
-71.2063
-18.5746
-4.33705
-0.833167
9680.33
13580.7
18102.6
22149.2
22289.9
26140.4
8678.68
10790.2
-1044.65
-4370.23
-2797.64
-1799.46
-909.464
-737.28
-535.84
-323.309
-107.944
-1882.15
-1087.33
-589.741
-342.281
-149.936
-1750.81
-1007.51
-571.031
-289.404
-91.6561
-1465.6
-1107.89
-756.531
-437.082
-143.164
-843.288
-962.793
-3258.36
-2982
-3786.77
-4053.79
-7407.93
-5280.14
-7358.55
-2568.11
-11.985
-27.8425
-698.609
257.412
-433.665
413.056
-617.89
-533.79
678.068
325.833
1.63086
-11.1092
4.35776
8.20119
-1.28828
-24.2345
34.002
36.5976
-0.572672
-3.89255
-0.771747
0.125911
-9.98947
-12.0354
-7.01775
-1.93768
-51.5414
-24.7684
-10.0012
-2.50865
-123.315
-38.876
-9.49888
-1.80243
-168.171
-45.8044
-12.676
-4.85432
-72.3895
-28.5506
-13.6616
-8.09455
-144.92
-43.1725
-14.2811
-7.31579
-31.4355
-16.3011
-9.65788
-5.81701
-9.46822
-5.84973
-3.24884
-1.97282
-1.35446
-0.95373
-0.473208
-0.217652
-0.117427
-3.4982
-2.09837
-0.986512
-0.443587
-0.236726
-4.79556
-1.72476
-0.686962
-0.289006
-0.149647
-4.36107
-1.73212
-0.73757
-0.320513
-0.168695
-3.50292
-1.40106
-0.570577
-0.240058
-0.123678
-1.26686
-0.554955
-0.233151
-0.0986272
-0.0506295
-0.108193
-0.241351
-0.14611
-0.0726081
-0.0406174
-0.825221
-0.789355
-0.422237
-0.200951
-0.110464
-1.85342
-1.29862
-0.638143
-0.293483
-0.158826
187.862
669.42
1247.34
2115.27
3034.56
354.768
1819.37
-197.526
-346.859
51.4746
-57.1889
1.85178
-0.6444
-1.45679
313.067
81.872
17.8482
4.91134
1.04318
417.602
96.7181
21.3014
4.39517
1.14188
541.366
113.803
23.4757
4.76506
1.33201
654.951
120.669
22.0677
3.91912
1.0151
-51.0106
-33.6535
-11.1785
-3.12259
-0.59588
257.692
24.2853
0.754681
-0.547692
0.0350713
-191.995
-60.025
-16.3289
-4.05045
-0.757756
-234.247
-71.0657
-18.5492
-4.33004
-0.830344
-10.2037
-101.034
-306.234
-663.296
-1205.12
-1924.34
-2723.08
-3375.09
-3530.77
-2822.53
-1394.74
-187.691
-9.10387
-7.5932
-5.67228
-3.49307
-1.17819
-90.1433
-75.1909
-56.1796
-34.6044
-11.6738
-272.737
-227.023
-169.278
-104.109
-35.0937
-589.028
-488.653
-363.186
-222.837
-75.0253
-1065.78
-880.042
-651.251
-398.361
-133.928
-1692.28
-1388.78
-1022.14
-622.995
-209.14
-2376.76
-1935.27
-1415.17
-859.342
-288.181
-2916.71
-2351.97
-1707.48
-1033.47
-346.662
-3011.91
-2400.71
-1729.83
-1045.09
-351.617
-2370.05
-1865.26
-1335
-807.017
-273.477
-1154.75
-899.496
-640.995
-388.428
-132.768
-154.964
-120.772
-86.3913
-52.6637
-18.1218
-11.9597
-107.733
-322.037
-694.488
-1256.53
-1992.68
-2789.83
-3413.67
-3523.13
-2778.27
-1350.41
-170.437
-10.7021
-8.95959
-6.72005
-4.15229
-1.40323
-96.247
-80.4164
-60.1919
-37.1315
-12.537
-287.163
-239.401
-178.803
-110.12
-37.1488
-617.574
-513.218
-382.147
-234.829
-79.1309
-1113.03
-920.902
-682.939
-418.477
-140.829
-1755.56
-1443.96
-1065.28
-650.562
-218.632
-2439.58
-1991.02
-1459.5
-888.031
-298.134
-2954.85
-2387.53
-1736.99
-1053.2
-353.637
-3007.88
-2400.01
-1731.39
-1047.19
-352.591
-2330.71
-1832.38
-1310.35
-791.865
-268.417
-1112.95
-862.336
-611.406
-369.255
-126.111
-138.129
-105.322
-73.7373
-44.2669
-15.1534
-1338.23
-11065
-2621.79
-1175.92
-964.23
-709.166
-432.039
-145.016
-7611.46
-5764.35
-4133.5
-2736.21
-1182.33
-2231.64
-1772.78
-1271.07
-763.055
-255.082
9980.52
13702.5
22741.1
25689.3
25335.4
28870.2
10125.3
10838.3
1686.03
1450.46
1181.79
5047.63
3459.3
2606.5
5901.25
4057.16
3488.35
7987.61
4424.4
3009.35
10552.7
5223.59
2365.16
-492.3
-35.6943
640.784
-107.344
1133.84
-144.107
220.461
93.9904
-1361.25
-1131.7
-223.32
-84.1104
-43.0935
-23.9903
-424.698
-161.361
-107.151
-66.6238
-115.054
-38.4615
-14.1951
-6.81439
-319.118
-108.436
-37.1525
-18.1409
-426.8
-149.045
-53.3985
-26.359
-397.212
-152.408
-60.1069
-30.3344
-267.489
-125.046
-53.3046
-27.668
-90.7167
-52.8361
-24.5476
-13.4242
-140.413
-82.1067
-39.1591
-21.2439
-44.9926
-26.6708
-12.2608
-7.01565
-11.9409
-7.13631
-3.65392
-2.15784
-6.00675
-2.22849
-0.844681
-0.33156
-0.160916
-11.7658
-4.45644
-1.72027
-0.683372
-0.334303
-4.7301
-2.17724
-0.909639
-0.376332
-0.188402
-7.19807
-2.92492
-1.15472
-0.464686
-0.229157
-3.6354
-1.62094
-0.683127
-0.28586
-0.144464
-1.38596
-0.595469
-0.24972
-0.105114
-0.0535644
-2.8702
-0.987135
-0.351847
-0.132596
-0.0627315
-8.0108
-2.73904
-0.988141
-0.376738
-0.179697
-10.4212
-3.5833
-1.31658
-0.509443
-0.245418
-165.414
-576.876
-1317.8
-2466.28
-3701.18
-450.919
-2277.58
193.764
352.541
-67.5584
47.455
-3.94322
0.0282666
1.22869
-293.971
-79.4742
-17.4391
-4.77359
-0.990664
-451.563
-106.378
-23.3668
-4.77532
-1.20984
-635.28
-132.466
-26.8658
-5.32518
-1.42689
-794.158
-144.026
-25.9037
-4.51657
-1.11346
17.0467
26.8077
9.99623
2.93958
0.57151
-359.541
-41.3136
-3.51647
0.13025
-0.100402
187.746
58.8508
16.1216
4.02086
0.757218
235.344
71.2105
18.5757
4.33729
0.833219
-9691.5
-13590.4
-18135.7
-22184.8
-22217.4
-26054
-7327.67
-9148.5
1044.55
4370.39
2797.63
1799.35
909.37
737.199
535.778
323.269
107.93
1882.21
1087.37
589.777
342.31
149.939
1750.8
1007.5
571.026
289.403
91.6552
1465.5
1107.8
756.462
437.038
143.149
775.741
911.721
3271.72
2976.75
3786.72
4054.64
7407.94
5280.47
7358.66
2568.26
-21.0069
-31.5792
739.239
-194.075
435.336
-412.045
524.94
484.688
-642.278
-318.928
-2.14584
10.2578
-4.35574
-7.78089
2.69414
24.7378
-33.5591
-36.3459
-2.36382
3.02474
0.587851
-0.0820075
12.4383
12.492
7.15505
1.92536
52.013
24.9576
10.0661
2.54211
123.572
39.017
9.55978
1.84032
168.341
45.9121
12.7307
4.89
72.4767
28.6081
13.6938
8.1155
145.04
43.2526
14.3257
7.34534
31.4872
16.334
9.67599
5.82845
9.48419
5.85933
3.25394
1.97591
1.32534
0.913444
0.449896
0.206396
0.111304
3.48384
2.09787
0.988758
0.445233
0.237814
4.80496
1.72856
0.688577
0.289738
0.150056
4.37473
1.73749
0.739921
0.321619
0.169329
3.5089
1.40348
0.571576
0.240495
0.123915
1.26847
0.555588
0.2334
0.0987295
0.0506818
0.152596
0.240396
0.141176
0.0695351
0.0387913
0.804761
0.792998
0.426327
0.203293
0.111875
1.86839
1.30578
0.642043
0.2955
0.160023
-202.675
-645.872
-1244.58
-2114.34
-3034.26
-354.759
-1819.28
197.529
346.872
-71.8668
45.2796
-3.74529
0.0700919
1.2137
-293.232
-75.529
-16.3009
-4.50115
-0.939528
-416.244
-96.1416
-21.1259
-4.35093
-1.12961
-540.957
-113.619
-23.4111
-4.74671
-1.32647
-654.801
-120.603
-22.042
-3.911
-1.01241
51.033
33.6633
11.1821
3.12381
0.596315
-257.629
-24.2586
-0.744456
0.551079
-0.0338823
192.007
60.0295
16.3303
4.05089
0.757895
234.258
71.0691
18.5501
4.33024
0.830384
10.2026
101.022
306.198
663.221
1204.99
1924.14
2722.82
3374.78
3530.46
2822.31
1394.63
187.678
9.10284
7.59231
5.67159
3.49264
1.17804
90.1325
75.1817
56.1726
34.5999
11.6723
272.704
226.995
169.256
104.096
35.0892
588.96
488.594
363.141
222.808
75.0157
1065.66
879.94
651.173
398.312
133.911
1692.1
1388.62
1022.02
622.919
209.114
2376.51
1935.05
1415.01
859.238
288.146
2916.42
2351.73
1707.29
1033.35
346.619
3011.63
2400.47
1729.64
1044.97
351.574
2369.84
1865.08
1334.85
806.924
273.444
1154.65
899.414
640.931
388.386
132.753
154.952
120.763
86.3847
52.6596
18.1204
11.9581
107.72
321.999
694.41
1256.4
1992.48
2789.57
3413.36
3522.83
2778.05
1350.3
170.424
10.7006
8.9584
6.71914
4.15173
1.40304
96.235
80.4062
60.1842
37.1267
12.5354
287.129
239.372
178.781
110.106
37.1442
617.504
513.159
382.102
234.8
79.1213
1112.91
920.8
682.861
418.428
140.812
1755.38
1443.81
1065.17
650.489
218.607
2439.34
1990.82
1459.34
887.934
298.101
2954.57
2387.29
1736.81
1053.08
353.598
3007.61
2399.78
1731.21
1047.08
352.551
2330.5
1832.2
1310.21
791.774
268.385
1112.86
862.249
611.337
369.209
126.094
138.115
105.31
73.7268
44.2597
15.1508
1338.12
11064.9
2621.64
1175.82
964.144
709.101
431.999
145.002
7611.34
5764.22
4133.39
2736.14
1182.28
2231.51
1772.66
1270.99
763.005
255.065
0
0
0
0
0
0
0
0
0
0
0
0
-1896.88
-104.746
-392.298
-14.9647
2339.59
2088.39
5044.97
4028.28
4398.27
3645.42
1727.16
1389.9
1184.99
3198.51
2673.96
2354.5
3167.26
2755.77
2506.59
256.018
121.413
18.6129
-7.81445
70.405
38.5409
14.9751
6.59994
8.82589
4.0386
1.69075
0.70209
0.35287
3.73914
1.63884
0.685308
0.286979
0.145648
-1433.05
-1205.44
-941.121
-660.717
-388.923
-128.369
-4.59787
-46.4024
-148.003
-353.28
-615.765
-840.759
-4.11941
-3.4534
-2.59332
-1.60368
-0.542145
-41.5593
-34.8261
-26.1423
-16.1615
-5.46281
-132.331
-110.661
-82.8913
-51.1571
-17.2756
-314.981
-262.503
-195.944
-120.595
-40.664
-546.962
-453.795
-337.211
-206.815
-69.6069
-742.534
-611.904
-451.701
-275.652
-92.5368
3212.03
3011.88
9929.52
9312.04
16344.6
13956
2611.78
2030.99
1683.75
8041.89
6221.88
5156.26
10493.3
7716.15
6299.77
0
0
0
0
0
0
0
0
1963.72
591.112
406.009
170.025
87.6136
55.0191
67.6916
49.0003
54.3555
30.585
19.1433
9.53143
8.02164
3.22334
1.33587
0.567899
0.29417
3.35237
1.46487
0.619232
0.263009
0.135306
5.28303
49.5689
157.777
379.297
697.308
998.772
4.74167
3.98403
2.99911
1.85844
0.629007
44.4367
37.2814
28.0213
17.3418
5.86536
141.22
118.254
88.7076
54.8134
18.5231
338.694
282.81
211.54
130.42
44.0201
620.832
516.588
385.074
236.786
79.8124
885.531
733.302
544.112
333.46
112.21
1957.07
1689.15
1359.64
984.62
594.169
198.79
)
;
    }
    patch2
    {
        type            calculated;
        value           nonuniform List<scalar> 
348
(
-279.448
279.432
-663.957
-228.272
-294.523
-423.522
-746.949
-285.991
-343.488
-487.043
663.837
228.239
294.485
423.463
746.877
285.967
343.455
486.999
-4071.95
-1126.99
-281.193
-184.818
-123.886
-169.901
-183.926
-2196.57
-857.427
-519.25
-464.034
-219.937
-290.109
-328.752
-130.615
-216.353
-212.964
-170.328
-3327.7
-712.26
-190.882
-372.889
-581.288
-391.188
-404.623
-284.087
-138.104
-207.904
-223.955
-266.027
-3601.19
-1074.38
-1086.95
-665.274
-635.106
-10.2408
-17.5945
-33.7296
-61.1188
-102.682
-159.518
-7.94229
-19.1294
-43.5445
-83.8286
-141.037
-211.935
-7.3562
-3.29834
-14.0232
-9.08949
-28.6696
-22.4136
-53.6248
-47.3705
-86.8732
-79.0957
-130.649
-110.04
-222.116
-278.357
-332.157
-552.451
-679.553
-788.243
-285.702
-344.381
-369.639
-360.747
-330.149
-304.28
-10.476
-18.4195
-35.523
-64.5873
-108.941
-169.475
-8.24218
-20.2025
-45.8903
-88.1673
-147.947
-221.249
-7.54944
-3.43183
-14.7412
-9.64681
-30.3698
-23.959
-57.2685
-51.1725
-94.2934
-88.9104
-143.416
-129.268
-235.614
-295.137
-352.577
-574.542
-696.397
-794.838
-296.187
-354.191
-377.349
-365.514
-332.207
-304.773
-4118.49
-1139
-306.323
-205.792
-157.61
-203.76
-215.935
-2741.21
-1790.81
-781.158
-1182.33
-487.038
-678.648
-372.452
-392.253
-278.403
-3744.05
-883.508
-275.836
-469.852
-690.318
-446.45
-457.855
-335.235
-191.536
-263.863
-323.637
-333.821
-3752.57
-1113.49
-1237.58
-720.583
-696.053
4071.29
1126.8
281.156
184.794
123.87
169.88
183.902
2196.07
857.273
519.136
463.979
219.93
290.071
328.704
130.607
216.327
212.943
170.31
3326.99
712.122
190.856
372.834
581.191
391.13
404.566
284.048
138.088
207.877
223.927
265.992
3600.51
1074.19
1086.73
665.157
635.007
10.2395
17.5922
33.7252
61.1109
102.669
159.498
7.94124
19.1269
43.5389
83.8179
141.019
211.908
7.3552
3.2979
14.0213
9.08827
28.6658
22.4106
53.6178
47.3642
86.862
79.0854
130.633
110.026
222.088
278.321
332.112
552.372
679.449
788.126
285.666
344.338
369.592
360.7
330.104
304.238
10.4746
18.4171
35.5185
64.5794
108.929
169.456
8.24109
20.1999
45.8846
88.1566
147.93
221.224
7.54842
3.43135
14.7392
9.64551
30.3659
23.9559
57.2615
51.1662
94.2823
88.9
143.4
129.254
235.588
295.106
352.54
574.479
696.314
794.731
296.154
354.152
377.307
365.472
332.167
304.733
4117.9
1138.84
306.291
205.77
157.595
203.739
215.914
2741.01
1790.73
781.114
1182.28
487.012
678.615
372.428
392.229
278.384
3743.69
883.438
275.817
469.814
690.26
446.409
457.811
335.205
191.521
263.839
323.613
333.792
3752.11
1113.35
1237.47
720.508
695.985
37.6641
111.036
114.704
157.441
322.651
300.765
-164.145
325.558
396.287
-509.815
135.976
179.552
-987.502
166.257
289.746
-581.702
-469.107
-825.18
-698.373
-1923.54
-912.777
-1876.64
-935.24
-1904.11
-94.9455
-45.5466
-109.445
-111.222
-147.302
-317.639
-297.647
163.81
-325.33
-396.123
509.561
-135.946
-179.481
987.188
-166.267
-289.705
512.242
411.734
854.207
723.088
1922.76
913.162
1876.38
935.2
1903.99
94.9511
)
;
    }
    patch3
    {
        type            calculated;
        value           nonuniform List<scalar> 
96
(
-87.2573
-151.25
-292.975
-537.835
-919.377
-1462.49
-68.0282
-165.512
-380.672
-742.654
-1271.06
-1951.18
-2101.05
-2741.74
-3435.51
-5950.71
-7392.59
-8578.13
-2698.32
-3351.18
-3723.31
-3777.68
-3593.13
-3404.49
-89.0838
-157.638
-306.78
-564.298
-966.587
-1535.66
-70.3563
-173.803
-398.639
-775.465
-1322.31
-2017.99
-2195.66
-2851.11
-3554.52
-6031.14
-7416.15
-8579.16
-2769.34
-3411.05
-3761.23
-3787.34
-3582.68
-3397.07
87.2464
151.232
292.94
537.774
919.276
1462.34
68.0199
165.492
380.628
742.571
1270.93
1950.98
2100.84
2741.49
3435.22
5950.26
7392.1
8577.62
2698.05
3350.87
3722.98
3777.38
3592.88
3404.27
89.0725
157.619
306.744
564.234
966.484
1535.51
70.3474
173.782
398.593
775.379
1322.17
2017.79
2195.46
2850.86
3554.24
6030.7
7415.66
8578.64
2769.08
3410.74
3760.91
3787.04
3582.42
3396.84
)
;
    }
    patch4
    {
        type            calculated;
        value           nonuniform List<scalar> 
384
(
-12427.7
-34269.3
-57833.9
-78207.3
-63343.2
-50030
-36357.9
-13654.3
-17473
-49101.8
-71093.7
-26010.1
11108.1
34387.1
57844.6
78227
63364.5
50047.8
36471.9
11591.4
15818.6
49329.4
71365.6
23396.5
-54523.9
-78763.2
-86434.4
-118788
-57907.3
-80390.5
-89558.6
-120321
54533.5
78775.7
86447.6
118804
57926.1
80407.2
89576
120339
-25638.2
-41634.2
28571.7
43259.2
-21864.4
-7802.47
-28310.2
-10507.6
23131.1
8282.52
29083.7
10803
-28555.2
-43245.3
25647.2
41644.2
-9987.12
-6862.32
-31164
-22505.4
-39121.6
-57167.8
-4483.4
-1596.68
-16300.8
-5881
-12193.4
-8424.52
-36927.6
-27083
-42108
-58746.7
-5308.8
-1802.93
-19220.5
-6832.69
9041.24
6229.14
31264.9
22569.5
39130.1
57178.6
4094.27
1473.1
16330.9
5890.88
11049.6
7636.24
37125.2
27208.5
42124.7
58761.5
4840.16
1659.13
19270.3
6848.15
-23123.7
-8279.67
-29076
-10799.9
21869.5
7804.51
28316.6
10510.2
-18854.1
-20492
-16639.1
-18580.5
18850.7
20491
16636.8
18579.8
-1302.9
-1451.41
-4684.29
-5777.68
-4324.48
-3782.73
-6307.66
-8618.26
-10009.7
-13551
-11022.9
-13994.3
-9883.99
-13503.6
-10103.6
-14025.1
-707.276
-1600.79
-4074.39
-6625.32
-2273.81
-3070.65
-6289.16
-8716.3
-9751.62
-13216.5
-10081.5
-13280.6
-9876.41
-13366.4
-10129.3
-13991.5
1249.65
1348.05
4666
5779.96
4320.16
3776.26
6307.67
8619.49
10008
13550.8
11021.2
13993.9
9884
13503.8
10104.3
14025.4
706.331
1486.39
4047.27
6631.02
2268.48
3061.63
6288.94
8717.63
9749.29
13216
10079.7
13280
9876.25
13366.4
10129.9
13991.8
-1694.8
-3532.54
-5713.08
-10702.9
-9438.48
-16310.6
-11810.5
-407.947
-1881.69
-4034.87
-8400.45
-6534.61
-12521.7
-10344.5
1629.51
3319.96
5679.59
10653
9433.1
16301.2
11808.4
444.6
1806.24
3989.04
8334.75
6530.07
12514
10343
-1457.6
-4451.15
-7397.17
-9794.56
-11786.1
-13941.5
-13073
-14356.7
-14626.6
-1409.76
-4314.79
-7191.62
-9576
-11636.9
-13962.5
-13041.5
-14387.1
-14639.6
1288.59
4494.19
7395.33
9794.55
11786.5
13942.1
13073.6
14357.4
14627.3
1247.56
4356.52
7189.94
9576.13
11637.4
13963.2
13042.2
14387.8
14640.4
-315.232
-957.655
-1591.59
-2106.16
-2556.38
-3131.91
-2899.55
-3244.8
-3306.83
-306.736
-933.519
-1555.83
-2068.61
-2529.18
-3132.81
-2889.64
-3248.88
-3308.76
276.343
969.012
1591.2
2106.13
2556.43
3132.03
2899.65
3244.95
3306.98
269.049
944.624
1555.51
2068.62
2529.27
3132.95
2889.77
3249.04
3308.92
-72.6069
-220.686
-367.824
-489.064
-599.158
-748.798
-687.981
-778.611
-794.438
-71.1435
-216.543
-361.752
-482.715
-594.454
-748.807
-686.01
-779.288
-794.776
63.4865
223.371
367.733
489.046
599.161
748.823
687.997
778.641
794.471
62.232
219.183
361.675
482.71
594.467
748.838
686.034
779.322
794.81
-16.7945
-51.1412
-85.546
-114.316
-141.131
-179.08
-163.464
-186.806
-190.708
-16.563
-50.4912
-84.6076
-113.349
-140.437
-179.141
-163.202
-186.963
-190.782
14.6686
51.7601
85.5231
114.309
141.129
179.085
163.466
186.812
190.715
14.4708
51.103
84.5876
113.345
140.438
179.146
163.206
186.97
190.789
-4.56904
-13.8885
-23.2414
-31.1993
-38.8086
-50.103
-45.336
-52.5506
-53.7932
-4.53368
-13.7924
-23.1093
-31.0715
-38.7349
-50.1518
-45.3357
-52.6044
-53.8153
3.99071
14.0518
23.2345
31.1965
38.8071
50.1036
45.3358
52.5517
53.7946
3.96065
13.9547
23.1031
31.0693
38.734
50.1527
45.3359
52.6057
53.8168
)
;
    }
}


// ************************************************************************* //
