/*--------------------------------*- C++ -*----------------------------------*\
  =========                 |
  \\      /  F ield         | OpenFOAM: The Open Source CFD Toolbox
   \\    /   O peration     | Website:  https://openfoam.org
    \\  /    A nd           | Version:  11
     \\/     M anipulation  |
\*---------------------------------------------------------------------------*/
FoamFile
{
    format      ascii;
    class       volScalarField::Internal;
    location    "287";
    object      tmp<kEpsilon:G>;
}
// * * * * * * * * * * * * * * * * * * * * * * * * * * * * * * * * * * * * * //

dimensions      [0 2 -3 0 0 0 0];

value           nonuniform List<scalar> 
12225
(
0
0
0
0
0
0
0
0
0
0
0
0
0
0
0
0
0
0
947.465
499.321
262.327
277.579
379.75
495.268
604.993
715.085
802.506
888.343
950.042
1008.58
1048.48
1084.9
1112.54
1130.02
1167.25
1133.98
85.4726
123.101
55.5191
17.2368
5.18726
4.39861
8.80113
16.6823
26.6125
38.3709
50.8925
64.0617
77.5098
90.3882
103.973
115.382
129.571
136.288
5.03699
1.74502
0.641
0.7022
0.465244
0.185305
0.0269641
0.189075
0.790452
1.8796
3.44251
5.41316
7.82177
10.3959
13.4364
16.2984
19.7514
22.5546
0.224394
0.131567
0.14785
0.314048
0.426068
0.406414
0.28919
0.153262
0.0568458
0.0250778
0.0743932
0.212048
0.446659
0.761048
1.17994
1.64106
2.2028
2.75242
0.177088
0.188683
0.264839
0.320377
0.322841
0.317701
0.289929
0.238919
0.182252
0.127147
0.0802343
0.0456476
0.0279486
0.0290332
0.0505417
0.0908314
0.14722
0.216386
0.126539
0.211606
0.231032
0.213016
0.212263
0.230717
0.238741
0.227677
0.208382
0.184782
0.159427
0.132995
0.108674
0.0875262
0.0711215
0.0606027
0.0556332
0.0548753
0.0973902
0.148868
0.159695
0.157143
0.16765
0.188233
0.200755
0.200683
0.195416
0.187767
0.178401
0.167067
0.155545
0.144365
0.134925
0.127801
0.124416
0.121739
0.0740366
0.104543
0.12207
0.130436
0.142062
0.158013
0.169391
0.173063
0.173337
0.172505
0.170736
0.167948
0.164868
0.162099
0.160469
0.160301
0.162791
0.165078
0.056083
0.0774458
0.0972185
0.108836
0.119546
0.132606
0.143232
0.148728
0.151468
0.153453
0.15502
0.15609
0.157201
0.158717
0.161263
0.164779
0.170229
0.174997
0.0423423
0.0583423
0.0770717
0.089809
0.100363
0.111894
0.121817
0.128042
0.13189
0.135
0.137868
0.14051
0.143286
0.146465
0.150448
0.155055
0.160878
0.165897
0.0324194
0.0451136
0.0621444
0.0753227
0.0858634
0.0963552
0.105541
0.11191
0.1162
0.119696
0.122944
0.12603
0.129206
0.132674
0.136679
0.141017
0.14606
0.150234
0.0245373
0.0347383
0.0499759
0.063206
0.0737594
0.0835386
0.0921255
0.0984812
0.102985
0.106609
0.109887
0.112966
0.116023
0.119208
0.122664
0.126211
0.130085
0.133133
0.0175646
0.0257167
0.0389808
0.0516838
0.0621174
0.071343
0.0793816
0.0856229
0.0902255
0.0938623
0.0970123
0.0998627
0.102547
0.10517
0.10781
0.110328
0.112896
0.114721
0.0116485
0.0182357
0.029631
0.0414361
0.0515231
0.0602399
0.0677584
0.0737769
0.0783434
0.0818909
0.0848133
0.0873115
0.0894981
0.0914491
0.093218
0.0947133
0.0960877
0.0968363
0.0068877
0.0122948
0.0220378
0.0327709
0.0423264
0.0505472
0.0575715
0.0632734
0.067666
0.0710207
0.0736432
0.0757273
0.077383
0.0786789
0.0796684
0.0803122
0.0807516
0.0807104
0.00336682
0.00792293
0.0163358
0.0260186
0.0349456
0.0426635
0.0492076
0.0545249
0.0586259
0.0616913
0.063958
0.0656067
0.0667535
0.067476
0.0678389
0.0678503
0.0676306
0.0670822
0.0011974
0.00520292
0.0126891
0.0215173
0.029814
0.0369975
0.0430319
0.0478905
0.051589
0.0542676
0.0561255
0.0573351
0.0580197
0.0582702
0.0581623
0.057741
0.057093
0.0562546
0.000671935
0.00446468
0.0115885
0.0200115
0.0278772
0.0345892
0.0401275
0.0444865
0.047688
0.0498728
0.0512452
0.0519858
0.0522268
0.0520692
0.0515964
0.0508793
0.0499613
0.0489888
0.00204571
0.00608064
0.013658
0.0223476
0.0300889
0.0364673
0.0416294
0.0455666
0.0482745
0.0499309
0.0507945
0.0510712
0.0508978
0.0503793
0.0496012
0.048643
0.0475198
0.0464179
0.00472965
0.00942403
0.0181244
0.0274465
0.0350581
0.0410431
0.045849
0.0494023
0.0516384
0.0528041
0.0532263
0.0531183
0.0526045
0.0517936
0.0507766
0.0496391
0.0483753
0.0471821
0.00871705
0.0148697
0.0252546
0.0351398
0.0425974
0.0483023
0.0527373
0.055671
0.0571538
0.0576739
0.0576294
0.0571697
0.0563619
0.0553087
0.0541003
0.05282
0.0514394
0.0501659
0.0139825
0.0239411
0.0361876
0.0443425
0.0507178
0.0569903
0.0620693
0.0646569
0.0651662
0.0647563
0.0640007
0.0629662
0.0616604
0.0601939
0.0586396
0.0570705
0.055423
0.0538788
0.0214652
0.0423934
0.0593328
0.0604455
0.0596572
0.0636477
0.0695361
0.0733231
0.0745411
0.0745092
0.0737386
0.0722299
0.070062
0.0675103
0.0647105
0.0618197
0.0587724
0.0558755
0.0433472
0.0760723
0.0937225
0.104719
0.0971676
0.0901397
0.0875797
0.0862803
0.0847946
0.0829878
0.080091
0.0756555
0.0698485
0.0633083
0.0564464
0.0497462
0.0433729
0.037769
0.0805404
0.213197
0.0680964
0.0786745
0.167341
0.214728
0.214084
0.189286
0.158187
0.127609
0.0985208
0.0722045
0.0503243
0.0345949
0.0260848
0.0255725
0.0331666
0.0487541
0.659996
0.124867
0.31599
0.505946
0.37341
0.295749
0.229579
0.141704
0.0605637
0.0116302
0.0105537
0.0681142
0.189057
0.374736
0.620215
0.923563
1.27085
1.66007
31.8775
71.0678
43.2474
18.2727
7.06868
2.67218
1.11397
1.00734
1.81644
3.28493
5.25749
7.63432
10.2755
13.157
16.1291
19.2247
22.2419
25.2874
455.413
257.653
100.987
70.5615
91.6372
128.079
168.032
205.873
241.274
273.953
303.064
329.743
353.064
374.479
393.024
410.501
425.897
440.972
0
0
0
0
0
0
0
0
0
0
0
0
0
0
0
0
0
0
0
0
0
0
0
0
0
0
0
0
0
0
0
0
0
0
0
0
0
0
0
0
0
0
0
0
0
0
0
0
0
8.56932
9.23104
9.90235
10.5607
11.282
11.9294
12.598
13.33
13.9765
14.4446
14.8434
15.5892
17.2304
18.41
19.9939
21.5635
23.3021
25.099
27.002
28.9837
31.0573
33.2159
35.4637
37.7992
40.2244
42.7389
45.3438
48.0391
50.8253
53.7018
56.6689
59.7254
62.871
66.1039
69.4232
72.8263
76.3115
79.8756
83.5162
87.2291
91.0111
94.8572
98.7636
102.724
106.734
110.787
114.878
118.998
123.141
127.299
131.466
135.632
139.788
143.927
148.038
152.112
156.138
160.106
164.005
167.823
171.547
175.162
178.653
182.004
185.201
188.229
191.08
193.763
196.279
198.631
200.811
202.815
204.634
206.262
207.693
208.919
209.937
210.74
211.324
211.685
211.819
211.723
211.394
210.831
210.032
208.996
207.724
206.215
204.472
202.496
200.289
197.855
195.196
192.317
189.223
185.918
182.408
178.711
174.828
170.75
166.489
162.058
157.485
152.773
147.911
142.923
137.816
132.602
127.291
121.894
116.422
110.885
105.294
99.6593
93.9919
88.3019
82.5995
76.8949
71.1978
65.5177
59.8639
54.2452
48.6703
43.1477
37.6857
32.2925
26.9772
21.7505
16.628
11.6413
6.89274
3.09408
4.32997
8.56302
13.124
17.7245
22.3095
26.8624
31.3756
35.8445
40.2638
44.6265
48.9197
53.1241
57.1839
61.0596
64.3342
67.3549
64.4795
0
0.00280571
0.00558416
0.0180769
0.0503241
0.104695
0.18106
0.276324
0.386701
0.508564
0.639632
0.779332
0.928167
1.08682
1.25596
1.43609
1.62764
1.83102
2.04702
2.2768
2.52218
2.78534
3.06884
3.37477
3.70489
4.06146
4.4404
4.81669
5.17304
5.5167
5.82921
6.0772
6.28629
6.46915
6.60098
6.72741
6.71776
6.39355
5.62669
5.10233
4.86123
4.02952
4.08095
5.09694
5.09145
4.92198
4.79127
4.67043
4.54479
4.40876
4.26512
4.11612
3.96404
3.81044
3.65664
3.50364
3.35232
3.20349
3.05792
2.91637
2.77962
2.64851
2.52393
2.40681
2.29812
2.19892
2.11029
2.03338
1.96936
1.91944
1.88485
1.86684
1.86663
1.88549
1.92461
1.98516
2.06825
2.17495
2.30625
2.46307
2.6462
2.85635
3.09407
3.35982
3.65384
3.97621
4.32668
4.70473
5.10953
5.53969
5.99338
6.46762
6.95778
7.45719
7.95777
8.45188
8.93305
9.39113
9.80834
10.2319
10.6535
11.0846
11.5261
11.9789
12.4428
12.9173
13.4016
13.8949
14.3965
14.9055
15.4209
15.9419
16.4673
16.9962
17.5276
18.0603
18.5933
19.1255
19.6555
20.1822
20.7049
21.2226
21.7343
22.239
22.7353
23.2219
23.698
24.1626
24.6146
25.0541
25.4816
25.8926
26.285
26.6621
27.0268
27.3739
27.7033
28.0149
28.3085
28.5839
28.8414
29.0809
29.3027
29.5069
29.6937
29.8634
30.0162
30.1526
30.2729
30.3776
30.4672
30.5424
30.6035
30.6514
30.6865
30.7097
30.7219
30.7248
30.7195
30.7067
30.686
30.6638
30.6543
30.637
30.5858
30.5156
30.4491
30.39
30.337
30.2882
30.2421
30.1979
30.1545
30.1145
30.0785
30.0988
30.1685
31.025
32.4377
41.2558
0
0.0285916
0.0972477
0.155076
0.217691
0.294241
0.393691
0.519418
0.668956
0.836619
1.01667
1.20509
1.39992
1.60071
1.8079
2.0221
2.24392
2.47379
2.71208
2.95901
3.21473
3.47913
3.75144
4.02981
4.31061
4.58811
4.85343
5.09705
5.31044
5.48952
5.62327
5.70757
5.75189
5.77263
5.77625
5.76385
5.70852
5.57224
5.38447
5.24532
5.18429
5.12418
5.12987
5.18777
5.21581
5.22332
5.27675
5.38269
5.5355
5.72459
5.94283
6.18527
6.4489
6.73162
7.03198
7.34887
7.68142
8.02886
8.39058
8.76597
9.15451
9.55571
9.9691
10.3943
10.8308
11.2783
11.7365
12.2049
12.6833
13.1715
13.6691
14.176
14.692
15.2169
15.7506
16.2929
16.8438
17.4031
17.9708
18.5467
19.1307
19.7227
20.3224
20.9296
21.544
22.1651
22.7923
23.4246
24.0611
24.7008
25.3433
25.9884
26.6366
27.2898
27.9528
28.6354
29.3522
30.1213
30.9718
31.8371
32.7183
33.609
34.507
35.4109
36.3194
37.2307
38.143
39.0542
39.9626
40.866
41.7625
42.6498
43.5261
44.3889
45.2364
46.0664
46.8769
47.6655
48.4299
49.1679
49.8782
50.5592
51.2097
51.8275
52.4105
52.9565
53.4639
53.9314
54.3583
54.7443
55.0896
55.3899
55.6401
55.847
56.0132
56.1339
56.2087
56.2376
56.221
56.1596
56.0542
55.9059
55.7156
55.4844
55.2135
54.9041
54.5577
54.1757
53.7598
53.3118
52.8334
52.3265
51.7931
51.2352
50.6552
50.0558
49.4387
48.8058
48.1601
47.5041
46.8365
46.1564
45.4608
44.7598
44.0758
43.4066
42.7468
42.0986
41.4625
40.8375
40.223
39.6191
39.0272
38.4552
37.9178
37.4956
37.2754
38.0345
40.1697
46.8781
0
0.130998
0.286868
0.399663
0.488184
0.57166
0.66887
0.789793
0.937124
1.10853
1.29912
1.50366
1.71801
1.93944
2.16645
2.39825
2.63441
2.87452
3.11802
3.36407
3.61145
3.85822
4.10162
4.33778
4.56152
4.76668
4.9467
5.09573
5.21078
5.29347
5.34626
5.3718
5.38452
5.40487
5.43838
5.48135
5.51553
5.53543
5.5565
5.63387
5.77351
5.94846
6.26364
6.73078
7.16577
7.5436
7.90147
8.26713
8.65413
9.06621
9.50331
9.96399
10.4467
10.9499
11.4725
12.0133
12.5716
13.1466
13.7377
14.3444
14.9663
15.6031
16.2544
16.92
17.5998
18.2937
19.0016
19.7235
20.4596
21.2099
21.9746
22.7539
23.548
24.3572
25.1817
26.022
26.8783
27.7508
28.6398
29.5456
30.4684
31.4082
32.3652
33.3395
34.3309
35.3393
36.3644
37.4059
38.4635
39.5372
40.6276
41.736
42.8645
44.0168
45.1992
46.4191
47.6782
48.9695
50.2827
51.6083
52.948
54.2973
55.6522
57.0099
58.3675
59.7218
61.0699
62.4085
63.7347
65.0452
66.337
67.6068
68.8516
70.0681
71.2532
72.404
73.5174
74.5901
75.6188
76.6005
77.5333
78.4152
79.2444
80.018
80.7332
81.3873
81.9777
82.5027
82.9617
83.3552
83.6844
83.9391
84.1183
84.2317
84.2773
84.2532
84.1587
83.994
83.7598
83.4577
83.0891
82.656
82.16
81.6031
80.9876
80.3156
79.5895
78.8121
77.9861
77.1144
76.2001
75.2464
74.2568
73.2345
72.1827
71.1041
70.0016
68.877
67.7341
66.5783
65.4154
64.248
63.0726
61.8825
60.6896
59.5024
58.3249
57.1648
56.0263
54.9116
53.8228
52.7633
51.7409
50.7746
49.9017
49.2448
48.9609
49.8773
52.4078
57.7637
0
0.279845
0.526491
0.707885
0.829035
0.920404
1.01217
1.11958
1.24941
1.40312
1.57849
1.77134
1.97717
2.19203
2.41286
2.63732
2.86354
3.08982
3.31453
3.53581
3.75158
3.95948
4.15687
4.34093
4.50909
4.65959
4.79176
4.90658
5.0069
5.09754
5.18406
5.27238
5.37096
5.48934
5.63059
5.79174
5.96695
6.15489
6.36394
6.61089
6.90798
7.25905
7.69431
8.21324
8.76172
9.31129
9.86045
10.4179
10.9919
11.5876
12.2074
12.852
13.5216
14.2157
14.9336
15.6751
16.4397
17.227
18.0367
18.8687
19.7228
20.599
21.4974
22.4181
23.3614
24.3275
25.3169
26.3298
27.3669
28.4286
29.5155
30.6281
31.7671
32.9329
34.1263
35.3477
36.5976
37.8765
39.1849
40.5229
41.8909
43.2889
44.717
46.1752
47.6633
49.1811
50.7283
52.3043
53.909
55.5423
57.2046
58.8967
60.6197
62.3753
64.1655
65.9909
67.8471
69.7224
71.6079
73.5022
75.4053
77.3135
79.2223
81.1273
83.0241
84.908
86.7746
88.6192
90.4375
92.2249
93.9771
95.6898
97.3583
98.9786
100.546
102.058
103.509
104.895
106.211
107.456
108.625
109.716
110.728
111.657
112.499
113.251
113.911
114.476
114.945
115.323
115.602
115.781
115.855
115.839
115.725
115.514
115.207
114.804
114.307
113.717
113.038
112.272
111.421
110.491
109.482
108.399
107.246
106.026
104.743
103.403
102.008
100.564
99.0747
97.5436
95.9746
94.3716
92.74
91.086
89.4141
87.7294
86.0383
84.3466
82.6554
80.9585
79.2581
77.56
75.8729
74.2088
72.5759
70.9807
69.43
67.9334
66.5076
65.1874
64.0346
63.2088
62.9137
63.9539
66.5803
70.7795
0
0.438138
0.760485
1.01459
1.17562
1.28066
1.3699
1.46298
1.57012
1.69609
1.84148
2.00405
2.18015
2.36582
2.5574
2.75165
2.9458
3.13742
3.32431
3.50447
3.67618
3.83803
3.98912
4.12933
4.25946
4.38152
4.49856
4.6145
4.73377
4.8611
5.00087
5.15709
5.33406
5.53586
5.7648
6.02117
6.30413
6.61393
6.95401
7.33204
7.75631
8.23393
8.77246
9.37095
10.0134
10.6845
11.3772
12.0909
12.8282
13.5916
14.3832
15.2043
16.0556
16.9375
17.8503
18.794
19.7688
20.7747
21.8119
22.8808
23.9816
25.115
26.2814
27.4816
28.7164
29.9865
31.2928
32.6364
34.0181
35.439
36.9001
38.4023
39.9466
41.534
43.1653
44.8413
46.5625
48.3297
50.1431
52.003
53.9097
55.8629
57.8625
59.9081
61.9991
64.1349
66.3146
68.5373
70.8018
73.1073
75.4531
77.8382
80.2619
82.7228
85.2189
87.7461
90.2968
92.8606
95.4302
98.0031
100.577
103.149
105.712
108.261
110.79
113.292
115.761
118.191
120.576
122.911
125.188
127.403
129.55
131.623
133.617
135.526
137.346
139.071
140.696
142.217
143.632
144.938
146.13
147.207
148.163
148.997
149.704
150.283
150.734
151.059
151.251
151.309
151.235
151.039
150.715
150.264
149.687
148.987
148.165
147.226
146.172
145.008
143.739
142.367
140.898
139.338
137.69
135.96
134.154
132.277
130.334
128.33
126.271
124.162
122.009
119.821
117.601
115.359
113.1
110.83
108.556
106.284
104.019
101.759
99.5045
97.2581
95.0292
92.8314
90.6767
88.5763
86.5423
84.592
82.7526
81.0741
79.6402
78.6339
78.2716
79.2824
81.6875
84.856
0
0.584565
0.953962
1.26999
1.47034
1.59233
1.68236
1.76317
1.84757
1.94298
2.05251
2.17598
2.3112
2.45507
2.60425
2.75561
2.9064
3.0543
3.19747
3.33457
3.46487
3.5884
3.70597
3.81942
3.93151
4.04589
4.16678
4.29862
4.44568
4.61183
4.80028
5.0137
5.25446
5.5247
5.82615
6.16018
6.52792
6.93072
7.37109
7.8531
8.38162
8.96101
9.59446
10.2814
11.0165
11.7928
12.6053
13.452
14.3326
15.2481
16.1995
17.1879
18.2144
19.2798
20.3849
21.5304
22.7171
23.9458
25.2173
26.5326
27.8929
29.2993
30.7531
32.2557
33.8087
35.4135
37.0716
38.7848
40.5546
42.3826
44.2702
46.219
48.2303
50.3054
52.4452
54.6508
56.923
59.262
61.6684
64.1421
66.6829
69.2903
71.9636
74.7016
77.5032
80.3667
83.2903
86.272
89.3093
92.3999
95.541
98.7297
101.963
105.236
108.545
111.881
115.236
118.6
121.965
125.326
128.679
132.017
135.335
138.624
141.876
145.084
148.239
151.333
154.359
157.309
160.176
162.951
165.629
168.201
170.662
173.006
175.225
177.313
179.265
181.077
182.746
184.267
185.638
186.853
187.911
188.808
189.54
190.106
190.509
190.742
190.807
190.7
190.433
190.007
189.419
188.671
187.766
186.708
185.499
184.145
182.65
181.021
179.263
177.382
175.383
173.273
171.058
168.746
166.341
163.852
161.285
158.648
155.948
153.194
150.392
147.551
144.68
141.785
138.876
135.958
133.039
130.126
127.225
124.338
121.469
118.62
115.8
113.022
110.303
107.657
105.103
102.665
100.382
98.3146
96.5629
95.3176
94.7815
95.5885
97.5156
99.7087
0
0.704599
1.08565
1.4426
1.67331
1.81038
1.90219
1.97275
2.03648
2.1027
2.1765
2.25962
2.35158
2.45061
2.55444
2.66074
2.76746
2.87302
2.97643
3.07732
3.17598
3.27349
3.3717
3.4733
3.58162
3.70049
3.83398
3.98617
4.16078
4.36108
4.5897
4.84878
5.14012
5.46533
5.82596
6.22357
6.65976
7.13632
7.65546
8.21995
8.83295
9.49735
10.215
10.9862
11.8091
12.6811
13.5999
14.5639
15.5728
16.6268
17.7269
18.8739
20.0692
21.3142
22.6101
23.9585
25.3608
26.8187
28.3338
29.9082
31.5437
33.2424
35.0067
36.8387
38.7409
40.7155
42.7651
44.892
47.0985
49.3868
51.7589
54.2169
56.7624
59.3969
62.1218
64.9379
67.846
70.8464
73.939
77.1234
80.3988
83.7639
87.2173
90.7567
94.3798
98.0838
101.865
105.721
109.646
113.636
117.687
121.793
125.948
130.145
134.376
138.631
142.902
147.175
151.442
155.695
159.927
164.131
168.296
172.414
176.475
180.468
184.384
188.212
191.943
195.568
199.077
202.462
205.713
208.822
211.783
214.586
217.225
219.691
221.98
224.087
226.008
227.738
229.274
230.612
231.75
232.683
233.409
233.929
234.242
234.34
234.231
233.911
233.396
232.683
231.772
230.665
229.368
227.885
226.221
224.382
222.376
220.21
217.889
215.423
212.817
210.08
207.22
204.246
201.165
197.989
194.725
191.382
187.971
184.501
180.981
177.421
173.83
170.218
166.593
162.963
159.337
155.721
152.124
148.552
145.01
141.502
138.038
134.633
131.303
128.069
124.954
121.99
119.223
116.725
114.602
113.042
112.215
112.664
113.935
115.21
0
0.794778
1.14944
1.521
1.76748
1.9132
2.00477
2.06581
2.11134
2.15176
2.19364
2.2403
2.29285
2.35101
2.41389
2.48036
2.54947
2.62069
2.69379
2.76912
2.84762
2.93089
3.02112
3.12097
3.23366
3.36272
3.51175
3.68427
3.88357
4.11252
4.37359
4.66883
5.00002
5.36877
5.77669
6.22545
6.7168
7.25268
7.83518
8.46666
9.14957
9.88586
10.6775
11.5254
12.4298
13.3904
14.4065
15.4781
16.6053
17.789
19.0301
20.3302
21.6911
23.1148
24.6035
26.1595
27.7852
29.4834
31.2568
33.1083
35.0411
37.0583
39.1633
41.3595
43.6503
46.0389
48.5289
51.1232
53.8251
56.6374
59.5626
62.6032
65.7611
69.038
72.4352
75.9535
79.5933
83.3545
87.2363
91.2376
95.3566
99.5912
103.938
108.394
112.956
117.618
122.375
127.222
132.152
137.158
142.234
147.37
152.558
157.788
163.05
168.332
173.622
178.906
184.172
189.412
194.614
199.768
204.862
209.885
214.825
219.669
224.406
229.023
233.509
237.852
242.042
246.068
249.92
253.588
257.063
260.336
263.399
266.243
268.863
271.254
273.41
275.329
277.005
278.435
279.617
280.548
281.225
281.653
281.823
281.735
281.394
280.803
279.978
278.915
277.613
276.078
274.317
272.335
270.141
267.742
265.147
262.364
259.402
256.269
252.976
249.532
245.948
242.236
238.404
234.466
230.431
226.312
222.119
217.864
213.557
209.21
204.834
200.439
196.035
191.631
187.236
182.859
178.508
174.195
169.926
165.707
161.55
157.469
153.485
149.619
145.902
142.37
139.077
136.099
133.545
131.588
130.36
130.32
130.822
131.234
0
0.856907
1.14994
1.51011
1.75533
1.90069
1.98759
2.03829
2.06752
2.08612
2.10148
2.11814
2.13864
2.16421
2.19514
2.23137
2.27285
2.31958
2.37238
2.43216
2.50031
2.57861
2.66919
2.7745
2.89721
3.04023
3.20659
3.39928
3.62118
3.87495
4.163
4.48748
4.85037
5.25349
5.69868
6.18779
6.72277
7.30572
7.93889
8.6247
9.3656
10.164
11.0218
11.9408
12.9218
13.9662
15.0752
16.2499
17.4917
18.8022
20.1834
21.6378
23.1681
24.7775
26.469
28.2463
30.1129
32.0727
34.1298
36.2884
38.5529
40.928
43.4181
46.0279
48.7619
51.6244
54.6199
57.7522
61.0252
64.4423
68.0064
71.7202
75.5858
79.6046
83.7778
88.1056
92.5879
97.2235
102.011
106.948
112.031
117.256
122.619
128.115
133.737
139.479
145.332
151.29
157.342
163.48
169.692
175.968
182.295
188.662
195.055
201.459
207.859
214.241
220.591
226.894
233.138
239.309
245.394
251.378
257.246
262.985
268.581
274.019
279.285
284.368
289.253
293.93
298.386
302.611
306.593
310.324
313.793
316.993
319.917
322.559
324.916
326.982
328.754
330.228
331.402
332.275
332.847
333.117
333.081
332.74
332.099
331.168
329.959
328.468
326.698
324.656
322.351
319.79
316.985
313.943
310.676
307.194
303.508
299.629
295.569
291.341
286.957
282.431
277.774
273.001
268.124
263.157
258.113
253.005
247.846
242.648
237.423
232.183
226.94
221.703
216.483
211.29
206.134
201.029
195.983
191.005
186.108
181.307
176.626
172.089
167.728
163.588
159.724
156.215
153.167
150.733
149.005
148.378
148.043
147.645
0
0.896075
1.09896
1.42524
1.65344
1.78851
1.865
1.90316
1.91696
1.91722
1.91198
1.90635
1.90372
1.90595
1.9147
1.93096
1.95557
1.98943
2.03343
2.08868
2.15654
2.23857
2.33656
2.45252
2.58867
2.74741
2.93125
3.14285
3.38484
3.65976
3.9701
4.31821
4.70633
5.13668
5.61143
6.13282
6.70313
7.3248
8.0004
8.73264
9.52426
10.3781
11.2969
12.283
13.3396
14.469
15.6733
16.9548
18.3163
19.761
21.2923
22.9143
24.6309
26.4468
28.3664
30.3946
32.5364
34.7973
37.1827
39.6986
42.3508
45.1453
48.088
51.1847
54.4411
57.8627
61.4544
65.221
69.1666
73.295
77.6093
82.1119
86.8047
91.6885
96.7637
102.03
107.485
113.127
118.953
124.959
131.139
137.488
143.999
150.664
157.474
164.419
171.491
178.676
185.964
193.341
200.794
208.308
215.868
223.46
231.066
238.67
246.253
253.798
261.288
268.707
276.038
283.266
290.374
297.344
304.16
310.807
317.267
323.526
329.568
335.378
340.941
346.245
351.277
356.025
360.477
364.622
368.451
371.954
375.127
377.963
380.457
382.604
384.401
385.847
386.939
387.679
388.064
388.095
387.771
387.094
386.07
384.712
383.034
381.027
378.701
376.063
373.125
369.898
366.394
362.624
358.601
354.337
349.846
345.141
340.237
335.148
329.888
324.474
318.919
313.241
307.454
301.572
295.613
289.589
283.515
277.406
271.274
265.133
258.996
252.874
246.779
240.721
234.714
228.771
222.904
217.124
211.446
205.886
200.469
195.223
190.182
185.393
180.915
176.827
173.225
170.243
167.934
166.646
165.441
164.286
0
0.919133
1.01185
1.28741
1.48574
1.60116
1.66125
1.68422
1.683
1.66803
1.64698
1.62583
1.60854
1.59802
1.59611
1.60419
1.62342
1.65484
1.69943
1.75834
1.83273
1.92388
2.03326
2.16249
2.31343
2.48811
2.68875
2.91771
3.1775
3.47069
3.79989
4.16772
4.57681
5.02982
5.52948
6.0785
6.67973
7.33618
8.05108
8.82784
9.66998
10.5809
11.5646
12.625
13.7665
14.992
16.3058
17.7119
19.2142
20.8181
22.529
24.3527
26.2953
28.3626
30.5611
32.897
35.3772
38.0087
40.7989
43.7552
46.8851
50.196
53.6951
57.3892
61.285
65.3883
69.7049
74.2396
78.9966
83.9793
89.1903
94.6314
100.303
106.206
112.338
118.697
125.28
132.082
139.099
146.322
153.746
161.36
169.156
177.122
185.247
193.518
201.921
210.442
219.066
227.776
236.554
245.384
254.248
263.127
272.001
280.85
289.654
298.391
307.044
315.592
324.018
332.3
340.42
348.36
356.101
363.624
370.912
377.948
384.715
391.197
397.378
403.244
408.782
413.978
418.82
423.297
427.399
431.119
434.449
437.384
439.92
442.051
443.776
445.092
446.001
446.502
446.598
446.287
445.573
444.457
442.947
441.062
438.816
436.191
433.208
429.878
426.213
422.226
417.933
413.346
408.481
403.352
397.974
392.364
386.537
380.511
374.303
367.931
361.411
354.761
347.999
341.143
334.208
327.211
320.168
313.095
306.006
298.916
291.838
284.786
277.772
270.81
263.912
257.095
250.371
243.754
237.26
230.908
224.723
218.735
212.981
207.509
202.379
197.666
193.457
189.866
186.913
184.916
182.831
180.968
0
0.932634
0.904294
1.11889
1.27835
1.36704
1.4059
1.41072
1.39394
1.36575
1.33415
1.30464
1.28124
1.26683
1.26343
1.27256
1.29532
1.33261
1.38527
1.45412
1.54006
1.64412
1.76747
1.91149
2.07778
2.2682
2.48489
2.73013
3.00647
3.31662
3.66343
4.04991
4.47919
4.95459
5.47953
6.05753
6.69242
7.38794
8.1485
8.97868
9.88325
10.8678
11.9365
13.0945
14.3469
15.6999
17.1595
18.7322
20.4245
22.2436
24.1971
26.2932
28.5396
30.9443
33.5152
36.2605
39.1891
42.3098
45.6318
49.164
52.9153
56.8941
61.1085
65.5658
70.2728
75.2357
80.4594
85.9485
91.706
97.7343
104.035
110.607
117.45
124.561
131.937
139.572
147.462
155.598
163.972
172.573
181.392
190.415
199.631
209.024
218.579
228.279
238.109
248.049
258.081
268.183
278.338
288.524
298.72
308.904
319.053
329.145
339.155
349.063
358.845
368.48
377.947
387.224
396.289
405.123
413.705
422.016
430.037
437.749
445.134
452.176
458.859
465.168
471.088
476.606
481.71
486.388
490.633
494.435
497.789
500.69
503.132
505.112
506.629
507.683
508.275
508.407
508.081
507.301
506.073
504.393
502.277
499.753
496.817
493.463
489.715
485.587
481.093
476.248
471.071
465.576
459.78
453.701
447.355
440.761
433.938
426.905
419.68
412.285
404.738
397.059
389.267
381.381
373.42
365.402
357.345
349.265
341.177
333.099
325.045
317.028
309.063
301.165
293.349
285.629
278.022
270.542
263.208
256.039
249.061
242.307
235.814
229.631
223.816
218.441
213.582
209.336
205.694
202.957
200
197.476
0
0.942362
0.790353
0.940496
1.05656
1.11328
1.12675
1.11163
1.07957
1.04046
1.00191
0.969493
0.946941
0.93669
0.940277
0.958685
0.992577
1.04248
1.10889
1.19236
1.29354
1.41328
1.5526
1.7128
1.89542
2.10236
2.3358
2.59828
2.89259
3.22186
3.58948
3.99898
4.45438
4.95985
5.51991
6.13942
6.82374
7.57899
8.41035
9.32371
10.3253
11.4211
12.6187
13.9259
15.3506
16.9015
18.5872
20.4167
22.3993
24.5447
26.8629
29.364
32.0576
34.9535
38.0615
41.3918
44.9552
48.7622
52.8233
57.1483
61.7466
66.6267
71.7964
77.2625
83.0307
89.1055
95.4906
102.188
109.199
116.523
124.158
132.102
140.349
148.894
157.73
166.848
176.238
185.889
195.788
205.923
216.276
226.834
237.579
248.494
259.558
270.752
282.056
293.447
304.903
316.402
327.921
339.437
350.924
362.36
373.718
384.973
396.101
407.076
417.875
428.475
438.853
448.985
458.848
468.422
477.685
486.618
495.2
503.413
511.238
518.659
525.659
532.225
538.34
543.992
549.17
553.863
558.063
561.763
564.958
567.641
569.811
571.462
572.6
573.218
573.329
572.926
572.021
570.626
568.73
566.342
563.485
560.192
556.431
552.223
547.593
542.553
537.122
531.318
525.159
518.664
511.85
504.738
497.347
489.697
481.808
473.703
465.402
456.928
448.302
439.545
430.677
421.721
412.696
403.622
394.517
385.4
376.287
367.195
358.139
349.137
340.202
331.351
322.598
313.962
305.457
297.101
288.911
280.911
273.127
265.591
258.343
251.429
244.907
238.843
233.302
228.368
224.009
220.519
216.709
213.571
0
0.954045
0.682558
0.769858
0.841277
0.864094
0.850334
0.813943
0.766897
0.719143
0.677936
0.648074
0.632465
0.632682
0.649417
0.682895
0.733126
0.80012
0.884011
0.985126
1.10401
1.24148
1.39865
1.57697
1.77826
2.00472
2.25902
2.54419
2.86372
3.22167
3.62265
4.07215
4.57535
5.13777
5.7654
6.46485
7.24327
8.10847
9.06872
10.1326
11.3087
12.6067
14.0372
15.611
17.3397
19.2348
21.3083
23.5719
26.0382
28.7192
31.6269
34.7728
38.1679
41.8233
45.7508
49.9622
54.4695
59.2837
64.4147
69.8718
75.6626
81.7939
88.271
95.0976
102.276
109.808
117.693
125.929
134.512
143.439
152.701
162.292
172.203
182.422
192.938
203.739
214.808
226.13
237.689
249.467
261.444
273.602
285.92
298.376
310.949
323.616
336.352
349.135
361.939
374.74
387.511
400.227
412.862
425.389
437.782
450.014
462.06
473.893
485.491
496.827
507.88
518.624
529.037
539.097
548.784
558.078
566.96
575.408
583.407
590.94
597.994
604.553
610.601
616.128
621.124
625.58
629.488
632.843
635.641
637.874
639.547
640.649
641.194
641.174
640.592
639.465
637.804
635.604
632.868
629.612
625.868
621.649
616.919
611.725
606.085
600.016
593.537
586.669
579.431
571.845
563.93
555.708
547.2
538.428
529.415
520.185
510.76
501.163
491.418
481.549
471.576
461.523
451.41
441.259
431.09
420.921
410.77
400.654
390.591
380.597
370.688
360.881
351.192
341.637
332.235
323.002
313.958
305.126
296.533
288.213
280.203
272.551
265.31
258.541
252.302
246.66
241.572
237.333
232.696
229
0
0.970775
0.585077
0.614279
0.641459
0.628291
0.585867
0.528697
0.469186
0.416968
0.37845
0.357258
0.354981
0.371938
0.407734
0.461676
0.533099
0.621562
0.727039
0.849905
0.990898
1.15117
1.33241
1.53691
1.7676
2.02806
2.32185
2.65326
3.02724
3.44969
3.92748
4.468
5.07948
5.77037
6.54989
7.42803
8.41575
9.52406
10.7662
12.1554
13.7054
15.4305
17.3451
19.4641
21.8028
24.3758
27.1978
30.2833
33.6467
37.3015
41.2599
45.5343
50.1327
55.0679
60.352
65.9961
72.0099
78.401
85.1754
92.3372
99.8888
107.831
116.163
124.883
133.986
143.466
153.317
163.53
174.095
185.001
196.236
207.784
219.632
231.763
244.161
256.808
269.684
282.769
296.043
309.484
323.072
336.782
350.594
364.483
378.426
392.397
406.372
420.326
434.232
448.063
461.795
475.401
488.856
502.132
515.205
528.047
540.634
552.941
564.944
576.618
587.942
598.891
609.444
619.58
629.281
638.529
647.303
655.584
663.356
670.605
677.321
683.489
689.093
694.125
698.578
702.442
705.715
708.387
710.465
711.93
712.801
713.059
712.736
711.781
710.275
708.183
705.521
702.293
698.504
694.18
689.37
684.025
678.159
671.817
665.016
657.776
650.116
642.059
633.629
624.845
615.732
606.31
596.603
586.635
576.43
566.014
555.41
544.643
533.738
522.718
511.608
500.429
489.206
477.959
466.709
455.475
444.276
433.129
422.053
411.064
400.179
389.416
378.791
368.321
358.024
347.918
338.024
328.363
318.965
309.86
301.089
292.695
284.729
277.246
270.297
263.939
258.119
253.139
247.7
243.516
0
0.9842
0.504088
0.486365
0.475077
0.43049
0.364536
0.292746
0.227802
0.178559
0.149957
0.143889
0.160344
0.198349
0.256568
0.333706
0.428868
0.541911
0.673382
0.824366
0.99646
1.19183
1.41363
1.66606
1.95427
2.284
2.66183
3.09469
3.59111
4.16126
4.81674
5.56997
6.43404
7.42312
8.55193
9.83709
11.2967
12.9507
14.8181
16.9175
19.267
21.8847
24.7893
27.9992
31.5322
35.4035
39.6264
44.2143
49.1801
54.5344
60.2878
66.4427
73.0064
79.9896
87.398
95.2344
103.499
112.189
121.3
130.826
140.76
151.093
161.814
172.91
184.369
196.176
208.317
220.775
233.535
246.578
259.886
273.44
287.222
301.21
315.386
329.729
344.217
358.828
373.542
388.335
403.186
418.073
432.973
447.863
462.719
477.518
492.234
506.842
521.317
535.636
549.778
563.717
577.429
590.888
604.072
616.957
629.52
641.739
653.589
665.05
676.098
686.713
696.876
706.569
715.776
724.48
732.663
740.308
747.401
753.936
759.901
765.28
770.057
774.228
777.783
780.72
783.035
784.715
785.78
786.2
786.013
785.16
783.709
781.634
778.949
775.667
771.798
767.347
762.334
756.805
750.765
744.155
737.04
729.446
721.395
712.905
704
694.703
685.037
675.027
664.694
654.062
643.154
631.997
620.616
609.036
597.282
585.381
573.356
561.233
549.034
536.785
524.507
512.223
499.953
487.717
475.534
463.421
451.395
439.476
427.678
416.022
404.522
393.196
382.062
371.133
360.433
349.988
339.823
329.973
320.473
311.367
302.701
294.528
286.889
279.836
273.309
267.624
261.419
256.858
0
0.988853
0.444627
0.398654
0.361091
0.295149
0.215683
0.139438
0.0786263
0.0404547
0.0277955
0.0406656
0.077794
0.137655
0.218822
0.320208
0.441623
0.584216
0.750478
0.943735
1.16785
1.42774
1.73019
2.08442
2.50137
2.99302
3.57121
4.25
5.04596
5.97932
7.07283
8.35123
9.83911
11.5584
13.5321
15.7857
18.3463
21.24
24.4921
28.1239
32.1545
36.5984
41.4704
46.784
52.5504
58.7789
65.476
72.6447
80.2901
88.4009
96.969
105.981
115.457
125.382
135.746
146.535
157.732
169.32
181.282
193.598
206.25
219.221
232.489
246.036
259.842
273.888
288.154
302.621
317.27
332.082
347.038
362.118
377.305
392.579
407.921
423.314
438.738
454.174
469.603
485.007
500.365
515.66
530.871
545.979
560.964
575.805
590.481
604.97
619.253
633.308
647.117
660.66
673.914
686.856
699.463
711.717
723.599
735.089
746.167
756.815
767.011
776.747
785.999
794.75
802.985
810.686
817.838
824.425
830.424
835.823
840.618
844.809
848.379
851.328
853.639
855.327
856.383
856.785
856.586
855.695
854.2
852.077
849.327
845.965
842.002
837.441
832.29
826.561
820.286
813.53
806.213
798.343
789.982
781.155
771.88
762.178
752.074
741.591
730.755
719.588
708.114
696.357
684.342
672.093
659.637
647.001
634.21
621.289
608.263
595.156
581.993
568.796
555.589
542.394
529.23
516.118
503.075
490.12
477.268
464.539
451.949
439.515
427.255
415.184
403.319
391.68
380.285
369.157
358.324
347.818
337.674
327.934
318.64
309.841
301.573
293.884
286.707
280.381
273.469
268.649
0
0.977342
0.406164
0.352839
0.301476
0.225139
0.143376
0.072916
0.0242386
0.00228264
0.00794229
0.0400287
0.0972217
0.178915
0.285004
0.415952
0.574403
0.766153
0.999691
1.28475
1.63156
2.05236
2.56621
3.19759
3.97508
4.92912
6.09036
7.4883
9.158
11.1393
13.4734
16.2011
19.359
22.9763
27.0816
31.6977
36.8454
42.5396
48.7902
55.6026
62.9851
70.9351
79.4462
88.5089
98.1145
108.252
118.891
130.007
141.54
153.475
165.809
178.544
191.645
205.08
218.819
232.831
247.09
261.57
276.247
291.098
306.104
321.244
336.499
351.852
367.285
382.782
398.329
413.912
429.515
445.127
460.732
476.32
491.877
507.39
522.847
538.236
553.543
568.754
583.858
598.842
613.692
628.393
642.93
657.288
671.454
685.414
699.152
712.648
725.884
738.842
751.512
763.876
775.916
787.612
798.945
809.906
820.476
830.633
840.359
849.634
858.429
866.722
874.508
881.775
888.51
894.701
900.337
905.406
909.909
913.842
917.165
919.889
922
923.491
924.34
924.579
924.202
923.135
921.5
919.213
916.31
912.781
908.641
903.891
898.548
892.618
886.111
879.053
871.503
863.466
854.847
845.721
836.122
826.075
815.601
804.725
793.471
781.863
769.927
757.686
745.162
732.38
719.364
706.139
692.731
679.168
665.473
651.672
637.787
623.843
609.863
595.87
581.886
567.931
554.026
540.189
526.437
512.788
499.257
485.861
472.619
459.546
446.658
433.972
421.501
409.261
397.273
385.562
374.155
363.082
352.378
342.081
332.232
322.874
314.041
305.779
298.015
291.116
283.566
278.569
0
0.944572
0.397034
0.356867
0.30135
0.223009
0.146599
0.0874246
0.0532995
0.047029
0.0685394
0.117327
0.194931
0.305144
0.453086
0.645879
0.89744
1.23207
1.68281
2.28737
3.08505
4.12147
5.45515
7.15535
9.29378
11.9394
15.1535
18.9902
23.5042
28.7361
34.7182
41.4717
48.9982
57.3029
66.3923
76.2511
86.8465
98.1335
110.064
122.591
135.732
149.4
163.54
178.089
192.921
207.99
223.311
238.852
254.6
270.525
286.571
302.703
318.89
335.099
351.307
367.493
383.639
399.731
415.756
431.703
447.565
463.336
479.008
494.577
510.038
525.386
540.62
555.735
570.729
585.598
600.34
614.952
629.428
643.764
657.954
671.993
685.873
699.592
713.143
726.521
739.717
752.72
765.518
778.101
790.462
802.592
814.479
826.109
837.468
848.541
859.329
869.807
879.958
889.762
899.182
908.201
916.812
925.005
932.765
940.081
946.961
953.386
959.324
964.756
969.662
974.033
977.869
981.154
983.869
986.019
987.562
988.534
988.921
988.722
987.854
986.436
984.421
981.771
978.534
974.683
970.237
965.186
959.548
953.334
946.555
939.215
931.34
922.953
914.149
904.812
894.946
884.618
873.874
862.722
851.175
839.257
826.992
814.402
801.513
788.348
774.928
761.277
747.419
733.379
719.182
704.855
690.422
675.905
661.328
646.712
632.08
617.454
602.855
588.303
573.816
559.411
545.106
530.915
516.854
502.94
489.188
475.616
462.237
449.066
436.116
423.404
410.948
398.773
386.906
375.374
364.21
353.45
343.134
333.301
323.983
315.223
306.948
299.551
291.446
286.33
0
0.886705
0.436992
0.425132
0.364582
0.282929
0.210099
0.158149
0.131579
0.131847
0.160928
0.227097
0.350729
0.565109
0.915146
1.45662
2.27266
3.47798
5.20894
7.60238
10.7839
14.8783
20.0135
26.2904
33.7894
42.5516
52.5962
63.9477
76.6149
90.5271
105.567
121.59
138.428
155.979
174.327
193.221
212.508
232.041
251.654
271.128
290.443
309.661
328.773
347.751
366.616
385.315
403.771
421.941
439.797
457.333
474.543
491.428
507.988
524.226
540.148
555.761
571.076
586.1
600.85
615.328
629.551
643.525
657.266
670.781
684.081
697.173
710.066
722.767
735.284
747.621
759.783
771.773
783.595
795.25
806.741
818.062
829.214
840.207
851.028
861.681
872.16
882.457
892.565
902.476
912.198
921.714
931.011
940.073
948.878
957.392
965.608
973.521
981.13
988.413
995.391
1002.03
1008.3
1014.17
1019.65
1024.7
1029.31
1033.48
1037.2
1040.45
1043.19
1045.43
1047.18
1048.42
1049.12
1049.32
1048.9
1047.96
1046.47
1044.42
1041.77
1038.57
1034.81
1030.47
1025.59
1020.13
1014.15
1007.64
1000.58
992.994
984.872
976.227
967.095
957.541
947.547
937.035
926.064
914.67
902.859
890.672
878.132
865.261
852.081
838.616
824.889
810.923
796.738
782.355
767.799
753.094
738.264
723.335
708.328
693.266
678.167
663.053
647.945
632.863
617.827
602.855
587.963
573.168
558.484
543.924
529.503
515.236
501.139
487.226
473.511
460.006
446.722
433.673
420.881
408.368
396.16
384.283
372.767
361.646
350.958
340.739
331.02
321.845
313.138
305.319
296.746
291.56
0
0.824884
0.563477
0.56341
0.473788
0.373341
0.282623
0.20252
0.151093
0.16531
0.307733
0.689239
1.50552
3.01886
5.51078
9.24463
14.549
21.7073
31.0145
42.6732
56.8465
73.6866
93.2536
115.327
139.538
165.383
192.442
220.585
249.813
279.36
308.807
337.833
365.887
393.025
418.988
444.04
468.217
491.592
514.202
536.173
557.335
577.656
597.133
615.781
633.635
650.733
667.102
682.769
697.771
712.156
725.965
739.236
752.006
764.307
776.175
787.639
798.734
809.484
819.932
830.08
839.965
849.595
859.002
868.2
877.205
886.026
894.675
903.169
911.52
919.735
927.823
935.788
943.638
951.378
959.011
966.54
973.965
981.312
988.55
995.683
1002.7
1009.6
1016.35
1022.95
1029.37
1035.63
1041.71
1047.6
1053.32
1058.85
1064.16
1069.22
1074.03
1078.55
1082.77
1086.68
1090.26
1093.5
1096.38
1098.89
1101.01
1102.75
1104.08
1104.98
1105.4
1105.36
1104.91
1103.98
1102.56
1100.68
1098.28
1095.43
1092.1
1088.27
1083.91
1079.04
1073.66
1067.75
1061.34
1054.41
1046.94
1038.97
1030.49
1021.54
1012.09
1002.18
991.857
981.176
970.024
958.436
946.447
934.09
921.39
908.36
895.02
881.391
867.494
853.351
838.985
824.418
809.668
794.756
779.705
764.538
749.279
733.95
718.573
703.166
687.747
672.335
656.949
641.608
626.329
611.129
596.022
581.022
566.142
551.393
536.789
522.343
508.069
493.979
480.086
466.401
452.932
439.693
426.704
413.988
401.568
389.469
377.719
366.351
355.397
344.895
334.871
325.375
316.328
308.173
299.237
294.018
0
0.741439
0.846691
0.810883
0.575559
0.349995
0.152815
0.140313
0.743637
2.55077
6.15026
12.2187
21.5635
35.0797
53.667
78.061
109.127
146.58
189.425
235.979
284.915
335.921
388.29
439.704
489.173
535.562
578.481
618.199
654.388
687.838
718.865
747.647
774.663
799.881
823.173
844.605
864.158
882.102
898.557
913.677
927.548
940.252
951.869
962.483
972.199
981.114
989.308
996.843
1003.78
1010.18
1016.11
1021.61
1026.75
1031.55
1036.06
1040.32
1044.36
1048.22
1051.95
1055.49
1058.96
1062.29
1065.57
1068.79
1071.96
1075.09
1078.19
1081.29
1084.38
1087.47
1090.57
1093.68
1096.8
1099.92
1103.06
1106.19
1109.31
1112.45
1115.52
1118.6
1121.65
1124.66
1127.65
1130.64
1133.56
1136.4
1139.14
1141.77
1144.28
1146.61
1148.77
1150.72
1152.5
1154.03
1155.33
1156.39
1157.19
1157.71
1157.94
1157.86
1157.47
1156.76
1155.73
1154.37
1152.63
1150.49
1147.97
1145.05
1141.7
1137.93
1133.7
1128.97
1123.8
1118.18
1112.11
1105.58
1098.59
1091.14
1083.24
1074.88
1066.08
1056.85
1047.17
1037.05
1026.52
1015.55
1004.3
992.635
980.567
968.127
955.344
942.239
928.827
915.129
901.165
886.955
872.521
857.883
843.066
828.088
812.968
797.724
782.377
766.951
751.467
735.946
720.406
704.864
689.333
673.832
658.376
642.984
627.67
612.449
597.331
582.329
567.452
552.711
538.115
523.68
509.414
495.328
481.434
467.74
454.252
440.982
427.952
415.185
402.699
390.519
378.669
367.179
356.08
345.408
335.189
325.476
316.188
307.787
298.594
293.369
0
1.56906
1.7588
0.671109
0.0668578
1.35023
5.92208
15.1649
31.6096
58.6075
99.7456
158.731
235.571
325.217
423.131
524.202
629.822
730.63
823.107
903.874
974.135
1034.62
1085.54
1129.14
1167.06
1200.4
1229.86
1255.37
1276.97
1294.96
1309.74
1321.72
1331.3
1338.84
1344.57
1348.7
1350.91
1352.13
1352.23
1351.43
1349.88
1347.67
1344.87
1341.57
1337.84
1333.77
1329.41
1324.85
1320.12
1315.28
1310.38
1305.46
1300.55
1295.68
1290.87
1286.16
1281.57
1277.1
1272.79
1268.62
1264.62
1260.77
1257.1
1253.6
1250.28
1247.11
1244.12
1241.31
1238.66
1236.2
1233.9
1231.78
1229.83
1228.04
1226.4
1224.96
1223.69
1222.56
1221.53
1220.6
1219.74
1218.96
1218.23
1217.54
1216.88
1216.21
1215.53
1214.82
1214.06
1213.24
1212.34
1211.36
1210.27
1209.08
1207.73
1206.21
1204.5
1202.59
1200.45
1198.08
1195.46
1192.55
1189.3
1185.75
1181.89
1177.7
1173.18
1168.32
1163.1
1157.51
1151.55
1145.21
1138.49
1131.38
1123.88
1115.97
1107.67
1098.95
1089.84
1080.33
1070.42
1060.11
1049.4
1038.31
1026.84
1015.08
1002.99
990.548
977.774
964.688
951.312
937.667
923.767
909.631
895.275
880.719
865.982
851.086
836.052
820.9
805.646
790.306
774.903
759.455
743.984
728.509
713.043
697.599
682.191
666.832
651.538
636.323
621.201
606.181
591.273
576.487
561.828
547.305
532.927
518.705
504.646
490.757
477.049
463.53
450.202
437.077
424.177
411.523
399.131
387.023
375.22
363.75
352.64
341.926
331.633
321.818
312.402
303.853
294.522
289.31
0
1.21427
1.99387
12.5451
38.3259
91.0464
193.777
347.274
548.685
778.894
1016.44
1256.02
1469.29
1637.02
1767.02
1866.74
1935.01
1983.62
2017.83
2043
2060.13
2071.28
2075.37
2072.93
2067.16
2057.67
2045.35
2030.77
2014.14
1995.79
1976.12
1955.45
1934.18
1912.6
1890.85
1869.12
1847.29
1825.56
1804
1782.67
1761.65
1740.97
1720.66
1700.72
1681.19
1662.1
1643.45
1625.27
1607.59
1590.41
1573.75
1557.61
1542
1526.92
1512.36
1498.33
1484.82
1471.82
1459.33
1447.32
1435.79
1424.71
1414.09
1403.89
1394.14
1384.84
1375.96
1367.48
1359.39
1351.68
1344.33
1337.35
1330.71
1324.39
1318.39
1312.7
1307.3
1302.17
1297.29
1292.65
1288.22
1283.98
1279.9
1275.98
1272.18
1268.49
1264.87
1261.31
1257.79
1254.28
1250.77
1247.16
1243.48
1239.75
1235.94
1232.03
1228.01
1223.85
1219.53
1215.05
1210.37
1205.51
1200.42
1195.11
1189.55
1183.72
1177.62
1171.23
1164.53
1157.51
1150.18
1142.5
1134.49
1126.12
1117.42
1108.37
1098.98
1089.23
1079.14
1068.71
1057.93
1046.81
1035.36
1023.55
1011.49
999.141
986.481
973.551
960.347
946.888
933.194
919.28
905.162
890.856
876.378
861.745
846.974
832.085
817.101
802.039
786.914
771.743
756.545
741.338
726.14
710.967
695.83
680.738
665.702
650.734
635.847
621.054
606.363
591.782
577.317
562.975
548.761
534.677
520.734
506.94
493.297
479.808
466.485
453.335
440.358
427.565
414.979
402.617
390.493
378.624
367.03
355.734
344.76
334.144
323.91
314.121
304.698
296.11
286.77
281.582
0
105.176
352.56
790.307
1410.22
2070.39
2798.99
3324.58
3685.15
3886.41
3974.45
3975.34
3933.26
3851.77
3773.26
3689.83
3603.83
3516.74
3429.89
3344.8
3262.14
3182.29
3104.69
3028.74
2955.01
2883.62
2814.85
2748.8
2685.36
2624.38
2565.75
2509.36
2455.18
2403.15
2353.21
2305.32
2259.28
2215.03
2172.49
2131.48
2092.04
2054.02
2017.4
1982.21
1948.34
1915.73
1884.35
1854.17
1825.14
1797.23
1770.42
1744.66
1719.93
1696.18
1673.39
1651.52
1630.54
1610.42
1591.11
1572.58
1554.79
1537.73
1521.37
1505.67
1490.61
1476.17
1462.34
1449.1
1436.44
1424.34
1412.76
1401.71
1391.15
1381.06
1371.43
1362.22
1353.39
1344.93
1336.84
1329.08
1321.63
1314.47
1307.56
1300.88
1294.39
1288.09
1281.94
1275.92
1270
1264.16
1258.39
1252.68
1247
1241.32
1235.63
1229.91
1224.14
1218.29
1212.35
1206.3
1200.11
1193.76
1187.24
1180.52
1173.61
1166.47
1159.11
1151.51
1143.65
1135.52
1127.12
1118.45
1109.49
1100.23
1090.68
1080.83
1070.69
1060.25
1049.53
1038.51
1027.19
1015.59
1003.69
991.559
979.182
966.529
953.657
940.558
927.243
913.727
900.024
886.151
872.122
857.951
843.653
829.241
814.733
800.145
785.503
770.821
756.114
741.397
726.688
712.003
697.356
682.761
668.224
653.752
639.352
625.035
610.814
596.695
582.686
568.791
555.011
541.351
527.814
514.4
501.118
487.974
474.963
462.084
449.353
436.778
424.353
412.092
400.015
388.137
376.465
365.015
353.803
342.847
332.166
321.799
311.769
302.143
292.846
284.333
275.128
269.969
0
6629.62
9527.45
10838.8
11099.8
10582.5
9959.29
8992.63
8267.13
7590.01
7022.74
6542.86
6121.86
5751.78
5429.15
5146.87
4894.53
4667.43
4461.19
4273.13
4101.18
3943.37
3797.61
3662.16
3536.06
3418.28
3308.12
3204.94
3108.19
3017.25
2931.61
2850.75
2774.3
2701.85
2633.14
2567.86
2505.81
2446.68
2390.28
2336.27
2284.71
2235.27
2187.97
2142.71
2099.37
2057.87
2018.12
1980.05
1943.59
1908.67
1875.21
1843.15
1812.42
1782.96
1754.71
1727.62
1701.63
1676.69
1652.74
1629.73
1607.62
1586.39
1566.01
1546.43
1527.65
1509.64
1492.38
1475.84
1460
1444.84
1430.32
1416.41
1403.09
1390.34
1378.13
1366.43
1355.22
1344.47
1334.15
1324.24
1314.7
1305.51
1296.62
1288.03
1279.68
1271.57
1263.66
1255.93
1248.37
1240.94
1233.63
1226.41
1219.26
1212.17
1205.11
1198.06
1191.01
1183.93
1176.81
1169.62
1162.34
1154.95
1147.44
1139.77
1131.95
1123.96
1115.77
1107.39
1098.8
1089.98
1080.94
1071.67
1062.15
1052.39
1042.39
1032.14
1021.65
1010.9
999.908
988.678
977.198
965.459
953.541
941.397
929.024
916.471
903.731
890.816
877.735
864.501
851.129
837.631
824.022
810.312
796.517
782.647
768.717
754.744
740.751
726.756
712.77
698.808
684.887
671.017
657.21
643.476
629.818
616.239
602.746
589.348
576.053
562.868
549.793
536.829
523.977
511.239
498.613
486.1
473.708
461.435
449.274
437.219
425.292
413.502
401.84
390.321
378.959
367.767
356.741
345.898
335.25
324.81
314.589
304.633
294.962
285.648
276.618
268.305
259.393
254.265
7349.4
9399.18
9932.17
9731
9345.78
8826.94
8338.95
7854.1
7420.29
6946.92
6537.32
6171.23
5833.3
5534.79
5265.1
5019.91
4792.6
4585.86
4396.41
4221.45
4059.87
3910.24
3771.03
3641.14
3519.72
3405.88
3298.98
3198.33
3103.5
3013.92
2929.25
2848.99
2772.9
2700.53
2631.74
2566.14
2503.69
2443.8
2386.67
2331.34
2279.14
2228.47
2180.33
2134.27
2090
2047.56
2006.87
1967.84
1930.39
1894.45
1859.94
1826.79
1794.95
1764.34
1734.92
1706.61
1679.37
1653.12
1627.83
1603.45
1579.98
1557.38
1535.63
1514.71
1494.61
1475.29
1456.72
1438.9
1421.78
1405.35
1389.57
1374.42
1359.87
1345.88
1332.44
1319.51
1307.07
1295.08
1283.53
1272.38
1261.61
1251.18
1241.08
1231.28
1221.75
1212.47
1203.42
1194.59
1185.95
1177.48
1169.17
1161
1152.94
1144.97
1137.08
1129.23
1121.41
1113.59
1105.76
1097.9
1089.98
1081.99
1073.92
1065.73
1057.42
1048.98
1040.38
1031.63
1022.71
1013.61
1004.32
994.847
985.18
975.313
965.259
954.99
944.54
933.873
923.017
911.964
900.708
889.313
877.696
865.921
854.001
841.937
829.736
817.408
804.963
792.415
779.774
767.053
754.265
741.418
728.529
715.603
702.654
689.697
676.753
663.84
650.972
638.165
625.429
612.769
600.192
587.705
575.309
563.002
550.791
538.685
526.687
514.798
503.015
491.336
479.756
468.282
456.904
445.63
434.456
423.376
412.381
401.467
390.662
379.972
369.388
358.926
348.583
338.374
328.28
318.321
308.5
298.827
289.308
279.995
270.901
262.109
253.542
245.605
237.2
232.106
1274.82
1393.12
1537.46
1634.67
1751.04
1878.67
2016.84
2148.36
2278.68
2397.24
2504.96
2600.2
2674.26
2734.62
2776.21
2809.16
2822.84
2833.93
2829.78
2815.25
2795.63
2768.83
2735.34
2698.68
2659.74
2619.04
2577.25
2534.63
2491.71
2448.57
2405.66
2362.9
2320.69
2278.85
2237.76
2197.19
2157.49
2118.49
2080.17
2042.45
2005.63
1969.64
1934.55
1900.44
1867.21
1834.88
1803.43
1772.85
1743.13
1714.25
1686.21
1658.98
1632.54
1606.88
1581.98
1557.76
1534.24
1511.35
1489.15
1467.61
1446.73
1426.52
1406.98
1388.07
1369.8
1352.14
1335.08
1318.59
1302.66
1287.27
1272.4
1258.03
1244.13
1230.7
1217.71
1205.15
1192.98
1181.2
1169.77
1158.68
1147.9
1137.41
1127.19
1117.24
1107.54
1098.06
1088.82
1079.78
1070.94
1062.28
1053.78
1045.43
1037.21
1029.09
1021.05
1013.06
1005.12
997.197
989.276
981.338
973.368
965.349
957.267
949.107
940.858
932.508
924.046
915.461
906.746
897.895
888.901
879.767
870.48
861.05
851.481
841.737
831.88
821.831
811.676
801.391
790.903
780.312
769.605
758.789
747.869
736.855
725.754
714.576
703.326
692.021
680.668
669.279
657.868
646.437
635.006
623.572
612.154
600.758
589.401
578.102
566.885
555.758
544.731
533.797
522.958
512.217
501.57
491.019
480.569
470.227
459.988
449.846
439.793
429.829
419.946
410.154
400.434
390.812
381.251
371.747
362.308
352.933
343.651
334.441
325.324
316.311
307.344
298.479
289.664
280.926
272.249
263.65
255.133
246.758
238.522
230.525
222.673
215.357
207.71
202.696
147.701
160.985
176.494
195.601
219.685
246.729
275.697
306.607
340.36
376.668
415.394
457.3
501.233
547.98
596.204
646.51
697.547
749.238
801.703
852.891
904.067
954.41
1004.53
1052.05
1096.86
1138.51
1177.02
1212
1243.67
1271.64
1296.38
1317.44
1335.54
1350.09
1362.13
1370.84
1377.46
1380.74
1380.71
1379.19
1376.31
1372.09
1366.67
1360.21
1352.8
1344.54
1335.56
1325.93
1315.73
1305.06
1293.97
1282.55
1270.84
1258.92
1246.86
1234.61
1222.32
1209.9
1197.52
1185.18
1172.89
1160.69
1148.6
1136.65
1124.85
1113.2
1101.73
1090.43
1079.31
1068.39
1057.65
1047.12
1036.78
1026.64
1016.69
1006.95
997.4
988.036
978.839
969.806
960.934
952.223
943.673
935.285
927.053
918.976
911.055
903.28
895.643
888.128
880.721
873.409
866.174
859
851.871
844.77
837.684
830.602
823.511
816.399
809.254
802.068
794.829
787.529
780.159
772.713
765.182
757.56
749.843
742.026
734.106
726.087
717.952
709.724
701.419
692.945
684.452
675.835
667.063
658.235
649.305
640.305
631.231
622.092
612.895
603.647
594.354
585.025
575.663
566.285
556.892
547.501
538.123
528.755
519.422
510.107
500.838
491.611
482.436
473.327
464.329
455.434
446.651
437.963
429.361
420.849
412.425
404.092
395.854
387.708
379.64
371.642
363.703
355.827
348.004
340.256
332.546
324.939
317.313
309.714
302.174
294.705
287.306
279.89
272.565
265.339
258.016
250.792
243.536
236.296
229.017
221.755
214.519
207.353
200.232
193.288
186.396
179.954
173.278
168.486
24.5121
26.0237
27.8363
29.7558
32.0814
34.7483
37.6566
40.8695
44.5669
48.8426
53.748
59.324
65.5778
72.5882
80.369
88.9778
98.4347
108.751
120.006
132.122
145.213
159.21
174.235
190.215
207.194
225.042
243.832
263.362
283.747
304.681
326.351
348.308
370.86
393.363
416.334
438.834
461.803
484.65
507.529
529.625
550.894
571.246
590.609
608.912
626.115
642.174
657.076
670.801
683.357
694.755
705.006
714.177
722.218
729.355
735.258
739.876
743.669
746.208
748.664
750.041
750.894
751.265
751.146
750.565
749.549
748.128
746.331
744.189
741.729
738.98
735.968
732.721
729.259
725.609
721.788
717.822
713.73
709.528
705.215
700.811
696.332
691.795
687.208
682.587
677.931
673.245
668.537
663.802
659.049
654.269
649.46
644.619
639.745
634.832
629.878
624.881
619.839
614.749
609.609
604.415
599.163
593.852
588.478
583.039
577.533
571.957
566.309
560.587
554.792
548.923
542.976
536.964
530.855
524.743
518.502
512.213
505.865
499.444
492.952
486.417
479.829
473.199
466.533
459.837
453.115
446.372
439.615
432.848
426.073
419.309
412.553
405.823
399.125
392.451
385.831
379.229
372.69
366.192
359.746
353.364
347.098
340.92
334.834
328.836
322.891
317.011
311.207
305.479
299.818
294.209
288.632
283.085
277.56
272.073
266.602
261.189
255.773
250.478
245.077
239.683
234.337
229.044
223.786
218.422
213.142
207.932
202.463
197.077
191.598
186.091
180.418
174.725
169.034
163.314
157.536
151.884
146.187
140.852
135.345
130.984
3.07863
3.30702
3.57277
3.77633
4.00201
4.31644
4.69554
5.10957
5.56699
6.07204
6.62807
7.22786
7.88219
8.60757
9.41989
10.3361
11.3715
12.5409
13.8631
15.3571
17.0428
18.937
21.0614
23.4315
26.0641
28.971
32.17
35.6661
39.4819
43.6117
48.0852
52.8843
58.0483
63.5448
69.4215
75.6346
82.2255
89.1725
96.5004
104.192
112.233
120.599
129.276
138.236
147.46
156.912
166.573
176.391
186.356
196.391
206.508
216.588
226.704
236.636
246.628
256.615
266.474
276.233
285.657
294.697
303.312
311.505
319.271
326.604
333.501
339.96
345.981
351.569
356.725
361.461
365.779
369.697
373.217
376.365
379.136
381.572
383.644
385.316
386.56
387.484
388.098
388.439
388.518
388.375
387.991
387.446
386.767
385.929
384.948
383.817
382.539
381.114
379.554
377.858
376.041
374.103
372.05
369.887
367.619
365.251
362.785
360.226
357.577
354.843
352.026
349.129
346.157
343.11
339.993
336.81
333.561
330.255
326.886
323.471
320.019
316.478
313.033
309.393
305.743
302.066
298.365
294.641
290.9
287.144
283.378
279.605
275.831
272.057
268.285
264.532
260.79
257.079
253.396
249.727
246.107
242.483
238.917
235.36
231.817
228.284
224.919
221.593
218.404
215.262
212.101
208.959
205.875
202.832
199.814
196.793
193.758
190.722
187.68
184.656
181.612
178.612
175.543
172.65
169.227
166.046
162.904
159.965
156.929
153.42
150.243
147.288
143.545
140.422
136.902
133.295
129.398
125.448
121.468
117.332
113.047
108.865
104.539
100.516
96.1914
92.685
0.253116
0.26707
0.286146
0.300924
0.320672
0.360139
0.416325
0.480647
0.551711
0.630754
0.71675
0.807395
0.901755
1.00066
1.1053
1.21662
1.3356
1.46357
1.60216
1.75412
1.92152
2.10749
2.31406
2.54463
2.80252
3.09395
3.42073
3.78923
4.20374
4.6689
5.19088
5.7743
6.42633
7.15127
7.95717
8.84813
9.83229
10.9159
12.1065
13.4092
14.828
16.3668
18.0291
19.8176
21.7341
23.7797
25.9556
28.2611
30.6966
33.2593
35.9493
38.761
41.694
44.7403
47.8939
51.158
54.5229
57.9874
61.543
65.1727
68.8628
72.6009
76.3748
80.1721
83.9804
87.7878
91.5814
95.3495
99.0787
102.759
106.375
109.92
113.379
116.747
120.007
123.16
126.187
129.157
132.039
134.812
137.465
139.983
142.363
144.587
146.675
148.577
150.288
151.767
153.165
154.354
155.394
156.289
157.042
157.661
158.16
158.539
158.804
158.959
159.008
158.958
158.813
158.578
158.256
157.854
157.374
156.821
156.2
155.515
154.77
153.968
153.115
152.211
151.266
150.274
149.259
148.19
147.119
146.001
144.862
143.69
142.506
141.298
140.086
138.854
137.623
136.377
135.133
133.857
132.571
131.283
129.997
128.724
127.462
126.2
124.96
123.712
122.484
121.262
120.044
118.856
117.721
116.632
115.538
114.549
113.509
112.489
111.527
110.604
109.689
108.754
107.792
106.823
105.835
104.857
103.832
102.846
101.756
100.771
99.5893
98.4088
97.1524
95.8924
94.5727
93.1169
91.7032
90.2699
88.2606
86.4306
84.6063
82.8313
80.4247
78.2027
76.1498
73.6548
70.9307
68.2367
65.3409
62.6548
59.722
57.1478
0.0562314
0.0532417
0.0473496
0.0393258
0.0292819
0.0198994
0.0137324
0.0112233
0.0121526
0.0166604
0.0247679
0.0360024
0.0497052
0.0653929
0.0827646
0.101555
0.121529
0.142536
0.164501
0.187521
0.21175
0.237333
0.264414
0.293231
0.324098
0.357392
0.393454
0.432726
0.475707
0.522904
0.574933
0.632392
0.69605
0.766604
0.845029
0.932132
1.02914
1.13697
1.25667
1.38962
1.53794
1.70267
1.88569
2.08844
2.31254
2.55971
2.83163
3.13006
3.45666
3.81314
4.20103
4.62184
5.07694
5.56754
6.09518
6.66152
7.26726
7.91368
8.60048
9.32758
10.0944
10.8999
11.7424
12.6203
13.5314
14.4739
15.4452
16.4429
17.464
18.5058
19.565
20.6389
21.7235
22.8162
23.9126
25.0103
26.1036
27.1915
28.2715
29.341
30.3967
31.4351
32.4538
33.4487
34.4188
35.3604
36.2706
37.142
37.9784
38.7758
39.5365
40.2278
40.9146
41.531
42.1437
42.7035
43.2193
43.6957
44.1339
44.5347
44.899
45.2282
45.5234
45.786
46.0173
46.2189
46.3923
46.5391
46.6612
46.7598
46.8367
46.8942
46.9338
46.9574
46.9673
46.9634
46.9491
46.9238
46.8866
46.8417
46.7879
46.7296
46.6657
46.5994
46.5301
46.4585
46.3869
46.3244
46.2753
46.2315
46.1999
46.1775
46.1626
46.1503
46.1447
46.1431
46.1398
46.1552
46.1542
46.1901
46.2361
46.3089
46.3455
46.5801
46.64
46.7393
46.9829
47.1466
47.2623
47.3031
47.324
47.364
47.3961
47.4306
47.4095
47.4354
47.3348
47.3963
47.205
47.2475
47.0051
46.9245
46.6528
46.2764
46.0103
45.6272
45.1004
44.4347
43.5143
42.6547
41.4875
40.4249
39.3234
37.8665
36.4321
35.1823
33.5736
32.0726
30.4192
28.5716
0.123941
0.124396
0.121149
0.114513
0.104764
0.0921683
0.0780883
0.0640728
0.050875
0.0388592
0.0284197
0.0198449
0.0131562
0.00819365
0.00477
0.00271761
0.00187406
0.00207475
0.00316299
0.00500299
0.00748955
0.0105332
0.0140499
0.0179743
0.022261
0.0268914
0.0318397
0.0371231
0.0427373
0.0487074
0.0550618
0.0618355
0.0690791
0.076846
0.0852043
0.0942288
0.104005
0.114613
0.126152
0.138753
0.15257
0.167743
0.18443
0.202802
0.223047
0.245372
0.269993
0.297152
0.327088
0.360078
0.396378
0.436309
0.480134
0.528264
0.580983
0.638537
0.701407
0.76981
0.844364
0.925365
1.01323
1.10828
1.2108
1.321
1.4391
1.56528
1.69964
1.84223
1.99306
2.15209
2.31921
2.49428
2.67702
2.86722
3.06445
3.26837
3.47847
3.69456
3.91629
4.1433
4.37512
4.61119
4.85102
5.09387
5.33901
5.58551
5.83252
6.07886
6.32359
6.56721
6.80153
7.04058
7.268
7.49705
7.7213
7.93848
8.15
8.35564
8.5553
8.7489
8.9364
9.11781
9.29319
9.46261
9.62618
9.7841
9.9366
10.0839
10.2264
10.3639
10.4982
10.6261
10.7581
10.8745
11.0058
11.1134
11.2403
11.3418
11.4647
11.5624
11.6829
11.7774
11.8973
11.9894
12.1099
12.1998
12.3218
12.4077
12.5237
12.6174
12.7314
12.8461
12.9633
13.0831
13.2043
13.3306
13.4528
13.589
13.7128
13.8628
14.0286
14.1695
14.3452
14.5388
14.7278
14.9287
15.1405
15.3491
15.5555
15.7476
15.9314
16.1184
16.298
16.4989
16.6874
16.9028
17.0779
17.2975
17.4535
17.6518
17.7928
17.9472
18.0626
18.1527
18.2063
18.2272
18.1238
18.0805
17.926
17.6678
17.3364
16.712
16.2978
15.5991
14.8616
14.0273
13.2249
12.5518
11.7561
10.7358
0.169877
0.172339
0.17243
0.169268
0.162888
0.153444
0.141657
0.128674
0.115324
0.102049
0.0892254
0.0772377
0.0663247
0.0565561
0.0479113
0.0403539
0.0338326
0.0282762
0.0235962
0.0196938
0.016479
0.0138722
0.0117999
0.0101888
0.00897039
0.00808443
0.00748037
0.00711273
0.00694337
0.00693693
0.00706516
0.007302
0.0076267
0.00802108
0.00847049
0.00896359
0.00949205
0.010049
0.0106271
0.0112245
0.0118456
0.0124953
0.0131793
0.0139055
0.0146844
0.0155291
0.016456
0.017485
0.0186376
0.0199405
0.0214204
0.0231102
0.0250437
0.0272638
0.029814
0.0327384
0.0360854
0.0399121
0.0442507
0.0492018
0.0547953
0.0611505
0.0682987
0.0763494
0.0853552
0.0954091
0.106584
0.118958
0.132607
0.147612
0.164045
0.18198
0.201484
0.222628
0.245461
0.270072
0.296407
0.324711
0.354692
0.386841
0.420783
0.456897
0.495051
0.535241
0.577457
0.621719
0.668053
0.716397
0.766653
0.818729
0.872448
0.927802
0.984701
1.04308
1.10295
1.16408
1.22639
1.2898
1.35419
1.41948
1.48557
1.55239
1.61985
1.68787
1.75635
1.82523
1.89444
1.96393
2.03362
2.10342
2.17331
2.24321
2.31321
2.38297
2.45288
2.52233
2.59178
2.66059
2.72938
2.79743
2.86538
2.93244
2.99929
3.06515
3.13066
3.19507
3.25905
3.32162
3.38437
3.44573
3.50815
3.56944
3.63118
3.6929
3.75414
3.81593
3.87615
3.93857
3.99982
4.06482
4.13234
4.19732
4.26699
4.34185
4.41717
4.50296
4.58723
4.6719
4.75377
4.82828
4.90112
4.97579
5.05071
5.12926
5.20274
5.28366
5.35662
5.43627
5.50343
5.57588
5.63787
5.69969
5.75326
5.79859
5.82972
5.8475
5.83774
5.80272
5.77593
5.69984
5.55801
5.36944
5.12151
4.85386
4.51034
4.10067
3.71518
3.35082
2.97847
2.51321
0.180475
0.182995
0.184292
0.183101
0.179229
0.172926
0.164616
0.154911
0.144383
0.133446
0.122449
0.11173
0.101551
0.0920564
0.0833053
0.0753223
0.068108
0.0616458
0.0558943
0.0508049
0.0463205
0.0423922
0.038969
0.036003
0.0334403
0.031235
0.0293413
0.027723
0.0263419
0.0251673
0.0241675
0.0233145
0.0225844
0.0219536
0.0214015
0.0209108
0.0204636
0.0200461
0.0196429
0.019241
0.018828
0.0183962
0.0179379
0.0174469
0.0169177
0.0163464
0.0157302
0.0150678
0.0143594
0.0136061
0.0128106
0.0119776
0.0111129
0.0102255
0.00932671
0.00842886
0.00754588
0.00669412
0.00589229
0.00516019
0.00451982
0.00399562
0.00361626
0.00341281
0.00341874
0.00366937
0.00420351
0.00506323
0.00629161
0.00793521
0.0100416
0.0126604
0.0158418
0.0196386
0.0241053
0.0292965
0.0352654
0.0420658
0.049751
0.0583777
0.067999
0.0786644
0.0904235
0.103317
0.11739
0.132688
0.149255
0.167112
0.18628
0.206783
0.228637
0.251862
0.276454
0.302389
0.329649
0.358237
0.388145
0.419327
0.451746
0.485343
0.520076
0.555872
0.592689
0.630435
0.669045
0.708416
0.748485
0.789134
0.830286
0.87181
0.913636
0.955619
0.997705
1.03968
1.08157
1.1231
1.16431
1.20493
1.24505
1.28435
1.32293
1.36046
1.39705
1.43238
1.46656
1.49933
1.53083
1.56067
1.58917
1.61585
1.64113
1.66478
1.68686
1.70747
1.72647
1.74417
1.76013
1.77524
1.78875
1.80143
1.81327
1.82353
1.83334
1.84262
1.85191
1.86135
1.86971
1.87704
1.88331
1.88706
1.89117
1.89534
1.89919
1.90306
1.90393
1.90905
1.91008
1.91028
1.90678
1.90261
1.89673
1.88962
1.88052
1.86841
1.85045
1.82877
1.79698
1.76381
1.72119
1.66523
1.59352
1.49553
1.38161
1.24993
1.09563
0.920153
0.743146
0.565624
0.400353
0.234165
0.170702
0.172451
0.173724
0.173282
0.170823
0.166586
0.16085
0.153931
0.146183
0.137926
0.129445
0.12099
0.112775
0.104938
0.0975675
0.0907094
0.0843945
0.0786289
0.0734045
0.0686988
0.0644852
0.0607319
0.0574108
0.0544843
0.0519203
0.0496814
0.0477366
0.0460553
0.0446113
0.0433786
0.0423311
0.0414494
0.0407122
0.0401011
0.0396017
0.0391945
0.0388692
0.0386103
0.0384065
0.0382455
0.0381179
0.0380152
0.037931
0.0378597
0.0377961
0.0377364
0.0376772
0.0376171
0.0375548
0.0374917
0.037428
0.037366
0.0373107
0.0372682
0.0372463
0.0372551
0.0373051
0.0374092
0.0375812
0.0378367
0.0381915
0.0386635
0.039274
0.0400479
0.0410069
0.0421787
0.0435921
0.0452793
0.0472738
0.0496078
0.0523234
0.0554565
0.0590447
0.0631275
0.0677491
0.0729539
0.0787825
0.0852763
0.0924779
0.100435
0.109184
0.118769
0.129222
0.140586
0.152891
0.166177
0.180471
0.195797
0.212172
0.229613
0.248134
0.267739
0.288427
0.31018
0.332997
0.356869
0.381777
0.407684
0.434557
0.462343
0.490996
0.520453
0.550669
0.581573
0.613082
0.645105
0.677561
0.710351
0.743386
0.776552
0.809754
0.842872
0.875805
0.908416
0.940616
0.972267
1.00328
1.03352
1.06292
1.09132
1.11865
1.14477
1.16962
1.19306
1.21503
1.23545
1.25429
1.27143
1.28682
1.30034
1.31196
1.32168
1.32952
1.33548
1.33957
1.34186
1.34231
1.34114
1.33817
1.33333
1.32694
1.31889
1.30919
1.29795
1.28564
1.27216
1.25741
1.2414
1.2245
1.20645
1.18774
1.16817
1.1481
1.12737
1.10569
1.08369
1.06095
1.0376
1.01342
0.988608
0.963098
0.937086
0.910603
0.883328
0.854719
0.825472
0.795083
0.763321
0.731058
0.696664
0.660449
0.620385
0.578178
0.53474
0.490796
0.446706
0.406945
0.377377
0.345768
0.369474
0.153932
0.1548
0.155636
0.1553
0.153463
0.150338
0.146138
0.141042
0.135262
0.129025
0.12254
0.115993
0.109542
0.103307
0.0973721
0.091792
0.0866024
0.0818209
0.0774528
0.0734902
0.0699214
0.0667291
0.0638921
0.0613881
0.0591918
0.0572759
0.055619
0.0541967
0.0529904
0.0519768
0.0511403
0.0504621
0.049927
0.0495218
0.0492316
0.0490445
0.0489489
0.0489321
0.0489887
0.049106
0.0492792
0.0495008
0.0497672
0.0500734
0.0504172
0.0507953
0.0512073
0.0516523
0.0521322
0.0526476
0.0532025
0.053799
0.0544413
0.0551375
0.0558964
0.0567276
0.0576426
0.0586534
0.0597737
0.0610181
0.0624028
0.0639442
0.0656633
0.0675803
0.0697184
0.0720989
0.0747497
0.0776989
0.0809716
0.0846028
0.0886253
0.0930696
0.0979663
0.103353
0.109265
0.115742
0.122812
0.130515
0.138884
0.147957
0.157765
0.168343
0.179718
0.191922
0.204979
0.218919
0.233762
0.249526
0.266216
0.283851
0.302423
0.321943
0.342395
0.363776
0.386059
0.409241
0.433283
0.458167
0.483833
0.510253
0.537345
0.565083
0.593392
0.622232
0.651493
0.681103
0.710957
0.740992
0.771087
0.801168
0.831109
0.860831
0.890197
0.919118
0.947463
0.975148
1.00204
1.02806
1.05307
1.077
1.09974
1.12119
1.14127
1.15988
1.17694
1.19241
1.2062
1.21822
1.22844
1.23676
1.24318
1.24766
1.25026
1.25092
1.24972
1.24664
1.24176
1.23508
1.22662
1.21622
1.2042
1.1904
1.17495
1.15787
1.13956
1.11982
1.09898
1.07699
1.05431
1.03069
1.00657
0.98161
0.956321
0.930422
0.904348
0.878003
0.851777
0.825544
0.799647
0.774015
0.749
0.724686
0.701521
0.679492
0.658972
0.640607
0.625007
0.612207
0.603587
0.599535
0.601713
0.61073
0.63032
0.661136
0.708847
0.772819
0.859565
0.97726
1.09807
1.33077
0.135639
0.13569
0.135967
0.135455
0.133829
0.131278
0.127981
0.124045
0.119593
0.11478
0.109753
0.104651
0.0995851
0.0946524
0.0899206
0.0854432
0.0812514
0.077369
0.0738023
0.0705558
0.0676217
0.0649933
0.0626543
0.0605919
0.0587843
0.057217
0.0558684
0.0547251
0.0537668
0.0529812
0.0523513
0.0518648
0.0515084
0.0512723
0.0511414
0.0511098
0.0511637
0.0513003
0.051506
0.0517787
0.0521108
0.0524992
0.052939
0.0534289
0.0539662
0.0545506
0.0551817
0.055861
0.0565905
0.0573743
0.0582144
0.0591153
0.0600839
0.0611258
0.0622517
0.063472
0.0647989
0.0662446
0.0678231
0.0695491
0.0714388
0.0735089
0.0757818
0.0782746
0.0810091
0.0840096
0.0873017
0.0909094
0.0948563
0.0991787
0.103902
0.109057
0.114673
0.120782
0.127421
0.13462
0.142412
0.150822
0.159889
0.169638
0.180103
0.191305
0.203277
0.216037
0.229613
0.244022
0.259283
0.275409
0.292406
0.310279
0.329026
0.348649
0.369135
0.390473
0.412635
0.435608
0.45936
0.483862
0.509062
0.534917
0.561357
0.588339
0.615817
0.643726
0.671976
0.700471
0.729137
0.757885
0.786624
0.815252
0.843681
0.871799
0.899505
0.926681
0.953237
0.979058
1.00405
1.02809
1.05109
1.07295
1.09359
1.11293
1.13087
1.14732
1.16222
1.17549
1.18706
1.19686
1.20486
1.21099
1.21524
1.21757
1.21804
1.21658
1.21329
1.20811
1.20116
1.19238
1.18186
1.16947
1.15545
1.13978
1.12266
1.10402
1.08421
1.06306
1.04097
1.01785
0.994191
0.969791
0.945098
0.919786
0.894455
0.868826
0.843703
0.818691
0.794636
0.771265
0.749283
0.728605
0.709983
0.693462
0.680092
0.669939
0.663973
0.663367
0.669162
0.682666
0.706594
0.741838
0.794635
0.863834
0.962334
1.08539
1.25664
1.4653
1.7443
2.0831
2.47143
3.03175
0.116073
0.115472
0.115215
0.114455
0.112905
0.11072
0.10805
0.104959
0.101517
0.097816
0.0939604
0.0900383
0.0861329
0.0823085
0.0786223
0.0751125
0.0718111
0.068735
0.0658981
0.0633028
0.0609512
0.0588361
0.0569519
0.055286
0.0538281
0.0525634
0.0514808
0.0505653
0.0498064
0.0491906
0.0487074
0.0483453
0.0480954
0.0479456
0.0478893
0.047917
0.0480231
0.0481988
0.0484395
0.0487405
0.049097
0.0495063
0.0499655
0.0504737
0.0510296
0.051634
0.0522872
0.0529921
0.0537516
0.0545696
0.0554504
0.0564005
0.0574235
0.0585294
0.0597268
0.0610281
0.0624447
0.0639903
0.0656781
0.0675244
0.069544
0.0717581
0.074182
0.076838
0.079747
0.0829332
0.086422
0.090231
0.0943945
0.0989362
0.10389
0.109277
0.11513
0.12148
0.128363
0.135803
0.143832
0.152478
0.161773
0.171744
0.182419
0.193822
0.205979
0.21891
0.232637
0.247175
0.262545
0.278748
0.295799
0.313686
0.332425
0.352
0.372414
0.393631
0.415648
0.438424
0.461953
0.486179
0.511079
0.536573
0.562623
0.589166
0.616173
0.643567
0.671256
0.699158
0.727191
0.755278
0.783316
0.811221
0.838888
0.86622
0.893105
0.919451
0.945148
0.970104
0.994201
1.01734
1.03942
1.06035
1.08006
1.09846
1.11549
1.131
1.14498
1.1573
1.16799
1.17696
1.18417
1.18952
1.19304
1.19466
1.19443
1.1923
1.18835
1.18252
1.17495
1.16553
1.15443
1.14152
1.12706
1.11093
1.09337
1.07431
1.05415
1.03274
1.01058
0.987495
0.964044
0.940107
0.916208
0.892073
0.868616
0.845342
0.823615
0.802436
0.783709
0.766232
0.751795
0.740644
0.733562
0.731044
0.735014
0.744963
0.765421
0.794691
0.840573
0.899668
0.984674
1.09024
1.23806
1.41723
1.67001
1.96719
2.3862
2.88339
3.55745
4.36621
5.35042
6.62842
0.097241
0.0962226
0.0955729
0.0946179
0.093117
0.0911973
0.0889771
0.0864991
0.0837979
0.0809308
0.0779618
0.0749512
0.071951
0.0690069
0.0661575
0.0634326
0.0608557
0.0584422
0.0562034
0.054144
0.0522667
0.0505683
0.0490458
0.0476913
0.0464982
0.0454561
0.0445573
0.0437905
0.0431484
0.0426197
0.042198
0.0418721
0.0416362
0.0414806
0.0414006
0.0413877
0.0414385
0.0415456
0.0417068
0.0419162
0.0421726
0.0424722
0.0428152
0.0431995
0.0436266
0.0440962
0.0446114
0.0451737
0.0457879
0.0464581
0.0471906
0.0479898
0.0488638
0.0498201
0.0508692
0.0520226
0.0532927
0.0546929
0.0562376
0.0579425
0.0598252
0.0619026
0.0641952
0.0667221
0.0695059
0.0725711
0.0759387
0.0796356
0.0836888
0.0881276
0.0929783
0.0982677
0.104025
0.110286
0.117076
0.124428
0.132368
0.140928
0.150136
0.160022
0.170608
0.181923
0.193988
0.206825
0.220455
0.234894
0.250158
0.266253
0.283182
0.300949
0.319557
0.339
0.359265
0.380336
0.40219
0.424808
0.448162
0.472217
0.496927
0.522236
0.548085
0.574432
0.601232
0.628411
0.655873
0.683539
0.711336
0.739179
0.766972
0.794625
0.822044
0.84915
0.875819
0.901962
0.927461
0.952228
0.976129
0.999075
1.02095
1.04167
1.06118
1.0794
1.09623
1.11156
1.12533
1.13744
1.14786
1.15647
1.16329
1.16819
1.17125
1.17236
1.17162
1.16894
1.16446
1.15806
1.14995
1.13997
1.12843
1.11508
1.10038
1.08402
1.06651
1.04766
1.028
1.00734
0.986455
0.965069
0.944089
0.923186
0.902985
0.883659
0.865806
0.849877
0.836662
0.82578
0.819986
0.817468
0.823049
0.833334
0.855965
0.885781
0.9341
0.99333
1.0801
1.18374
1.33086
1.50095
1.73891
2.01319
2.39175
2.83061
3.43501
4.13284
5.09833
6.21833
7.72786
9.50768
11.7447
14.4526
0.0804417
0.0792402
0.0783693
0.0773177
0.0758991
0.0742118
0.0723464
0.0703322
0.0681853
0.0659403
0.0636356
0.0613105
0.0589961
0.056724
0.0545173
0.0523992
0.0503837
0.0484855
0.0467102
0.0450655
0.0435508
0.0421684
0.0409132
0.039784
0.0387727
0.0378762
0.037085
0.0363952
0.035797
0.0352863
0.0348536
0.034495
0.0342015
0.0339699
0.0337925
0.0336665
0.0335855
0.0335474
0.0335475
0.0335843
0.0336548
0.0337584
0.033894
0.0340622
0.0342635
0.0344997
0.0347733
0.0350874
0.0354464
0.0358552
0.0363202
0.0368479
0.037446
0.0381227
0.0388892
0.0397564
0.0407376
0.0418458
0.0430966
0.0445056
0.0460907
0.0478702
0.0498634
0.0520907
0.0545748
0.0573402
0.0604092
0.0638117
0.0675715
0.0717194
0.0762801
0.0812826
0.0867579
0.0927371
0.0992515
0.106329
0.114
0.122295
0.131243
0.140873
0.151212
0.162283
0.174112
0.186721
0.200127
0.214354
0.22941
0.245309
0.262051
0.279645
0.298085
0.317375
0.337496
0.358441
0.380182
0.402707
0.425977
0.449968
0.474629
0.499902
0.525739
0.552092
0.578923
0.606127
0.63364
0.661357
0.689234
0.717146
0.745041
0.772783
0.80033
0.827508
0.854276
0.880457
0.906018
0.930767
0.954672
0.977542
0.999336
1.01992
1.03929
1.05731
1.07391
1.08896
1.1024
1.11414
1.12418
1.13238
1.13878
1.14326
1.14591
1.1466
1.14553
1.14248
1.13772
1.13109
1.12291
1.11297
1.10175
1.08899
1.07534
1.06041
1.04507
1.02884
1.01247
0.996368
0.980967
0.96577
0.952991
0.940848
0.933249
0.926812
0.9277
0.93077
0.944914
0.962939
0.997163
1.03751
1.10138
1.17456
1.28287
1.40481
1.57822
1.77036
2.03761
2.33574
2.74071
3.1941
3.80035
4.48253
5.38425
6.40627
7.7511
9.28267
11.3038
13.6295
16.6257
20.1758
24.5478
29.764
0.0663849
0.0651775
0.0642146
0.0631428
0.0618341
0.0603581
0.0587818
0.0571227
0.0553905
0.0536039
0.0517877
0.0499646
0.0481552
0.0463774
0.0446475
0.0429788
0.0413826
0.0398669
0.0384379
0.0370991
0.0358525
0.034698
0.0336343
0.0326589
0.0317683
0.0309583
0.0302242
0.0295611
0.0289637
0.0284271
0.0279458
0.027515
0.0271297
0.0267856
0.0264782
0.0262042
0.0259597
0.0257424
0.0255494
0.0253794
0.0252307
0.0251032
0.0249964
0.0249116
0.0248496
0.0248132
0.0248049
0.0248288
0.024889
0.0249917
0.0251426
0.0253497
0.0256206
0.0259652
0.0263937
0.0269182
0.0275515
0.0283079
0.0292025
0.0302521
0.0314743
0.0328884
0.0345142
0.0363731
0.0384882
0.0408834
0.0435855
0.0466197
0.0500156
0.0537996
0.0579998
0.0626461
0.0677709
0.0734056
0.0795805
0.0863267
0.093675
0.101657
0.110302
0.119641
0.1297
0.140507
0.152085
0.164458
0.177647
0.191671
0.206547
0.222282
0.238885
0.25636
0.274709
0.293925
0.313999
0.334913
0.356652
0.379187
0.402496
0.426535
0.451259
0.476619
0.502562
0.529042
0.555995
0.583341
0.610983
0.638849
0.666847
0.694893
0.722885
0.750736
0.778336
0.805594
0.832377
0.858586
0.884096
0.908804
0.93259
0.955333
0.976936
0.997311
1.01644
1.03419
1.0505
1.06521
1.07832
1.0897
1.09941
1.10732
1.1135
1.11788
1.12065
1.12165
1.12116
1.11903
1.1157
1.11091
1.10521
1.09855
1.09141
1.08342
1.07576
1.06788
1.06146
1.05563
1.05282
1.05167
1.05572
1.06297
1.07834
1.09906
1.13182
1.17257
1.2313
1.30143
1.39828
1.51151
1.66294
1.83579
2.06461
2.32345
2.66237
3.03977
3.53286
4.07386
4.78007
5.54545
6.54353
7.61654
9.00953
10.5071
12.4295
14.5226
17.1526
20.1056
23.6899
27.9281
32.8385
38.904
45.7677
54.1082
0.0553114
0.0542088
0.0532462
0.0522104
0.0510273
0.0497436
0.0484035
0.0470181
0.0455936
0.0441411
0.0426763
0.0412124
0.0397624
0.0383366
0.0369456
0.0355972
0.034299
0.0330555
0.0318713
0.030748
0.0296877
0.0286894
0.0277531
0.0268761
0.0260567
0.0252912
0.0245768
0.0239091
0.023285
0.0226997
0.02215
0.0216314
0.0211408
0.0206741
0.0202288
0.0198013
0.0193897
0.0189914
0.0186052
0.0182297
0.0178644
0.0175092
0.0171647
0.0168321
0.0165134
0.016211
0.0159283
0.0156696
0.0154398
0.0152449
0.0150915
0.0149877
0.014942
0.0149645
0.0150661
0.0152591
0.0155569
0.0159742
0.0165268
0.0172319
0.018108
0.0191748
0.0204534
0.021966
0.0237364
0.0257895
0.0281518
0.0308513
0.0339161
0.0373754
0.0412586
0.0455978
0.0504241
0.0557712
0.0616703
0.0681548
0.0752557
0.0830066
0.091437
0.10058
0.110461
0.121111
0.132553
0.144812
0.157908
0.171864
0.186689
0.202403
0.219006
0.23651
0.254906
0.274195
0.294358
0.315388
0.337254
0.359943
0.383406
0.407616
0.432513
0.458061
0.484193
0.510873
0.538009
0.565535
0.593343
0.621373
0.649505
0.677675
0.705748
0.733668
0.761314
0.788591
0.815339
0.841502
0.866921
0.89154
0.915228
0.93794
0.959552
0.980035
0.999363
1.01745
1.03427
1.0497
1.06388
1.07665
1.08831
1.09861
1.10783
1.11592
1.12308
1.12941
1.13532
1.1409
1.14679
1.15307
1.16066
1.16963
1.18132
1.19579
1.21497
1.23882
1.27006
1.30849
1.35809
1.41813
1.49469
1.58579
1.70097
1.83672
2.00418
2.20111
2.44249
2.72269
3.06424
3.45639
3.93257
4.4732
5.12758
5.8624
6.74987
7.73596
8.92398
10.2317
11.8011
13.5163
15.5617
17.7881
20.4159
23.2783
26.605
30.2578
34.4153
39.0756
44.2479
50.2973
56.8233
64.9226
73.5015
84.157
0.0479381
0.0469551
0.0460165
0.045027
0.0439514
0.0428162
0.0416475
0.0404528
0.0392374
0.0380084
0.0367757
0.0355476
0.034332
0.0331354
0.0319643
0.0308233
0.0297173
0.0286488
0.0276207
0.0266337
0.0256889
0.0247853
0.0239228
0.023099
0.0223126
0.0215607
0.020841
0.0201501
0.0194854
0.0188434
0.0182214
0.0176159
0.0170245
0.016444
0.0158724
0.0153071
0.0147466
0.0141891
0.013634
0.0130803
0.0125283
0.0119781
0.0114311
0.0108888
0.0103538
0.00982895
0.00931827
0.00882645
0.00835897
0.00792242
0.00752407
0.0071726
0.00687727
0.00664901
0.00649932
0.00644151
0.00648957
0.00665937
0.00696746
0.0074323
0.00807327
0.00891148
0.00996903
0.0112696
0.0128383
0.0147013
0.0168861
0.0194213
0.0223374
0.0256644
0.0294345
0.0336792
0.0384327
0.0437273
0.0495983
0.0560769
0.0631993
0.0709951
0.0794995
0.08874
0.0987498
0.109552
0.121177
0.133644
0.146977
0.161191
0.176304
0.192322
0.209258
0.227112
0.245883
0.265559
0.28613
0.307574
0.329871
0.352989
0.376896
0.401534
0.426871
0.452856
0.479453
0.506587
0.534197
0.562201
0.590528
0.619093
0.64782
0.67661
0.705398
0.734099
0.762657
0.791003
0.819076
0.846782
0.874089
0.900945
0.927306
0.953097
0.978336
1.00307
1.0274
1.05139
1.07511
1.09871
1.12238
1.14637
1.171
1.19662
1.22366
1.25264
1.28425
1.31914
1.35831
1.40253
1.4533
1.51152
1.57931
1.65769
1.74972
1.85644
1.98219
2.12814
2.29963
2.49869
2.73201
3.00177
3.317
3.67967
4.10184
4.58492
5.14491
5.78157
6.51659
7.3466
8.30078
9.37074
10.5952
11.9583
13.5103
15.2251
17.166
19.2941
21.6843
24.2852
27.1777
30.3026
33.7331
37.4189
41.3998
45.6724
50.1966
55.0925
60.1627
65.8001
71.5173
78.2804
85.0579
93.9198
102.865
114.767
0.0452623
0.0443639
0.0434412
0.0424694
0.0414485
0.0403939
0.0393172
0.0382226
0.0371145
0.0359991
0.0348828
0.0337717
0.032671
0.0315855
0.0305196
0.0294768
0.0284599
0.0274709
0.0265113
0.0255818
0.0246825
0.0238126
0.0229715
0.0221574
0.0213687
0.0206029
0.0198581
0.0191313
0.0184202
0.0177218
0.0170339
0.0163536
0.0156787
0.0150068
0.0143362
0.013665
0.0129921
0.0123164
0.0116378
0.0109559
0.0102717
0.00958593
0.00890082
0.00821854
0.00754253
0.00687665
0.00622593
0.00559593
0.00499345
0.00442614
0.00390278
0.00343314
0.00302822
0.00270021
0.00246251
0.0023298
0.00231808
0.00244471
0.00272844
0.00318928
0.00384887
0.00472984
0.00585685
0.0072551
0.00895214
0.0109751
0.0133545
0.0161195
0.0193033
0.0229363
0.0270536
0.0316862
0.0368719
0.0426409
0.0490319
0.0560756
0.0638097
0.0722627
0.0814722
0.0914631
0.102272
0.11392
0.126439
0.139845
0.154168
0.169415
0.18561
0.202753
0.220873
0.239958
0.260027
0.281048
0.303042
0.325972
0.349863
0.374658
0.40037
0.426923
0.454348
0.482565
0.511627
0.541389
0.571953
0.603158
0.635054
0.667591
0.700775
0.73457
0.769005
0.804091
0.839897
0.876473
0.913884
0.952233
0.991656
1.03235
1.0745
1.11844
1.16442
1.21295
1.26443
1.31948
1.37862
1.44268
1.51246
1.58905
1.67349
1.76728
1.87168
1.98877
2.11996
2.26827
2.43525
2.62434
2.83874
3.08156
3.35728
3.66956
4.02408
4.42511
4.87969
5.39279
5.97298
6.62578
7.36165
8.18645
9.11274
10.1463
11.3021
12.5853
14.013
15.5893
17.3332
19.2462
21.3485
23.6378
26.1335
28.8283
31.7385
34.8514
38.1763
41.6969
45.4102
49.3039
53.3524
57.5636
61.8733
66.3394
70.8319
75.5102
80.1274
85.0343
89.7834
95.08
100.137
106.355
112.343
120.968
129.615
142.267
0.0459558
0.0450796
0.0441543
0.0431883
0.0421942
0.0411799
0.0401471
0.0390985
0.0380372
0.0369693
0.0358985
0.0348311
0.0337699
0.0327204
0.0316845
0.0306665
0.0296668
0.0286886
0.0277307
0.0267953
0.0258801
0.0249862
0.0241104
0.0232531
0.0224104
0.0215824
0.0207648
0.0199573
0.0191559
0.0183601
0.0175662
0.0167739
0.0159801
0.0151851
0.0143863
0.0135847
0.0127791
0.0119711
0.0111607
0.0103507
0.00954266
0.00874053
0.00794766
0.00716949
0.00641133
0.00568023
0.00498371
0.00433067
0.00373102
0.0031957
0.00273714
0.00236861
0.00210518
0.00196254
0.00195854
0.00211159
0.00244228
0.00297191
0.0037238
0.00472231
0.00599315
0.00756407
0.00946386
0.0117232
0.0143729
0.0174463
0.0209763
0.0249995
0.0295504
0.0346682
0.040388
0.0467529
0.0537968
0.0615656
0.0700941
0.0794291
0.0896053
0.100669
0.112652
0.125603
0.139553
0.154552
0.170625
0.187824
0.20617
0.225715
0.246473
0.268505
0.291828
0.316498
0.342537
0.369985
0.398876
0.429264
0.46119
0.494712
0.52987
0.566728
0.605351
0.64585
0.688333
0.732897
0.779678
0.828832
0.880546
0.935026
0.992514
1.05329
1.11768
1.1861
1.25899
1.33688
1.42031
1.51001
1.60667
1.71129
1.82472
1.94828
2.08301
2.23074
2.39259
2.57111
2.76741
2.98448
3.2246
3.49062
3.78562
4.11308
4.47668
4.88061
5.32929
5.82761
6.38096
6.99483
7.67571
8.42977
9.26449
10.1867
11.2048
12.3262
13.5601
14.9142
16.3981
18.0195
19.7879
21.7102
23.7948
26.0472
28.4732
31.0756
33.8566
36.8154
39.9482
43.2509
46.7114
50.323
54.0641
57.9277
61.8823
65.9244
70.0119
74.1508
78.2857
82.4436
86.5449
90.6566
94.6594
98.6892
102.556
106.513
110.245
114.208
117.879
122.084
125.948
131.043
135.905
143.863
152.194
165.444
0.0488935
0.0480244
0.0470879
0.0461093
0.0451064
0.0440776
0.0430195
0.0419338
0.0408248
0.0396974
0.0385555
0.037404
0.0362469
0.0350887
0.0339325
0.0327813
0.0316371
0.0305015
0.0293753
0.0282593
0.027153
0.0260564
0.0249687
0.0238897
0.0228183
0.0217541
0.0206965
0.0196455
0.0186009
0.0175636
0.0165341
0.0155145
0.0145064
0.013513
0.0125376
0.0115848
0.0106595
0.00976798
0.00891706
0.00811505
0.00737067
0.00669439
0.00609725
0.00559195
0.0051919
0.0049123
0.00476918
0.0047804
0.00496463
0.00534255
0.00593582
0.00676815
0.00786403
0.00925036
0.0109549
0.0130079
0.0154404
0.0182862
0.02158
0.0253582
0.0296595
0.0345254
0.0399991
0.0461268
0.0529536
0.0605293
0.0689028
0.0781311
0.0882659
0.0993678
0.111496
0.124715
0.139089
0.154687
0.171581
0.189848
0.209565
0.230814
0.253679
0.278255
0.304637
0.332931
0.363239
0.395681
0.430374
0.467453
0.507053
0.549331
0.594453
0.642615
0.693989
0.748807
0.80729
0.869724
0.936381
1.0076
1.08372
1.16511
1.25223
1.34556
1.44567
1.55313
1.66861
1.79287
1.92673
2.07111
2.22703
2.39558
2.57809
2.77579
2.9905
3.22358
3.47708
3.75302
4.05356
4.38126
4.73866
5.12884
5.55479
6.02019
6.52851
7.08395
7.6907
8.35343
9.07707
9.86691
10.7285
11.6679
12.6911
13.8047
15.0154
16.33
17.7555
19.2992
20.968
22.7688
24.7082
26.7922
29.0258
31.4139
33.9589
36.6635
39.5267
42.5486
45.7232
49.0479
52.5108
56.106
59.8155
63.6308
67.5285
71.4988
75.5127
79.5621
83.6108
87.6583
91.6607
95.6292
99.5118
103.335
107.036
110.66
114.136
117.524
120.737
123.876
126.818
129.727
132.414
135.144
137.624
140.295
142.678
145.557
148.133
151.937
155.637
162.768
170.837
185.677
0.0523266
0.051228
0.0501022
0.0489536
0.0477664
0.0465135
0.0451884
0.043797
0.0423508
0.0408562
0.0393229
0.0377575
0.0361705
0.0345673
0.032957
0.0313441
0.0297374
0.0281407
0.0265628
0.0250076
0.0234842
0.0219969
0.0205556
0.0191655
0.0178378
0.016579
0.0154016
0.0143142
0.0133311
0.0124629
0.0117259
0.0111335
0.010704
0.0104538
0.0104035
0.0105725
0.0109839
0.0116604
0.012628
0.0139127
0.0155437
0.0175505
0.0199656
0.0228222
0.0261565
0.0300058
0.0344103
0.0394119
0.0450546
0.0513854
0.0584538
0.0663121
0.0750147
0.0846195
0.0951881
0.106785
0.119479
0.133342
0.14845
0.164884
0.182728
0.202076
0.223027
0.245683
0.270153
0.296551
0.325001
0.355635
0.388592
0.424019
0.46208
0.50294
0.546789
0.593812
0.644227
0.698254
0.756133
0.818116
0.884489
0.955546
1.03162
1.11305
1.20022
1.29353
1.39342
1.50036
1.61487
1.73752
1.8689
2.00967
2.16052
2.32224
2.49566
2.68172
2.88134
3.09572
3.32583
3.57306
3.83875
4.12435
4.43148
4.76184
5.1173
5.49983
5.91164
6.35501
6.83247
7.34663
7.90038
8.49675
9.1391
9.8308
10.5755
11.3773
12.2401
13.1685
14.167
15.2403
16.3935
17.632
18.9608
20.3856
21.9119
23.5453
25.2913
27.1553
29.1424
31.2577
33.5052
35.8891
38.4118
41.0759
43.8817
46.8298
49.9174
53.1428
56.4991
59.9819
63.5803
67.287
71.0871
74.9716
78.9215
82.9276
86.9663
91.0301
95.0903
99.1424
103.154
107.125
111.022
114.849
118.57
122.192
125.679
129.05
132.262
135.351
138.26
141.045
143.634
146.107
148.372
150.523
152.466
154.32
155.976
157.585
158.993
160.424
161.654
163.04
164.236
165.864
167.303
169.898
172.583
178.766
186.597
203.254
0.0531562
0.0509967
0.0488347
0.0466771
0.0444643
0.0421571
0.0397695
0.0373346
0.034881
0.0324382
0.0300414
0.0277287
0.0255363
0.0234978
0.0216456
0.0200114
0.0186267
0.0175232
0.0167327
0.0162884
0.0162242
0.016576
0.0173805
0.0186769
0.0205058
0.0229101
0.0259348
0.029627
0.0340362
0.0392143
0.0452157
0.0520971
0.059919
0.0687425
0.0786341
0.0896604
0.101894
0.11541
0.130286
0.146605
0.164452
0.183919
0.2051
0.228094
0.253007
0.279948
0.309035
0.340389
0.37414
0.410424
0.449387
0.491181
0.535968
0.583918
0.635215
0.690049
0.748628
0.811166
0.877893
0.949058
1.02492
1.10575
1.19186
1.28356
1.38118
1.48508
1.59564
1.71326
1.83837
1.97143
2.11293
2.2634
2.42338
2.59346
2.7743
2.96655
3.17093
3.38817
3.61914
3.86463
4.12567
4.40313
4.69812
5.01175
5.34519
5.6997
6.07661
6.47735
6.90345
7.35647
7.83807
8.35012
8.8945
9.47328
10.0885
10.7426
11.4379
12.1768
12.962
13.7963
14.6827
15.6242
16.6241
17.6857
18.8124
20.0081
21.2762
22.6208
24.0458
25.5551
27.1531
28.8434
30.6304
32.5178
34.51
36.6103
38.8225
41.1493
43.5942
46.1586
48.8449
51.6532
54.5846
57.6375
60.8109
64.1013
67.5054
71.0181
74.633
78.3434
82.1395
86.0135
89.9521
93.9469
97.981
102.047
106.123
110.204
114.266
118.306
122.3
126.246
130.121
133.923
137.626
141.236
144.721
148.094
151.317
154.42
157.353
160.152
162.768
165.23
167.507
169.631
171.565
173.36
174.953
176.424
177.684
178.851
179.794
180.65
181.324
181.939
182.39
182.803
183.064
183.338
183.493
183.746
183.878
184.32
184.727
186.144
187.794
192.871
200.405
219.711
0.0331803
0.0298934
0.0273167
0.0252056
0.023428
0.0221074
0.0214424
0.0215783
0.0226223
0.0246904
0.0279031
0.0323778
0.0382236
0.0455513
0.0544703
0.0650939
0.077534
0.0919078
0.108334
0.126938
0.147845
0.171188
0.197105
0.225736
0.257229
0.291735
0.329411
0.370421
0.414931
0.463116
0.515155
0.571236
0.63155
0.696296
0.765683
0.839924
0.919246
1.00388
1.09407
1.19008
1.29215
1.40058
1.51566
1.63767
1.76695
1.90383
2.04864
2.20177
2.36359
2.5345
2.71493
2.90533
3.10615
3.31788
3.54103
3.77616
4.02381
4.28459
4.55911
4.84802
5.15202
5.47183
5.80819
6.16189
6.53376
6.92469
7.33556
7.76735
8.22104
8.69769
9.19837
9.72426
10.2765
10.8564
11.4654
12.1046
12.7757
13.48
14.2192
14.9948
15.8087
16.6626
17.5583
18.4979
19.4832
20.5165
21.5998
22.7355
23.9259
25.1733
26.4801
27.8489
29.2824
30.7833
32.354
33.9975
35.7164
37.5136
39.3911
41.3524
43.3998
45.5358
47.7624
50.0822
52.4969
55.0084
57.6179
60.3267
63.1351
66.0436
69.0528
72.1604
75.366
78.6674
82.0627
85.5473
89.119
92.7709
96.5002
100.298
104.159
108.073
112.036
116.035
120.065
124.112
128.169
132.225
136.27
140.293
144.283
148.232
152.124
155.955
159.706
163.378
166.947
170.424
173.779
177.032
180.145
183.145
185.993
188.709
191.264
193.673
195.906
197.995
199.898
201.666
203.224
204.659
205.878
206.957
207.869
208.641
209.241
209.718
210.011
210.204
210.21
210.164
209.863
209.551
209.018
208.492
207.828
207.143
206.361
205.593
204.788
204.035
203.363
202.842
202.509
202.891
203.619
207.893
214.278
236.328
0.0684651
0.0904613
0.116964
0.147103
0.181905
0.222515
0.269258
0.322152
0.381422
0.447452
0.52061
0.601226
0.689644
0.78623
0.891365
1.00543
1.1288
1.26186
1.405
1.5586
1.72304
1.89868
2.08593
2.28514
2.49671
2.72097
2.95839
3.20922
3.47395
3.75294
4.04659
4.3553
4.67948
5.01956
5.37597
5.74918
6.13964
6.54784
6.97428
7.41948
7.88396
8.3683
8.87306
9.39886
9.9463
10.516
11.1088
11.7251
12.3659
13.0318
13.7236
14.4422
15.1883
15.9628
16.7667
17.6008
18.4661
19.3635
20.2942
21.2591
22.2594
23.2962
24.3706
25.4838
26.6371
27.8317
29.0689
30.35
31.6764
33.0495
34.4707
35.9415
37.4632
39.0374
40.6656
42.3496
44.0905
45.8901
47.7497
49.6712
51.6557
53.7049
55.8202
58.0031
60.2546
62.5764
64.9692
67.4343
69.973
72.5854
75.2722
78.034
80.8713
83.7839
86.7717
89.8344
92.971
96.1812
99.4616
102.813
106.233
109.718
113.267
116.876
120.541
124.26
128.027
131.84
135.691
139.578
143.497
147.44
151.4
155.374
159.351
163.324
167.288
171.233
175.155
179.042
182.893
186.692
190.442
194.128
197.751
201.294
204.762
208.136
211.422
214.603
217.678
220.641
223.48
226.202
228.785
231.244
233.551
235.739
237.763
239.668
241.394
243.022
244.458
245.761
246.887
247.857
248.647
249.295
249.769
250.118
250.25
250.301
250.059
249.781
249.276
248.679
247.952
247.134
246.165
245.138
243.981
242.762
241.382
240.03
238.563
237.09
235.531
233.974
232.361
230.767
229.173
227.618
226.123
224.769
223.538
222.978
222.657
225.879
230.14
255.507
2.01849
2.34489
2.68373
3.02936
3.3929
3.78227
4.19969
4.64592
5.1223
5.63001
6.16979
6.74211
7.34742
7.98612
8.65851
9.36482
10.1052
10.8797
11.6884
12.5312
13.4081
14.319
15.2638
16.2424
17.2547
18.3007
19.3803
20.4935
21.6403
22.8208
24.035
25.2832
26.5655
27.8821
29.2333
30.6195
32.0409
33.498
34.9913
36.5211
38.0881
39.6926
41.3353
43.0167
44.7375
46.4982
48.2994
50.1418
52.0259
53.9526
55.9222
57.9356
59.9933
62.096
64.2441
66.4384
68.6793
70.9674
73.3032
75.6872
78.1198
80.6016
83.1327
85.7135
88.3442
91.0251
93.7563
96.538
99.37
102.252
105.185
108.168
111.2
114.281
117.411
120.589
123.815
127.088
130.406
133.768
137.174
140.623
144.112
147.64
151.206
154.808
158.444
162.111
165.809
169.534
173.283
177.055
180.846
184.654
188.476
192.309
196.149
199.994
203.838
207.68
211.516
215.342
219.152
222.946
226.716
230.461
234.174
237.855
241.493
245.098
248.652
252.165
255.606
258.993
262.294
265.53
268.697
271.783
274.788
277.69
280.504
283.215
285.83
288.33
290.725
292.994
295.156
297.179
299.09
300.853
302.493
303.991
305.332
306.518
307.537
308.412
309.123
309.719
310.135
310.447
310.546
310.551
310.285
309.981
309.466
308.829
308.046
307.174
306.17
305.027
303.718
302.369
300.887
299.345
297.666
295.902
294.024
292.095
290.054
287.979
285.806
283.628
281.327
279.035
276.654
274.295
271.88
269.494
267.077
264.687
262.312
259.966
257.685
255.508
253.403
251.85
250.274
252.379
253.362
282.325
27.3697
29.054
30.7844
32.6075
34.5551
36.6201
38.7912
41.0648
43.4387
45.9081
48.4661
51.1057
53.8204
56.604
59.4507
62.3548
65.3116
68.3163
71.3651
74.4544
77.581
80.7423
83.9358
87.1597
90.4122
93.6919
96.9976
100.328
103.683
107.061
110.462
113.885
117.33
120.797
124.284
127.793
131.322
134.871
138.44
142.028
145.635
149.262
152.906
156.569
160.249
163.946
167.659
171.388
175.132
178.891
182.664
186.449
190.248
194.057
197.878
201.708
205.548
209.396
213.25
217.111
220.978
224.848
228.722
232.597
236.474
240.351
244.226
248.099
251.969
255.834
259.693
263.545
267.389
271.224
275.047
278.859
282.658
286.442
290.211
293.962
297.695
301.407
305.099
308.767
312.411
316.029
319.619
323.18
326.71
330.207
333.669
337.093
340.479
343.823
347.124
350.38
353.587
356.743
359.846
362.894
365.881
368.809
371.67
374.466
377.187
379.84
382.409
384.907
387.314
389.668
391.907
394.083
396.123
398.061
399.876
401.55
403.102
404.538
405.865
407.061
408.146
409.156
410.002
410.762
411.373
411.875
412.255
412.481
412.598
412.547
412.4
412.075
411.628
411.147
410.48
409.687
408.769
407.742
406.527
405.207
403.698
402.095
400.3
398.403
396.367
394.222
391.958
389.611
387.177
384.678
382.052
379.383
376.6
373.78
370.88
367.933
364.906
361.884
358.801
355.722
352.588
349.485
346.304
343.155
339.958
336.804
333.616
330.466
327.291
324.131
320.966
317.798
314.629
311.504
308.311
305.514
302.332
302.565
299.209
330.977
454.402
466.822
479.038
491.235
503.361
515.211
526.623
537.538
547.941
557.828
567.2
576.063
584.434
592.332
599.778
606.795
613.407
619.637
625.511
631.052
636.284
641.23
645.912
650.353
654.571
658.587
662.42
666.086
669.602
672.984
676.245
679.399
682.458
685.433
688.336
691.175
693.96
696.698
699.397
702.063
704.703
707.322
709.925
712.515
715.097
717.674
720.248
722.823
725.401
727.982
730.569
733.163
735.765
738.375
740.993
743.621
746.257
748.903
751.556
754.218
756.888
759.564
762.246
764.932
767.623
770.316
773.01
775.704
778.396
781.085
783.767
786.442
789.108
791.762
794.402
797.026
799.631
802.214
804.772
807.303
809.803
812.269
814.697
817.084
819.426
821.718
823.958
826.141
828.262
830.314
832.298
834.204
836.032
837.772
839.424
840.979
842.435
843.781
845.016
846.137
847.133
848.008
848.744
849.352
849.804
850.131
850.256
850.373
850.08
850.167
849.33
849.036
847.858
846.84
845.479
844.009
842.482
840.632
838.8
836.477
834.286
831.894
829.252
826.392
823.367
820.129
816.758
813.148
809.422
805.471
801.396
797.134
792.682
788.102
783.366
778.473
773.418
768.265
762.929
757.505
751.901
746.233
740.397
734.501
728.504
722.472
716.364
710.265
704.124
698.041
691.865
685.763
679.604
673.545
667.453
661.454
655.413
649.459
643.456
637.626
631.751
626.07
620.306
614.708
609.033
603.526
597.932
592.473
586.904
581.389
575.744
570.062
564.192
558.252
551.956
545.913
539.05
535.925
529.589
574.459
0
0
0
0
0
0
0
0
0
0
0
0
0
0
0
0
0
0
0
0
0
0
0
0
0
0
0
0
0
0
0
0
0
0
0
0
0
0
0
0
0
0
0
0
0
0
0
0
0
0
0
0
0
0
0
0
0
0
0
0
0
0
0
0
0
0
0
0
0
0
0
0
0
0
0
0
0
0
0
0
0
0
0
0
0
0
0
0
0
0
0
0
0
0
0
0
0
0
0
0
0
0
0
0
0
0
0
0
0
0
0
0
0
0
0
0
0
0
0
0
0
0
0
0
0
0
0
0
0
0
0
0
0
0
0
0
0
0
0
0
0
0
0
0
0
0
0
0
0
0
0
0
0
0
0
0
0
0
0
0
0
0
0
0
0
0
0
0
0
0
0
0
0
0
0
0
0
0
0
0
72.1774
85.4795
98.4593
110.408
122.656
135.768
149.794
164.848
181.117
198.767
217.964
238.886
261.757
286.803
314.339
344.654
378.283
415.489
457.701
503.447
560.481
613.638
704.214
754.781
941.975
47.1616
42.8401
38.6238
37.8283
38.1262
38.6291
39.4002
40.4233
41.6227
42.9767
44.492
46.1862
48.0804
50.2078
52.6128
55.3562
58.4892
62.1456
66.2796
71.396
76.7766
84.4416
90.7542
103.809
103.775
52.8906
51.3058
47.74
46.8188
46.5601
46.2911
46.2053
46.3032
46.4918
46.7298
47.0044
47.3107
47.6453
48.0184
48.445
48.9563
49.5544
50.351
51.1918
52.6328
53.6013
56.7311
56.4305
66.1286
51.5123
63.0831
63.6451
61.1207
60.474
60.1192
59.627
59.2509
59.0199
58.8406
58.6748
58.5052
58.3201
58.1095
57.8799
57.6394
57.4182
57.196
57.122
56.9353
57.4175
56.9615
59.4103
56.339
67.5917
46.6599
74.9694
76.5862
74.9132
74.5908
74.2786
73.7065
73.1868
72.7524
72.3359
71.9057
71.4455
70.942
70.3837
69.7762
69.1248
68.4646
67.7654
67.2157
66.4608
66.5036
65.2444
67.6974
62.7017
75.782
49.2342
87.9343
89.9947
88.8423
88.7205
88.4344
87.8148
87.1761
86.5557
85.9104
85.2242
84.4841
83.6785
82.7967
81.8472
80.8385
79.8046
78.7094
77.7632
76.5718
76.2727
74.4177
76.8693
70.4105
84.5053
53.3316
101.824
104.053
103.126
103.04
102.704
102.007
101.223
100.4
99.5148
98.5599
97.527
96.407
95.1914
93.8877
92.5044
91.084
89.5886
88.2488
86.6372
85.9793
83.5917
85.9206
78.2742
92.6393
57.8277
116.461
118.665
117.768
117.577
117.12
116.284
115.315
114.258
113.103
111.848
110.491
109.025
107.445
105.761
103.985
102.16
100.249
98.4878
96.4342
95.382
92.4633
94.5386
85.8473
99.9787
62.4144
131.687
133.699
132.689
132.285
131.62
130.581
129.381
128.054
126.596
125.011
123.299
121.458
119.484
117.391
115.189
112.929
110.572
108.364
105.85
104.366
100.895
102.605
92.9613
106.526
66.9864
147.356
149.024
147.793
147.078
146.129
144.824
143.341
141.705
139.912
137.966
135.872
133.628
131.234
128.704
126.05
123.328
120.498
117.816
114.812
112.859
108.825
110.082
99.5412
112.347
71.5005
163.289
164.485
162.941
161.84
160.54
158.911
157.097
155.113
152.954
150.622
148.121
145.451
142.614
139.626
136.499
133.292
129.968
126.789
123.273
120.824
116.211
116.957
105.564
117.515
75.9282
179.285
179.897
177.97
176.422
174.715
172.709
170.521
168.157
165.605
162.865
159.938
156.828
153.532
150.071
146.457
142.752
138.919
135.229
131.186
128.222
123.021
123.224
111.021
122.094
80.2375
195.121
195.052
192.687
190.647
188.487
186.063
183.465
180.692
177.727
174.563
171.201
167.64
163.88
159.939
155.833
151.625
147.279
143.072
138.496
135.011
129.223
128.866
115.906
126.123
84.3888
210.558
209.725
206.882
204.317
201.671
198.797
195.762
192.56
189.168
185.573
181.771
177.759
173.536
169.119
164.524
159.818
154.964
150.248
145.146
141.143
134.777
133.871
120.213
129.628
88.3382
225.339
223.673
220.325
217.219
214.065
210.72
207.233
203.591
199.767
195.74
191.506
187.054
182.38
177.502
172.434
167.246
161.899
156.688
151.074
146.574
139.654
138.21
123.929
132.608
92.0298
239.196
236.639
232.78
229.137
225.47
221.653
217.712
213.634
209.384
204.937
200.275
195.39
190.273
184.943
179.418
173.766
167.957
162.285
156.196
151.225
143.787
141.847
127.028
135.052
95.4088
251.904
248.406
244.041
239.863
235.672
231.372
226.973
222.454
217.776
212.912
207.848
202.562
197.046
191.317
185.386
179.322
173.088
166.988
160.46
155.061
147.158
144.758
129.493
136.944
98.42
263.096
258.603
253.735
249.059
244.372
239.62
234.794
229.873
224.82
219.59
214.162
208.513
202.625
196.517
190.206
183.762
177.155
170.683
163.776
157.999
149.692
146.889
131.284
138.245
101
272.496
267.035
261.705
256.573
251.425
246.257
241.042
235.746
230.327
224.748
218.984
213.009
206.805
200.386
193.764
187.009
180.089
173.303
166.077
159.985
151.349
148.204
132.373
138.922
103.093
279.834
273.433
267.651
262.11
256.541
250.997
245.435
239.818
234.106
228.249
222.217
215.981
209.519
202.839
195.963
188.955
181.79
174.761
167.292
160.954
152.074
148.657
132.72
138.93
104.638
284.688
277.46
271.303
265.445
259.543
253.701
247.868
241.998
236.045
229.963
223.719
217.277
210.618
203.747
196.689
189.505
182.174
174.981
167.353
160.848
151.818
148.204
132.289
138.226
105.578
286.873
278.955
272.485
266.391
260.233
254.163
248.129
242.075
235.957
229.725
223.341
216.77
209.989
203.007
195.848
188.572
181.162
173.894
166.197
159.611
150.534
146.803
131.043
136.765
105.859
286.04
277.603
270.906
264.683
258.375
252.175
246.035
239.889
233.695
227.4
220.964
214.347
207.532
200.525
193.357
186.082
178.69
171.439
163.773
157.197
148.18
144.415
128.944
134.506
105.426
281.901
273.16
266.347
260.115
253.783
247.566
241.429
235.3
229.134
222.876
216.484
209.917
203.162
196.227
189.149
181.976
174.703
167.572
160.039
153.568
144.722
141.01
125.96
131.418
104.226
274.21
265.412
258.617
252.511
246.296
240.192
234.183
228.191
222.168
216.06
209.82
203.406
196.817
190.06
183.18
176.217
169.169
162.262
154.967
148.699
140.137
136.568
122.062
127.474
102.218
262.76
254.185
247.565
241.733
235.791
229.944
224.201
218.482
212.733
206.895
200.924
194.778
188.467
182.003
175.436
168.794
162.085
155.506
148.558
142.588
134.426
131.071
117.266
122.597
99.4464
247.353
239.314
233.044
227.647
222.151
216.723
211.401
206.105
200.772
195.34
189.766
184.014
178.11
172.066
165.936
159.733
153.476
147.332
140.842
135.252
127.633
124.495
111.665
116.642
96.0487
225.716
218.633
212.988
208.261
203.461
198.688
194.019
189.368
184.663
179.836
174.851
169.686
164.381
158.946
153.44
147.86
142.237
136.689
130.833
125.745
118.897
115.986
104.548
108.865
91.3245
197.117
191.422
186.767
182.978
179.148
175.311
171.565
167.814
163.972
159.973
155.801
151.445
146.958
142.346
137.672
132.916
128.121
123.343
118.294
113.867
107.975
105.41
95.5562
99.3508
84.6341
163.951
159.915
156.543
153.886
151.215
148.524
145.903
143.219
140.399
137.383
134.189
130.812
127.303
123.661
119.953
116.148
112.295
108.387
104.235
100.584
95.7052
93.6225
85.2844
88.8598
76.4918
127.659
125.404
123.503
122.109
120.707
119.288
117.905
116.375
114.673
112.745
110.654
108.379
105.954
103.373
100.71
97.9364
95.0932
92.116
88.9249
86.1279
82.3008
80.764
73.9385
77.3437
67.2392
90.6049
90.0209
89.6186
89.4518
89.2757
89.0985
88.9146
88.5205
87.9538
87.1398
86.1927
85.0462
83.7191
82.21
80.5992
78.8491
77.0232
74.9922
72.8018
70.8719
68.093
67.1119
61.8112
65.0281
57.1029
56.0508
56.8112
57.5535
58.4238
59.251
60.1269
61.0102
61.5314
61.9347
62.1126
62.1751
62.0293
61.6998
61.188
60.5584
59.8566
58.9643
57.8384
56.487
55.3613
53.5255
53.0772
49.1989
52.1861
46.3803
28.4953
29.7215
31.0131
32.3451
33.6711
35.0433
36.4225
37.5518
38.6291
39.4121
40.22
40.7999
41.1588
41.3568
41.4987
41.4668
41.4447
41.0342
40.5813
40.15
39.205
39.2157
36.6511
39.3691
35.4845
10.8441
11.8028
12.9186
14.0793
15.2936
16.5747
17.9034
19.164
20.3409
21.3723
22.3554
23.2152
23.9622
24.5783
25.1317
25.5484
25.9315
26.0932
26.1713
26.2027
25.9019
26.2676
24.8132
27.1987
24.9909
2.50508
2.94752
3.54859
4.21236
4.94153
5.74944
6.62096
7.50132
8.36769
9.18106
9.96853
10.701
11.3812
11.9864
12.5617
13.0509
13.531
13.8815
14.201
14.4874
14.5845
15.1328
14.5244
16.5075
15.6251
0.153043
0.192223
0.326849
0.518252
0.760251
1.06481
1.42219
1.81
2.21291
2.62086
3.02745
3.42344
3.80576
4.16578
4.51492
4.83432
5.15256
5.43476
5.71652
6.01548
6.24512
6.79128
6.73408
8.24606
8.23965
0.33635
0.218663
0.11835
0.0660676
0.0460421
0.0519704
0.0823489
0.13252
0.197959
0.275697
0.361516
0.451804
0.545208
0.640844
0.742017
0.847902
0.969215
1.10681
1.27812
1.50182
1.75952
2.20597
2.47967
3.4981
3.85186
1.42203
1.26018
1.06069
0.931951
0.843917
0.760652
0.687537
0.636491
0.609428
0.600354
0.612965
0.644107
0.702086
0.780053
0.894676
1.03101
1.21928
1.42544
1.70687
1.99309
2.39126
2.7736
3.24104
3.8065
3.87865
3.36755
3.18244
2.91365
2.77839
2.72294
2.66915
2.64656
2.67529
2.77428
2.91377
3.13078
3.38797
3.74585
4.1309
4.64489
5.15362
5.82465
6.41817
7.21155
7.80635
8.65583
9.11634
9.83284
10.1049
9.47627
7.41875
7.15457
6.78213
6.67518
6.72536
6.77829
6.93204
7.18675
7.60479
8.0849
8.74534
9.44788
10.3635
11.2653
12.4111
13.4477
14.7593
15.8039
17.1682
18.0623
19.3412
19.8725
20.7619
20.9041
19.6617
16.0808
15.6283
15.078
15.044
15.2695
15.4914
15.9233
16.5208
17.3779
18.2957
19.4692
20.6415
22.0612
23.3715
24.9101
26.2047
27.7126
28.8145
30.1785
30.9795
32.0771
32.4467
33.0241
33.0857
31.352
32.6064
31.6055
30.6029
30.5589
30.8426
31.0966
31.6668
32.4614
33.5244
34.5974
35.8886
37.0787
38.4144
39.5188
40.707
41.5543
42.4502
42.9451
43.5666
43.7626
44.0281
43.9874
43.7104
43.9544
41.2769
58.0015
55.5764
53.4397
52.9331
52.7629
52.5265
52.7116
53.1495
53.7709
54.3302
55.0146
55.4951
55.9935
56.2107
56.3905
56.2353
56.0557
55.6032
55.2417
54.5476
53.7896
53.2733
52.1763
52.2852
48.8276
88.6341
83.7883
79.7912
78.3075
77.0953
75.8133
75.0937
74.6117
74.2205
73.7261
73.2908
72.6036
71.945
70.9366
69.8807
68.5555
67.2996
65.9085
64.6679
63.4164
61.9672
61.1696
59.2921
59.62
55.2836
119.615
111.588
105.284
102.65
100.091
97.4865
95.6213
93.9158
92.2304
90.4476
88.7347
86.6974
84.7402
82.6869
80.5964
78.4921
76.3498
74.4322
72.5199
71.0481
69.1797
68.4434
66.205
67.0207
62.1324
147.747
136.071
127.553
123.852
119.84
115.91
112.784
109.687
106.745
103.705
100.743
97.6702
94.6873
91.8214
89.0281
86.4694
83.9236
81.841
79.7542
78.4135
76.6131
76.2858
74.1023
75.7578
70.7994
172.424
156.776
146.117
141.402
135.893
130.736
126.328
122.018
117.782
113.664
109.787
106.022
102.477
99.266
96.2704
93.7409
91.2986
89.5132
87.7079
86.8743
85.5666
86.0775
84.4417
87.3899
82.9135
194.684
174.29
161.241
155.5
148.708
142.166
136.491
131.122
126.012
121.274
116.989
113.081
109.561
106.545
103.879
101.861
100.034
99.0239
97.9783
98.1269
97.84
99.5535
99.1248
104.034
100.843
215.073
189.333
173.859
166.941
158.626
150.802
144.176
138.234
132.84
128.121
124.073
120.646
117.778
115.548
113.788
112.81
112.141
112.417
112.757
114.365
115.782
119.434
120.983
128.839
128.168
235.019
203.015
184.864
176.272
166.52
157.9
150.937
145.195
140.338
136.438
133.384
131.132
129.595
128.804
128.606
129.298
130.437
132.646
135.138
139.073
143.077
149.73
154.469
166.853
170.617
256.081
216.449
195.12
184.645
174.132
165.678
159.431
154.95
151.633
149.469
148.26
148.029
148.615
150.076
152.251
155.48
159.34
164.482
170.236
177.696
185.792
197.109
206.739
226.322
237.846
281.151
231.435
206.379
194.435
184.808
178.176
174.195
172.364
171.787
172.55
174.323
177.138
180.959
185.824
191.579
198.596
206.598
216.146
226.938
239.962
254.285
273.204
290.57
321.475
346.131
314.55
251.238
222.713
211.99
206.308
203.977
204.274
207.055
210.999
216.15
222.53
230.092
238.857
248.887
260.167
273.038
287.483
304.013
322.744
344.584
369.093
400.022
430.198
478.918
526.217
369.483
288.16
259.632
256.837
260.093
265.925
274.027
284.282
295.417
307.881
321.809
337.093
353.868
372.309
392.573
415.076
440.217
468.395
500.496
537.31
579.281
630.457
683.982
760.689
850.227
575.93
457.9
448.93
479.344
513.106
544.104
577.201
612.4
649.628
688.792
730.266
773.685
820.088
869.619
923.839
982.935
1049.21
1122.76
1207.15
1302.88
1413.86
1544.31
1691.39
1881.67
2129.83
0
0
0
0
0
0
0
0
0
0
0
0
0
0
0
0
0
0
0
0
0
0
0
0
0
)
;


// ************************************************************************* //
