/*--------------------------------*- C++ -*----------------------------------*\
  =========                 |
  \\      /  F ield         | OpenFOAM: The Open Source CFD Toolbox
   \\    /   O peration     | Website:  https://openfoam.org
    \\  /    A nd           | Version:  11
     \\/     M anipulation  |
\*---------------------------------------------------------------------------*/
FoamFile
{
    format      ascii;
    class       volScalarField;
    location    "1.9";
    object      gradTx;
}
// * * * * * * * * * * * * * * * * * * * * * * * * * * * * * * * * * * * * * //

dimensions      [0 -1 0 1 0 0 0];

internalField   nonuniform List<scalar> 
5712
(
-6739.17
-8613.99
-15992.6
-23363.3
-23835.1
-41137.6
-18308.7
-46640
-14908.5
-32758.9
-22297.2
-33922.3
-20003.1
-26239.5
-8798.32
-10063
-15051.8
-17245.7
-19437.7
-19274.4
-15284
-18874.3
-22523.2
-20198.5
-5488.39
-4133.08
-6824.83
-4596.54
-12725.2
-10192.1
-21716.5
-15745
-16818.6
-17488.5
-18688.7
-17859.3
-6584.48
-5142.05
-39777.6
-53247
-25700.6
-31549.2
-53455.8
-69366.5
-27646.4
-31652
-29509.1
-41679.6
-25758.4
-34133.2
-15091
-24306.8
-2905.12
-980.266
-3057.33
-1102.94
-8768.71
-3542.78
-12015.6
-4424.75
-8566.97
-3283.68
-9087.18
-2915.94
-15473.7
-4926.36
-19959.5
-6737.96
-24347.6
-12105
-22290.5
-13208.4
-22795.5
-14745.2
-20051.9
-15059
-17556.4
-10432.6
-17565.6
-8967.13
-23000.7
-14687.8
-23052.4
-14819
-21183.3
-15931.2
-21439.3
-15996.7
-18958.6
-12034.3
-19634.4
-12326.5
-17952
-7789.03
-8307.37
-10138.5
-18024.4
-8521.2
-7261.4
-10294.2
-19007.2
-7746.64
-9405.93
-10201.4
-19948
-7930.85
-10225.1
-10650.4
-3763.71
-4113.25
-1266.95
-2491.78
-11006.9
-11639.6
-4266.08
-7602.66
-14097.5
-15648.2
-6836.3
-11643.9
-12298.1
-998.474
-13703.1
-16979.3
-9262.62
-655.586
-7405.04
-12358.1
-19954.4
-13986
-10030.6
-12217.6
-10726.9
-9293.26
-14598.1
-3603.46
-2960.93
-2063.04
-2043.93
-10143.8
-8522.38
-6138.42
-5831.85
-12647.5
-10648
-8015.7
-7178.93
-5826.61
-7438.79
-12065.9
-12527.2
-14188
-12899.3
-16005
-13898.5
-10916.9
-9190.88
-9116.55
-9549.84
-12052.8
-9436.76
-11014
-7945.93
-9560.97
-6533.25
-11201.6
-7317.27
-10302.3
-4717.81
-8866.25
-9558.58
-12632.2
-16419
-13905.3
-20205.5
-7070.88
-7805.38
-9137.3
-2813.22
-7908.99
-15201.2
-7507.71
-16315.7
-13771.5
-24954.8
-14013.6
-26504.6
-5998.88
-13091.4
-5459.63
-13968.8
-8303.07
-6231.28
-11582.5
-4551.31
-8512.7
-1579.57
-10080.5
-663.788
-7989.16
-9383.17
-12139.1
-5593.15
-6617.75
-11078.7
-10751.1
-7348.72
-2343.69
-2058.97
-1829.39
-1685.57
-1541.55
-1371.91
-6926.66
-5646.73
-4861.12
-4467.57
-3567.36
-3077.26
-8448.22
-7242.2
-6669.92
-5370.32
-4345.52
-4090.56
-6505.72
-5711.86
-5555.6
-10897.5
-8210.98
-6882.74
-10321.5
-7558.33
-6092.78
-10823.2
-8478.21
-7342
-6800.8
-4443
-3444.75
-15677.3
-13466.9
-11593.9
-10123.5
-8358.83
-6885.01
-9047.12
-6967.37
-5506.49
-7642.17
-5466.75
-4151.77
-7933.55
-4386.53
-2442.13
-10446.3
-14133.4
-8275.42
-10675.6
-11289.1
-16563.3
-10097.2
-14674.1
-29.5989
-720.163
515.169
-99.2885
-2960.48
-3337.43
-1227.85
-655.843
-684.925
-2391.59
-9427.97
-13748.9
-6654.42
-3677.63
-9971.93
-9900.65
-15413.4
-16980.9
618.843
4177.61
-7597.16
-7159.62
-7229.41
-5574.96
-1019.27
-539.029
-668.601
-272.905
-1963.94
-174.579
365.723
867.415
-9232.22
-2359.49
-6260.69
-1612.99
-9076.09
-2758.08
-10990.1
-3525.46
-8865.33
-11946.5
-8193.42
-11647.4
-14306.8
-15113.5
-13649.2
-14304.4
-5632.06
-9380.52
-6507.7
-9322.39
-8694.64
-11217
-9591.49
-11328.7
-14221.1
-14045.3
-14889.4
-14099.9
-5685.66
-9074.44
-6187.92
-9238.79
195.18
-1280.65
-7344.02
-4542.01
756.813
-868.322
-6803.47
-4009.25
-266.827
-1544.54
-7508
-4954.19
-719.701
-1815.8
-7543.89
-5127.45
707.713
813.268
-158.232
-2.9705
2962.04
2991.56
244.1
416.225
656.289
2041.7
-1621.84
-954.703
10272.9
9631.65
5595.6
4319.69
494.008
10544.8
10802.7
4327.09
6407.7
898.516
-10315.5
-8057.47
-7113.22
-6640.22
-3979.23
817.802
750.006
49.1335
-46.0276
2588.18
2514.94
153.797
-78.2169
2612.1
3121.18
-621.791
-917.872
5133.08
2292.98
8137.15
5061.08
3648.19
2747.62
4132.21
3561.75
-359.277
-1266.94
-3788.06
-2387.67
-1037.33
1011.08
-970.654
775.075
-1637.54
-314.27
-1988.42
-2262.51
-5203.78
-4745.6
-9911.17
-5967.69
-8133.99
-8165.3
-12346.8
-9989.05
-7768.07
-4547.65
-3855.72
-3818.28
-11690.2
-5146.55
-12859.7
-5772.45
-13772.4
-10195.1
-14697.9
-10934.9
-9437.88
-3693.24
-10575.9
-4286.08
-6069.67
-4775.47
-4611.59
-6827.47
-3903.02
-4382.48
-3932.25
-6329
-7017
-4711.79
-5216.16
-7843.08
-8552.06
-5120.86
-6572.82
-8096.87
752.904
797.097
893.023
32.1831
280.069
312.9
2738.68
2883.96
2873.17
233.28
801.811
802.167
3475.59
3841.91
3927.25
-530.733
782.981
1051.71
1207.87
1025.85
723.053
3678.97
3742
3478.86
3008.47
3375.42
3310.42
3726.39
3970.7
3860.86
-1248.32
354.783
472.41
-3475.05
-1986.28
-1063.37
965.6
2048.52
2625.87
946.412
2321.38
2918.83
436.467
1918.19
2342.78
-2182.99
492.333
807.445
30.1795
38.4405
47.313
70.8697
264.04
146.842
120.775
114.849
17.2101
75.428
172.093
260.747
431.117
269.906
301.771
317.067
-206.895
29.9316
247.323
467.629
165.617
219.599
276.993
309.988
39.3818
131.167
129.864
125.701
-206.162
-7.3327
112.322
187.633
-907.89
-187.523
82.3056
273.575
-1418.97
-330.737
-10.8321
476.195
-622.956
-76.5286
164.576
413.172
-1162.49
-250.41
-28.5903
413.739
-971.433
-225.313
110.864
352.166
-1594.22
-394.424
-13.7868
561.748
-1087.15
-298.673
103.385
422.622
-1719.76
-452.054
-34.3944
587.203
11.982
22.9564
41.7299
89.6961
41.1165
31.7602
24.1997
81.7664
79.2319
78.5145
131.442
244.127
172.313
107.2
76.7632
221.826
-376.973
-45.458
140.662
414.472
-159.94
31.4363
99.2067
391.021
-58.1197
118.747
212.714
416.876
-1.37452
96.293
83.4582
394.217
-994.196
-189.99
9.87033
548.585
85.9269
44.3413
30.9978
62.8407
159.631
64.4854
33.3268
29.6584
178.168
105.618
66.5563
160.614
408.185
171.542
83.258
75.8499
112.315
118.074
91.6128
263.726
518.787
241.496
125.594
119.413
-73.7114
108.279
115.511
367.428
413.546
261.453
148.972
151.417
-507.684
16.9648
51.1087
348.551
132.182
225.664
135.349
153.838
-1154.3
-116.314
34.7215
400.933
-365.448
56.1947
83.1206
141.017
-885.064
-31.4592
45.6312
372.879
-207.532
132.186
113.364
153.994
-1401.55
-219.499
1.79222
435.607
-506.276
-17.8777
53.1197
131.533
-1587.17
-321.037
-43.7385
429.41
-634.857
-96.9939
13.7978
113.404
31.0863
13.3725
6.65917
3.76685
2.63993
40.8525
20.4352
10.9172
6.36031
4.49727
74.2999
31.1177
15.4497
8.7832
6.20465
92.3173
45.7655
24.5038
14.3594
10.194
98.6069
38.9949
19.117
10.8592
7.69502
124.046
60.7346
32.6243
19.2424
13.7204
64.8066
31.0498
16.6193
9.82671
7.01453
46.2842
18.3
8.9393
5.12553
3.61927
98.5883
39.8518
19.9579
11.5001
8.13021
47.1062
16.3339
7.68904
4.32719
3.0322
103.981
46.2739
24.2675
14.2129
10.1171
44.5433
16.2515
7.88935
4.47877
3.13554
76.0188
26.1011
12.0871
6.78111
4.76025
44.6933
14.6039
6.74073
3.79401
2.66678
66.5659
16.9882
6.31729
3.21664
2.16797
36.8067
8.05345
2.7275
1.32922
0.877451
25.9844
10.1118
4.83947
2.67476
1.85503
18.7965
8.01042
4.0094
2.24832
1.56515
63.5027
25.3316
12.4342
6.97498
4.88334
48.5376
21.0511
10.7188
6.06759
4.24002
89.1086
31.2689
14.7022
8.12001
5.66497
65.792
28.9389
14.9078
8.47283
5.96477
79.9259
35.5521
18.7222
10.9041
7.76481
44.663
21.9764
11.729
6.7596
4.81131
41.3447
19.5282
10.5409
6.21542
4.43076
-308.592
-442.376
-674.386
-1075.96
-655.195
-1332.36
-91.3276
-1044.83
572.849
-72.2133
-673.621
-1186.7
336.832
252.061
-1131
-1817.74
-1458.57
-2093.71
-646.975
-150.779
-34.0416
-7.53419
-1.89377
-209.649
-96.4569
-13.5604
-3.61759
-1.58837
-1986.71
-460.783
-104.386
-22.9882
-5.78589
-497.999
-135.518
-33.1094
-6.98113
-1.88903
-3333.4
-774.643
-175.954
-38.8764
-9.76342
-793.292
-230.294
-56.0464
-13.0339
-3.28222
-4462.66
-1040.04
-237.201
-52.5685
-13.218
-920.511
-289.236
-72.6648
-17.0874
-4.29268
-5559.37
-1308.38
-300.471
-66.9267
-16.899
-1013.78
-350.975
-90.7819
-21.6247
-5.49607
-6554.85
-1589.89
-370.184
-83.1595
-21.0945
-1591.37
-490.115
-121.484
-27.988
-7.03023
-6115.42
-1478.38
-342.722
-76.6693
-19.3858
-1225.84
-413.766
-105.848
-24.8911
-6.26229
-6751.59
-1639.75
-382.496
-86.0602
-21.8642
-1809.66
-538.495
-131.438
-29.8503
-7.4774
-7030.96
-1692.97
-395.431
-88.9272
-22.5792
-1880.08
-560.959
-138.114
-29.1454
-7.72299
-511.909
-7038.39
-6422.47
-2288.1
1667.18
2834.84
7891.65
11536.2
1786.85
8476.26
-1673.09
2598.2
2516.77
4989.5
9443.58
13370.4
14276.3
17926.1
5830.49
7552
-19916.8
-14372.3
-4653.21
-3605.07
-2585.96
-3682.48
-3459.69
-12209.3
-11575
-9915.97
-10651.6
-8739.86
-6277.91
-8223.03
-5405.22
-4579.68
-5548.78
-3809.93
-19799.2
-10239.8
-3578.07
-6118.5
-8363.87
-5820.44
-6322.98
-4694.21
-2833.73
-4003.3
-4277.89
-4630.72
-19577.9
-12808.7
-12155.3
-8763.94
-8675.31
-9142.79
-3872.6
-5092.42
-6516.4
-14123.1
-12151.3
-10136.9
-9282.71
-7891.54
-9312.27
-6359.07
-4903.43
-3729.39
-1899.97
-4099.89
-3390.94
-2533.66
-1574.47
-537.625
-3215.17
-2686.88
-2017.78
-1251.66
-424.693
-2293.62
-1903.38
-1418.51
-874.102
-295.368
-3289.15
-2750.67
-2064.2
-1277.87
-432.638
-3065.76
-2544.04
-1898.64
-1173.01
-397.369
-7807.71
-5939.97
-4620.19
-4241.4
-4529.63
-6294.94
-4600.11
-3254.2
-2682.19
-1864.12
-6184.59
-3712.73
-2559.76
-1769
-842.01
-5458.81
-3660.76
-2421.53
-1750.24
-1026.29
-4077.05
-2538.07
-1573.81
-1082.86
-527.641
-4958.65
-3693.39
-2542.65
-1514.53
-519.68
-5593.67
-3592.65
-2343.32
-1397.87
-520.221
-3547.66
-2123.86
-1273.21
-689.176
-232.114
-3766.74
-2900.09
-2036.03
-1214.64
-409.017
-4422.13
-3294.36
-2240.99
-1302.77
-432.045
-3167.82
-2459.75
-1732.55
-1030.09
-343.777
-13038.7
-9880.63
-7921.16
-6974.7
-6563.96
-7519.11
-5430.34
-3953.24
-2665.59
-1189.88
-2971.14
-2318.19
-1655.04
-1006.21
-345.939
-5169.03
-4116.29
-3003.07
-1862.74
-651.743
-6834.28
-5344.96
-3915.02
-2506.32
-944.19
-4939.51
-3965
-2925.82
-1838.42
-650.247
-5458.58
-4443.19
-3299.79
-2065.25
-719.089
-4075.19
-3321.44
-2454.84
-1519.15
-520.18
-2439.17
-1960.91
-1422.11
-861.514
-289.468
-3518.5
-2893.34
-2141.55
-1315.7
-444.76
-3631.82
-2886.28
-2081.37
-1263.44
-428.167
-4001.47
-3241.93
-2379.92
-1463.57
-499.085
-13550.8
-11159.2
-9248.97
-8159
-7022.76
-8866.58
-6325.87
-4839.68
-3558.14
-1796.72
-8931.44
-7041.41
-5325.83
-3903.35
-1881.11
-6870.9
-5192.57
-3886.04
-2627.38
-1064.42
-7214.36
-5746.16
-4271.43
-2757.72
-1031.67
-7111.35
-5333.59
-3966.01
-2669.29
-1068.11
-3315.04
-2671.5
-1965.22
-1221.77
-424.226
-4478.84
-3691.15
-2743.5
-1694.63
-575.477
-5593.28
-4522.22
-3338.14
-2080.26
-722.138
-5680.4
-11574.5
-12045
-33023.4
-11856.7
-44151.8
-6474.32
-15716.3
-11868.5
-9152.98
-19742
-16444.3
-11816.9
-11089.6
-22122.7
-17479
-4183.92
-3110.98
-8104.41
-5575.04
-9374.26
-7066.55
-25174.4
-18617.2
-15439.4
-11701.6
-15874.7
-9430.28
-1205.65
-3822.44
-41101.4
-53788
-24834.5
-31400.1
-54273.3
-69700.9
-26694.3
-31422.3
-30648.1
-42265.9
-24967.5
-34074.6
-16597.5
-25021.9
-2002.33
-528.653
-3519.21
-1201.18
-6811.51
-3045.33
-13821.9
-4993.85
-2991.92
-1700.93
-7488.19
-2355.92
-15492
-4869.76
-20139
-6787.24
-16705.8
-8663.53
-19283.9
-11449.6
-15175.7
-10861.1
-17069.7
-13200.3
-15436.4
-9030.99
-12204.5
-6315.42
-21838.2
-13896
-22761.6
-14602.4
-19995.5
-15123.7
-21121.6
-15776.9
-18177.6
-11386.7
-19449.5
-12147.6
-16930.3
-7489.6
-7382.06
-9765.06
-15144.9
-7660.47
-5540.49
-9610.66
-18732.6
-7669.49
-8974.38
-10018.4
-19915.2
-7923.76
-10103.3
-10597.2
-1151.44
-1039.05
-280.706
-1242.7
-4678.91
-4847.87
-2937.62
-5847.13
-2637.05
-3286.5
-4574.97
-8656.5
-12180.6
-9695.87
-9492.4
-11890
-7878.89
-7622.5
-8197.32
-7014.24
-13778.7
-12067.9
-11667.8
-9831.99
-6877.88
-5934.49
-13025.4
-1122.66
-841.323
-629.748
-706.627
-4353.54
-3451.92
-3699.07
-3260.49
-648.167
503.278
-4376.09
-3438.45
-10176.6
-10805
-9527.69
-8725.37
-7164.88
-5203.52
-9402.99
-7480.4
-8494.95
-6653.39
-11628.5
-11790.4
-9985.45
-7751.4
-7423.98
-4994.62
-6578.56
-4128.42
-9887
-5992.99
-9360.26
-5034.96
-8358.09
-9488.34
-13117.2
-17413.5
-13840.5
-20200
-6434.28
-7607.44
-7792.44
-2831.95
-7714.95
-15074.5
-7459.51
-16264.8
-13688.7
-25064.8
-13983
-26488.5
-5752.17
-12935.5
-5398.99
-13919.2
-7839.16
-6124.27
-11396.4
-4582.73
-7524.8
-1750.28
-9800.58
-1185.84
-7801.55
-9290.07
-12053.5
-5587.69
-6567.07
-11046.6
-10727
-7338.51
-826.29
-767.142
-566.7
-654.238
-2630.98
-1925.39
-2393.56
-2178.85
1072.48
568.66
-2802.27
-3104.41
-10681.6
-10110
-7739.8
-6654.62
-4140.1
-3474
-5871.08
-4834.98
-5597.11
-4080.27
-18322
-15984.5
-8034.67
-6791.8
-6144.72
-4632.84
-5112.79
-3248.07
-5489.23
-2353.12
-5617.16
-9245.52
-4915.74
-9387.23
-8412.69
-10487.4
-9461.07
-12879.4
-984.921
-706.833
-756.731
-638.836
-3629.76
-2570.15
-2959.75
-1634.79
-1345.38
-1629.12
-8336.04
-8941.39
-4669.19
-4213.51
-9407.82
-9764.45
-14543.8
-16734.8
403.989
3999.09
-7365.17
-7158.14
-7108.89
-5611.67
-1057.63
-951.425
-1151.84
-945.799
-1692.35
-1120.18
-557.046
-459.495
-8100.62
-3695.7
-6885.85
-3094.2
-9325.53
-3643.17
-11097.4
-3886.15
-5370.53
-10256
-6997.24
-10742.9
-8722.6
-11742.8
-11488.3
-12734
-5191
-9161.62
-4684.2
-9122.2
-8199.79
-10840.9
-9444.92
-11228.7
-13308.8
-13385.8
-14628.7
-13921.4
-5570.89
-9005.99
-6165.61
-9228.78
-377.943
-2081.56
-7747.81
-5179.65
-356.264
-2154.56
-7677.56
-4959.48
-694.328
-2107.5
-7730.61
-5343.72
-895.858
-2042.4
-7610.19
-5261.35
-1056.75
-1154.13
-985.623
-1058.63
-2041.53
-2078.06
-1370.26
-1473.87
-8315.57
-7614.74
-3792.14
-3793.91
-3680.08
-5170.44
-3973.52
-175.712
-1696.9
-1253.69
-1359.28
-3581.2
2733.87
-740.806
-13883.5
-11726.7
-10523.7
-9081.89
-5566.73
-1156.72
-1036.08
-1188.88
-1467.04
-2050.55
-1603.3
-1890.94
-2509.66
-7932.93
-7787.13
-4200.98
-5409.35
-5015.58
-6692.56
-3120.06
-5047.77
-4775.45
-5203.24
-1051.65
-1430.58
-2727.49
-4095.48
-9675.22
-7926.27
-7575.52
-5546.21
-6553.84
-4662.85
-5744.31
-4147.34
-4116.68
-4503.75
-8269.54
-8150.68
-11164.8
-7187.67
-10415.2
-11154.3
-13056.3
-10975.3
-9284.41
-5725.87
-6808.31
-6778.67
-12176.9
-5903.43
-12984.3
-5955.06
-13958.6
-10831.8
-14732.5
-11070.2
-10131.9
-4430.41
-10770.5
-4481.23
-7508.64
-5837.78
-5878.86
-8015.6
-6403.62
-6758.71
-5775.03
-8281.1
-7766.02
-5404.76
-5933.57
-8598.18
-8785.47
-5337.75
-6804.56
-8311.96
-826.999
-714.785
-1057.57
-784.549
-1376.58
-1647.96
-1540.35
-1146
-7582.61
-6640.56
-3597.82
-1611.37
-7853.4
-7439.75
-6077.16
-5458.99
-5035.43
-4324.78
-1778.27
-1849.66
-3897.89
-1778.08
-8625.78
-7383.23
-4851.84
-3871.01
-3731.38
-2401.03
-2705.21
-1234.13
-4047.63
-96.9784
-221.69
-100.865
-34.897
20.946
-205.468
-126.917
-41.6527
15.0285
-599.98
-263.449
-7.43335
162.042
-536.18
-306.322
-31.2035
112.506
-985.637
-391.887
33.1236
371.442
-966.733
-468.339
-153.682
19.6475
-667.68
-316.012
-154.568
-49.2645
-515.573
-209.74
-17.218
105.453
-1479.06
-516.752
-128.856
123.258
-1755.94
-499.966
-104.062
456.909
-1416.77
-495.029
-83.295
245.813
-1593.5
-449.531
-131.256
412.617
-1384.99
-476.821
-42.5533
264.361
-1820.68
-515.668
-87.6639
533.478
-1256.57
-405.314
37.2659
383.68
-1802.45
-498.26
-62.9541
576.452
-206.263
-83.112
-12.876
65.4032
-177.381
-63.2235
-27.4276
61.7834
-531.962
-216.996
-18.1328
171.38
-446.12
-166.32
-70.968
160.475
-1053.56
-365.444
-11.407
365.344
-956.852
-317.538
-84.8075
331.376
-1170.21
-429.063
-78.2031
273.772
-883.369
-299.726
-112.214
369.109
-1604.44
-448.616
-115.821
580.711
-128.459
-47.3392
-14.352
41.013
-59.856
-32.9057
-14.3171
0.419532
-386.809
-136.967
-60.9766
96.5013
-197.066
-98.4287
-52.1342
-6.7501
-686.774
-228.179
-93.1834
173.677
-398.943
-172.55
-81.4361
-5.40595
-1044.35
-328.709
-117.26
264.265
-695.654
-254.344
-108.215
-0.647291
-1374.87
-395.126
-187.779
221.213
-935.804
-307.103
-145.075
-19.6683
-1835.7
-512.049
-201.596
274.828
-925.331
-285.791
-120.109
10.2915
-1769.53
-501.933
-228.736
226.75
-1024.19
-318.136
-140.004
-9.52867
-1812.67
-470.962
-151.467
356.073
-829.388
-231.189
-75.4589
52.3489
-1721.72
-405.827
-96.0361
402.184
-735.712
-166.22
-28.4535
87.5796
-4.5644
-8.51142
-6.05886
-3.93825
-2.90529
-22.9688
-16.8783
-10.4951
-6.57162
-4.8037
-8.47208
-19.413
-13.8519
-8.95788
-6.56111
-49.8637
-37.4222
-23.2696
-14.5086
-10.5755
-2.9765
-23.3204
-16.9943
-11.002
-8.03657
-65.398
-49.2554
-30.4096
-18.8326
-13.6742
-31.9179
-24.7086
-15.3044
-9.45606
-6.86051
-3.30172
-10.3522
-7.49676
-4.81928
-3.55155
-13.235
-25.5055
-17.5591
-11.1688
-8.18073
5.34718
-8.44403
-6.57137
-4.2923
-3.16965
-38.6362
-35.5304
-22.3864
-13.9235
-10.117
-0.00940895
-9.82971
-7.05941
-4.54589
-3.35535
11.6612
-11.9313
-9.81917
-6.47099
-4.78137
8.32618
-6.7264
-5.50431
-3.6071
-2.6628
37.113
-0.500397
-3.80272
-2.93701
-2.29505
24.622
0.764896
-1.4958
-1.24285
-0.993771
0.597066
-5.94454
-4.51417
-2.99112
-2.22159
-4.86243
-5.94084
-3.9698
-2.56059
-1.89034
-5.90676
-16.9425
-11.9358
-7.74518
-5.70024
-17.4958
-16.9928
-10.9036
-6.94227
-5.10458
10.1356
-18.174
-13.9234
-9.19112
-6.78642
-29.5454
-24.9566
-15.5954
-9.86739
-7.20727
-35.8344
-29.6942
-18.2514
-11.3489
-8.22679
-33.9895
-21.0736
-12.4805
-7.77794
-5.62697
-25.675
-17.2618
-10.2127
-6.26532
-4.53784
-52.2981
-201.555
-81.8463
-511.889
-4.23274
-701.781
307.837
-619.885
590.361
-47.1468
-751.634
-1263.2
173.587
-9.30596
-1167.81
-1843.01
-1468.49
-2099.14
-614.457
-145.592
-33.0438
-7.32882
-1.84375
-161.552
-89.1595
-12.4425
-3.43482
-1.54335
-1898.52
-446.049
-101.491
-22.3884
-5.63891
-387.029
-118.623
-30.5051
-6.59062
-1.81925
-3198.86
-751.054
-171.249
-37.8989
-9.52496
-670.885
-210.75
-52.9034
-12.519
-3.18657
-4309.17
-1011.17
-231.287
-51.3287
-12.916
-843.576
-275.169
-70.1492
-16.6324
-4.20266
-5423.12
-1279.22
-294.134
-65.5624
-16.5631
-1008.25
-345.836
-89.3881
-21.3075
-5.42402
-6495.36
-1573.28
-366.072
-82.2107
-20.8517
-1604.44
-491.028
-121.376
-27.9205
-7.00756
-6026.55
-1454.75
-337.138
-75.4222
-19.0743
-1253.29
-414.35
-105.408
-24.7337
-6.2204
-6717.58
-1630.08
-380.034
-85.4803
-21.7133
-1813.02
-538.573
-131.341
-29.8132
-7.46586
-7019.76
-1689.79
-394.609
-88.7307
-22.5278
-1880.26
-560.832
-138.06
-29.1353
-7.71942
-515.337
-6951.55
-6137.77
-2205.96
-1577.78
-925.352
-3705.19
-2679.3
-6481.79
-6056.32
-3091.45
-2324.08
-365.653
-562.668
-969.592
-1580.11
-2376.2
-3287.09
-264.831
-571.493
-1191.93
-2081.65
-3146.01
-4237.96
-277.548
-127.916
-478.606
-327.038
-884.522
-732.875
-1481.66
-1373.68
-2137.45
-2052.29
-2812.26
-2534.37
-4088.07
-4634.09
-5058.81
-7571.65
-8509.25
-9394.77
-5157.96
-5689.87
-5677.8
-5196.14
-4463.97
-3914.51
-330.237
-279.662
-212.322
-132.511
-45.0319
-507.805
-429.677
-325.947
-203.297
-69.0648
-874.319
-739.086
-560.151
-349.146
-118.577
-1423.13
-1201.42
-909.47
-566.43
-192.303
-2136.19
-1799.84
-1360.23
-846.347
-287.235
-2946.05
-2474.53
-1865.79
-1159.67
-393.537
-239.041
-202.327
-153.531
-95.7779
-32.5383
-515.471
-435.893
-330.469
-206.027
-69.975
-1074.22
-907.55
-687.487
-428.376
-145.462
-1873.77
-1580.93
-1196.23
-744.864
-252.867
-2826.49
-2380.08
-1798.12
-1118.74
-379.717
-3796.7
-3188.1
-2403.79
-1494.45
-507.292
-250.787
-212.45
-161.345
-100.724
-34.2406
-115.59
-97.9264
-74.3737
-46.4311
-15.7845
-432.144
-365.817
-277.618
-173.209
-58.8585
-295.34
-250.065
-189.812
-118.442
-40.2501
-798.038
-674.978
-511.819
-319.132
-108.406
-661.372
-559.541
-424.389
-264.658
-89.9066
-1335.22
-1127.85
-854.167
-532.123
-180.674
-1238.1
-1045.95
-792.195
-493.505
-167.553
-1922.66
-1620.77
-1225.26
-762.375
-258.706
-1846.19
-1556.26
-1176.23
-731.628
-248.205
-2521.21
-2117.76
-1596.22
-991.484
-336.269
-2272
-1907.73
-1436.72
-891.459
-302.091
-3645.2
-3047.2
-2290.7
-1423.03
-483.435
-4094.81
-3397.08
-2544.56
-1583.17
-540.462
-4395.94
-3601.97
-2688.5
-1685.22
-584.588
-6369.27
-5118.13
-3822.84
-2457.58
-898.254
-6759.21
-5279.84
-3971.73
-2682.82
-1098.06
-7142.07
-5472.47
-4142.15
-2903.08
-1285.17
-4601.35
-3848.74
-2895.11
-1799.44
-611.418
-5043.57
-4195.95
-3148.33
-1958.81
-667.591
-4982.75
-4113.79
-3079.32
-1923.27
-660.624
-4481.64
-3657.28
-2733.73
-1725.79
-605.096
-3721.15
-2976.46
-2227.42
-1443.24
-533.577
-3143.63
-2462.2
-1846.86
-1232.72
-483.145
-384.288
-620.384
-1071.63
-1734.04
-2592.35
-3557.02
-290.616
-651.481
-1331.78
-2284.79
-3403.47
-4516.48
-295.221
-142.752
-533.768
-374.681
-984.034
-822.944
-1636.88
-1521.32
-2369.47
-2315.73
-3119.26
-2939
-4375.42
-4907.48
-5314.27
-7734.23
-8583.83
-9418
-5402.43
-5844.94
-5719.59
-5141.55
-4375.38
-3873.02
-347.171
-294.112
-223.382
-139.458
-47.4013
-560.293
-474.503
-360.284
-224.883
-76.4311
-967.23
-818.572
-621.149
-387.552
-131.693
-1563.65
-1321.99
-1002.29
-625.028
-212.345
-2334.21
-1970.5
-1492.21
-929.977
-315.901
-3194.94
-2690.69
-2034.27
-1267.13
-430.508
-262.48
-222.323
-168.829
-105.386
-35.8162
-588.193
-497.984
-378.017
-235.912
-80.1714
-1201.56
-1016.49
-771.083
-481.009
-163.438
-2059.2
-1740.06
-1318.75
-822.214
-279.325
-3062.41
-2583.48
-1955.49
-1218.5
-413.917
-4053.53
-3411.21
-2577.75
-1605.44
-545.488
-266.825
-226.123
-171.799
-107.287
-36.4778
-129.052
-109.394
-83.1347
-51.9275
-17.6585
-482.276
-408.596
-310.358
-193.778
-65.8755
-338.61
-286.96
-218.026
-136.156
-46.2906
-888.602
-752.402
-571.19
-356.491
-121.161
-743.321
-629.581
-478.083
-298.436
-101.437
-1476.89
-1249.39
-947.714
-591.164
-200.865
-1373
-1161.84
-881.508
-549.936
-186.863
-2135.14
-1803.81
-1366.73
-851.971
-289.409
-2087.53
-1764.24
-1337.07
-833.531
-283.134
-2804.18
-2363.45
-1787.64
-1113.5
-378.222
-2644.17
-2230.03
-1687.2
-1050.78
-356.807
-3913.21
-3283.05
-2476.98
-1543.14
-525.036
-4355.03
-3631.17
-2733.48
-1707.19
-583.938
-4647.35
-3835.6
-2882.86
-1816.23
-631.509
-6552.37
-5306.85
-3994.55
-2583.1
-947.003
-6864.95
-5399.87
-4090.15
-2777.73
-1140.09
-7180.71
-5518.01
-4188.7
-2942.13
-1303.45
-4829.47
-4049.64
-3053.96
-1901.96
-646.949
-5192.64
-4331.54
-3258.97
-2032.09
-693.409
-5030.48
-4164.3
-3126.02
-1957.23
-673.329
-4442.64
-3634.1
-2724.45
-1725.25
-606.486
-3649.93
-2923.56
-2193.79
-1427.14
-530.069
-3109.78
-2436.29
-1829.73
-1224.13
-481.166
-19859.8
-14429.1
-5034.89
-4011.74
-3063.28
-4273.71
-3953.78
-13014.9
-14596.6
-11535.3
-13308.5
-7842
-11234.4
-5983.67
-6252.25
-4554.81
-20510.6
-11277
-4311.59
-7053.76
-9241.87
-6343.15
-6993.24
-5290.35
-3251.28
-4686.33
-5236.91
-5364.46
-19472.2
-13010.1
-12823.3
-9165.22
-9134.4
-9688.89
-4560.13
-5748.33
-7170.02
-14140.6
-12227.6
-10251.9
-9438.06
-8036.88
-9406.36
-6456.24
-4997.41
-3807.62
-1934.03
-4465.21
-3721.37
-2801.51
-1750.85
-599.573
-3593.55
-3018.94
-2279.26
-1419.77
-482.8
-2741.25
-2299.57
-1732.97
-1077.47
-365.881
-3837.2
-3229.63
-2439.82
-1518.54
-515.646
-3531.21
-2957.88
-2228.38
-1386.83
-471.618
-9511.91
-7896.74
-6487.02
-5803.74
-5663.39
-10844.9
-9332.8
-7529.7
-5977.09
-3507.28
-8303.91
-5833.63
-4382.51
-3038.61
-1306.55
-9870.4
-8134.14
-6357.13
-4640.83
-2224.13
-6625.29
-5307.72
-3910.64
-2439.1
-848.401
-8806.87
-6561.68
-4783.85
-3028.6
-1104.04
-5179.83
-4222.69
-3131.13
-1944.76
-667.02
-5391.12
-4381.13
-3243.02
-2014.25
-691.662
-3977.56
-3263.91
-2426.08
-1503.84
-512.982
-14407
-11497.5
-9521.2
-8349.43
-7530.88
-8758.21
-6698.99
-5077.99
-3471.22
-1510.94
-3723.46
-3035.27
-2258.04
-1412.65
-490.64
-6113.31
-5009.12
-3751.94
-2368.51
-833.052
-7782.4
-6283.83
-4731.78
-3077.76
-1159.07
-5476.5
-4481.02
-3365.54
-2140.02
-760.007
-6113.39
-5046.73
-3797.37
-2397.88
-837.54
-4657.6
-3858.16
-2896.38
-1812.85
-623.952
-2871.14
-2379.09
-1778.73
-1103.77
-375.709
-4171.28
-3482.58
-2617.56
-1627.67
-553.781
-4583.93
-3772.85
-2814.46
-1751.74
-600.522
-4721.81
-3908.05
-2928.77
-1828.61
-627.935
-13690.9
-11451.1
-9635.23
-8599.28
-7462.63
-9158.23
-6629.52
-5127.84
-3789.19
-1900.8
-9864.46
-8027.31
-6253.97
-4626.11
-2209.18
-7334.17
-5669.43
-4317.81
-2945.34
-1188.03
-7720.54
-6258.78
-4728.17
-3085.15
-1157.63
-7750.58
-5980.49
-4550.69
-3097.02
-1237.19
-3984.01
-3285.04
-2467.91
-1555.52
-542.319
-5105.53
-4256.69
-3200.39
-1994.2
-680.227
-6249.22
-5141.28
-3857.93
-2431.98
-848.181
-471.07
-1345.85
-2148.99
-2913.97
-3644.39
-4328.8
-2671.86
-7172.78
-6799.27
-2609.53
-9107.64
-7640.48
-9083.62
-10045
-2425.96
-1565.67
-5635.8
-3249.11
-10692.5
-7597.83
251.239
-2165.36
-5971.69
-5579.1
-2098.53
-7738.49
-6219.47
-7606.26
-8550.26
-2007.83
-920.744
-4843.52
-1686.96
-8842.28
-4541.11
1604.92
-1578.46
-4531.33
-4217.73
-1533.37
-6099.62
-3716.03
-6151.9
-6795.5
-1511.84
-838.918
-3424.45
-1757.81
-7038.75
-1782.7
1745.48
-1158.55
-3496.89
-3319.33
-1166.02
-4652.69
-2244.28
-5093.49
-5975.9
-1134.88
-882.688
-2502.29
-1779.87
-6177.64
-344.734
1312.86
-933.381
-2957.52
-2851.45
-980.165
-3725.72
-1853.9
-4556.31
-5789.31
-895.719
-963.26
-1793.48
-1712.11
-5380.87
-130.528
154.066
-822.564
-2632.88
-2613.63
-886.011
-3443.65
-2120.72
-4213.02
-5530.75
-689.608
-755.915
-1475.69
-1674.61
-5294.94
-954.026
-477.586
-1393.67
-3404.91
-5002.28
-1935.74
-5513.68
-9646.16
-7325.34
-10549
-1007.42
-707.677
-3884.62
-2384.97
-1145.28
-9219.5
-4812.33
-1297.31
-3176.35
-4396.78
-1682.64
-5100.16
-8726.64
-6614.76
-8987.01
-1030.75
-625.442
-4023.54
-2255.86
-325.458
-9054.19
-3616.54
-1142.17
-2806.1
-3605.41
-1353.09
-4649.44
-7812.91
-5634.43
-7913.57
-915.955
-718.443
-3445.08
-2350.38
-548.777
-7324.12
-3457.43
-989.444
-2534.11
-2995.88
-1100.44
-4345.47
-7104.25
-5021.91
-7194.11
-842.083
-725.208
-3190.69
-2442.98
-362.308
-6800.04
-3483.52
-895.808
-2283.64
-2663.36
-963.733
-3951.66
-6527.76
-4586.52
-6842.57
-789.94
-781.048
-2904.27
-2644.75
-512.076
-6531.57
-3550.99
-832.943
-2041.37
-2471.57
-887.377
-3651.75
-6446.68
-4263.22
-6620.42
-821.304
-907.222
-2591.53
-2519.73
-768.35
-6684.5
-3933.24
6127.89
7737.58
16029.2
23440.9
23866.4
41122.8
18317.3
46643
14921.6
32764.8
22342.7
33924.7
20018.1
26322.6
7564.53
8580.58
15064.6
17248.7
19432.7
19271.9
15285.6
18872.2
22520.4
20195.5
5061.69
3847.01
6209.74
4196.73
12726.9
10164.3
21766.8
15767.9
16795.2
17493.2
18680.7
17860.1
6583.09
5120.76
39783.2
53254
25701.2
31551.3
53462.6
69374.4
27646.2
31653
29513.3
41685.6
25757.9
34136
15096.7
24312.3
2740.94
940.431
2810.29
1025.26
8739.78
3529.02
12020.5
4425.84
8561.58
3280.47
9074.5
2911
15474.6
4926.37
19962.4
6738.92
24347.3
12104.1
22289
13207.1
22792.8
14743
20049.4
15057
17553.9
10431.4
17564.9
8966.09
23000.2
14686.9
23052.4
14818.2
21181.8
15929.8
21438.5
15995.5
18958.2
12033.6
19634.8
12325.9
17948.3
7787.82
8306.15
10138.3
18021.7
8520.03
7259.99
10293.9
19007.1
7746.67
9405.39
10201.6
19949.3
7931.37
10224.9
10650.6
3537.74
3823.5
1216.53
2341.85
10956.7
11596.9
4242.68
7568.42
14089
15639.1
6832.34
11637.3
12298.2
999.348
13702.3
16976
9261.11
656.533
7405.32
12357.4
19950.4
13983.7
10029.2
12216.6
10725.6
9291.17
14597.4
3287.86
2673.36
1861.06
1868.91
10169.2
8544.82
6193.72
5866.58
12640.2
10645.1
8012.82
7178.21
5826.8
7438.72
12065.8
12526.9
14186.9
12898.4
16001.5
13896.7
10915.8
9190.74
9115.92
9549.55
12052.2
9436.53
11013.1
7945.52
9559.58
6532.67
11201.4
7317.39
10301.7
4717.73
8865.42
9558.33
12631.1
16418.4
13903.9
20204.7
7070.27
7805.32
9136.72
2813.19
7908.22
15201
7506.97
16315.5
13770.3
24954
14012.5
26503.8
5998.38
13091.4
5459.16
13968.9
8302.83
6231.37
11582.9
4551.54
8512.2
1579.61
10080.7
664.059
7989.1
9383.35
12139.6
5593.39
6617.65
11078.9
10751.5
7349.02
2081.59
1844.2
1664.7
1540.2
1419.3
1276.01
6955.74
5657.85
4861.68
4498.45
3581.35
3080.7
8448.36
7243.07
6670.62
5371.31
4347.82
4092.82
6505.73
5712.03
5555.81
10897.4
8211.18
6883.01
10321.2
7558.57
6093.16
10823
8478.85
7342.77
6801.23
4444.08
3445.94
15677.1
13467.1
11594.3
10123.3
8358.9
6885.23
9046.95
6967.49
5506.77
7642.02
5466.93
4152.11
7933.64
4386.82
2442.54
10420.5
14117.1
8247.24
10661.4
11277.1
16554.1
10082.7
14666.1
69.6453
626.348
-431.065
57.2991
2959.86
3411.11
1228.68
735.488
659.58
2365.89
9411.63
13728.6
6636.98
3664.52
9964.72
9897.47
15409.1
16979
-624.742
-4179.51
7587.76
7155.25
7223.97
5572.89
889.802
489.72
565.067
235.531
2019.45
185.905
-304.974
-850.789
9221.24
2357.95
6254.11
1613
9069.38
2756.48
10986.6
3524.35
8855.42
11941.4
8185.64
11643.3
14300
15109.5
13643.9
14301.3
5624.99
9376.73
6499.02
9317.86
8689.89
11214.1
9588.9
11326.8
14217.8
14043
14887.4
14098.3
5681.26
9071.73
6185.6
9236.98
-198.964
1280.12
7341.29
4540.96
-761.2
867.616
6800.49
4008.19
263.931
1543.81
7505.87
4953.23
718.159
1815.29
7542.42
5126.71
-671.289
-766.523
144.516
-4.334
-2937.16
-2965.41
-239.921
-405.844
-654.95
-2040.25
1621.39
954.434
-10272.9
-9630.83
-5595.89
-4319.86
-494.123
-10543.7
-10801.5
-4327.03
-6406.47
-898.426
10313.5
8054.38
7110.17
6637.78
3978.21
-781.824
-712.548
-67.9388
21.6566
-2559.62
-2490.52
-131.653
98.4417
-2610.58
-3118.89
621.56
917.36
-5132.87
-2293
-8136.85
-5061.02
-3648.48
-2747.69
-4131.67
-3560.97
359.026
1266.52
3787.09
2387.31
1035.95
-1011.47
969.441
-775.367
1636.74
314.109
1987.9
2262.06
5201.62
4744.58
9908.91
5966.51
8132.28
8164.41
12344.9
9987.97
7765.99
4546.61
3853.81
3817.34
11688.4
5145.53
12858.2
5771.61
13770.8
10194.1
14696.6
10934
9436.16
3692.35
10574.5
4285.35
6068.12
4774.56
4610.67
6826.55
3901.58
4381.63
3931.38
6328.1
7015.69
4710.95
5215.31
7842.15
8550.94
5120.14
6572.04
8096.05
-717.565
-743.45
-831.296
-54.3545
-276.394
-303.879
-2713.3
-2869.74
-2863.24
-209.667
-788.996
-793.315
-3472.9
-3839.49
-3925.54
529.687
-782.541
-1051.39
-1207.83
-1025.74
-722.939
-3678.91
-3741.8
-3478.67
-3008.28
-3375.07
-3310.1
-3725.4
-3969.55
-3859.88
1247.76
-354.744
-472.259
3474.82
1986.35
1063.55
-965.744
-2048.38
-2625.63
-946.467
-2321.13
-2918.52
-436.398
-1917.83
-2342.37
2182.54
-492.354
-807.372
-25.3284
-34.0129
-42.458
-63.6056
-245.889
-136.017
-111.791
-105.731
-16.6671
-75.1173
-172.284
-261.901
-426.588
-268.19
-300.482
-316.222
206.87
-29.9277
-247.266
-467.477
-165.068
-219.423
-276.932
-309.91
-39.4132
-131.151
-129.844
-125.66
206.107
7.33791
-112.303
-187.602
907.848
187.58
-82.239
-273.469
1418.77
330.742
10.8813
-476.084
622.869
76.593
-164.462
-412.963
1162.31
250.429
28.6498
-413.606
971.312
225.339
-110.81
-352.086
1594.01
394.422
13.8295
-561.647
1087.07
298.702
-103.33
-422.547
1719.6
452.062
34.439
-587.109
-8.39039
-19.7256
-37.5876
-81.18
-37.7206
-28.6039
-21.454
-73.9073
-78.9797
-78.2167
-131.188
-244.978
-168.914
-105.778
-76.2975
-222.527
376.907
45.4824
-140.579
-414.22
159.983
-31.3427
-99.1224
-390.735
58.1434
-118.643
-212.589
-416.658
1.45673
-96.1771
-83.3619
-394.021
994.051
190.033
-9.78854
-548.412
-83.6975
-41.6223
-28.4571
-56.7615
-151.032
-60.0716
-30.5971
-26.7936
-171.8
-103.585
-65.64
-161.137
-404.185
-170.391
-82.8038
-75.8999
-112.125
-117.927
-91.5786
-263.557
-518.228
-241.237
-125.531
-119.43
73.7966
-108.157
-115.423
-367.264
-413.302
-261.284
-148.898
-151.372
507.624
-16.9059
-51.0443
-348.423
-132.101
-225.567
-135.289
-153.783
1154.07
116.291
-34.6981
-400.851
365.349
-56.2032
-83.1077
-140.988
884.89
31.473
-45.5864
-372.774
207.488
-132.155
-113.329
-153.949
1401.33
219.466
-1.7778
-435.538
506.169
17.8555
-53.1171
-131.514
1587
321.022
43.7586
-429.344
634.778
96.9821
-13.792
-113.386
-28.3168
-12.2861
-6.17683
-3.52947
-2.49637
-37.212
-18.6957
-10.0285
-5.86453
-4.15524
-74.4066
-31.1132
-15.4449
-8.79032
-6.21572
-92.3117
-45.7001
-24.4627
-14.3447
-10.1879
-98.6254
-39.0172
-19.1365
-10.8787
-7.71292
-124.036
-60.7296
-32.6213
-19.243
-13.7286
-64.7864
-31.0346
-16.6064
-9.81598
-7.00749
-46.272
-18.2917
-8.9324
-5.11968
-3.61484
-98.5392
-39.818
-19.9305
-11.4776
-8.1144
-47.0821
-16.3179
-7.67608
-4.31637
-3.02348
-103.883
-46.2014
-24.2073
-14.162
-10.0716
-44.5064
-16.2256
-7.86811
-4.46084
-3.11968
-75.9907
-26.0832
-12.0729
-6.76937
-4.75157
-44.6775
-14.594
-6.73273
-3.78728
-2.66123
-66.5447
-16.9764
-6.30836
-3.20934
-2.16231
-36.7959
-8.04795
-2.72339
-1.32586
-0.874712
-23.5682
-9.2422
-4.47048
-2.50223
-1.75305
-16.8798
-7.23015
-3.64401
-2.05987
-1.42881
-63.6264
-25.32
-12.4202
-6.97134
-4.87605
-48.6639
-21.0413
-10.7046
-6.06075
-4.23401
-89.0693
-31.2449
-14.6827
-8.10525
-5.65166
-65.8247
-28.9678
-14.9314
-8.49533
-5.99318
-79.8539
-35.5026
-18.6814
-10.8698
-7.73587
-44.6486
-21.9719
-11.7255
-6.75749
-4.81448
-41.3118
-19.506
-10.5227
-6.20001
-4.4181
255.836
384.369
694.869
1098.59
659.883
1335.74
92.9201
1046.09
-572.289
72.7294
673.738
1186.83
-336.599
-251.788
1131.08
1817.84
1458.65
2093.81
568.394
131.558
29.6146
6.54193
1.64262
180.456
85.1203
11.509
3.0849
1.40681
2012.47
467.481
105.939
23.3357
5.8729
510.952
139.402
34.0135
7.21261
1.94347
3331.82
774.288
175.876
38.8591
9.759
794.349
230.633
56.1372
13.0546
3.28735
4462.54
1039.99
237.186
52.5646
13.2168
920.951
289.372
72.7029
17.0966
4.29507
5559.54
1308.4
300.473
66.9263
16.8986
1014.03
351.048
90.8021
21.6297
5.49741
6555.17
1589.96
370.199
83.1623
21.0951
1591.48
490.15
121.493
27.9901
7.03076
6115.69
1478.44
342.732
76.6708
19.386
1226
413.815
105.861
24.8944
6.26315
6751.94
1639.83
382.514
86.0639
21.8651
1809.77
538.526
131.446
29.852
7.4778
7031.34
1693.06
395.451
88.9314
22.5802
1880.18
560.989
138.121
29.1469
7.72336
509.798
7037.18
6418.91
2281.9
-1455.95
-2523.49
-7907.61
-11547.9
-1832.79
-8531.25
1655.61
-2621.16
-2532.11
-5007.22
-9479.1
-13412
-14198.4
-17836.7
-5017.7
-6506.62
19916.2
14371.8
4652.97
3604.88
2585.84
3682.3
3459.53
12208.9
11575
9915.7
10651.7
8740.11
6277.79
8222.92
5405.28
4579.59
5548.75
3809.86
19798.5
10239.4
3577.96
6118.26
8363.5
5820.17
6322.68
4694
2833.65
4003.14
4277.76
4630.54
19577.3
12808.2
12154.8
8763.55
8674.9
9142.4
3872.45
5092.18
6516.11
14122.3
12150.5
10136.1
9281.91
7890.86
9311.75
6358.59
4903
3729.05
1899.8
4099.67
3390.75
2533.51
1574.36
537.589
3215
2686.72
2017.66
1251.58
424.667
2293.52
1903.29
1418.44
874.056
295.352
3288.98
2750.53
2064.09
1277.8
432.613
3065.61
2543.91
1898.54
1172.95
397.346
7807.16
5939.39
4619.63
4240.87
4529.11
6294.86
4600.01
3254.1
2682.07
1863.94
6184.3
3712.46
2559.52
1768.81
841.902
5458.83
3660.76
2421.55
1750.26
1026.25
4077.18
2538.18
1573.92
1082.96
527.662
4958.53
3693.28
2542.55
1514.47
519.653
5593.54
3592.53
2343.22
1397.8
520.188
3547.7
2123.89
1273.25
689.203
232.121
3766.65
2900.01
2035.96
1214.59
409
4422.1
3294.33
2240.96
1302.75
432.039
3167.76
2459.69
1732.5
1030.06
343.766
13037.8
9879.69
7920.25
6973.87
6563.23
7518.71
5429.95
3952.89
2665.32
1189.75
2971.04
2318.1
1654.96
1006.16
345.919
5168.8
4116.07
3002.89
1862.62
651.696
6833.91
5344.61
3914.72
2506.11
944.103
4939.26
3964.76
2925.62
1838.28
650.195
5458.3
4442.93
3299.58
2065.11
719.036
4074.99
3321.26
2454.7
1519.06
520.146
2439.09
1960.84
1422.06
861.478
289.455
3518.34
2893.21
2141.44
1315.63
444.736
3631.7
2886.17
2081.27
1263.38
428.144
4001.29
3241.77
2379.79
1463.48
499.054
13549.9
11158.3
9248.1
8158.18
7022.06
8866.05
6325.38
4839.24
3557.78
1796.54
8930.89
7040.85
5325.31
3902.93
1880.9
6870.5
5192.19
3885.71
2627.13
1064.31
7213.96
5745.78
4271.11
2757.49
1031.58
7110.95
5333.21
3965.67
2669.03
1068
3314.89
2671.36
1965.11
1221.69
424.196
4478.61
3690.96
2743.34
1694.53
575.441
5593
4521.96
3337.92
2080.12
722.084
5258.39
10536.5
12067.4
33150
11891.7
44319
5974.52
14186.7
11855.5
9144.95
19690.5
16425.8
11803.9
11083
22068.9
17463.8
3880.31
2921.53
7394.64
5092.13
9375.24
7026.82
25284.1
18678.3
15399.1
11693
15854.9
9421.53
1200.42
3790.15
41110.6
53796.6
24830.9
31401.3
54280.9
69709.4
26691.1
31422.7
30655.3
42273.8
24963.3
34076.8
16607.4
25029.4
1928.24
528.065
3235.17
1116.05
6761.81
3025.21
13837.3
4997.69
2982.49
1696.89
7468.69
2349.11
15492.2
4869.6
20142.1
6788.27
16700.6
8660.32
19276.3
11446.2
15171.4
10858.2
17063.7
13197.3
15429.4
9028.01
12200.2
6312.55
21835.1
13894
22761
14601.4
19992.7
15121.7
21120.5
15775.6
18175.2
11385.1
19449.5
12146.8
16924.6
7487.87
7379.89
9764.73
15141.3
7659.11
5538.29
9610.24
18731.9
7669.4
8973.32
10018.4
19916.4
7924.29
10103
10597.4
1160.02
1035.59
308.699
1197.48
4597.37
4767.66
2904.66
5800.37
2632.12
3283.28
4571.67
8651.22
12178.6
9694.68
9490.66
11888.8
7877.86
7622.31
8196.82
7013.5
13778.6
12066.4
11665.1
9828.96
6875.34
5932.44
13024.9
1056.57
801.242
553.517
651.468
4338.19
3425.87
3737.01
3270.74
644.714
-504.828
4373.54
3438.03
10176.5
10805.2
9527.84
8725.87
7164.76
5203.85
9402.06
7479.87
8494.09
6653.27
11627.4
11790.1
9984.26
7751.31
7423.1
4994.61
6577.84
4128.32
9886.99
5993.11
9358.8
5034.71
8356.54
9487.85
13115.7
17412.7
13838.9
20199
6433.05
7607.2
7791.31
2831.82
7713.8
15074.1
7458.66
16264.5
13687.4
25063.9
13981.9
26487.7
5751.29
12935.4
5398.4
13919.2
7838.62
6124.27
11396.8
4582.9
7524.16
1750.24
9800.81
1185.96
7801.28
9290.18
12053.9
5587.89
6566.9
11046.9
10727.4
7338.8
788.019
754.137
525.514
623.663
2603.63
1890.7
2399.54
2172.94
-1073.02
-568.837
2802.24
3104.95
10681.9
10110.4
7740.23
6655.15
4140.54
3474.54
5870.97
4835.12
5597.15
4080.5
18321.9
15984.6
8034.67
6791.99
6144.77
4633.04
5112.8
3248.18
5489.34
2353.23
5619.67
9245.3
4921.11
9387.14
8411.62
10484.8
9457.63
12874.7
878.877
587.01
661.067
523.967
3668.82
2647.92
3010.95
1720.61
1350.05
1631.14
8337.31
8941.89
4670.93
4217.74
9407.01
9763.19
14541.2
16733.5
-402.957
-3998.78
7365.52
7157.06
7108.91
5611.33
917.702
865.555
1004.89
858.441
1745.76
1132.2
609.227
471.092
8103.96
3697.06
6890.79
3096.91
9326.11
3643.99
11096.4
3886.07
5370.25
10255
6996.54
10741.8
8720.61
11740.9
11485.4
12731.9
5191.31
9161.05
4684.57
9121.77
8198.73
10839.6
9443.4
11227.3
13306.7
13384.1
14627.1
13919.9
5570.62
9005.14
6164.58
9227.53
379.808
2082.67
7747.68
5179.74
358.099
2155.59
7677.61
4959.7
695.171
2108.06
7730.11
5343.54
895.671
2042.42
7609.24
5260.88
920.439
999.653
900.689
959.416
2092.99
2140.59
1378.42
1487.7
8317.34
7615.41
3793.07
3794.28
3680.32
5170.21
3973.81
176.906
1697.67
1254.07
1359.67
3581.12
-2733.08
741.295
13881.6
11725.6
10523.2
9081.89
5567.01
982.964
852.449
1059.07
1311.83
2118.53
1679.48
1925.19
2555.63
7933.84
7788.08
4200.92
5408.27
5015.74
6692.7
3120.32
5047.8
4775.38
5203.01
1052.05
1430.71
2727.73
4095.18
9674.51
7926.07
7575.17
5546.11
6553.73
4662.78
5744.41
4147.36
4116.87
4503.69
8269.03
8150.32
11164
7187.18
10414.2
11153.8
13055.1
10974.6
9283.91
5725.56
6808.14
6778.45
12175.9
5902.92
12983.1
5954.39
13957.4
10831.1
14731.3
11069.4
10131.2
4430.06
10769.4
4480.69
7508.41
5837.53
5878.81
8015.29
6403.63
6758.55
5775.14
8280.89
7765.53
5404.41
5933.3
8597.69
8784.63
5337.22
6803.99
8311.29
625.736
536.456
927.652
681.766
1464.28
1721.43
1596.52
1193.51
7584.85
6643.57
3596.03
1612.17
7853.5
7439.92
6077.07
5459
5035.21
4324.73
1778.55
1850.41
3897.26
1777.98
8625.68
7383.34
4851.78
3871.09
3731.33
2401.13
2705.23
1234.37
4047.39
96.9418
202.664
92.1818
32.6863
-17.0516
187.874
117.032
38.4033
-13.3809
600.924
264.09
6.90373
-164.127
538.904
307.228
31.8546
-112.511
986.196
392.153
-32.9485
-371.256
967.9
468.807
153.833
-19.59
668.164
316.246
154.686
49.3399
515.769
209.849
17.2842
-105.402
1479.55
516.996
128.993
-123.136
1756.08
500.079
104.15
-456.802
1417.26
495.306
83.5056
-245.557
1593.71
449.668
131.36
-412.485
1385.28
476.992
42.6615
-264.268
1820.73
515.746
87.7368
-533.375
1256.65
405.405
-37.1865
-383.597
1802.38
498.299
63.0105
-576.357
188.473
75.8858
11.9462
-58.5287
159.127
56.947
25.4323
-55.3372
532.376
217.333
18.0567
-173.066
448.353
166.983
70.6893
-162.071
1053.9
365.59
11.5522
-365.043
957.152
317.638
84.8759
-331.063
1170.65
429.324
78.3989
-273.512
883.701
299.902
112.327
-368.906
1604.7
448.779
115.948
-580.544
111.58
42.2729
13.2739
-36.3263
50.4756
29.8174
13.5215
0.417373
392.503
138.116
61.2423
-97.8336
201.648
99.1395
52.228
6.3489
687.256
228.33
93.1531
-173.541
399.696
172.752
81.3936
5.29136
1044.7
328.901
117.355
-264.108
696.041
254.544
108.264
0.655158
1375.11
395.295
187.89
-221.07
936.06
307.284
145.161
19.7254
1835.84
512.187
201.699
-274.716
925.441
285.897
120.182
-10.2302
1769.74
502.109
228.859
-226.617
1024.36
318.281
140.095
9.60031
1812.69
471.043
151.537
-355.982
829.432
231.251
75.506
-52.3063
1721.64
405.853
96.0764
-402.11
735.687
166.239
28.4751
-87.5528
4.76309
7.94095
5.56059
3.57712
2.61679
21.6831
15.6826
9.68454
6.03737
4.40394
7.98591
19.2601
13.7782
8.90494
6.51722
49.2702
37.2007
23.1585
14.4332
10.517
2.96372
23.3091
16.9842
10.9888
8.02316
65.3862
49.2569
30.4144
18.8341
13.6675
31.9502
24.7319
15.323
9.47067
6.87042
3.32399
10.3662
7.50722
4.82744
3.55772
13.2894
25.5458
17.5924
11.1955
8.19971
-5.31814
8.46392
6.58722
4.30515
3.1799
38.7616
35.6224
22.4605
13.9838
10.1696
0.0537708
9.86123
7.08478
4.56668
3.37337
-11.6254
11.9546
9.83733
6.48548
4.79211
-8.30332
6.74063
5.51507
3.61566
2.66973
-37.0865
0.515315
3.81371
2.94567
2.30175
-24.6087
-0.757915
1.50082
1.24682
0.996961
-0.145891
5.50604
4.1069
2.68966
1.98145
4.81151
5.50776
3.62871
2.31988
1.71771
5.51321
16.8614
11.9068
7.72396
5.68988
17.2016
16.9634
10.9028
6.94075
5.10456
-10.0856
18.2118
13.9539
9.21313
6.80501
29.5032
24.934
15.5789
9.84973
7.18213
35.9306
29.7609
18.3044
11.3914
8.26178
34.0128
21.0869
12.4909
7.78468
5.6271
25.7222
17.2932
10.2372
6.2849
4.55361
30.3691
170.697
96.9971
527.609
6.8362
703.609
-307.039
620.528
-590.11
47.389
751.686
1263.28
-173.496
9.42549
1167.87
1843.09
1468.56
2099.22
539.922
127.034
28.7481
6.36436
1.59953
137.647
78.6898
10.5272
2.92649
1.36771
1924.15
452.718
103.029
22.7313
5.72441
399.287
122.445
31.4012
6.81951
1.87293
3197.3
750.736
171.182
37.884
9.52114
671.573
211.048
52.9918
12.5399
3.19184
4309.12
1011.15
231.281
51.3269
12.9153
843.816
275.271
70.1833
16.6414
4.20508
5423.39
1279.27
294.144
65.5639
16.5632
1008.4
345.889
89.4052
21.3122
5.42533
6495.74
1573.36
366.091
82.2147
20.8526
1604.54
491.06
121.384
27.9225
7.00808
6026.9
1454.82
337.154
75.4253
19.0749
1253.41
414.389
105.42
24.7366
6.22124
6717.97
1630.17
380.055
85.4846
21.7143
1813.12
538.603
131.348
29.8149
7.46627
7020.15
1689.88
394.63
88.7352
22.5289
1880.36
560.863
138.067
29.1368
7.71979
514.939
6950.96
6135.99
2206.15
1444.84
809.328
3731.12
2737.81
6513.89
6136.84
2843.58
2060.75
365.631
562.634
969.533
1580.02
2376.07
3286.91
264.814
571.457
1191.86
2081.53
3145.83
4237.73
277.531
127.908
478.576
327.017
884.468
732.83
1481.57
1373.6
2137.33
2052.18
2812.11
2534.24
4087.85
4633.85
5058.56
7571.29
8508.88
9394.39
5157.68
5689.57
5677.51
5195.88
4463.77
3914.34
330.217
279.645
212.309
132.502
45.0291
507.773
429.65
325.927
203.284
69.0604
874.266
739.04
560.116
349.124
118.569
1423.05
1201.35
909.414
566.394
192.29
2136.07
1799.73
1360.15
846.295
287.218
2945.88
2474.39
1865.67
1159.6
393.513
239.026
202.315
153.521
95.7718
32.5362
515.438
435.866
330.448
206.014
69.9704
1074.16
907.494
687.443
428.348
145.453
1873.66
1580.83
1196.15
744.817
252.851
2826.33
2379.94
1798.01
1118.67
379.693
3796.49
3187.91
2403.64
1494.36
507.26
250.772
212.437
161.335
100.718
34.2385
115.583
97.9201
74.3689
46.4281
15.7835
432.117
365.794
277.6
173.198
58.8547
295.321
250.049
189.799
118.434
40.2474
797.989
674.936
511.786
319.112
108.399
661.331
559.506
424.363
264.641
89.9009
1335.14
1127.78
854.115
532.09
180.663
1238.02
1045.89
792.147
493.475
167.543
1922.55
1620.68
1225.19
762.329
258.69
1846.09
1556.17
1176.17
731.585
248.19
2521.07
2117.64
1596.12
991.425
336.249
2271.88
1907.62
1436.64
891.408
302.073
3645
3047.03
2290.56
1422.94
483.404
4094.59
3396.88
2544.4
1583.07
540.426
4395.71
3601.76
2688.33
1685.1
584.546
6368.92
5117.81
3822.57
2457.39
898.181
6758.84
5279.49
3971.43
2682.6
1097.96
7141.7
5472.12
4141.84
2902.84
1285.06
4601.09
3848.51
2894.93
1799.33
611.379
5043.29
4195.7
3148.14
1958.69
667.547
4982.48
4113.55
3079.12
1923.14
660.579
4481.4
3657.06
2733.56
1725.67
605.053
3720.95
2976.28
2227.27
1443.13
533.536
3143.47
2462.05
1846.73
1232.63
483.106
384.267
620.35
1071.57
1733.95
2592.22
3556.84
290.6
651.447
1331.71
2284.67
3403.3
4516.25
295.204
142.744
533.739
374.661
983.982
822.9
1636.8
1521.25
2369.35
2315.61
3119.11
2938.86
4375.2
4907.24
5314.03
7733.89
8583.47
9417.63
5402.16
5844.65
5719.31
5141.3
4375.18
3872.85
347.151
294.096
223.369
139.45
47.3985
560.263
474.478
360.264
224.871
76.4269
967.179
818.529
621.116
387.531
131.686
1563.56
1321.92
1002.24
624.994
212.333
2334.09
1970.4
1492.13
929.928
315.884
3194.78
2690.56
2034.17
1267.06
430.485
262.466
222.311
168.82
105.381
35.8142
588.162
497.958
377.997
235.899
80.1671
1201.5
1016.43
771.042
480.984
163.429
2059.1
1739.97
1318.68
822.17
279.31
3062.25
2583.35
1955.39
1218.43
413.894
4053.32
3411.03
2577.61
1605.35
545.458
266.81
226.11
171.789
107.28
36.4757
129.045
109.388
83.1301
51.9246
17.6575
482.25
408.574
310.341
193.768
65.8719
338.591
286.945
218.015
136.148
46.2881
888.555
752.362
571.159
356.472
121.155
743.282
629.548
478.057
298.42
101.432
1476.82
1249.32
947.664
591.133
200.855
1372.93
1161.78
881.462
549.907
186.853
2135.03
1803.72
1366.66
851.927
289.394
2087.42
1764.15
1337
833.489
283.119
2804.04
2363.34
1787.55
1113.44
378.203
2644.04
2229.93
1687.12
1050.72
356.79
3913.01
3282.88
2476.85
1543.06
525.008
4354.81
3630.99
2733.33
1707.09
583.906
4647.12
3835.41
2882.71
1816.13
631.474
6552.05
5306.57
3994.33
2582.95
946.946
6864.61
5399.57
4089.9
2777.55
1140.01
7180.36
5517.68
4188.42
2941.91
1303.35
4829.22
4049.43
3053.79
1901.86
646.913
5192.37
4331.31
3258.79
2031.98
693.369
5030.22
4164.08
3125.84
1957.11
673.289
4442.41
3633.9
2724.29
1725.14
606.447
3649.75
2923.39
2193.66
1427.04
530.032
3109.62
2436.15
1829.61
1224.04
481.13
19859.2
14428.6
5034.66
4011.56
3063.16
4273.52
3953.61
13014.4
14596.4
11535
13308.4
7841.82
11234.1
5983.5
6252.08
4554.68
20509.8
11276.6
4311.46
7053.5
9241.51
6342.89
6992.94
5290.13
3251.17
4686.15
5236.74
5364.26
19471.5
13009.6
12822.8
9164.84
9134.02
9688.5
4559.96
5748.09
7169.73
14139.9
12226.8
10251.2
9437.36
8036.28
9405.88
6455.82
4997.03
3807.32
1933.87
4465
3721.19
2801.37
1750.76
599.543
3593.38
3018.79
2279.15
1419.7
482.776
2741.13
2299.48
1732.89
1077.42
365.866
3837.02
3229.48
2439.71
1518.47
515.622
3531.06
2957.75
2228.28
1386.77
471.596
9511.49
7896.42
6486.77
5803.53
5663.18
10844.7
9332.62
7529.54
5976.94
3507.15
8303.66
5833.46
4382.38
3038.53
1306.5
9870.29
8134.01
6357.03
4640.75
2224.06
6625.13
5307.59
3910.54
2439.03
848.377
8806.67
6561.52
4783.74
3028.53
1104.01
5179.68
4222.56
3131.03
1944.7
666.999
5390.97
4381
3242.92
2014.18
691.64
3977.44
3263.81
2426
1503.79
512.965
14406.3
11496.9
9520.74
8349.03
7530.52
8757.87
6698.72
5077.78
3471.07
1510.88
3723.34
3035.17
2257.96
1412.6
490.623
6113.08
5008.92
3751.79
2368.41
833.018
7782.08
6283.56
4731.57
3077.63
1159.02
5476.26
4480.82
3365.38
2139.92
759.97
6113.12
5046.5
3797.2
2397.76
837.499
4657.4
3858
2896.25
1812.77
623.924
2871.04
2379
1778.67
1103.73
375.695
4171.11
3482.44
2617.46
1627.6
553.758
4583.78
3772.72
2814.36
1751.68
600.5
4721.63
3907.9
2928.65
1828.54
627.909
13690.2
11450.5
9634.62
8598.72
7462.16
9157.78
6629.14
5127.52
3788.95
1900.67
9864.02
8026.93
6253.66
4625.89
2209.08
7333.83
5669.15
4317.58
2945.18
1187.96
7720.19
6258.47
4727.93
3084.99
1157.57
7750.23
5980.2
4550.47
3096.86
1237.12
3983.86
3284.92
2467.81
1555.46
542.297
5105.31
4256.51
3200.24
1994.1
680.196
6248.95
5141.05
3857.76
2431.87
848.141
471.055
1345.81
2148.92
2913.89
3644.29
4328.69
2471.22
7179.36
6806.16
2412.59
9104.44
7636.51
9080.38
10041.6
2251.98
1509.95
5614.71
3165.44
10692.3
7594.27
-247.095
1998.58
5978.71
5586.13
1936.51
7738.36
6217.55
7605.85
8548.58
1863.18
907.351
4817.26
1592.98
8845.72
4540.74
-1596.55
1453.78
4536.44
4222.67
1412.5
6101.69
3716.5
6153.45
6795.62
1399.01
818.506
3402.37
1689.1
7042.7
1784.69
-1740.02
1066.25
3499.73
3321.77
1074.05
4654.74
2245.4
5094.95
5976.58
1052.79
854.448
2481.36
1714.82
6180.82
346.818
-1309.32
858.911
2959.29
2852.58
903.321
3727.38
1855.03
4557.33
5789.99
832.587
909.669
1773.8
1672.65
5383.47
132.404
-151.552
757.126
2634
2614.09
816.998
3444.95
2121.66
4213.71
5531.31
643.731
721.644
1456.13
1643.36
5297.15
955.65
479.738
1284.91
3409.22
5008.64
1785.98
5514.9
9645.84
7325.56
10547.5
904.082
594.773
3913.96
2455.04
1145.26
9219.26
4811.55
1196.02
3180.22
4402.45
1551.25
5101.19
8726.47
6615.7
8986.28
925.613
513.785
4050.88
2334.09
324.667
9053.58
3614.96
1052.98
2809.21
3609.32
1246.68
4650.19
7813
5635.84
7913.76
823.488
597.077
3466.42
2424.15
547.528
7323.46
3455.22
912.612
2536.17
2997.88
1014.33
4345.8
7104.35
5022.96
7194.54
756.919
610.687
3210.72
2502.31
360.9
6799.3
3481.19
826.769
2284.91
2664.28
888.945
3951.65
6527.78
4587.14
6842.95
709.928
672.617
2923.1
2686.07
510.44
6530.79
3548.56
768.905
2042.26
2471.91
818.945
3651.6
6446.63
4263.57
6620.7
736.672
793.725
2613.25
2555.18
767.074
6683.88
3931.79
)
;

boundaryField
{
    patch1
    {
        type            calculated;
        value           nonuniform List<scalar> 
2440
(
-6584.48
-6654.42
-9142.79
-3872.6
-5092.42
-6516.4
-9688.89
-4560.13
-5748.33
-7170.02
6583.09
6636.98
9142.4
3872.45
5092.18
6516.11
9688.5
4559.96
5748.09
7169.73
-6739.17
-15992.6
-23835.1
-18308.7
-14908.5
-22297.2
-20003.1
-8798.32
-138.807
1667.18
7891.65
1786.85
-1673.09
2516.77
9443.58
14276.3
5830.49
-19916.8
-14372.3
-4653.21
-3605.07
-2585.96
-3682.48
-3459.69
-12209.3
-11575
-9915.97
-10651.6
-8739.86
-6277.91
-8223.03
-5405.22
-4579.68
-5548.78
-3809.93
-19799.2
-10239.8
-3578.07
-6118.5
-8363.87
-5820.44
-6322.98
-4694.21
-2833.73
-4003.3
-4277.89
-4630.72
-19577.9
-12808.7
-12155.3
-8763.94
-8675.31
8.66092
-277.548
-127.916
-478.606
-327.038
-884.522
-732.875
-1481.66
-1373.68
-2137.45
-2052.29
-2812.26
-2534.37
-295.221
-142.752
-533.768
-374.681
-984.034
-822.944
-1636.88
-1521.32
-2369.47
-2315.73
-3119.26
-2939
-19859.8
-14429.1
-5034.89
-4011.74
-3063.28
-4273.71
-3953.78
-13014.9
-14596.6
-11535.3
-13308.5
-7842
-11234.4
-5983.67
-6252.25
-4554.81
-20510.6
-11277
-4311.59
-7053.76
-9241.87
-6343.15
-6993.24
-5290.35
-3251.28
-4686.33
-5236.91
-5364.46
-19472.2
-13010.1
-12823.3
-9165.22
-9134.4
6127.89
16029.2
23866.4
18317.3
14921.6
22342.7
20018.1
7564.53
137.877
-1455.95
-7907.61
-1832.79
1655.61
-2532.11
-9479.1
-14198.4
-5017.7
19916.2
14371.8
4652.97
3604.88
2585.84
3682.3
3459.53
12208.9
11575
9915.7
10651.7
8740.11
6277.79
8222.92
5405.28
4579.59
5548.75
3809.86
19798.5
10239.4
3577.96
6118.26
8363.5
5820.17
6322.68
4694
2833.65
4003.14
4277.76
4630.54
19577.3
12808.2
12154.8
8763.55
8674.9
-8.88166
277.531
127.908
478.576
327.017
884.468
732.83
1481.57
1373.6
2137.33
2052.18
2812.11
2534.24
295.204
142.744
533.739
374.661
983.982
822.9
1636.8
1521.25
2369.35
2315.61
3119.11
2938.86
19859.2
14428.6
5034.66
4011.56
3063.16
4273.52
3953.61
13014.4
14596.4
11535
13308.4
7841.82
11234.1
5983.5
6252.08
4554.68
20509.8
11276.6
4311.46
7053.5
9241.51
6342.89
6992.94
5290.13
3251.17
4686.15
5236.74
5364.26
19471.5
13009.6
12822.8
9164.84
9134.02
-17859.3
-13748.9
4.81131
4.43076
-5.62697
-4.53784
-4328.8
-954.026
-477.586
-6684.5
-3933.24
17860.1
13728.6
-4.81448
-4.4181
5.6271
4.55361
4328.69
955.65
479.738
6683.88
3931.79
-17488.5
708.522
209.845
379.06
1387.2
-642.309
-666.649
-525.714
-536.531
162.24
116.065
2032.99
2624.03
-508.626
-356.27
-337.989
-236.668
-1829.39
-1371.91
-4861.12
-3077.26
-6669.92
-4090.56
-5555.6
-6882.74
-6092.78
-7342
-3444.75
-11593.9
-6885.01
-5506.49
-4151.77
-2442.13
-2391.59
893.023
312.9
2873.17
802.167
3927.25
1051.71
723.053
3478.86
3310.42
3860.86
472.41
-1063.37
2625.87
2918.83
2342.78
807.445
62.8407
29.6584
160.614
75.8499
263.726
119.413
367.428
151.417
348.551
153.838
400.933
141.017
372.879
153.994
435.607
131.533
429.41
113.404
2.63993
4.49727
6.20465
10.194
7.69502
13.7204
7.01453
3.61927
8.13021
3.0322
10.1171
3.13554
4.76025
2.66678
2.16797
0.877451
1.85503
1.56515
4.88334
4.24002
5.66497
5.96477
7.76481
-1.92003
-1.50013
-5.86431
-1.63382
-9.89259
-2.87241
-13.3904
-3.7479
-17.1039
-4.84971
-21.1717
-6.65198
-19.522
-5.5927
-21.8963
-7.32943
-22.5866
-7.69646
32.2643
10.0689
-1206.29
3055.95
10115.5
7123.88
3908.54
5915.2
12162.4
16518.6
7614.19
-37.9689
-144.808
229.389
1015.92
-800.711
-710.494
-602.708
-560.696
73.9084
25.0114
1697.12
2133.96
-550.035
-390.084
-351.498
-246.457
-767.178
-654.282
-1925.39
-2178.85
568.66
-3104.41
-10110
-6654.62
-3474
-4834.98
-4080.27
-15984.5
-6791.8
-4632.84
-3248.07
-2353.12
-714.804
-784.559
-1647.96
-1146
-6640.56
-1611.37
-7439.75
-5458.99
-4324.78
-1849.66
-1778.08
-7383.23
-3871.01
-2401.03
-1234.13
-96.9784
41.013
0.419532
96.5013
-6.7501
173.677
-5.40595
264.265
-0.647291
221.213
-19.6683
274.828
10.2915
226.75
-9.52867
356.073
52.3489
402.184
87.5796
-2.90529
-4.8037
-6.56111
-10.5755
-8.03657
-13.6742
-6.86051
-3.55155
-8.18073
-3.16965
-10.117
-3.35535
-4.78137
-2.6628
-2.29505
-0.993771
-2.22159
-1.89034
-5.70024
-5.10458
-6.78642
-7.20727
-8.22679
-1.86953
-1.45673
-5.7158
-1.56909
-9.65131
-2.78598
-13.0843
-3.67084
-16.7634
-4.79264
-20.9279
-6.63478
-19.2081
-5.56423
-21.7451
-7.31914
-22.5352
-7.69296
6.99023
574.644
-1128.67
-245.697
-588.259
-1570.24
-841.946
-822.528
-2632.85
-2613.55
-885.923
-3443.65
-2120.72
-4213.02
-5530.75
-689.608
-755.915
-1475.69
-1674.61
-5294.94
-832.918
-2041.36
-2471.5
-887.3
-3651.75
-6446.68
-4263.22
-6620.42
-821.304
-907.222
-2591.53
-2519.73
-768.35
17493.2
-708.426
-209.88
-379.103
-1387.15
642.299
666.655
525.716
536.547
-162.252
-116.035
-2032.98
-2623.93
508.642
356.297
338.005
236.685
1664.7
1276.01
4861.68
3080.7
6670.62
4092.82
5555.81
6883.01
6093.16
7342.77
3445.94
11594.3
6885.23
5506.77
4152.11
2442.54
2365.89
-831.296
-303.879
-2863.24
-793.315
-3925.54
-1051.39
-722.939
-3478.67
-3310.1
-3859.88
-472.259
1063.55
-2625.63
-2918.52
-2342.37
-807.372
-56.7615
-26.7936
-161.137
-75.8999
-263.557
-119.43
-367.264
-151.372
-348.423
-153.783
-400.851
-140.988
-372.774
-153.949
-435.538
-131.514
-429.344
-113.386
-2.49637
-4.15524
-6.21572
-10.1879
-7.71292
-13.7286
-7.00749
-3.61484
-8.1144
-3.02348
-10.0716
-3.11968
-4.75157
-2.66123
-2.16231
-0.874712
-1.75305
-1.42881
-4.87605
-4.23401
-5.65166
-5.99318
-7.73587
1.66655
1.32475
5.95133
1.68839
9.88816
2.87764
13.3892
3.75035
17.1035
4.85108
21.1723
6.6525
19.5222
5.59357
21.8971
7.32983
22.5876
7.69682
-33.9619
-15.0289
1197.83
-2748.05
-10125.8
-7163.28
-3924.24
-5928.95
-12197.7
-16439.6
-6586.97
38.0525
144.717
-229.49
-1015.87
800.655
710.485
602.658
560.694
-73.9722
-25.0362
-1697.14
-2134
550.008
390.077
351.498
246.462
754.171
623.704
1890.7
2172.94
-568.837
3104.95
10110.4
6655.15
3474.54
4835.12
4080.5
15984.6
6791.99
4633.04
3248.18
2353.23
536.473
681.776
1721.43
1193.51
6643.57
1612.17
7439.92
5459
4324.73
1850.41
1777.98
7383.34
3871.09
2401.13
1234.37
96.9418
-36.3263
0.417373
-97.8336
6.3489
-173.541
5.29136
-264.108
0.655158
-221.07
19.7254
-274.716
-10.2302
-226.617
9.60031
-355.982
-52.3063
-402.11
-87.5528
2.61679
4.40394
6.51722
10.517
8.02316
13.6675
6.87042
3.55772
8.19971
3.1799
10.1696
3.37337
4.79211
2.66973
2.30175
0.996961
1.98145
1.71771
5.68988
5.10456
6.80501
7.18213
8.26178
1.62302
1.28715
5.80133
1.62289
9.64749
2.79132
13.0836
3.67328
16.7636
4.79395
20.9288
6.63529
19.2087
5.56504
21.7461
7.31954
22.5362
7.69333
-6.37475
-577.412
1129.4
189.807
629.48
1630.53
719.967
757.092
2633.98
2614.01
816.917
3444.95
2121.66
4213.71
5531.31
643.731
721.644
1456.13
1643.36
5297.15
768.882
2042.24
2471.85
818.874
3651.6
6446.63
4263.57
6620.7
736.672
793.725
2613.25
2555.18
767.074
-14823.4
5490.62
-4328.8
14822.7
-5490.55
4328.69
-15051.8
-17245.7
-15284
-18874.3
-5488.39
-4133.08
-12725.2
-10192.1
-4380.28
-4950.76
-11764.8
-12560.7
-12897.6
-13938.3
-10352.2
-3292.74
-15153.7
-3815.14
-3233.83
-9782.36
-8612.6
-10250.4
-8637.97
-2482.09
-2147.81
-1889.85
-6893.17
-5455.93
-4637.77
-6771.69
-5754.63
-5376.23
-10446.3
-14133.4
-11289.1
-16563.3
-29.5989
-720.163
-2960.48
-3337.43
1022.13
978.463
3507.87
3199.59
2051.39
2544.55
6067.1
2688.48
6617.45
899.516
792.882
2591.96
2429.41
2545.69
2696.79
914.196
937.786
1017.8
2976.2
3097.77
3022.25
3386.78
3755.62
3837.42
-182.149
-254.843
126.061
986.358
1504.4
255.011
853.118
59.6673
6.29763
80.8584
338.498
731.19
1259.24
1418.47
204.909
734.963
36.2476
-0.765085
15064.6
17248.7
15285.6
18872.2
5061.69
3847.01
12726.9
10164.3
4104.21
4594.45
11723.8
12525.4
12893.4
13933.6
10352.3
3292.85
15153.2
3487.04
2926.07
9805.87
8633.78
10246.7
8636.7
2207.92
1925.84
1721.25
6921.3
5467.01
4638.78
6772.04
5755.54
5377.06
10420.5
14117.1
11277.1
16554.1
69.6453
626.348
2959.86
3411.11
-961.215
-918.114
-3486.73
-3177.47
-2050.12
-2543.54
-6067.32
-2688.62
-6617.38
-856.474
-750.13
-2567.7
-2407.9
-2544.84
-2695.59
-860.709
-868.697
-943.831
-2952.83
-3084.77
-3013.48
-3385.32
-3754.27
-3836.48
142.929
274.514
-121.863
-985.066
-1504.03
-254.987
-853.024
-59.6577
-6.29371
-89.6057
-323.95
-728.897
-1258.63
-1418.35
-204.932
-734.965
-36.2646
0.760033
2649.23
6399.53
42.613
24.8273
13.9408
8.2992
5.97324
63.8452
33.5742
18.7493
11.2692
8.07248
-2503.49
-341.606
3306.75
9822.63
1876.75
-13.1516
50.895
24.9117
13.8981
8.40083
6.01043
55.3061
31.0014
17.5885
10.5767
7.62762
471.055
1345.81
2148.92
2913.89
3644.29
-3349.71
-3360.35
-9991.42
-9934.01
-14952.7
-13592.1
-3248.53
-2917.59
-2694.41
-9488.72
-8494.04
-7821.49
-11547
-9977.82
-9139.43
0
0
0
0
0
0
0
0
-2591.43
-1111.92
-645.532
-372.605
-435.764
-293.788
-276.009
-244.615
-197.804
-131.576
-93.8653
-62.0089
-79.0034
-43.1257
-24.1583
-14.465
-10.3986
-31.9728
-18.4219
-10.5327
-6.35548
-4.57538
-30.8311
-243.199
-665.343
-1346.75
-2114.6
-2603.71
-27.8804
-23.6481
-17.9833
-11.2379
-3.82169
-219.809
-186.32
-141.592
-88.4357
-30.0665
-601.051
-509.178
-386.723
-241.436
-82.0655
-1215.62
-1028.85
-780.737
-487.121
-165.525
-1906.48
-1611.48
-1221.45
-761.511
-258.675
-2343.1
-1976.63
-1495.76
-931.628
-316.351
-3497.61
-3095.19
-2568.86
-1921.37
-1191.08
-404.707
0
0
0
0
0
0
0
0
0
0
0
0
1437.95
-276.83
176.815
-158.345
-2600.12
-2516.87
-5959.02
-5311.77
-5624.65
-5326.22
-2372.04
-2207.72
-2087.21
-4939.8
-4799.6
-4666.71
-5513.85
-5588.01
-5563.46
-560.811
-344.533
-141.494
-29.7057
-203.785
-136.024
-81.1513
-51.4557
-71.3085
-42.3495
-24.5653
-14.9272
-10.7445
-32.7355
-18.6565
-10.6781
-6.46291
-4.65135
2834.85
2443.24
1965.19
1423.86
860.507
288.317
18.5026
202.809
586.44
1211.53
1842.7
2190.41
16.7018
14.1345
10.7229
6.68767
2.27183
183.149
155.083
117.724
73.4602
24.9619
529.299
447.894
339.774
211.918
71.9926
1092.15
922.857
699.105
435.574
147.892
1657.89
1397.75
1056.58
657.247
222.975
1964.15
1649.64
1242.57
771.023
261.271
-3306.67
-9822.64
-1883.32
11.4379
-50.8712
-24.8996
-13.8892
-8.3955
-6.01228
-55.2278
-30.949
-17.5479
-10.5443
-7.60117
-471.07
-1345.85
-2148.99
-2913.97
-3644.39
-2649.32
-6399.47
-42.6024
-24.8257
-13.9397
-8.29905
-5.97879
-63.7938
-33.5383
-18.7196
-11.2441
-8.05141
2505.11
342.602
-8853.27
-11993.7
-19825.1
-22213.3
-22049
-24745.2
-10173.5
-10832.9
-1685.57
-1541.55
-1371.91
-4467.57
-3567.36
-3077.26
-5370.32
-4345.52
-4090.56
-6800.8
-4443
-3444.75
-7933.55
-4386.53
-2442.13
616.305
116.454
-442.407
390.428
-685.888
350.292
-94.6195
74.6066
1846.74
1575.66
399.151
195.666
130.842
103.165
719.159
358.371
289.363
254.217
208.857
77.1184
36.4838
24.7622
540.226
203.985
91.4777
61.1748
693.846
279.168
133.472
91.6943
613.476
288.694
154.923
111.26
388.306
246.743
147.616
108.558
166.328
136.008
92.3852
70.468
209.824
181.236
123.702
94.6211
105.47
83.7105
57.1023
44.2159
36.4829
27.914
19.8001
15.587
38.6044
20.4049
11.1545
6.55538
4.65012
73.3603
39.3394
21.7608
12.9036
9.19277
35.9851
22.1242
12.9487
7.90745
5.6784
49.9796
27.5134
15.557
9.41205
6.73014
29.6501
17.6058
10.2594
6.26385
4.50826
12.2035
6.92307
3.96683
2.40397
1.72691
17.1083
8.02499
4.14432
2.35104
1.644
41.9174
20.3503
10.7305
6.1531
4.32411
55.7071
27.7184
14.8242
8.56016
6.07193
-167.995
-242.245
44.6319
857.878
1888
108.823
1144.96
-219.321
-278.149
-39.9244
-50.4269
-1.14326
-0.760658
-0.943649
25.1448
19.7618
5.43772
2.02309
0.432275
59.0378
21.5518
6.0369
1.41665
0.436001
180.664
37.236
7.87253
1.67239
0.547734
334.839
53.191
8.68
1.41589
0.415438
-85.6295
-33.9916
-9.54416
-2.35038
-0.415819
105.117
-1.90994
-3.28581
-1.02686
-0.0930906
-161.956
-46.7544
-11.9058
-2.76249
-0.488504
-176.908
-51.2802
-12.812
-2.85188
-0.524145
8699.85
12015.1
16478.7
19905.1
20509.4
23806.3
8000.5
9877.85
-2370.14
-7144.45
-4891.46
-3297.04
-2103.84
-1747.04
-1302.35
-802.394
-271.051
-3298.17
-2038.77
-1219.86
-820.159
-400.134
-3181.82
-1869.87
-1090.65
-569.985
-186.351
-2756.01
-2149.75
-1518.16
-902.794
-300.809
-566.7
-654.238
-2393.56
-2178.85
-2802.27
-3104.41
-5597.11
-4080.27
-5489.23
-2353.12
-371.031
-367.398
-1300.49
-386.669
-1039.91
131.035
-917.695
-798.044
283.152
-12.9097
-146.668
-112.97
-50.7732
-8.9886
-284.084
-218.974
-43.7293
49.0527
-17.2487
-26.1622
-15.5254
-9.36392
-70.2937
-76.7348
-53.7995
-34.2682
-189.166
-131.972
-81.1197
-50.2187
-361.58
-180.795
-93.8443
-55.1599
-472.214
-203.493
-107
-71.7381
-252.451
-142.642
-93.1415
-72.9846
-419.117
-189.856
-106.099
-78.2846
-127.667
-85.6598
-61.5037
-48.9625
-37.2068
-27.9961
-20.1469
-16.0338
-28.9127
-18.3273
-10.9383
-6.76388
-4.92479
-58.6496
-36.1518
-21.2805
-13.0505
-9.46999
-46.7679
-23.1893
-12.6165
-7.47596
-5.38389
-47.6087
-25.7267
-14.4545
-8.63571
-6.24204
-34.6141
-18.2153
-10.0642
-5.99099
-4.31444
-12.339
-6.92796
-3.92517
-2.36013
-1.69886
-8.78932
-6.66626
-4.18888
-2.66093
-1.95555
-27.8786
-18.3914
-11.1157
-6.96607
-5.09445
-43.0193
-26.3599
-15.588
-9.6981
-7.03658
35.774
200.759
466.762
1000.46
1650.35
33.6671
903.711
-247.304
-285.608
5.00009
-43.7177
-0.207284
-0.630783
-0.913129
123.451
33.9892
7.33912
2.22987
0.449358
153.553
35.1737
7.79918
1.60055
0.442335
217.256
42.2806
8.36756
1.67263
0.521406
300.776
48.2882
7.77082
1.21742
0.357072
-110.558
-39.3705
-10.6416
-2.57472
-0.470619
58.34
-9.46678
-4.63655
-1.28575
-0.158574
-172.685
-49.4835
-12.5226
-2.89892
-0.523657
-179.799
-52.0599
-13.0014
-2.89558
-0.535797
-30.8649
-345.83
-985.087
-1912.3
-3041.32
-4208.4
-5171.68
-5642.87
-5315.11
-3949.08
-1890.25
-271.981
-27.8071
-23.4786
-17.7708
-11.0639
-3.75496
-311.898
-263.706
-199.893
-124.605
-42.3187
-887.963
-750.325
-568.478
-354.262
-120.305
-1721.73
-1453.01
-1099.68
-684.842
-232.507
-2733
-2301.84
-1739.31
-1082.26
-367.345
-3770.56
-3166.43
-2387.6
-1484.42
-503.885
-4613.11
-3858.24
-2902.14
-1803.83
-612.933
-5000.91
-4159.96
-3121.47
-1942.47
-662.146
-4667.65
-3856.44
-2888.51
-1804.62
-619.718
-3427.99
-2810.8
-2104.22
-1324.31
-460.774
-1624.63
-1324.93
-993.151
-630.278
-222.364
-234.726
-192.711
-145.601
-93.0796
-33.0328
-54.6474
-420.485
-1118.68
-2112.17
-3301.36
-4492.22
-5403.59
-5738.56
-5231.15
-3729.41
-1667.71
-179.75
-49.392
-41.8708
-31.825
-19.8812
-6.75998
-379.723
-321.561
-244.153
-152.401
-51.7991
-1009.52
-854.224
-648.138
-404.382
-137.415
-1904.07
-1609.37
-1219.97
-760.74
-258.459
-2971.17
-2507.07
-1898
-1182.8
-401.804
-4032.2
-3393.63
-2564.68
-1597.36
-542.745
-4829.73
-4049.23
-3053.33
-1901.51
-646.805
-5095
-4247.61
-3194.59
-1991.75
-679.691
-4596.98
-3801.76
-2851.37
-1784.08
-613.428
-3229.13
-2641.59
-1975.23
-1243.83
-433.599
-1418.68
-1145.3
-852.497
-540.194
-191.277
-148.436
-116.595
-85.2745
-53.9602
-19.3793
-2917.13
-13308.5
-4246.76
-2612.71
-2193.48
-1653.8
-1028.31
-349.133
-9870.4
-8134.14
-6357.13
-4640.83
-2224.13
-3718.43
-3057.58
-2274.41
-1408.8
-479.788
8863.6
11999
19862.5
22214.3
22063
24815.3
8718.98
9257.29
1540.2
1419.3
1276.01
4498.45
3581.35
3080.7
5371.31
4347.82
4092.82
6801.23
4444.08
3445.94
7933.64
4386.82
2442.54
-524.948
-135.098
440.92
-334.46
678.142
-352.108
46.5013
-79.6298
-1803.45
-1564.2
-370.137
-181.071
-121.479
-95.6229
-716.134
-357.218
-288.453
-253.582
-197.275
-71.9753
-33.5802
-22.1984
-536.212
-202.831
-91.0276
-61.2557
-693.266
-278.912
-133.415
-91.7348
-613.216
-288.539
-154.861
-111.236
-388.203
-246.663
-147.569
-108.524
-166.357
-136.016
-92.384
-70.4615
-209.815
-181.212
-123.679
-94.5976
-105.506
-83.7298
-57.1119
-44.2204
-36.4989
-27.9244
-19.8064
-15.5912
-35.3066
-18.7273
-10.27
-6.05255
-4.29918
-73.3527
-39.2931
-21.731
-12.8921
-9.18437
-35.9677
-22.1094
-12.9358
-7.8962
-5.66826
-49.9413
-27.4845
-15.5328
-9.39142
-6.71188
-29.6453
-17.6005
-10.2542
-6.25909
-4.50391
-12.2052
-6.9236
-3.96685
-2.40379
-1.72667
-15.3383
-7.24603
-3.76942
-2.1552
-1.50312
-42.0549
-20.3566
-10.73
-6.15774
-4.33124
-55.7432
-27.7513
-14.8513
-8.58541
-6.10358
128.934
264.209
-41.511
-856.742
-1887.57
-108.773
-1144.79
219.348
278.168
20.2196
41.6917
-0.195274
0.392981
0.799143
-11.6785
-15.7285
-4.49259
-1.78128
-0.374874
-57.777
-21.1431
-5.92623
-1.39077
-0.429368
-180.18
-37.0803
-7.82743
-1.661
-0.544638
-334.63
-53.1229
-8.65951
-1.41038
-0.413845
85.6657
34.0041
9.54792
2.35141
0.416127
-105.025
1.94047
3.29502
1.02939
0.0938444
161.974
46.7602
11.9074
2.76292
0.48862
176.919
51.2836
12.8129
2.85207
0.524186
-8709.93
-12024
-16508.8
-19937.6
-20441.8
-23726.9
-6754.53
-8373.66
2370.03
7144.71
4891.56
3296.98
2103.75
1746.96
1302.29
802.353
271.037
3298.33
2038.9
1219.99
820.271
400.163
3181.89
1869.94
1090.71
570.03
186.365
2755.96
2149.71
1518.12
902.769
300.8
525.514
623.663
2399.54
2172.94
2802.24
3104.95
5597.15
4080.5
5489.34
2353.23
314.553
282.707
1336.47
448.517
1041.46
-130.08
799.625
729.101
-245.486
20.9192
135.317
104.887
46.7918
8.28572
285.947
219.63
44.2562
-48.9457
10.6478
23.5029
14.6587
9.61157
74.8454
77.4423
53.8899
33.8339
189.884
132.165
81.0716
50.08
361.916
180.968
93.8819
55.1509
472.419
203.637
107.072
71.7808
252.556
142.724
93.1987
73.03
419.261
189.969
106.172
78.3404
127.729
85.7068
61.5361
48.9878
37.2258
28.0096
20.1558
16.0405
27.175
17.0724
10.1371
6.24702
4.54184
58.2728
36.0162
21.2148
13.0058
9.43815
46.8071
23.2159
12.6365
7.49173
5.39742
47.6702
25.7691
14.4873
8.66202
6.26456
34.6363
18.2299
10.0747
5.99911
4.32129
12.3442
6.93103
3.92718
2.36157
1.70003
8.41195
6.17341
3.82936
2.41155
1.77606
27.5792
18.3465
11.1013
6.95307
5.08119
42.9778
26.3337
15.5679
9.67754
7.00809
-50.6902
-185.493
-465.109
-999.926
-1650.2
-33.6678
-903.673
247.305
285.619
-19.6966
35.8015
-1.00812
0.284083
0.773666
-110.749
-30.0343
-6.40548
-1.99136
-0.392878
-152.726
-34.8251
-7.6954
-1.57539
-0.435781
-217.023
-42.1746
-8.33057
-1.66246
-0.518513
-300.697
-48.2518
-7.7567
-1.21306
-0.355708
110.571
39.3761
10.6436
2.57537
0.47083
-58.3066
9.4813
4.64211
1.28754
0.15916
172.693
49.4864
12.5235
2.89917
0.523726
179.808
52.0625
13.0021
2.89572
0.535824
30.8622
345.807
985.026
1912.19
3041.15
4208.16
5171.4
5642.57
5314.84
3948.89
1890.16
271.972
27.8046
23.4764
17.7692
11.0628
3.75461
311.877
263.688
199.879
124.596
42.3158
887.908
750.277
568.441
354.24
120.297
1721.63
1452.92
1099.61
684.799
232.493
2732.84
2301.7
1739.21
1082.19
367.322
3770.35
3166.25
2387.45
1484.32
503.853
4612.85
3858.01
2901.96
1803.72
612.893
5000.63
4159.72
3121.28
1942.34
662.102
4667.4
3856.22
2888.33
1804.5
619.677
3427.81
2810.64
2104.09
1324.22
460.743
1624.55
1324.86
993.096
630.241
222.35
234.718
192.705
145.596
93.0766
33.0317
54.6452
420.464
1118.62
2112.06
3301.19
4492
5403.32
5738.27
5230.88
3729.21
1667.62
179.737
49.3901
41.8691
31.8237
19.8804
6.7597
379.704
321.544
244.14
152.393
51.7965
1009.46
854.18
648.104
404.361
137.407
1903.97
1609.29
1219.91
760.699
258.445
2971.01
2506.94
1897.9
1182.73
401.782
4031.99
3393.45
2564.54
1597.27
542.715
4829.48
4049.02
3053.16
1901.4
646.768
5094.73
4247.37
3194.41
1991.63
679.651
4596.74
3801.55
2851.2
1783.97
613.389
3228.95
2641.43
1975.1
1243.75
433.569
1418.6
1145.23
852.433
540.15
191.261
148.423
116.583
85.2642
53.9529
19.3766
2917.01
13308.4
4246.64
2612.6
2193.39
1653.74
1028.27
349.118
9870.29
8134.01
6357.03
4640.75
2224.06
3718.32
3057.48
2274.33
1408.75
479.772
0
0
0
0
0
0
0
0
0
0
0
0
-1442.17
276.06
-178
157.94
2600.09
2516.87
5959.13
5311.92
5624.73
5326.45
2372.05
2207.73
2087.21
4939.95
4799.76
4666.84
5514.21
5588.4
5563.79
560.753
344.512
141.481
29.7212
203.671
135.976
81.1283
51.4485
71.3248
42.3651
24.5797
14.9397
10.7536
32.7336
18.6566
10.6791
6.46418
4.65238
-2834.92
-2443.31
-1965.25
-1423.91
-860.539
-288.328
-18.5042
-202.822
-586.477
-1211.6
-1842.8
-2190.52
-16.7033
-14.1358
-10.7238
-6.68826
-2.27203
-183.161
-155.094
-117.732
-73.4652
-24.9636
-529.332
-447.922
-339.796
-211.931
-71.9972
-1092.22
-922.912
-699.148
-435.601
-147.901
-1657.98
-1397.83
-1056.64
-657.286
-222.989
-1964.25
-1649.73
-1242.64
-771.066
-261.286
3349.73
3360.35
9991.33
9933.94
14952
13591.6
3248.54
2917.63
2694.47
9488.78
8494.27
7821.78
11547
9978.25
9139.98
0
0
0
0
0
0
0
0
2593.28
1113.18
646.323
373.043
436.349
294.063
276.144
244.699
197.991
131.663
93.9085
62.0343
79.0473
43.1576
24.183
14.4843
10.4128
31.9863
18.4304
10.5387
6.35992
4.57876
30.8298
243.186
665.308
1346.68
2114.5
2603.59
27.8792
23.6471
17.9825
11.2375
3.82152
219.797
186.31
141.585
88.431
30.0649
601.019
509.151
386.702
241.423
82.0611
1215.56
1028.8
780.696
487.096
165.517
1906.39
1611.4
1221.39
761.473
258.662
2342.99
1976.53
1495.69
931.583
316.336
3497.5
3095.09
2568.77
1921.3
1191.04
404.693
)
;
    }
    patch2
    {
        type            calculated;
        value           nonuniform List<scalar> 
348
(
-471.07
471.055
-1068.11
-424.226
-575.477
-722.138
-1237.19
-542.319
-680.227
-848.181
1068
424.196
575.441
722.084
1237.12
542.297
680.196
848.141
-7891.54
-1899.97
-537.625
-424.693
-295.368
-432.638
-397.369
-4529.63
-1864.12
-842.01
-1026.29
-527.641
-519.68
-520.221
-232.114
-409.017
-432.045
-343.777
-6563.96
-1189.88
-345.939
-651.743
-944.19
-650.247
-719.089
-520.18
-289.468
-444.76
-428.167
-499.085
-7022.76
-1796.72
-1881.11
-1064.42
-1031.67
-45.0319
-69.0648
-118.577
-192.303
-287.235
-393.537
-32.5383
-69.975
-145.462
-252.867
-379.717
-507.292
-34.2406
-15.7845
-58.8585
-40.2501
-108.406
-89.9066
-180.674
-167.553
-258.706
-248.205
-336.269
-302.091
-483.435
-540.462
-584.588
-898.254
-1098.06
-1285.17
-611.418
-667.591
-660.624
-605.096
-533.577
-483.145
-47.4013
-76.4311
-131.693
-212.345
-315.901
-430.508
-35.8162
-80.1714
-163.438
-279.325
-413.917
-545.488
-36.4778
-17.6585
-65.8755
-46.2906
-121.161
-101.437
-200.865
-186.863
-289.409
-283.134
-378.222
-356.807
-525.036
-583.938
-631.509
-947.003
-1140.09
-1303.45
-646.949
-693.409
-673.329
-606.486
-530.069
-481.166
-8036.88
-1934.03
-599.573
-482.8
-365.881
-515.646
-471.618
-5663.39
-3507.28
-1306.55
-2224.13
-848.401
-1104.04
-667.02
-691.662
-512.982
-7530.88
-1510.94
-490.64
-833.052
-1159.07
-760.007
-837.54
-623.952
-375.709
-553.781
-600.522
-627.935
-7462.63
-1900.8
-2209.18
-1188.03
-1157.63
7890.86
1899.8
537.589
424.667
295.352
432.613
397.346
4529.11
1863.94
841.902
1026.25
527.662
519.653
520.188
232.121
409
432.039
343.766
6563.23
1189.75
345.919
651.696
944.103
650.195
719.036
520.146
289.455
444.736
428.144
499.054
7022.06
1796.54
1880.9
1064.31
1031.58
45.0291
69.0604
118.569
192.29
287.218
393.513
32.5362
69.9704
145.453
252.851
379.693
507.26
34.2385
15.7835
58.8547
40.2474
108.399
89.9009
180.663
167.543
258.69
248.19
336.249
302.073
483.404
540.426
584.546
898.181
1097.96
1285.06
611.379
667.547
660.579
605.053
533.536
483.106
47.3985
76.4269
131.686
212.333
315.884
430.485
35.8142
80.1671
163.429
279.31
413.894
545.458
36.4757
17.6575
65.8719
46.2881
121.155
101.432
200.855
186.853
289.394
283.119
378.203
356.79
525.008
583.906
631.474
946.946
1140.01
1303.35
646.913
693.369
673.289
606.447
530.032
481.13
8036.28
1933.87
599.543
482.776
365.866
515.622
471.596
5663.18
3507.15
1306.5
2224.06
848.377
1104.01
666.999
691.64
512.965
7530.52
1510.88
490.623
833.018
1159.02
759.97
837.499
623.924
375.695
553.758
600.5
627.909
7462.16
1900.67
2209.08
1187.96
1157.57
32.1831
280.069
312.9
233.28
801.811
802.167
-530.733
782.981
1051.71
-1248.32
354.783
472.41
-2182.99
492.333
807.445
-1057.57
-784.549
-1540.35
-1146
-3597.82
-1611.37
-3897.89
-1778.08
-4047.63
-96.9784
-54.3545
-276.394
-303.879
-209.667
-788.996
-793.315
529.687
-782.541
-1051.39
1247.76
-354.744
-472.259
2182.54
-492.354
-807.372
927.652
681.766
1596.52
1193.51
3596.03
1612.17
3897.26
1777.98
4047.39
96.9418
)
;
    }
    patch3
    {
        type            calculated;
        value           nonuniform List<scalar> 
96
(
-365.653
-562.668
-969.592
-1580.11
-2376.2
-3287.09
-264.831
-571.493
-1191.93
-2081.65
-3146.01
-4237.96
-4088.07
-4634.09
-5058.81
-7571.65
-8509.25
-9394.77
-5157.96
-5689.87
-5677.8
-5196.14
-4463.97
-3914.51
-384.288
-620.384
-1071.63
-1734.04
-2592.35
-3557.02
-290.616
-651.481
-1331.78
-2284.79
-3403.47
-4516.48
-4375.42
-4907.48
-5314.27
-7734.23
-8583.83
-9418
-5402.43
-5844.94
-5719.59
-5141.55
-4375.38
-3873.02
365.631
562.634
969.533
1580.02
2376.07
3286.91
264.814
571.457
1191.86
2081.53
3145.83
4237.73
4087.85
4633.85
5058.56
7571.29
8508.88
9394.39
5157.68
5689.57
5677.51
5195.88
4463.77
3914.34
384.267
620.35
1071.57
1733.95
2592.22
3556.84
290.6
651.447
1331.71
2284.67
3403.3
4516.25
4375.2
4907.24
5314.03
7733.89
8583.47
9417.63
5402.16
5844.65
5719.31
5141.3
4375.18
3872.85
)
;
    }
    patch4
    {
        type            calculated;
        value           nonuniform List<scalar> 
384
(
-10378
-28760.4
-48611.3
-66827.4
-54429.1
-42671.3
-30992.9
-11611.2
-14009.4
-39560.1
-58570
-21329.7
9276.1
28857.5
48620.5
66844.9
54448.1
42686.7
31086
9861.23
12686.6
39738.6
58788.2
19190.2
-45532.2
-65698.2
-73503.2
-100668
-47388.1
-66550
-74815.2
-101286
45540.2
65708.5
73514.6
100681
47403.1
66563.6
74829.3
101301
-20650.9
-33665.8
22526.6
34669.2
-17318
-6092.82
-22394.2
-8200.84
18073.2
6387.25
22872.5
8386.84
-22513.8
-34658.3
20658
33673.6
-8154.81
-5448.05
-25455.6
-17986.4
-32097.4
-46890.9
-3480.42
-1227.02
-12773
-4552.65
-9579.35
-6492.7
-29130.5
-21017.5
-33870.1
-47804.8
-4031.5
-1359.53
-14704.4
-5178.89
7382.05
4947.05
25536.6
18035.2
32104.3
46899.6
3180.54
1132.79
12794.7
4559.74
8683.98
5888.51
29281.9
21111.2
33883.3
47816.6
3677.85
1251.79
14741
5190.23
-18067.5
-6385.07
-22866.6
-8384.49
17321.9
6094.39
22399.1
8202.83
-13986
-14598.1
-12067.9
-13025.4
13983.7
14597.4
12066.4
13024.9
-980.266
-1102.94
-3542.78
-4424.75
-3283.68
-2915.94
-4926.36
-6737.96
-7789.03
-10138.5
-8521.2
-10294.2
-7746.64
-10201.4
-7930.85
-10650.4
-528.653
-1201.18
-3045.33
-4993.85
-1700.93
-2355.92
-4869.76
-6787.24
-7489.6
-9765.06
-7660.47
-9610.66
-7669.49
-10018.4
-7923.76
-10597.2
940.431
1025.26
3529.02
4425.84
3280.47
2911
4926.37
6738.92
7787.82
10138.3
8520.03
10293.9
7746.67
10201.6
7931.37
10650.6
528.065
1116.05
3025.21
4997.69
1696.89
2349.11
4869.6
6788.27
7487.87
9764.73
7659.11
9610.24
7669.4
10018.4
7924.29
10597.4
-1266.95
-2491.78
-4266.08
-7602.66
-6836.3
-11643.9
-9262.62
-280.706
-1242.7
-2937.62
-5847.13
-4574.97
-8656.5
-7878.89
1216.53
2341.85
4242.68
7568.42
6832.34
11637.3
9261.11
308.699
1197.48
2904.66
5800.37
4571.67
8651.22
7877.86
-948.093
-2906.78
-4889.28
-6588.52
-8093.08
-9900.91
-9158.06
-10275.4
-10494.6
-922.295
-2831.2
-4755.24
-6409.03
-7913.47
-9811.13
-9027.33
-10223.3
-10477.5
839.166
2933.54
4888.12
6588.53
8093.34
9901.4
9158.47
10275.9
10495.1
816.921
2857.94
4754.21
6409.19
7913.9
9811.71
9027.86
10223.9
10478.1
-199.117
-607.069
-1019.06
-1368.6
-1690.5
-2130.94
-1949.87
-2222.55
-2269.48
-193.803
-591.382
-992.308
-1333.6
-1653.79
-2109.03
-1919.23
-2209.63
-2265.21
174.77
614.002
1018.82
1368.58
1690.54
2131.04
1949.94
2222.67
2269.6
170.145
598.293
992.12
1333.63
1653.87
2109.15
1919.33
2209.75
2265.33
-44.3949
-135.331
-227.379
-305.949
-380.156
-485.996
-442.409
-507.953
-518.905
-43.2464
-131.931
-221.691
-298.554
-372.153
-480.661
-435.252
-504.73
-517.829
38.8586
136.932
227.324
305.94
380.16
486.016
442.422
507.976
518.932
37.8586
133.519
221.649
298.557
372.167
480.687
435.273
504.758
517.856
-9.85388
-30.0729
-50.6116
-68.24
-85.1344
-109.771
-99.5692
-114.869
-117.289
-9.6026
-29.3272
-49.378
-66.6455
-83.3843
-108.529
-97.9512
-114.104
-117.031
8.61346
30.4301
50.5984
68.2364
85.134
109.775
99.5712
114.874
117.295
8.395
29.6798
49.3678
66.6447
83.3864
108.534
97.9552
114.11
117.037
-2.51588
-7.65749
-12.8626
-17.3603
-21.7242
-28.2617
-25.5076
-29.6618
-30.331
-2.45159
-7.46695
-12.5514
-16.9617
-21.2853
-27.9375
-25.0949
-29.4589
-30.262
2.19863
7.74665
12.859
17.359
21.7237
28.2625
25.5078
29.6629
30.3323
2.1428
7.55461
12.5485
16.961
21.2855
27.9386
25.0957
29.4602
30.2634
)
;
    }
}


// ************************************************************************* //
