/*--------------------------------*- C++ -*----------------------------------*\
  =========                 |
  \\      /  F ield         | OpenFOAM: The Open Source CFD Toolbox
   \\    /   O peration     | Website:  https://openfoam.org
    \\  /    A nd           | Version:  11
     \\/     M anipulation  |
\*---------------------------------------------------------------------------*/
FoamFile
{
    format      ascii;
    class       volScalarField;
    location    "1.9";
    object      gradTy;
}
// * * * * * * * * * * * * * * * * * * * * * * * * * * * * * * * * * * * * * //

dimensions      [0 -1 0 1 0 0 0];

internalField   nonuniform List<scalar> 
5712
(
11869.4
6845.27
19229.1
12615.2
20992.2
15549
32926.2
40862.6
43304.1
53041.9
28019.5
24361.3
17794.6
14115.8
8937.04
6047.18
19880.5
20283.8
17146.7
20114.7
26858.3
23920.9
31039.7
25061
8365.92
6010.14
4705.99
3499.86
9997.83
8134.77
6076.32
4918.68
18245.6
18904.8
18604.3
15644.2
14445
11325.9
11363.7
12916.2
18305.5
18228.8
38465.5
39775.9
27208.3
28042.3
15577.9
13136.5
16939.9
12071.3
7879.91
8098.26
6478.86
9121.62
3391.42
4103.39
8877.26
12222.6
5291.98
6191.54
9819.22
16582.4
6811.76
11189.1
2595.31
6646.45
2159.23
4956.31
17861.6
22076.7
18466.5
22006.1
21838.3
22037
22277.3
21777.2
15737
21340.8
16145.1
21064.7
18204.9
21867.2
18206.5
21822.5
22483
21511.6
22417
21313.2
14550.1
21436.9
14051.7
21516.8
17821.8
20973.2
22502.7
31475.8
18876.4
24240.1
22303.1
34213.2
16897.2
18451.4
22589.4
30247.3
16719
17260.8
22831.9
30012.3
5387.35
7063.24
13753.3
24063.6
6673.75
7603
17694.8
27342.2
8298.67
8387.7
22411.9
30481.2
24607.1
26331.1
20910
20287.4
29554.5
26486.4
25086.1
21327.4
18563.5
33812.4
24150.4
23905.9
21378.6
21364.8
38594.8
2076.25
2494.89
4454.73
10198.9
2944.93
3339.81
6143.85
11413.5
4384.7
3715.35
8345.11
13069
26178.1
25788.6
23669.2
23212.3
20378.9
18597.7
15475.6
13658.2
10967.5
15302
23859.2
22981.5
24112
23668.5
21030.2
19668.2
17472.6
15640.5
11684.2
15433.3
23915.9
26912
23856.2
27588.3
23064.7
23855
22524.6
24038.7
21807.6
22177.7
21627.3
21528.3
23672.1
27709.6
23567.3
27687.9
21871.2
24342.3
21694
24290
21891.6
22127.4
21887.5
22115.4
18398.4
17488.8
11876.4
13223.2
18274.4
17031.9
11698.7
13283.1
18652.4
17434.7
12133.9
13272.6
18727.5
17257.7
12510.9
13279.1
1684.32
1134.2
784.749
973.507
665.53
620.219
2344.71
1391.54
1049.89
1916.77
1535.1
1319.09
2715.06
2241.75
2241.4
3367.86
2742.9
2457.48
24541.6
22058.9
20335.3
22635.3
20893.7
19516.6
16273.3
15037.6
14357.6
11098.1
9569.58
8918.64
5137.5
3765.95
3180.08
22220.2
20468.6
18999.4
22872.3
20734.5
19090.2
16990.4
14511.7
13109.5
11115.2
8836.12
7904.32
5461.84
3746
2994.58
27216.9
26608.9
29666.3
26598.8
30531.1
26601.4
36890.7
28037.1
21080
21384.3
20825.8
19319.4
23652.1
22260.9
23238.7
19850.2
23010
22822.5
21189.9
22642.4
28200.4
25352.6
28031.5
28470.5
30462.8
31516
23342.6
24230.3
20899.2
20290.4
25405.1
26071.2
16519.4
8919.01
15455.4
9871.77
16765.3
9000.37
15415.9
9811.56
16542.4
9048.19
15378.1
10225
14963.4
10696.9
15147.6
10609.9
21264.9
18166.7
21164
18152.3
23486.8
21198.2
23744.1
21001.5
20724.3
15157.4
21597.7
14949.6
21646.1
18072.7
21925.8
17870.6
24369.4
20836.9
24392.9
20573.3
20535.8
15208
20482.8
15116.1
13602.2
9088.33
12009.9
7724.81
12668.1
8145.33
11537.3
7220.71
13942.6
9655.9
12206.9
7960.09
13964.3
10002.9
12177.6
8017.93
2592.55
1354.06
4752.43
2548.98
2769.58
1666.83
5066.37
3061.73
3413.78
2525.36
5616.09
4023.73
13172.1
20384.2
9504.15
9125.24
6503.42
19953.4
13907.3
8168.72
8216.73
5356.39
20764.2
16356.3
13015.5
10143
6334.61
724.313
548.34
1453.04
1069.17
1032.75
715.459
2066.11
1645.26
1801.37
1401.38
3019.43
2460.89
20243.4
19572.5
13733.9
13154.1
8941.45
9008.13
7534.66
6923.85
4581.51
3763.05
18998.7
17265.8
14740.3
12938.1
11489.8
10205.7
8751.57
7906.44
5596.63
5533.74
15111.8
12232.7
15205.8
11941.3
18156.2
15071.7
18118.8
14864.4
12743.7
10342.9
12364.3
10379.9
15210.7
11757.3
15117.9
11739.3
18050.7
15148.3
17878.8
15104.5
12973.5
10182.2
12952.1
10317.5
9940.6
8421.5
6600.84
6952.1
9580.24
8239.99
6297.95
6590.65
10363
8586.72
6769.13
7358.75
10609.4
8586.29
7034.38
7465.01
1773.59
1560.45
1292.62
7655.02
4101.98
3355.47
1724.38
1700.43
1510.49
8313.8
4859.94
4122.06
2369.2
2655.73
2722.84
9206.35
6098.79
5434.17
18382.5
17121.6
16218.7
12599.5
12173.5
11901.6
9208.5
9065.32
9041.18
7909.52
7628.13
7430.3
10502.8
7548.43
6820.34
15687.6
14396.7
13528.5
11705.9
10848.3
10359.1
9753.18
9016.66
8597.85
9387.88
8306.55
7677.31
12783.4
8523.63
7650.74
4931.99
3104.91
2189.94
1801.08
5556.35
3375.71
2311.49
1845.03
4956.65
3101.22
2194.64
1814.11
5677.98
3445.51
2358.38
1868.84
4941.96
3066.91
2200.34
1810.06
5792.93
3488.72
2412.16
1874.45
6238.62
3696.7
2463.71
1941.75
6426.78
3841.59
2541.2
2012.94
5270.93
3266.01
2288.91
1834.78
4293.37
2854.66
2095.12
1762.18
4616.64
2953.32
2134.48
1711.52
3946.76
2688.08
2010.58
1692.35
5710.24
3502.57
2397.7
1915.13
4501.09
2976.66
2149.08
1817.11
5958.63
3663.8
2475.97
1974.59
4592.49
3064.2
2194.98
1850.47
3707.66
2657.64
1992.52
1708.98
2375.76
2121.33
1751.48
1606.75
3717.4
2644.01
1989.32
1705.11
2483.9
2150.79
1762.08
1615.73
3807.25
2641.39
1999.88
1714.53
2815.06
2248.36
1801.19
1655.35
3757.76
2573.67
1962.52
1748.2
3099.79
2316.13
1851.45
1647.23
3483.23
2494.27
1915.02
1667.21
1025.53
1685.27
1389.93
420.588
-492.292
1442.15
1242.96
444.415
1266.22
1764.84
1421.96
443.957
-193.533
1530.83
1270.62
453.945
1718.43
1905.81
1470.31
442.53
314.194
1680.67
1311.1
459.157
2272.57
2073.6
1541.73
480.577
856.297
1847.04
1369.63
478.932
2639.27
2227.24
1630.4
559.88
1004.74
1973.2
1424.09
496.213
2816.96
2396.33
1669.89
532.501
696.779
2107.35
1525.42
526.648
2747.02
2321.43
1639.84
532.811
656.952
2045.04
1474.12
508.606
2838.95
2449.54
1693.39
496.542
639.096
2161.04
1559.62
529.871
2899.44
2505.7
1738.76
507.284
742.46
2219.97
1601.37
542.933
1605.4
1199.71
811.35
465.499
151.388
1587.97
1197.33
811.991
466.14
151.607
1625.43
1209.61
816.1
467.673
152.016
1612.99
1209.99
818.342
469.117
152.478
1664.13
1223.73
822.266
470.426
152.807
1644.41
1225.07
825.833
472.646
153.519
1668.83
1242.26
835.735
477.598
155.015
1708.11
1266.97
849.83
484.654
157.147
1703.46
1240.7
831.159
474.729
154.093
1818.14
1261.39
836.991
476.874
154.676
1711.7
1236.31
826.869
472.336
153.342
1815.71
1253.92
832.247
474.449
153.931
1718.99
1255.79
840.022
479.194
155.449
1851.3
1276.04
845.059
480.906
155.902
1758.07
1279.78
853.285
485.779
157.439
1892.8
1297.44
856.542
486.596
157.628
1649.71
1205.76
811.297
464.987
151.196
1734.34
1212.55
811.466
464.686
151.08
1668.58
1213.57
814.833
466.562
151.644
1749.36
1218.44
814.167
465.896
151.425
1707.11
1226.66
820.397
469.029
152.346
1782.41
1229.17
818.967
468.062
152.043
1769.47
1241.67
826.034
471.453
153.03
1822.03
1240.69
824.44
470.571
152.753
1828.47
1249.4
829.232
472.899
153.449
10072.8
15510.4
10542.1
15783.9
11226.7
16128.1
11674.4
16320.9
11167.9
15644.6
10309.8
11621.2
10333
12202.8
10361.7
11510.5
10539.3
11645.3
8932.19
1529.77
326.915
73.3372
12.9883
9937.24
2829.05
686.985
155.887
27.5977
9011.77
1515.92
321.652
71.8889
12.6981
10009.6
2813.72
680.744
153.751
26.9879
9074.9
1506
316.91
70.5323
12.4334
10054.6
2796.83
673.136
151.492
26.5542
8967.93
1456.66
303.84
67.4629
11.8857
9911.99
2732.08
655.265
147.241
25.7849
8480.59
1342.75
279.516
62.2592
10.9947
9364.72
2586.18
622.359
140.258
24.6003
7512.61
1236.74
265.856
60.1904
10.7122
7691.15
2228.97
550.735
126.193
22.3479
7798.01
1263.23
268.354
60.373
10.7094
8173.04
2364.35
579.012
131.61
23.1823
7399.38
1229.79
265.573
60.2685
10.7365
7524.72
2167.47
535.977
123.198
21.8793
7366.78
1219.36
263.096
59.7276
10.6308
7526.75
2152.15
530.761
122.276
21.68
33898.1
48108.2
47001.5
32886.1
19350.5
20368.6
28537.5
29824.3
22357.7
25068.8
35564.7
48551
44970.1
59599
29363.1
33479.7
23032.2
24614.7
12500.2
13709.2
4896.28
3217.82
811.852
617.366
696.459
607.468
747.295
4762.91
4675.8
2807.72
3933.58
3753.25
1613.8
2246.13
2026.69
1326.28
1532.27
1249.94
4299.73
2300.4
1446.46
1277.14
1638.18
1416.09
1101.21
1036.74
967.957
846.902
1163.8
1048.21
4511.61
2716.05
3122.77
1967.9
1609.97
2286.09
1123.35
872.129
1238.41
9913.61
9929.83
10056
11199.1
18214.3
7098.83
8089.76
8792.3
9813.67
11374.9
2131.58
3037.45
3722.63
4187.77
4427.85
1634.25
2355.97
2913.45
3292.74
3485.62
1841.2
2647.91
3264.97
3679.97
3888.86
1609.82
2324
2876.02
3250.33
3439.59
1970.34
2823.26
3472.19
3909.32
4130.86
9974.68
10207.5
10011.2
10539.9
16293.7
9767.19
9821.56
9461.38
9622.08
10918.1
6429.39
7576.16
8132.84
8649.86
9300.19
8470.11
8840.68
8567.58
8462.87
8647.97
8078.02
8508.59
8223.05
7986.74
7968.38
4012.17
5283.09
6073.46
6570.35
6846.12
5322.42
6552.8
7177.7
7574.48
7859.76
4866.84
6090.85
6712.07
7041.85
7213.8
3372.62
4581.17
5384.83
5886.99
6141.59
3827.04
5065.04
5827.31
6278.85
6503.87
3198.59
4381.46
5178.78
5673.13
5916.48
9180.15
9716.62
9813.53
10598.6
16587.1
5450.42
6757.8
7548.79
8230.83
8927.29
3651.18
4915.62
5757.96
6313.59
6627.41
3261.16
4466.31
5307.9
5875.07
6190.97
4070.87
5377.49
6244.51
6867.77
7289.47
3584.84
4858.36
5748.12
6378.53
6761.25
2843.79
3962.03
4781.02
5347.82
5660.47
2692.82
3777.03
4569.62
5102.13
5381.08
2526.59
3564.13
4320.02
4812.59
5058.21
2223.61
3165.18
3868.25
4334.72
4569.19
2997.69
4149.73
4957.26
5480.13
5748.4
2720.19
3808.35
4595.39
5115.94
5384.46
9366.11
9667.17
9844.35
10886.4
17471.9
6189.84
7357.9
8159.74
9096.4
10303.8
7225.85
8418.44
8997.33
9930.25
12007.5
4779.54
6155.47
7100.68
7905.48
8583.57
4019.46
5354.97
6283.52
6986.26
7466.23
5425.28
6763.21
7620.38
8405.24
9214.36
2899.13
4033.11
4856.14
5418.94
5725.88
2284.69
3243.24
3958.7
4437.85
4682.55
3171.41
4363.58
5209.91
5788.92
6113.31
18680.6
12414.5
19237.2
13751.1
24911.7
35657.1
26049.5
35492.7
19766.6
20889.8
16973.7
20200.3
22421.3
21288
28603.7
23401.3
14424
13516.2
7067.42
6044.51
15712.7
14389.6
8113.75
6633.23
19442.1
20998
19905.9
18141.5
20316.1
13380.4
11178.2
12886.1
18240.2
18205.9
37955.6
39673.5
26488
27849
16193.7
13269
17656.7
12200.1
8564.81
8264.26
14245.4
15784.1
5957.88
6505.63
15665.5
17900.3
7426.85
8208.92
14925
20900.6
8663.57
13380.2
3025.28
7400.17
2245.44
5103.17
18381.3
20994.6
18324.9
21375.5
20003.4
20267.7
21097.5
20789.9
16766.4
21205.1
19025.6
20907.6
18022.8
21529.4
18133.7
21712.9
21877.6
21008.4
22239.3
21157.7
14856.2
21337.7
14100.8
21477
18743.3
22227.2
22747
31786.1
20426.5
26338.6
22827.4
34868.9
17315.3
19054.9
22679.6
30380.1
16826.1
17428
22847.8
30046
19541.6
21102.1
24551.1
36450.6
19647.2
20093.5
26270.9
36918
19339.3
18989.2
28259.6
36605.9
18580.4
19403.7
19924.7
21281.4
32123.4
18637.6
17463.1
21257.2
19436.9
36743.9
19446
20343.1
20251.8
22051.9
39705.7
11638.2
10628.6
10841
14061.9
12741.9
11654.8
11230.3
14445.6
14029.2
12141.3
11743.4
14757.4
18039.7
17298.2
16980.9
16478.3
19689.7
18363
16305
14652.9
12294.6
15390.9
19076.4
18807.9
20274
20365
19521.1
18340.7
17775.2
15768.3
12103.7
14875.6
22080.2
24827.9
22933.6
26471.2
20811.3
21685.2
21445.9
22971.2
21313.5
21530.9
20777.9
20493.2
23222.5
27170.1
23430.8
27527.4
21368.5
23826.4
21545.3
24139.6
21624
21796.2
21802.7
22016.5
18280.5
17233.8
11919.5
13132.2
18208.1
16749.7
11892
13190.8
18561.1
17282.4
12131.7
13210.8
18693.4
17208
12504.9
13255.8
9716.79
9865.09
4193.66
3857.17
10838.2
10478.7
4698.14
4491.17
10555.8
9873.02
5345.14
5153.63
16991
16438.5
16645
16680.3
16662.8
16117.1
12581
11229.2
6308.92
5194.4
19045.1
18220.4
20440.9
19591.5
16299.7
15063.8
11758.2
10065.2
5798.04
4339.92
22296.7
21164.9
27404.5
23894.7
24861.5
22122.1
34127.6
25685.9
20386.2
16803.1
22239.3
17650.7
20258.4
17083.4
22333.5
17881.4
20861.7
18456.1
18844.1
17492.2
21358.1
22681.3
26676.9
28059.6
29329.1
31188.9
22001.7
23758.6
19846.3
19990.1
23879.5
25557.9
13707.1
10142.5
14159
10373.6
13987.4
10054.6
14351.2
10226
13893.5
9905
14292
10422.3
14333.8
10733.7
14942.1
10614.9
17391.8
16861.8
19239.6
17347.2
19953.5
19101.1
21870.5
19837.7
18911.2
14858.2
17945.8
14666.1
20693
17645.1
21642.8
17741.1
23460.1
20251.7
24130
20396.7
19637.9
15019.8
20220.9
15057.6
13198.4
9504.69
12215.8
8107.04
12617.9
9214.12
12142.6
8028.12
13628.8
9809.49
12271.4
8138.69
13854
10039.5
12194
8075.92
13180.7
13313.9
9525
8784.51
13316.8
13425.2
9379.31
8711.63
13265.9
12899.2
9146.48
8611.71
15373
18145.8
16174.1
12049.6
8884.12
16827.3
15737.4
17581.1
12075.8
8585.17
18557
16431.6
14577.8
12245.2
7955.85
13834.1
14906.2
8711.07
9351.51
13696.6
14519.2
8634.88
9226.41
12793.8
13214.3
8268.85
8382.97
16623.5
15716.1
15007.7
14401.2
15576
15949.8
12161.1
12884.6
8032.62
7844.34
16833.2
15391.2
15148.7
13793.9
13622.9
12973.9
11542.1
11487.2
7420.67
7863.66
14835.9
12639.9
14913
12077.1
16812.6
14232
17346.3
14423.6
12914.7
10909.6
12996.6
11670.9
15023.8
11813.4
15059.5
11754
17663.9
14930.5
17763.5
15042.3
12994.8
10425.8
12945.1
10378.8
10441.4
9215.06
7094.57
7687.04
10724
9899.46
7272.71
8065.87
10562.4
8938.81
6998.85
7750.24
10665.9
8688.65
7112.06
7587.84
17630.6
17562.9
23853.2
20142.9
16939.8
16984.9
22877.8
19260.1
14885.7
15475.8
21006.8
17906.4
15191.2
14645.8
13947.1
13721.4
16081.3
16474.9
14786.8
14717.1
19277.1
16380.5
14333.8
13608.5
13084.7
12873.4
13287.9
13580.4
14153.2
13802.9
18790.2
15017.7
6412.22
4084.71
2775.14
2193.51
6653.17
4215.45
2851.54
2212.77
6297.78
4011.2
2729.14
2171.41
6593.71
4171.85
2825.03
2188.3
6089.27
3867.27
2668.15
2121.93
6504.13
4073.46
2802.37
2143.7
6653.36
4064.25
2727.21
2132.01
6565.48
3969.34
2630.25
2079.13
5871.62
3728.12
2608.39
2071.21
4699.29
3185.47
2321.67
1940.18
5562.52
3610.41
2549.42
2000.14
4609.54
3196.6
2312.62
1905.2
6041.81
3778.48
2598.34
2066.9
4720.41
3163.53
2291.12
1937.99
6061.4
3756.17
2544.92
2027.68
4661.64
3125.09
2243.49
1892
5909.77
3837.17
2636.49
2128.95
5076.23
3471.67
2453.25
2054.04
5758.37
3760.93
2593.02
2096.7
4972.19
3428.35
2429.25
2043.31
5546.02
3637.36
2541.93
2069.28
4895.36
3371.65
2400.76
2040.12
5095.16
3410.68
2427.41
2058.68
4721.5
3277.09
2359.89
1959.43
4464.94
3181.91
2289.74
1906.19
3850.89
3098.29
2043.33
577.096
1957.81
2859.39
1908.61
633.783
3885.97
3096.43
2044.25
597.251
2114.3
2862.24
1905.99
636.211
3949.92
3076.04
2021.53
570.393
2331.54
2849.18
1881.21
621.71
3908.07
3024.42
2026.73
599.852
2352.11
2803.82
1861.75
621.675
3641.51
2920.39
2023.29
676.139
1848.35
2695.22
1825.9
617.749
3125.73
2690.49
1905.83
618.315
857.261
2420.45
1739.09
599.798
3311.01
2788.92
1960.08
636.112
1041.65
2539.12
1776.73
605.005
2992.99
2611.04
1836.63
550.864
697.959
2331.44
1684.9
574.551
2943.98
2557.18
1786.11
525.682
754.031
2273.26
1641.92
557.652
1897.32
1372.64
906.443
512.193
165.353
1854.78
1361.45
903.326
511.165
165.087
1896.17
1367.4
902.759
510.222
164.742
1848.42
1353.33
898.031
508.403
164.241
1911.19
1363.05
898.418
507.782
163.978
1843.12
1343.91
891.757
505.136
163.248
1805.43
1324.71
881.665
500.277
161.811
1758.34
1298.06
867.243
493.273
159.734
1885.7
1348.17
890.098
503.686
162.757
1991.4
1357.12
888.808
502.252
162.265
1943.29
1363.96
896.103
506.241
163.477
2039.07
1368.92
894.028
504.64
162.953
1839.39
1329.54
880.763
499.26
161.458
1963.57
1340.92
880.439
498.283
161.104
1799.76
1305.33
867.473
492.788
159.544
1931.39
1320.03
868.914
492.693
159.461
1980.71
1389.05
910.17
513.27
165.615
2117.87
1403.85
912.766
513.948
165.777
1984.8
1385.82
907.585
511.845
165.167
2119.22
1400.96
910.719
512.847
165.433
2001.44
1381.52
903.482
509.58
164.457
2125.91
1395.34
906.796
510.785
164.792
2045.47
1379.99
899.809
507.432
163.775
2135.96
1386.98
901.919
508.301
164.016
2092.09
1376.87
897.268
506.092
163.363
11942
15745.3
12001.7
15750.4
12130
15743
11919.5
15540
11125.6
14759.7
10284.6
11520.6
10328.4
12002.7
10339.4
11456.3
10530.8
11628.3
9228.44
1539.12
324.367
72.2646
12.753
9936.05
2817.48
680.147
153.583
27.1031
9187.21
1513.48
317.758
70.6568
12.4477
9890.12
2781.9
670.932
151.055
26.4553
9064.09
1485.54
310.968
69.0561
12.159
9771.21
2736.77
659.217
148.26
25.9658
8798.89
1423.06
296.648
65.8797
11.6076
9515.09
2652.64
638.657
143.7
25.173
8286.43
1310.63
273.003
60.857
10.7519
8991.45
2509.8
606.395
136.901
24.0295
7448.51
1224.25
262.827
59.4633
10.5797
7606.87
2200.16
543.093
124.385
22.0241
7690.31
1242.5
263.63
59.2954
10.5184
8009.21
2314.32
566.943
128.925
22.7175
7364.44
1223.02
263.888
59.8517
10.659
7482.25
2152.78
531.896
122.193
21.6944
7355.61
1217.2
262.554
59.592
10.6053
7513.54
2147.68
529.498
121.958
21.6206
33452.4
47825.5
45992.4
31537.5
24600.8
29367.3
23769.2
29248.9
27596
43907.2
29275.4
44972.5
173.452
189.12
223.918
280.583
363.815
479.408
186.551
202.755
238.608
296.44
379.647
492.409
163.637
158.815
180.174
176.95
217.046
217.58
277.597
285.574
365.539
383.344
481.63
501.877
634.591
837.554
1107.31
1472.46
1897.71
2204.26
639.161
823.431
1047.71
1303.4
1550.43
1711.17
464.293
680.777
854.878
976.594
1039.18
505.985
741.366
930.323
1062.21
1129.95
598.602
875.951
1097.85
1252.3
1331.48
749.135
1094.07
1368.67
1559.04
1656.43
969.473
1411.66
1761.16
2002.24
2125.26
1273.59
1846.02
2293.87
2600.99
2757.5
499.169
731.534
918.2
1048.57
1115.55
542.221
793.946
995.726
1136.39
1208.57
637.481
932.005
1167.17
1330.6
1414.31
790.801
1153.49
1441.44
1640.75
1742.63
1010.54
1469.11
1830.43
2079.34
2206.38
1306.48
1890.31
2345.78
2658.08
2817.53
438.073
642.5
807.059
922.184
981.403
425.169
623.633
783.471
895.332
952.875
482.138
706.663
887.089
1013.12
1077.87
473.52
694.098
871.43
995.334
1059
580.371
849.627
1065.3
1215.53
1292.58
581.803
851.783
1068.1
1218.81
1296.09
741.402
1083.34
1355.89
1544.97
1641.7
762.676
1114.39
1394.71
1589.12
1688.54
974.484
1419.87
1772.31
2015.46
2139.47
1021.82
1488.51
1857.51
2111.79
2241.33
1280.41
1857.73
2309.97
2619.83
2777.38
1334.26
1935.72
2406.34
2728.08
2891.27
1677.37
2413.52
2981.24
3368.68
3566.89
2195.44
3122.34
3823.63
4303.11
4553.31
2862.08
3994.32
4830.14
5413.26
5735.86
3717.66
5033.67
5978.26
6679.99
7125.95
4638.55
6029.53
7005.57
7820.24
8460.81
5274.31
6674.16
7648.32
8540.44
9339.38
1687.81
2425.43
2993.55
3381.93
3581.3
2159.43
3073.29
3766.21
4240.85
4488.5
2720.74
3820.84
4639.93
5207.86
5515.1
3340.99
4612.05
5540.84
6203.14
6585.3
3918.13
5310.81
6313.09
7057.69
7524.33
4285.51
5742.99
6784.9
7583.55
8112.33
175.81
196.312
236.531
299.537
390.334
514.861
188.995
210.201
251.532
315.51
405.53
525.375
165.99
161.238
187.431
184.477
229.924
231.085
297.313
306.636
393.62
413.274
520.827
544.991
678.805
886.83
1154.94
1508.52
1916.95
2209.73
678.193
865.462
1087.76
1335.54
1570.45
1717.86
470.614
690.105
866.704
990.208
1053.72
525.359
770.074
966.767
1104.21
1174.87
632.618
926.45
1162.09
1326.45
1410.86
800.359
1170.38
1466.08
1671.82
1777.33
1041.4
1519.41
1899.49
2163.11
2298.16
1370.28
1992.11
2483.01
2822.42
2996.37
505.739
741.26
930.554
1062.81
1130.78
562.306
823.763
1033.65
1180.16
1255.42
672.378
983.912
1233.33
1407.1
1496.27
842.398
1230.5
1539.95
1754.98
1865.21
1080.8
1574.53
1966
2237.22
2376.2
1396.39
2026.26
2521.91
2864.42
3040.2
444.389
651.824
818.867
935.765
995.906
431.674
633.234
795.621
909.298
967.783
501.671
735.57
923.738
1055.31
1122.97
493.772
724.049
909.384
1039.01
1105.67
615.075
901.09
1130.69
1290.95
1373.27
618.191
905.725
1136.63
1297.82
1380.61
794.657
1162.61
1457
1661.95
1767.07
819.58
1199.12
1502.84
1714.28
1822.69
1050.66
1534.01
1918.89
2185.96
2322.73
1103.14
1610.68
2014.8
2295.13
2438.61
1387.38
2019.54
2519.66
2865.49
3042.47
1452.14
2114.57
2638.78
3001.04
3186.21
1799.02
2599.85
3225.59
3657.62
3880.3
2333.06
3337.69
4111.53
4648.62
4931.21
2998.81
4216.21
5135.88
5788.56
6151.87
3827.29
5223.21
6251.5
7026.94
7519.36
4703.78
6152.68
7191.58
8065.15
8747.14
5295.07
6716.19
7713.76
8628.71
9444.75
1795.04
2589.33
3208.12
3635.39
3856.08
2276.12
3254.48
4006.86
4528.32
4802.13
2833.76
4000.29
4882.98
5502.57
5839.49
3433.92
4764.13
5751.83
6463.78
6875.58
3977.83
5411.79
6456.44
7238
7727.76
4305.87
5778.18
6835.58
7648.01
8185.66
4879.33
3217.25
871.671
667.716
767.305
664.199
813.806
4472.77
4292
2776.44
3518.88
1692.52
2255.59
1417.74
1576.87
1325.36
4171.08
2333.16
1533.81
1361.53
1711.19
1486.27
1162.29
1113.7
1066.79
935.837
1258.4
1135.45
4462.31
2722.98
3099.07
2000.61
1664.21
2316.74
1194.11
947.217
1315.89
9913.56
9983.79
10158.2
11364.4
18515
7113.69
8137.95
8877.1
9938.49
11537.6
2299.09
3300.65
4075.77
4612.43
4892.69
1772.83
2568.47
3192.45
3622.89
3843.78
2037.27
2950.98
3665.95
4157.32
4408.48
1765.96
2563.35
3190.21
3622.08
3842.87
2155.66
3112.44
3857.72
4370.64
4634.28
9836.34
10902.2
11483.2
12746.1
19719.6
9646.93
10918.2
11694
12840.5
14906.8
6601.06
8294.78
9473.81
10549.5
11575
8394.15
10089.4
10986.9
11924.7
12758.1
4320.44
5934.58
7106.59
7934.54
8406.87
5570.44
7329.62
8552.26
9473.4
10074.3
3680.08
5165.96
6270.52
7030.29
7435.76
4065.88
5655.5
6819.64
7621.72
8055.64
3458.96
4890.14
5962.85
6695.39
7078.64
9126.22
10124.6
10723.9
11995.2
18868.3
5656.05
7291.33
8461.81
9493.28
10431.9
3943.31
5469.37
6596.69
7398.5
7858.87
3522.48
4928.2
5981.51
6729.48
7152.46
4326.06
5878.58
7018.14
7882.64
8455.52
3805.13
5253.25
6330.09
7123.48
7605.59
3021.61
4255.81
5191.3
5855.61
6225.53
2916.39
4145.47
5082.78
5734.92
6082.71
2811.32
4028.75
4962.57
5601.34
5930.58
2473.75
3560.71
4401.79
4978.73
5275.37
3286.81
4653.86
5685.64
6397.27
6774.91
2976.28
4235.57
5195.21
5858.75
6209.41
9368.61
9838.69
10172.1
11404.9
18408.8
6246.15
7505.7
8409.74
9452.13
10751.6
7289.12
8729.99
9592.35
10816.5
13197.9
4900.4
6400.45
7485.82
8423.27
9194.8
4196.06
5682.31
6776.17
7627.44
8202.44
5588.23
7165.79
8305.28
9358.3
10361
3107.26
4381.16
5346.22
6028.14
6404.81
2497.75
3583.98
4422.29
5000.42
5300.98
3406.2
4769.58
5794.46
6525.51
6939.99
8932.21
8444.63
7586.44
6363.35
4657.08
1831.04
18990.1
19329.1
21889.3
22599
18587.4
19688.8
20907
20227.6
15615.5
19357.5
16267.4
19908.3
18656.7
16810.8
26167.6
18242.3
18439.7
20642
21106.3
17573.5
18658.2
19972.2
19500.6
15539.6
23370.9
16103
23226.7
18826.6
20454.4
28066.3
17395
17462.8
19048.2
19264.3
16807.6
18297.2
18715.5
18746.2
17805.8
20640.4
18566.9
20637.3
20431.4
22506.6
25229.2
16584.5
16671.7
17588.9
17644.1
16338.6
18063.8
17429.3
17737.2
16653.5
18013.8
17385.8
17545.1
18641
20188.3
21753.5
15739.3
15860.6
16584.4
16554.4
16003.3
17879.3
16573
17066.3
15738.1
14828.8
16496.4
14227.4
17103.5
16959.4
17921.8
15357.9
15523
15913.8
15850.7
15593.9
17140.5
16019
16433.2
15002
12720.1
15563.5
12455
15886.7
14867.2
16196.2
21735.8
20885.6
22821.7
23989.5
20109.5
20064.5
21237.9
20254.3
19168.4
14237.9
19115.2
14307.5
16972.6
15376.5
18530.5
20484.3
19868.9
21068.4
21836.3
19393.8
19516.4
20014.9
19190.2
17733.9
13761.4
17710.4
13851.9
15529.6
13848.7
17125.1
18831.2
18466.4
18958.2
19332.1
18189.6
18326.9
18429.5
17929.7
16792.3
13441.2
16584.2
13179.6
14871.8
12643.9
16749.6
17245
17036.3
17314.2
17482.7
16852.9
16930.8
17126.9
16731.2
15767.1
13753.8
15657.1
13439.1
14199.9
12643
16940.9
16391.7
16253
16382
16462.2
15945.5
16019.3
16336.1
16083.9
15469.7
14693.1
15398.3
14540.5
14216.2
13079.2
17390.6
15780.1
15652.7
15833.3
15883.7
15404.9
15664.6
15766.4
15657.5
15320
15281.7
15308.6
15199.5
14258.8
13551.8
18012.6
11676.9
6626.63
19221.6
12622.4
21013.9
15536.1
32954.7
40876.5
43355.6
53067.4
28069.9
24361.8
17802.5
14142.4
8669.73
5771.44
19883.6
20286.2
17145.2
20115.7
26871.6
23926.6
31048.2
25065.4
8194.4
5889.99
4547.5
3394.3
9969.74
8124.85
6074.67
4932.46
18240.7
18900
18602.7
15644.5
14440.6
11328.9
11364.6
12917.7
18307.1
18230.5
38472.6
39780.8
27211.7
28044.7
15578.7
13138
16941.5
12072.7
7881.07
8099.38
6363.09
8978.58
3300.85
4002.94
8879.1
12235.2
5306.6
6208.65
9820.46
16588.8
6818.06
11197.1
2596.71
6649.56
2159.72
4957.5
17862.6
22077.8
18467.9
22007.2
21841.1
22038.5
22279.7
21778.4
15738.9
21342
16145.2
21065.7
18206.1
21868.2
18207.6
21823.4
22484.8
21512.5
22418.1
21313.8
14551.4
21438.2
14052.8
21518
17823.8
20977.1
22504.5
31478.4
18878
24244.1
22304.8
34216.3
16899.1
18454.2
22591.1
30249.7
16720.7
17263.1
22833.6
30014.6
5301.91
6979.45
13572.5
23867.3
6679.42
7606.87
17710.8
27361.7
8301.23
8389.84
22419.1
30488.7
24607.2
26331.9
20909.6
20288.6
29558.7
26486.9
25086
21326.4
18564.2
33816.9
24151.3
23906.5
21379.1
21366.5
38598.4
2034.66
2463.01
4364.51
10102.3
2949.46
3344.33
6155.95
11423.9
4386.77
3716.53
8349.04
13071.4
26178.3
25788.6
23669
23212.2
20378.2
18597.4
15476.4
13659
10969.5
15303.4
23859.5
22981.6
24112.2
23668.6
21030.7
19668.6
17473.8
15641.4
11685.5
15434.2
23916.4
26912.2
23856.8
27588.5
23065.2
23855.1
22525.1
24038.8
21808.4
22178.2
21628
21528.9
23672.6
27709.8
23567.8
27688.1
21871.5
24342.4
21694.2
24290
21892.3
22127.9
21888.2
22115.9
18399.4
17489.6
11877.2
13223.9
18275.4
17032.7
11699.6
13283.9
18653.3
17435.4
12134.6
13273.3
18728.4
17258.4
12511.6
13279.7
1661.65
1116.67
770.392
969.151
660.031
613.665
2351.94
1395.37
1051.51
1923.38
1539.21
1321.37
2715.6
2242.48
2242.19
3368.83
2744.25
2458.79
24541.6
22059.1
20335.7
22635.5
20894.3
19517.3
16273.6
15038.3
14358.4
11098.7
9570.39
8919.54
5138.14
3766.69
3180.78
22220.2
20468.8
18999.8
22872.5
20735
19090.9
16990.8
14512.3
13110.3
11115.9
8836.74
7904.99
5462.32
3746.45
2994.97
27221.4
26610.3
29669.5
26600.1
30545.4
26607.1
36903.4
28042
20902.1
21330.6
20615.8
19254
23621
22232.3
23204.1
19822.4
23004.7
22817.9
21189.8
22640.7
28183.4
25337.4
28032.5
28470.9
30466.5
31518.1
23340.7
24229.4
20898.4
20289.5
25397.7
26067.7
16523.6
8923.9
15453.1
9878.6
16746.3
8995.44
15399.9
9807.79
16530
9043.53
15367.5
10220.2
14957.3
10693.3
15144.5
10607.7
21263.1
18166.4
21163
18152
23488.8
21199.1
23746
21002.1
20718.9
15156.1
21590.7
14948.1
21645.6
18072.3
21925.3
17870.2
24370.8
20837.3
24393.6
20573.4
20532.6
15207
20480.8
15115.2
13599
9085.85
12008.2
7723.53
12664.7
8142.89
11535.3
7219.29
13940.2
9653.82
12205.5
7959
13962.6
10001.4
12176.5
8017.02
2579.63
1337.98
4737.66
2530.3
2770.03
1667.9
5066.29
3062.61
3412.9
2525.21
5614.55
4023.14
13172.7
20385.5
9503.76
9123.68
6501.94
19954.3
13907.6
8168.61
8215.59
5355.42
20764.9
16356.2
13014.4
10141.4
6333.39
707.214
528.285
1433.29
1058.15
1034.08
715.273
2066.41
1644.71
1801.64
1401.98
3019.36
2461.3
20243.7
19572.4
13733.6
13153.7
8941.08
9007.6
7533.98
6923.54
4580.98
3762.95
18999
17265.8
14740.2
12937.9
11489.1
10205.2
8750.66
7905.96
5595.83
5533.24
15111.5
12232.3
15205.5
11941
18156.6
15071.7
18119.1
14864.4
12742.9
10342.4
12363.5
10379.3
15210.4
11756.9
15117.5
11739
18050.8
15148.2
17878.7
15104.4
12972.8
10181.6
12951.5
10317
9939.67
8420.86
6600.04
6951.41
9579.21
8239.35
6297.09
6589.96
10362.2
8586.13
6768.43
7358.08
10608.7
8585.75
7033.76
7464.42
1742.05
1534.16
1271.56
7610.75
4063.22
3318.44
1721.81
1699.26
1510.5
8310.34
4859.78
4122.27
2369.8
2656.17
2723.19
9206.33
6099.24
5434.72
18382.4
17121.6
16218.8
12599.1
12173.2
11901.3
9207.88
9064.78
9040.76
7909.28
7627.9
7430.08
10502.3
7548.45
6820.49
15687.5
14396.7
13528.5
11705.6
10848.1
10358.9
9752.79
9016.37
8597.64
9387.45
8306.31
7677.15
12782.5
8523.36
7650.66
4931.89
3104.59
2189.71
1800.44
5554.63
3373.81
2310.5
1844
4955.45
3100.7
2194.29
1813.9
5677.25
3445.2
2358.15
1868.66
4940.65
3066.4
2200.03
1809.86
5791.6
3488.24
2411.88
1874.25
6237.3
3696.21
2463.45
1941.58
6425.76
3841.16
2540.97
2012.79
5269.86
3265.52
2288.63
1834.6
4292.66
2854.26
2094.87
1762.01
4615.61
2952.84
2134.19
1711.34
3946.02
2687.66
2010.33
1692.18
5709.23
3502.11
2397.44
1914.96
4500.44
2976.28
2148.85
1816.94
5957.79
3663.39
2475.74
1974.44
4591.93
3063.87
2194.77
1850.31
3706.27
2657.73
1992.81
1708.52
2372.95
2120.64
1751.72
1605.92
3716.58
2643.56
1988.99
1704.92
2483.28
2150.48
1761.84
1615.63
3806.37
2640.94
1999.6
1714.35
2814.45
2248
1800.95
1655.22
3756.96
2573.24
1962.25
1748.01
3099.14
2315.76
1851.2
1647.07
3482.54
2493.87
1914.77
1667.02
1024.49
1684.64
1390.45
420.668
-491.876
1440.63
1242.54
444.238
1265.67
1764.69
1421.77
443.934
-194.138
1530.86
1270.61
453.965
1718.01
1905.56
1470.14
442.485
313.939
1680.49
1310.99
459.129
2272.11
2073.28
1541.54
480.522
856.066
1846.77
1369.47
478.882
2638.78
2226.89
1630.18
559.813
1004.51
1972.89
1423.9
496.154
2816.52
2395.99
1669.68
532.443
696.617
2107.05
1525.23
526.586
2746.55
2321.08
1639.62
532.751
656.77
2044.72
1473.93
508.544
2838.57
2449.23
1693.2
496.493
638.965
2160.77
1559.44
529.815
2899.11
2505.43
1738.59
507.241
742.346
2219.73
1601.21
542.882
1604.14
1199.12
811.103
465.393
151.358
1586.55
1196.59
811.653
465.989
151.563
1625.38
1209.55
816.066
467.659
152.012
1612.9
1209.93
818.309
469.105
152.477
1664.04
1223.67
822.237
470.414
152.805
1644.31
1225.01
825.799
472.633
153.518
1668.72
1242.19
835.699
477.583
155.011
1708
1266.9
849.793
484.637
157.143
1703.34
1240.63
831.123
474.714
154.09
1818
1261.32
836.953
476.857
154.671
1711.58
1236.25
826.837
472.323
153.339
1815.57
1253.85
832.21
474.432
153.927
1718.86
1255.72
839.984
479.177
155.444
1851.15
1275.97
845.019
480.888
155.896
1757.95
1279.71
853.247
485.761
157.434
1892.67
1297.37
856.503
486.577
157.623
1648.41
1205.25
811.101
464.905
151.173
1733.11
1212.13
811.303
464.621
151.064
1668.55
1213.51
814.801
466.551
151.642
1749.34
1218.37
814.129
465.885
151.426
1707.03
1226.61
820.368
469.018
152.344
1782.33
1229.11
818.934
468.051
152.042
1769.35
1241.61
826.001
471.439
153.027
1821.91
1240.63
824.407
470.558
152.751
1828.33
1249.33
829.196
472.884
153.445
10021.1
15452.4
10544.7
15785.9
11228.3
16129
11675.5
16321.5
11168.7
15645.2
10310.5
11621.8
10333.7
12203.4
10362.3
11511.1
10539.9
11645.9
8921.62
1519.72
324.307
72.7358
12.8817
9921.74
2823
685.23
155.464
27.5201
9009.12
1516.58
321.776
71.9086
12.7006
10007.9
2813.08
680.515
153.685
26.9751
9074.3
1506.07
316.92
70.5306
12.4325
10054.2
2796.62
673.052
151.464
26.5484
8967.99
1456.68
303.839
67.4604
11.8849
9912.05
2732.03
655.237
147.23
25.7822
8480.87
1342.79
279.52
62.259
10.9945
9364.97
2586.21
622.358
140.255
24.5993
7513
1236.8
265.867
60.1928
10.7126
7691.53
2229.07
550.757
126.197
22.3485
7798.37
1263.28
268.363
60.3745
10.7096
8173.39
2364.43
579.026
131.611
23.1824
7399.78
1229.86
265.586
60.2713
10.7369
7525.11
2167.58
536.003
123.204
21.8802
7367.18
1219.43
263.11
59.7306
10.6313
7527.15
2152.26
530.789
122.282
21.681
33899.4
48113.3
47010.3
32888.6
19061.2
20015
28538.5
29816.1
22388.4
25097.4
35595.8
48578.8
45019.7
59640.3
29404.6
33520.8
23002.4
24577.6
12035.1
13180.7
4896.22
3217.76
811.81
617.331
696.422
607.433
747.256
4762.9
4675.77
2807.67
3933.55
3753.24
1613.76
2246.08
2026.65
1326.24
1532.23
1249.89
4299.72
2300.35
1446.42
1277.09
1638.13
1416.04
1101.16
1036.69
967.914
846.861
1163.75
1048.17
4511.58
2715.99
3122.73
1967.84
1609.91
2286.04
1123.3
872.086
1238.36
9913.41
9929.45
10055.5
11198.4
18212.9
7098.63
8089.43
8791.83
9813.04
11374.1
2131.47
3037.27
3722.41
4187.5
4427.56
1634.15
2355.83
2913.27
3292.52
3485.39
1841.1
2647.75
3264.78
3679.74
3888.61
1609.73
2323.86
2875.84
3250.13
3439.37
1970.23
2823.1
3471.98
3909.08
4130.6
9974.55
10207.1
10010.7
10539.1
16292.2
9767.05
9821.26
9460.96
9621.53
10917.3
6429.24
7575.89
8132.45
8649.35
9299.56
8469.99
8840.45
8567.28
8462.52
8647.57
8077.95
8508.42
8222.82
7986.5
7968.13
4012.03
5282.87
6073.17
6570
6845.73
5322.29
6552.58
7177.39
7574.1
7859.32
4866.72
6090.66
6711.81
7041.54
7213.47
3372.49
4580.97
5384.57
5886.68
6141.24
3826.91
5064.84
5827.05
6278.53
6503.53
3198.46
4381.27
5178.52
5672.83
5916.15
9180.01
9716.27
9812.98
10597.9
16585.6
5450.26
6757.53
7548.39
8230.31
8926.65
3651.05
4915.4
5757.66
6313.23
6627.01
3261.02
4466.1
5307.61
5874.72
6190.58
4070.73
5377.25
6244.18
6867.35
7288.99
3584.69
4858.13
5747.8
6378.13
6760.8
2843.66
3961.82
4780.74
5347.48
5660.1
2692.69
3776.83
4569.36
5101.82
5380.74
2526.47
3563.95
4319.78
4812.31
5057.91
2223.49
3165.01
3868.03
4334.46
4568.91
2997.56
4149.53
4957
5479.82
5748.05
2720.07
3808.16
4595.13
5115.64
5384.13
9365.94
9666.81
9843.8
10885.6
17470.4
6189.66
7357.59
8159.29
9095.8
10303
7225.69
8418.11
8996.83
9929.56
12006.5
4779.38
6155.19
7100.28
7904.96
8582.96
4019.3
5354.72
6283.16
6985.81
7465.72
5425.13
6762.93
7619.97
8404.69
9213.69
2899
4032.9
4855.86
5418.6
5725.51
2284.57
3243.06
3958.47
4437.57
4682.26
3171.27
4363.37
5209.62
5788.56
6112.91
18646.6
12338.2
19241.5
13774.6
24898.2
35619
26097.2
35567.5
19766.9
20889.7
16977.7
20201.1
22415.7
21285.6
28590.1
23397.9
14363.9
13452.2
6985.7
5961.48
15721.3
14396.6
8138.67
6662.99
19447.7
21000.1
19905.7
18142.4
20322
13395.3
11179.4
12887.4
18241.1
18207.3
37955.3
39676.5
26487
27850.1
16198.1
13271.2
17659.8
12201.9
8570.13
8266.25
14171.1
15687.1
5873.45
6411.9
15673.1
17915.8
7450.94
8231.95
14931.6
20909.3
8676.54
13392.2
3028.53
7404.88
2246.29
5104.68
18382.3
20995.1
18326.8
21376.1
20002.2
20267.1
21096.4
20789.6
16772
21206.7
19029.2
20909.2
18023.9
21530.1
18134.6
21713.7
21877.4
21008.4
22239.9
21158
14859.1
21339.1
14102.2
21478.3
18747.1
22232.8
22749.6
31789.5
20429.7
26344
22830
34872.8
17318.2
19058.8
22681.7
30382.9
16828.1
17430.6
22849.6
30048.4
19494.3
21083.3
24467.8
36382
19644.8
20084.4
26283.8
36933.1
19341.2
18988.6
28265.8
36611.3
18580.8
19402.7
19926.3
21283.5
32127.9
18636.8
17463.5
21257.8
19438.2
36748
19445.4
20343.4
20253
22054.1
39709.9
11645.3
10633.2
10819.4
14041.6
12735.8
11648.6
11238.1
14451.1
14028
12140.2
11745
14758.6
18039.2
17298
16981
16478.2
19689.3
18362.3
16305.7
14653.1
12295.8
15391.8
19075.9
18807.6
20274.1
20365
19521.8
18341
17776.4
15769
12104.9
14876.4
22080.4
24827.9
22933.9
26471.2
20810.8
21684.7
21445.6
22970.8
21314.3
21531.4
20778.8
20493.7
23222.8
27170.1
23431.2
27527.5
21368.3
23826.2
21545.3
24139.4
21624.7
21796.7
21803.4
22016.9
18281.7
17234.6
11920.5
13133
18209.4
16750.6
11893.1
13191.7
18562.1
17283.1
12132.5
13211.5
18694.3
17208.7
12505.6
13256.5
9722.57
9879.27
4239.92
3899.76
10828.9
10468.5
4700.18
4491.26
10554.7
9872.19
5345.14
5153.8
16991
16438.5
16644.8
16680.2
16662.2
16116.5
12580.8
11229.1
6309
5194.47
19044.9
18220.3
20440.8
19591.3
16299.7
15063.7
11758.4
10065.1
5798.2
4339.98
22291.7
21161.6
27396.4
23890.4
24852.9
22118.2
34108.5
25680.1
20417.4
16820
22267.9
17665.8
20256.7
17080.1
22332.6
17879.7
20857.8
18453
18841
17489.8
21354.8
22678.2
26674.2
28058.7
29327
31189.2
21998.6
23756.9
19844.2
19988.9
23876.5
25555.3
13720.7
10152.9
14172.3
10386
13986
10056.4
14350.2
10227.9
13892.3
9904.91
14290.8
10422.1
14332.5
10733
14940.3
10613.6
17389.8
16860.4
19237.4
17346
19951.1
19099.6
21868
19836.5
18909.3
14857
17943.9
14664.9
20691.4
17644.2
21642
17740.5
23458.9
20251.1
24129.9
20396.5
19636.2
15018.7
20219.3
15056.7
13197.1
9504.13
12214.9
8106.43
12616.8
9213.66
12141.7
8027.6
13627.4
9808.68
12270.4
8138
13852.6
10038.3
12193
8075.15
13190.5
13320.6
9533.87
8792.34
13314.5
13423
9380.22
8712.13
13264.6
12898
9146.19
8611.25
15371.6
18144.3
16172.6
12048.6
8883.66
16826.1
15736.2
17579.7
12074.8
8584.69
18555.7
16430.3
14576.6
12244.3
7955.38
13837.6
14918.4
8726.2
9394.87
13694
14509.1
8634.52
9222.42
12792.8
13213.5
8268.39
8382.85
16622.8
15715.8
15006.9
14400.8
15575.1
15949.1
12160.4
12884.1
8032.16
7844.03
16832.4
15390.8
15147.8
13793.4
13622.1
12973.3
11541.4
11486.6
7420.21
7863.25
14835
12639.3
14912.2
12076.5
16811.8
14231.5
17345.6
14423.1
12913.9
10909
12995.8
11670.3
15023.2
11812.9
15059
11753.6
17663.5
14930.1
17763.3
15042.1
12994.1
10425.2
12944.5
10378.3
10440.8
9214.53
7094.09
7686.57
10723.3
9898.92
7272.24
8065.42
10561.8
8938.29
6998.34
7749.73
10665.2
8688.13
7111.51
7587.3
17635.3
17569.2
23862.1
20161.2
16917
16964.1
22868.3
19254.8
14884.9
15474.8
21006.4
17906.2
15191.1
14645.8
13946.9
13721.2
16080.7
16474.2
14786.3
14716.6
19276.5
16380.1
14333.5
13608.4
13084.3
12873.1
13287.4
13580
14152.7
13802.5
18789.5
15017.2
6418.8
4088.3
2777.26
2194.24
6659.23
4218.87
2853.8
2213.75
6298.16
4011.3
2729.1
2171.35
6594.47
4172.13
2825.09
2188.24
6089.35
3867.28
2668.1
2121.86
6504.26
4073.5
2802.34
2143.62
6653.12
4064.13
2727.12
2131.93
6564.85
3969.05
2630.08
2079
5871.4
3728
2608.3
2071.13
4698.99
3185.28
2321.55
1940.09
5562.37
3610.34
2549.36
2000.09
4609.31
3196.47
2312.52
1905.12
6041.41
3778.26
2598.2
2066.8
4720.02
3163.3
2290.98
1937.87
6060.78
3755.86
2544.73
2027.55
4661.17
3124.8
2243.31
1891.86
5917.23
3840.76
2638.61
2129.44
5084.15
3474.58
2455.13
2053.9
5758.54
3760.98
2592.97
2096.65
4972.04
3428.45
2429.23
2043.35
5546.01
3637.38
2541.9
2069.25
4895.23
3371.68
2400.75
2040.12
5095
3410.64
2427.36
2058.62
4721.33
3277.07
2359.86
1959.39
4464.73
3181.82
2289.67
1906.1
3862.64
3101.34
2045.09
577.501
1974.58
2861.87
1909.43
633.88
3885.53
3096.73
2044.31
597.314
2113.29
2862.67
1906.18
636.289
3949.66
3076.12
2021.56
570.404
2331.13
2849.29
1881.28
621.739
3907.86
3024.4
2026.72
599.85
2351.87
2803.81
1861.76
621.68
3641.32
2920.31
2023.24
676.125
1848.19
2695.15
1825.87
617.739
3125.5
2690.33
1905.74
618.295
857.158
2420.31
1739.01
599.77
3310.81
2788.79
1960.01
636.098
1041.53
2539.01
1776.67
604.985
2992.74
2610.84
1836.51
550.839
697.867
2331.27
1684.79
574.516
2943.69
2556.95
1785.97
525.647
753.928
2273.05
1641.78
557.608
1896.81
1372.65
906.558
512.272
165.378
1854.63
1361.6
903.508
511.275
165.121
1896.21
1367.37
902.744
510.218
164.741
1848.38
1353.29
898.008
508.398
164.242
1911.18
1363.03
898.406
507.78
163.979
1843.08
1343.86
891.735
505.13
163.249
1805.36
1324.67
881.639
500.266
161.808
1758.26
1298
867.21
493.257
159.73
1885.64
1348.13
890.077
503.677
162.756
1991.31
1357.07
888.783
502.24
162.262
1943.25
1363.93
896.087
506.235
163.476
2039
1368.88
894.007
504.631
162.951
1839.31
1329.49
880.735
499.247
161.455
1963.46
1340.87
880.408
498.269
161.1
1799.66
1305.26
867.439
492.771
159.539
1931.26
1319.96
868.878
492.675
159.456
1979.87
1388.99
910.251
513.328
165.634
2116.99
1403.81
912.835
514
165.796
1984.87
1385.8
907.575
511.846
165.169
2119.31
1400.92
910.7
512.847
165.438
2001.45
1381.5
903.473
509.58
164.458
2125.93
1395.32
906.783
510.785
164.795
2045.44
1379.96
899.794
507.427
163.775
2135.93
1386.96
901.904
508.297
164.017
2092.03
1376.83
897.25
506.085
163.361
11916.7
15717.4
12004
15752.4
12131.4
15744.1
11920.6
15540.9
11126.5
14760.5
10285.4
11521.4
10329.2
12003.5
10340.1
11456.9
10531.4
11628.9
9226.14
1529.83
321.87
71.6834
12.6496
9930
2812.78
678.589
153.191
27.0298
9185.93
1514.32
317.91
70.6809
12.4509
9889.69
2781.62
670.772
151.001
26.4442
9064.1
1485.73
311.002
69.059
12.1588
9771.36
2736.79
659.185
148.243
25.9616
8799.25
1423.15
296.662
65.8807
11.6075
9515.47
2652.73
638.665
143.697
25.1717
8286.9
1310.7
273.016
60.859
10.7521
8991.91
2509.92
606.417
136.904
24.0295
7448.97
1224.32
262.842
59.4664
10.5802
7607.34
2200.29
543.123
124.391
22.0252
7690.78
1242.57
263.645
59.2982
10.5189
8009.69
2314.45
566.971
128.93
22.7182
7364.88
1223.09
263.903
59.8549
10.6596
7482.69
2152.91
531.926
122.2
21.6955
7356.03
1217.27
262.569
59.5952
10.6059
7513.96
2147.8
529.527
121.964
21.6217
33451.6
47827.6
45989.4
31533.5
24662.1
29447.3
23762.4
29233.9
27577.6
43846.1
29365.5
45141.3
173.439
189.107
223.902
280.564
363.791
479.379
186.538
202.74
238.591
296.42
379.623
492.379
163.625
158.803
180.161
176.937
217.031
217.564
277.578
285.555
365.515
383.319
481.601
501.847
634.556
837.512
1107.27
1472.4
1897.64
2204.19
639.125
823.389
1047.66
1303.34
1550.37
1711.11
464.258
680.726
854.814
976.52
1039.1
505.947
741.311
930.254
1062.13
1129.86
598.559
875.888
1097.77
1252.2
1331.38
749.084
1094
1368.58
1558.93
1656.31
969.41
1411.57
1761.04
2002.1
2125.11
1273.51
1845.9
2293.72
2600.82
2757.32
499.133
731.481
918.133
1048.49
1115.46
542.182
793.888
995.653
1136.3
1208.48
637.436
931.938
1167.08
1330.5
1414.21
790.747
1153.41
1441.34
1640.63
1742.51
1010.48
1469.01
1830.31
2079.2
2206.23
1306.4
1890.19
2345.63
2657.9
2817.34
438.04
642.451
806.998
922.114
981.328
425.137
623.586
783.411
895.264
952.802
482.102
706.61
887.022
1013.04
1077.79
473.485
694.045
871.365
995.258
1058.92
580.329
849.565
1065.22
1215.44
1292.48
581.761
851.72
1068.03
1218.72
1295.99
741.35
1083.27
1355.8
1544.86
1641.58
762.623
1114.31
1394.61
1589.01
1688.42
974.42
1419.77
1772.19
2015.32
2139.32
1021.75
1488.41
1857.38
2111.65
2241.17
1280.33
1857.61
2309.82
2619.65
2777.19
1334.18
1935.6
2406.18
2727.9
2891.08
1677.27
2413.38
2981.06
3368.46
3566.65
2195.33
3122.16
3823.39
4302.84
4553.01
2861.94
3994.11
4829.85
5412.92
5735.48
3717.5
5033.41
5977.91
6679.56
7125.47
4638.37
6029.25
7005.17
7819.74
8460.23
5274.12
6673.86
7647.9
8539.91
9338.76
1687.72
2425.29
2993.36
3381.71
3581.06
2159.31
3073.12
3765.98
4240.58
4488.21
2720.6
3820.63
4639.66
5207.53
5514.74
3340.84
4611.81
5540.51
6202.74
6584.86
3917.95
5310.54
6312.73
7057.24
7523.83
4285.33
5742.71
6784.52
7583.08
8111.81
175.797
196.298
236.516
299.518
390.311
514.832
188.982
210.186
251.516
315.49
405.506
525.345
165.977
161.226
187.418
184.464
229.908
231.07
297.294
306.617
393.596
413.249
520.798
544.96
678.768
886.785
1154.89
1508.45
1916.88
2209.66
678.157
865.418
1087.71
1335.48
1570.39
1717.79
470.58
690.055
866.641
990.136
1053.65
525.322
770.02
966.699
1104.13
1174.78
632.576
926.388
1162.01
1326.36
1410.76
800.308
1170.3
1465.98
1671.71
1777.21
1041.33
1519.32
1899.37
2162.98
2298.02
1370.2
1992
2482.86
2822.26
2996.19
505.703
741.207
930.487
1062.73
1130.69
562.267
823.706
1033.58
1180.08
1255.33
672.334
983.847
1233.24
1407
1496.17
842.345
1230.42
1539.85
1754.87
1865.09
1080.74
1574.44
1965.88
2237.09
2376.05
1396.31
2026.14
2521.76
2864.25
3040.02
444.356
651.776
818.806
935.696
995.832
431.642
633.186
795.561
909.23
967.711
501.636
735.517
923.672
1055.24
1122.89
493.737
723.998
909.319
1038.94
1105.59
615.034
901.029
1130.61
1290.86
1373.17
618.15
905.664
1136.55
1297.73
1380.52
794.606
1162.54
1456.9
1661.85
1766.95
819.528
1199.05
1502.74
1714.17
1822.57
1050.59
1533.92
1918.77
2185.82
2322.58
1103.07
1610.59
2014.68
2294.99
2438.46
1387.3
2019.42
2519.51
2865.32
3042.28
1452.06
2114.45
2638.63
3000.87
3186.03
1798.92
2599.71
3225.4
3657.41
3880.07
2332.94
3337.51
4111.3
4648.35
4930.93
2998.67
4215.99
5135.6
5788.24
6151.51
3827.11
5222.95
6251.16
7026.54
7518.92
4703.59
6152.39
7191.19
8064.68
8746.61
5294.87
6715.88
7713.35
8628.19
9444.14
1794.94
2589.18
3207.94
3635.18
3855.85
2276.01
3254.3
4006.64
4528.05
4801.85
2833.62
4000.08
4882.71
5502.26
5839.14
3433.76
4763.89
5751.52
6463.4
6875.17
3977.65
5411.52
6456.09
7237.57
7727.29
4305.69
5777.9
6835.2
7647.55
8185.14
4879.25
3217.17
871.627
667.68
767.265
664.163
813.765
4472.64
4291.9
2776.35
3518.81
1692.45
2255.52
1417.68
1576.81
1325.3
4170.96
2333.07
1533.75
1361.47
1711.13
1486.21
1162.24
1113.65
1066.74
935.791
1258.34
1135.4
4462.21
2722.9
3098.97
2000.53
1664.14
2316.66
1194.06
947.17
1315.83
9913.31
9983.39
10157.7
11363.7
18513.7
7113.47
8137.61
8876.63
9937.89
11536.8
2298.97
3300.48
4075.55
4612.18
4892.41
1772.74
2568.32
3192.27
3622.68
3843.56
2037.17
2950.83
3665.75
4157.09
4408.24
1765.87
2563.21
3190.03
3621.88
3842.65
2155.55
3112.27
3857.52
4370.4
4634.02
9835.99
10901.8
11482.7
12745.5
19718.7
9646.66
10917.8
11693.6
12840
14906.2
6600.83
8294.45
9473.41
10549.1
11574.5
8393.94
10089.1
10986.5
11924.3
12757.6
4320.27
5934.33
7106.28
7934.18
8406.48
5570.25
7329.34
8551.91
9473
10073.9
3679.93
5165.73
6270.23
7029.96
7435.4
4065.72
5655.26
6819.34
7621.37
8055.27
3458.81
4889.92
5962.58
6695.07
7078.3
9125.89
10124.2
10723.4
11994.6
18867.3
5655.83
7291.01
8461.41
9492.81
10431.4
3943.14
5469.12
6596.38
7398.14
7858.49
3522.32
4927.97
5981.22
6729.14
7152.09
4325.88
5878.32
7017.8
7882.25
8455.1
3804.96
5253
6329.77
7123.1
7605.18
3021.46
4255.6
5191.03
5855.3
6225.18
2916.25
4145.27
5082.52
5734.62
6082.38
2811.18
4028.55
4962.32
5601.05
5930.28
2473.63
3560.53
4401.56
4978.47
5275.09
3286.66
4653.64
5685.37
6396.96
6774.57
2976.14
4235.36
5194.95
5858.45
6209.09
9368.33
9838.27
10171.5
11404.2
18407.6
6245.93
7505.36
8409.3
9451.58
10750.9
7288.86
8729.6
9591.87
10815.9
13197.2
4900.2
6400.15
7485.43
8422.8
9194.27
4195.88
5682.04
6775.82
7627.03
8201.99
5588.01
7165.47
8304.87
9357.81
10360.4
3107.11
4380.94
5345.95
6027.82
6404.46
2497.63
3583.8
4422.06
5000.16
5300.7
3406.04
4769.35
5794.17
6525.17
6939.62
8931.81
8444.26
7586.12
6363.09
4656.9
1830.97
18978.2
19331.3
21884.5
22626.7
18588.1
19689.3
20904
20226
15573.1
19328.5
16274.2
19902.8
18659.6
16811.6
26167.9
18232.8
18442.4
20639.8
21125.7
17574.6
18658.9
19970.5
19499.5
15499.8
23361.9
16109
23220.6
18828.6
20453.6
28064.4
17390.6
17464.8
19048.2
19274.2
16808.4
18297.7
18715.1
18745.6
17785.8
20638.4
18567.5
20635.6
20431
22505.3
25226.2
16580.8
16673.4
17589.6
17647.5
16338.9
18063.9
17429.6
17737.2
16632.6
18000.4
17385.8
17546.6
18640.6
20187.6
21750.7
15735.1
15862.2
16585.4
16554.4
16003.6
17879.3
16573.5
17066.3
15726.9
14826.5
16496.4
14233.8
17103.3
16959.1
17919.7
15354.2
15524.6
15914.8
15849.2
15594.3
17140.6
16019.5
16433.4
14998.1
12725.6
15563.9
12459.9
15886.7
14867.1
16194.5
21773.6
20884.3
22815.4
24038.1
20106.9
20062.3
21233.8
20251.8
19194.5
14250.3
19114.7
14303.1
16970.8
15375
18527.6
20512.9
19869.3
21065.5
21869.8
19392.3
19514.8
20012.3
19188.4
17751.8
13773
17710.4
13849
15528.7
13847.7
17122.8
18847.8
18468.4
18958.2
19349.1
18189.3
18326.1
18428.8
17928.9
16804.7
13448.8
16585.5
13181.1
14871.7
12643.6
16747.9
17253.8
17038.6
17315.1
17490.4
16853.3
16930.7
17127.1
16731
15778.5
13763.8
15658.6
13441.7
14200.2
12643
16939.6
16397.1
16255.2
16383
16465.8
15946
16019.4
16336.6
16084
15477.6
14719
15399.5
14546.6
14216.4
13079.3
17388.8
15784.1
15654.3
15834.2
15885.8
15405.3
15664.6
15766.8
15657.6
15325.9
15316.1
15308.9
15202.6
14258.5
13551.7
18010.4
)
;

boundaryField
{
    patch1
    {
        type            calculated;
        value           nonuniform List<scalar> 
2440
(
14445
28200.4
0
0
0
0
0
0
0
0
14440.6
28183.4
0
0
0
0
0
0
0
0
11869.4
19229.1
20992.2
32926.2
43304.1
28019.5
17794.6
8937.04
48099.1
19350.5
28537.5
22357.7
35564.7
44970.1
29363.1
23032.2
12500.2
0
0
0
0
0
0
0
0
0
0
0
0
0
0
0
0
0
0
0
0
0
0
0
0
0
0
0
0
0
0
0
0
0
0
0
47816.3
0
0
0
0
0
0
0
0
0
0
0
0
0
0
0
0
0
0
0
0
0
0
0
0
0
0
0
0
0
0
0
0
0
0
0
0
0
0
0
0
0
0
0
0
0
0
0
0
0
0
0
0
0
0
0
0
0
11676.9
19221.6
21013.9
32954.7
43355.6
28069.9
17802.5
8669.73
48104.2
19061.2
28538.5
22388.4
35595.8
45019.7
29404.6
23002.4
12035.1
0
0
0
0
0
0
0
0
0
0
0
0
0
0
0
0
0
0
0
0
0
0
0
0
0
0
0
0
0
0
0
0
0
0
0
47818.4
0
0
0
0
0
0
0
0
0
0
0
0
0
0
0
0
0
0
0
0
0
0
0
0
0
0
0
0
0
0
0
0
0
0
0
0
0
0
0
0
0
0
0
0
0
0
0
0
0
0
0
0
0
0
0
0
0
15644.2
22642.4
0
0
0
0
0
14867.2
16196.2
13551.8
18012.6
15644.5
22640.7
0
0
0
0
0
14867.1
16194.5
13551.7
18010.4
18904.8
27081.5
27861.9
22406.7
21659
28080.2
28069.5
22446.9
22442.9
17690.4
13337.1
17158.6
13371.4
17669.8
13400.3
17519.7
13452.5
784.749
620.219
1049.89
1319.09
2241.4
2457.48
20335.3
19516.6
14357.6
8918.64
3180.08
18999.4
19090.2
13109.5
7904.32
2994.58
22822.5
1292.62
3355.47
1510.49
4122.06
2722.84
5434.17
16218.7
11901.6
9041.18
7430.3
6820.34
13528.5
10359.1
8597.85
7677.31
7650.74
0
0
0
0
0
0
0
0
0
0
0
0
0
0
0
0
0
0
0
0
0
0
0
0
0
0
0
0
0
0
0
0
0
0
0
0
0
0
0
0
0
0.831656
-0.31905
0.827785
-0.395009
0.817159
-0.392607
0.793866
-0.37765
0.767854
-0.364394
0.238141
-0.132739
0.502882
-0.261402
0.0865405
-0.0493694
0.0173494
-0.00900304
33897.4
47009.4
32887.5
20317.7
29851.3
25076.8
48548.5
59589
33515.4
24602.7
13696.1
24983.9
26733
21750
20612.9
27533.4
27906.7
22109.7
22342.2
17429.1
13244.7
16870.5
13279.9
17514
13337.5
17468.9
13428.7
9865.13
3857.15
10478.7
4491.17
9873.02
5153.63
16438.5
16680.3
16117.1
11229.2
5194.4
18220.4
19591.5
15063.8
10065.2
4339.92
17562.9
20142.9
16984.9
19260.1
15475.8
17906.4
14645.8
13721.4
16474.9
14717.1
16380.5
13608.5
12873.4
13580.4
13802.9
15017.7
0
0
0
0
0
0
0
0
0
0
0
0
0
0
0
0
0
0
0
0
0
0
0
0
0
0
0
0
0
0
0
0
0
0
0
0
0
0
0
0
0
0.813236
-0.311781
0.808852
-0.385986
0.797762
-0.383148
0.774952
-0.368485
0.75106
-0.356468
0.234715
-0.131635
0.4934
-0.257444
0.0856718
-0.0493052
0.0172453
-0.00906615
33451.7
46000.7
31538.8
29346.5
29271.2
43952.2
44920.1
15358
15523
15913.8
15850.7
15593.9
17140.5
16019
16433.2
15002
12720.1
15563.5
12455
15886.7
15780
15652.6
15833.3
15883.6
15404.9
15664.6
15766.4
15657.5
15320
15281.7
15308.6
15199.5
14258.8
18900
27081.7
27862.1
22407.3
21659.5
28080.4
28069.7
22447.4
22443.4
17691.1
13337.8
17159.4
13372.3
17670.5
13400.9
17520.4
13453.1
770.392
613.665
1051.51
1321.37
2242.19
2458.79
20335.7
19517.3
14358.4
8919.54
3180.78
18999.8
19090.9
13110.3
7904.99
2994.97
22817.9
1271.56
3318.44
1510.5
4122.27
2723.19
5434.72
16218.8
11901.3
9040.76
7430.08
6820.49
13528.5
10358.9
8597.64
7677.15
7650.66
0
0
0
0
0
0
0
0
0
0
0
0
0
0
0
0
0
0
0
0
0
0
0
0
0
0
0
0
0
0
0
0
0
0
0
0
0
0
0
0
0
0.830531
-0.321095
0.827597
-0.394485
0.816948
-0.392446
0.793755
-0.377595
0.76781
-0.36438
0.238145
-0.132746
0.502876
-0.261413
0.0865432
-0.0493721
0.01735
-0.00900354
33898.7
47018.2
32889.9
19951.9
29843.2
25105.5
48576.4
59630.2
33556.7
24565.6
13157.3
24983.9
26733
21750.6
20613.5
27533.5
27906.8
22110.2
22342.7
17430
13245.5
16871.3
13280.8
17514.8
13338.2
17469.6
13429.4
9879.32
3899.74
10468.5
4491.26
9872.19
5153.8
16438.5
16680.2
16116.5
11229.1
5194.47
18220.3
19591.3
15063.7
10065.1
4339.98
17569.2
20161.2
16964.1
19254.8
15474.8
17906.2
14645.8
13721.2
16474.2
14716.6
16380.1
13608.4
12873.1
13580
13802.5
15017.2
0
0
0
0
0
0
0
0
0
0
0
0
0
0
0
0
0
0
0
0
0
0
0
0
0
0
0
0
0
0
0
0
0
0
0
0
0
0
0
0
0
0.81218
-0.313801
0.8087
-0.385489
0.797594
-0.38301
0.774879
-0.368449
0.751044
-0.356467
0.234723
-0.131642
0.493408
-0.257459
0.0856755
-0.0493079
0.0172461
-0.00906658
33450.9
45997.7
31534.8
29424.7
29256.3
43891.3
45084.7
15354.3
15524.6
15914.8
15849.3
15594.3
17140.6
16019.5
16433.4
14998.1
12725.6
15563.9
12459.9
15886.7
15784.1
15654.3
15834.2
15885.7
15405.3
15664.6
15766.8
15657.6
15325.9
15316.1
15308.9
15202.6
14258.5
19455
7285.03
1831.04
19454
7284.92
1830.97
19880.5
20283.8
26858.3
23920.9
8365.92
6010.14
9997.83
8134.77
559.399
705.119
4826.28
5324.31
9864.52
10646.9
25400.2
26041
19802.4
517.151
153.211
3860.67
3097.11
7612.37
6432.82
237.433
205.456
209.112
2439.32
1930.72
1665.96
4992.74
4255.73
3986.73
27216.9
26608.9
30531.1
26601.4
21080
21384.3
23652.1
22260.9
130.535
99.9348
1439.04
1152.21
1593.26
1860.96
14886.2
21262.2
8723.9
122.462
180.431
1023.18
945.54
1890.79
1975.14
87.4504
89.7069
104.61
1053.2
1096.22
1099.3
2489.85
2772.55
2844.03
10072.8
10542.1
11226.7
11674.4
11167.9
10309.8
10333
10361.7
10539.3
11942
12001.7
12130
11919.5
11125.6
10284.6
10328.4
10339.4
10530.8
19883.6
20286.2
26871.6
23926.6
8194.4
5889.99
9969.74
8124.85
482.402
604.236
4809.48
5309.99
9861.33
10643.3
25400.3
26041.9
19801.8
432.727
71.4841
3869.95
3105.02
7609.63
6431.86
189.457
165.252
175.221
2449.27
1934.64
1666.33
4992.99
4256.4
3987.35
27221.4
26610.3
30545.4
26607.1
20902.1
21330.6
23621
22232.3
112.979
84.432
1430.36
1143.29
1592.28
1860.23
14886.8
21263.3
8723.78
106.824
172.608
1013.61
937.542
1890.15
1974.26
73.8555
74.5409
87.1617
1044.93
1091.62
1096.12
2488.78
2771.55
2843.33
10021.1
10544.7
11228.3
11675.5
11168.7
10310.5
10333.7
10362.3
10539.9
11916.7
12004
12131.4
11920.6
11126.5
10285.4
10329.2
10340.1
10531.4
20951.7
15701.9
1822.03
1240.69
824.44
470.571
152.753
1828.47
1249.4
829.232
472.899
153.449
23870.5
25551.2
26151.8
24100.8
25387.4
26060.5
2135.93
1386.96
901.904
508.297
164.017
2092.03
1376.83
897.25
506.085
163.361
8931.81
8444.26
7586.12
6363.09
4656.9
26491.3
26311.5
24514.7
24271.2
19801.4
18076.2
24965.4
22422.5
20707.6
23211.2
20778
19132.8
15351
13209.2
12045.6
20440.9
19591.5
16299.7
15063.8
11758.2
10065.2
5798.04
4339.92
14346.1
10737.7
14976
10621.7
6653.36
4064.25
2727.21
2132.01
6565.48
3969.34
2630.25
2079.13
1805.43
1324.71
881.665
500.277
161.811
1758.34
1298.06
867.243
493.273
159.734
161.238
184.477
231.085
306.636
413.274
544.991
431.674
633.234
795.621
909.298
967.783
493.772
724.049
909.384
1039.01
1105.67
618.191
905.725
1136.63
1297.82
1380.61
819.58
1199.12
1502.84
1714.28
1822.69
1103.14
1610.68
2014.8
2295.13
2438.61
1452.14
2114.57
2638.78
3001.04
3186.21
1066.79
2811.32
4028.75
4962.57
5601.34
5930.58
22872.5
20735
19090.9
16990.8
14512.3
13110.3
11115.9
8836.74
7904.99
5462.32
3746.45
2994.97
14971.1
10698.2
15179.6
10614.7
20563.9
19543.7
14621.3
13051.3
7448.82
7066.99
18230.9
16967.8
16041.2
12083.7
11740.7
11415.7
7322.13
7392.43
7330.75
6237.3
3696.21
2463.45
1941.58
6425.76
3841.16
2540.97
2012.79
1668.72
1242.19
835.699
477.583
155.011
1708
1266.9
849.793
484.637
157.143
967.914
2526.47
3563.95
4319.78
4812.31
5057.91
158.803
176.937
217.564
285.555
383.319
501.847
425.137
623.586
783.411
895.264
952.802
473.485
694.045
871.365
995.258
1058.92
581.761
851.72
1068.03
1218.72
1295.99
762.623
1114.31
1394.61
1589.01
1688.42
1021.75
1488.41
1857.38
2111.65
2241.17
1334.18
1935.6
2406.18
2727.9
2891.08
26151.2
24100.8
25394.8
26064
2135.96
1386.98
901.919
508.301
164.016
2092.09
1376.87
897.268
506.092
163.363
8932.21
8444.63
7586.44
6363.35
4657.08
20952.5
15701.7
1821.91
1240.63
824.407
470.558
152.751
1828.33
1249.33
829.196
472.884
153.445
23867.5
25548.5
44508.6
57337.1
29671.2
32399.1
14732.7
16380.7
2023.97
2156.09
0
0
0
0
0
0
0
0
0
0
0
0
0
0
0
20826.9
19321.8
23238.7
19850.8
23345.4
24235.3
15455.4
9871.85
15402.3
9808.62
5556.35
3375.71
2311.49
1845.03
5677.98
3445.51
2358.38
1868.84
-492.292
1442.15
1242.96
444.415
-193.533
1530.83
1270.62
453.945
314.194
1680.67
1311.1
459.157
856.297
1847.04
1369.63
478.932
1004.74
1973.2
1424.09
496.213
696.779
2107.35
1525.42
526.648
656.952
2045.04
1474.12
508.606
639.096
2161.04
1559.62
529.871
742.46
2219.97
1601.37
542.933
1587.97
1197.33
811.991
466.14
151.607
1612.99
1209.99
818.342
469.117
152.478
1818.14
1261.39
836.991
476.874
154.676
1815.71
1253.92
832.247
474.449
153.931
1851.3
1276.04
845.059
480.906
155.902
1892.8
1297.44
856.542
486.596
157.628
1734.34
1212.55
811.466
464.686
151.08
1749.36
1218.44
814.167
465.896
151.425
1782.41
1229.17
818.967
468.062
152.043
15599.1
15874.4
16219.5
16368.1
15682.8
11657.4
12231.8
11551.2
11689.6
9992.01
2843.81
690.923
156.786
27.7987
10066
2830.37
684.855
154.706
27.2329
10110.9
2813.41
677.224
152.441
26.7981
9969.61
2748.99
659.409
148.198
26.0299
9418.77
2602.4
626.363
141.188
24.839
7733.25
2241.68
553.852
126.905
22.5315
8216.25
2377.67
582.322
132.378
23.38
7566.1
2179.81
538.978
123.877
22.0546
7568.27
2164.58
533.817
122.917
21.8554
43740.3
58145.9
24662.5
28993.9
13703.7
15701.8
1591.47
1953.93
696.459
3753.25
2026.69
1249.94
1841.2
2647.91
3264.97
3679.97
3888.86
8078.02
8508.59
8223.05
7986.74
7968.38
4866.84
6090.85
6712.07
7041.85
7213.8
3198.59
4381.46
5178.78
5673.13
5916.48
0
0
0
0
0
0
0
0
0
0
22243.4
17653.8
22333.5
17882
22004.8
23763.7
14158.9
10373.7
14343.5
10224.1
6653.17
4215.45
2851.54
2212.77
6593.71
4171.85
2825.03
2188.3
1957.81
2859.39
1908.61
633.783
2114.3
2862.24
1905.99
636.211
2331.54
2849.18
1881.21
621.71
2352.11
2803.82
1861.75
621.675
1848.35
2695.22
1825.9
617.749
857.261
2420.45
1739.09
599.798
1041.65
2539.12
1776.73
605.005
697.959
2331.44
1684.9
574.551
754.031
2273.26
1641.92
557.652
1854.78
1361.45
903.326
511.165
165.087
1848.42
1353.33
898.031
508.403
164.241
1991.4
1357.12
888.808
502.252
162.265
2039.07
1368.92
894.028
504.64
162.953
1963.57
1340.92
880.439
498.283
161.104
1931.39
1320.03
868.914
492.693
159.461
2117.87
1403.85
912.766
513.948
165.777
2119.22
1400.96
910.719
512.847
165.433
2125.91
1395.34
906.796
510.785
164.792
15821.8
15827.5
15820.4
15580.2
14792.9
11556.9
12032.5
11496.9
11672.6
9989.85
2832.03
684.029
154.465
27.2996
9945.13
2798.27
674.968
151.99
26.6947
9825.63
2752.97
663.21
149.187
26.2036
9570.57
2669.1
642.695
144.633
25.412
9043.87
2525.62
610.304
137.809
24.2632
7648.64
2212.74
546.175
125.09
22.2056
8051.79
2327.42
570.194
129.679
22.9118
7523.44
2165.06
534.877
122.868
21.8685
7554.99
2160.09
532.548
122.598
21.7956
186.551
202.755
238.608
296.44
379.647
492.409
639.161
823.431
1047.71
1303.4
1550.43
1711.17
499.169
731.534
918.2
1048.57
1115.55
542.221
793.946
995.726
1136.39
1208.57
637.481
932.005
1167.17
1330.6
1414.31
790.801
1153.49
1441.44
1640.75
1742.63
1010.54
1469.11
1830.43
2079.34
2206.38
1306.48
1890.31
2345.78
2658.08
2817.53
1687.81
2425.43
2993.55
3381.93
3581.3
2159.43
3073.29
3766.21
4240.85
4488.5
2720.74
3820.84
4639.93
5207.86
5515.1
3340.99
4612.05
5540.84
6203.14
6585.3
3918.13
5310.81
6313.09
7057.69
7524.33
4285.51
5742.99
6784.9
7583.55
8112.33
188.995
210.201
251.532
315.51
405.53
525.375
678.193
865.462
1087.76
1335.54
1570.45
1717.86
505.739
741.26
930.554
1062.81
1130.78
562.306
823.763
1033.65
1180.16
1255.42
672.378
983.912
1233.33
1407.1
1496.27
842.398
1230.5
1539.95
1754.98
1865.21
1080.8
1574.53
1966
2237.22
2376.2
1396.39
2026.26
2521.91
2864.42
3040.2
1795.04
2589.33
3208.12
3635.39
3856.08
2276.12
3254.48
4006.86
4528.32
4802.13
2833.76
4000.29
4882.98
5502.57
5839.49
3433.92
4764.13
5751.83
6463.78
6875.58
3977.83
5411.79
6456.44
7238
7727.76
4305.87
5778.18
6835.58
7648.01
8185.66
767.305
3518.88
1325.36
2037.27
2950.98
3665.95
4157.32
4408.48
8394.15
10089.4
10986.9
11924.7
12758.1
3458.96
4890.14
5962.85
6695.39
7078.64
44560.6
57362.7
29727.1
32400.6
14742
16427
1381.23
1471.57
0
0
0
0
0
0
0
0
0
0
0
0
0
0
0
20617.1
19256.6
23204.1
19823
23343.6
24234.4
15453.1
9878.67
15386.1
9804.83
5554.63
3373.81
2310.5
1844
5677.25
3445.2
2358.15
1868.66
-491.876
1440.63
1242.54
444.238
-194.138
1530.86
1270.61
453.965
313.939
1680.49
1310.99
459.129
856.066
1846.77
1369.47
478.882
1004.51
1972.89
1423.9
496.154
696.617
2107.05
1525.23
526.586
656.77
2044.72
1473.93
508.544
638.965
2160.77
1559.44
529.815
742.346
2219.73
1601.21
542.882
1586.55
1196.59
811.653
465.989
151.563
1612.9
1209.93
818.309
469.105
152.477
1818
1261.32
836.953
476.857
154.671
1815.57
1253.85
832.21
474.432
153.927
1851.15
1275.97
845.019
480.888
155.896
1892.67
1297.37
856.503
486.577
157.623
1733.11
1212.13
811.303
464.621
151.064
1749.34
1218.37
814.129
465.885
151.426
1782.33
1229.11
818.934
468.051
152.042
15540.5
15876.4
16220.4
16368.8
15683.4
11658.1
12232.5
11551.8
11690.2
9976.95
2837.88
689.193
156.368
27.7223
10064.2
2829.71
684.622
154.639
27.2197
10110.5
2813.19
677.139
152.413
26.7921
9969.66
2748.94
659.381
148.187
26.0272
9419.02
2602.43
626.361
141.184
24.8379
7733.63
2241.78
553.874
126.909
22.5321
8216.6
2377.75
582.336
132.38
23.38
7566.49
2179.92
539.004
123.883
22.0555
7568.68
2164.7
533.845
122.924
21.8564
43791
58189
24707.5
29041.2
13658.5
15649.5
1069.84
1317.31
696.422
3753.24
2026.65
1249.89
1841.1
2647.75
3264.78
3679.74
3888.61
8077.95
8508.42
8222.82
7986.5
7968.13
4866.72
6090.66
6711.81
7041.54
7213.47
3198.46
4381.27
5178.52
5672.83
5916.15
0
0
0
0
0
0
0
0
0
0
22272.3
17669.1
22332.6
17880.4
22001.7
23761.9
14172.2
10386
14342.4
10226
6659.23
4218.87
2853.8
2213.75
6594.47
4172.13
2825.09
2188.24
1974.58
2861.87
1909.43
633.88
2113.29
2862.67
1906.18
636.289
2331.13
2849.29
1881.28
621.739
2351.87
2803.81
1861.76
621.68
1848.19
2695.15
1825.87
617.739
857.158
2420.31
1739.01
599.77
1041.53
2539.01
1776.67
604.985
697.867
2331.27
1684.79
574.516
753.928
2273.05
1641.78
557.608
1854.63
1361.6
903.508
511.275
165.121
1848.38
1353.29
898.008
508.398
164.242
1991.31
1357.07
888.783
502.24
162.262
2039
1368.88
894.007
504.631
162.951
1963.46
1340.87
880.408
498.269
161.1
1931.26
1319.96
868.878
492.675
159.456
2116.99
1403.81
912.835
514
165.796
2119.31
1400.92
910.7
512.847
165.438
2125.93
1395.32
906.783
510.785
164.795
15793.5
15829.5
15821.5
15581
14793.7
11557.7
12033.3
11497.6
11673.2
9984.27
2827.44
682.496
154.078
27.2275
9944.65
2797.97
674.804
151.936
26.6834
9825.77
2752.98
663.177
149.17
26.1993
9570.95
2669.19
642.703
144.63
25.4107
9044.33
2525.74
610.327
137.812
24.2632
7649.1
2212.87
546.206
125.096
22.2066
8052.27
2327.55
570.223
129.685
22.9125
7523.88
2165.18
534.907
122.875
21.8696
7555.42
2160.22
532.577
122.604
21.7967
186.538
202.74
238.591
296.42
379.623
492.379
639.125
823.389
1047.66
1303.34
1550.37
1711.11
499.133
731.481
918.133
1048.49
1115.46
542.182
793.888
995.653
1136.3
1208.48
637.436
931.938
1167.08
1330.5
1414.21
790.747
1153.41
1441.34
1640.63
1742.51
1010.48
1469.01
1830.31
2079.2
2206.23
1306.4
1890.19
2345.63
2657.9
2817.34
1687.72
2425.29
2993.36
3381.71
3581.06
2159.31
3073.12
3765.98
4240.58
4488.21
2720.6
3820.63
4639.66
5207.53
5514.74
3340.84
4611.81
5540.51
6202.74
6584.86
3917.95
5310.54
6312.73
7057.24
7523.83
4285.33
5742.71
6784.52
7583.08
8111.81
188.982
210.186
251.516
315.49
405.506
525.345
678.157
865.418
1087.71
1335.48
1570.39
1717.79
505.703
741.207
930.487
1062.73
1130.69
562.267
823.706
1033.58
1180.08
1255.33
672.334
983.847
1233.24
1407
1496.17
842.345
1230.42
1539.85
1754.87
1865.09
1080.74
1574.44
1965.88
2237.09
2376.05
1396.31
2026.14
2521.76
2864.25
3040.02
1794.94
2589.18
3207.94
3635.18
3855.85
2276.01
3254.3
4006.64
4528.05
4801.85
2833.62
4000.08
4882.71
5502.26
5839.14
3433.76
4763.89
5751.52
6463.4
6875.17
3977.65
5411.52
6456.09
7237.57
7727.29
4305.69
5777.9
6835.2
7647.55
8185.14
767.265
3518.81
1325.3
2037.17
2950.83
3665.75
4157.09
4408.24
8393.94
10089.1
10986.5
11924.3
12757.6
3458.81
4889.92
5962.58
6695.07
7078.3
22872.3
20734.5
19090.2
16990.4
14511.7
13109.5
11115.2
8836.12
7904.32
5461.84
3746
2994.58
14977.2
10701.8
15182.7
10617
20563.6
19543.8
14621.5
13051.7
7448.92
7067.3
18231
16967.8
16041.2
12084.1
11741.1
11416
7322.61
7392.94
7331.18
6238.62
3696.7
2463.71
1941.75
6426.78
3841.59
2541.2
2012.94
1668.83
1242.26
835.735
477.598
155.015
1708.11
1266.97
849.83
484.654
157.147
967.957
2526.59
3564.13
4320.02
4812.59
5058.21
158.815
176.95
217.58
285.574
383.344
501.877
425.169
623.633
783.471
895.332
952.875
473.52
694.098
871.43
995.334
1059
581.803
851.783
1068.1
1218.81
1296.09
762.676
1114.39
1394.71
1589.12
1688.54
1021.82
1488.51
1857.51
2111.79
2241.33
1334.26
1935.72
2406.34
2728.08
2891.27
26491.5
26311.4
24514.5
24271
19800.4
18075.6
24965.5
22422.8
20708
23211.3
20778.6
19133.5
15351
13209.7
12046.3
20440.8
19591.3
16299.7
15063.7
11758.4
10065.1
5798.2
4339.98
14344.8
10737.1
14974.2
10620.4
6653.12
4064.13
2727.12
2131.93
6564.85
3969.05
2630.08
2079
1805.36
1324.67
881.639
500.266
161.808
1758.26
1298
867.21
493.257
159.73
161.226
184.464
231.07
306.617
413.249
544.96
431.642
633.186
795.561
909.23
967.711
493.737
723.998
909.319
1038.94
1105.59
618.15
905.664
1136.55
1297.73
1380.52
819.528
1199.05
1502.74
1714.17
1822.57
1103.07
1610.59
2014.68
2294.99
2438.46
1452.06
2114.45
2638.63
3000.87
3186.03
1066.74
2811.18
4028.55
4962.32
5601.05
5930.28
)
;
    }
    patch2
    {
        type            calculated;
        value           nonuniform List<scalar> 
348
(
9073.43
9073.02
9610.99
5811.51
4745.45
6207.43
10827.3
6509.75
5378.82
7059.36
9610.26
5811.13
4745.15
6207.02
10826.8
6509.39
5378.53
7058.99
18178.4
12289.5
4490.01
3534.48
3941.4
3487.27
4187.01
15908.2
11463.5
9657.38
8809.17
8014.13
6929.01
7972.94
7266.63
6209.2
6564.12
5978.61
16283.6
9274.91
6721.77
6282.98
7442.83
6882.45
5748.45
5455.22
5120.27
4628.47
5819.38
5455.07
17458.3
10966
12995.2
8869.89
7636.02
1055.06
1147.12
1351.54
1681.06
2156.36
2797.11
1132.53
1226.86
1435.5
1768.4
2238.52
2857.97
996.428
967.47
1094.29
1075.13
1312.09
1315.65
1666.17
1713.67
2170.79
2274.02
2817.15
2932.39
3617.4
4618.74
5826.36
7271.5
8714.88
9686.31
3632.27
4553.12
5598.72
6697.08
7673.24
8290.05
1069.84
1192.79
1432.25
1804.06
2332.37
3040.52
1148.01
1274.49
1518.86
1893.14
2411.43
3084.89
1011.16
982.616
1140.13
1122.57
1394.13
1401.59
1793.7
1850.14
2357.35
2474.92
3087.3
3233.07
3937.26
5005.33
6253.69
7678.95
9015.44
9797.9
3912.66
4873.72
5931.21
6995.78
7883.6
8366.11
18480.9
12469.3
4965.57
3899.99
4472.19
3898.82
4701.57
19352.4
15660.3
12058.2
13110.3
8544.51
10276.8
7544.72
8174.16
7179.13
18641.4
10864
7994.37
7274.47
8654.61
7755.61
6329.44
6175.54
6015.2
5351.25
6875.67
6302.27
18389.7
11453.4
14304.6
9513.38
8401.4
18177
12288.6
4489.71
3534.25
3941.15
3487.04
4186.74
15906.7
11462.6
9656.7
8808.73
8013.87
6928.61
7972.49
7266.28
6208.84
6563.78
5978.28
16282.1
9274.23
6721.36
6282.58
7442.33
6881.99
5748.07
5454.87
5119.96
4628.18
5819.03
5454.73
17456.8
10965.2
12994.1
8869.25
7635.49
1054.98
1147.03
1351.44
1680.94
2156.21
2796.92
1132.45
1226.77
1435.4
1768.28
2238.37
2857.77
996.352
967.397
1094.2
1075.05
1312
1315.56
1666.05
1713.55
2170.64
2273.86
2816.96
2932.19
3617.16
4618.43
5825.97
7271
8714.28
9685.65
3632.03
4552.81
5598.35
6696.63
7672.73
8289.51
1069.76
1192.7
1432.16
1803.94
2332.23
3040.34
1147.92
1274.4
1518.76
1893.01
2411.28
3084.71
1011.09
982.543
1140.05
1122.49
1394.04
1401.49
1793.58
1850.02
2357.21
2474.77
3087.12
3232.88
3937.03
5005.04
6253.33
7678.49
9014.89
9797.26
3912.43
4873.44
5930.86
6995.35
7883.11
8365.58
18479.6
12468.5
4965.29
3899.77
4471.94
3898.6
4701.31
19351.5
15659.6
12057.7
13109.8
8544.12
10276.3
7544.36
8173.78
7178.79
18640.5
10863.4
7993.98
7274.1
8654.18
7755.2
6329.09
6175.21
6014.89
5350.97
6875.33
6301.94
18388.5
11452.6
14303.8
9512.83
8400.94
8924.54
5257.35
4174.52
9681.04
6012.61
4904.17
10867.4
7172.4
6080.46
12297.9
8385.14
7212.28
13891.7
9215.15
7856.59
25688.2
22285.3
24840.8
21242.7
23559
19690.1
22369.3
18050.6
20768
16423.2
8901.19
5225.82
4141.2
9677.43
6013.66
4905.2
10865.9
7172.48
6080.83
12296.8
8384.89
7212.33
13890.4
9214.74
7856.47
25722
22312
24834.9
21244.4
23557
19689.5
22368.2
18050
20767.2
16422.6
)
;
    }
    patch3
    {
        type            calculated;
        value           uniform 0;
    }
    patch4
    {
        type            calculated;
        value           nonuniform List<scalar> 
384
(
6438.61
12512.6
15504.7
40825.4
52806.5
24102.4
14156.6
5722.47
12340.1
13820.8
35801.7
35294.4
6193.99
12519.5
15491.7
40839.4
52831.8
24102.5
14183.3
5398.77
12259.7
13844.8
35764.1
35356.4
11370.7
12899.8
38490.1
39734.6
11185.8
12869.3
37980.9
39631.8
11371.6
12901.2
38497.2
39739.5
11187
12870.6
37980.5
39634.8
7869.24
8086.28
8558.58
8253.91
2598.65
6649.79
2167.13
4961.23
3033.25
7409.22
2255.15
5110.05
8553.27
8251.93
7870.39
8087.4
4720.54
3509.42
6076.36
4919.89
15572.2
13129.7
3391.42
4103.36
5285.01
6190.51
7083.25
6055.07
8113.79
6634.42
16186.7
13261.8
5957.73
6505.64
7418.75
8207.45
4562.66
3404.27
6074.7
4933.68
15573.1
13131.2
3300.85
4002.91
5299.47
6207.58
7002.07
5972.31
8138.71
6664.2
16191.1
13264
5873.3
6411.91
7442.65
8230.41
3029.99
7404.51
2254.29
5108.55
2600.05
6652.9
2167.63
4962.42
50098.9
54785.5
53000.5
55705.5
50105.3
54790.3
53006.9
55711.1
10214.7
4403.62
13602.5
6572.81
19220.2
11991.2
7094.55
5292.64
23161.8
38826.6
28415.4
44307
19847.7
36323.6
18388
35635.2
16552.9
6746.46
19029.4
8579.41
23395.8
14168.5
7888.96
5455.53
24464.5
39135.2
30547.9
44917.2
20489.1
36458.4
18568.8
35669.1
10060.8
4298.07
13617.4
6591.8
19228.4
12000.4
7098.08
5294.01
23166.2
38829.8
28420.3
44310.8
19850.8
36326.4
18390.5
35637.8
16442.2
6646.92
19047.2
8604.49
23406.1
14181.3
7894.01
5457.21
24470.5
39139.3
30554.1
44922.1
20493.2
36461.7
18571.6
35672
17031.1
34670.2
21590.1
39318.2
27954.4
43704.3
38707.8
27022.6
46523
29709.5
48641.3
33583.5
49629.4
41295.1
16827.2
34401.1
21608.6
39346.1
27963.8
43715
38713.3
26906.1
46376.9
29726.5
48667.3
33592.5
49638.9
41301
8932.19
9011.77
9074.9
8967.93
8480.59
7512.61
7798.01
7399.38
7366.78
9228.45
9187.22
9064.09
8798.89
8286.43
7448.51
7690.31
7364.44
7355.61
8921.62
9009.12
9074.3
8967.99
8480.87
7513
7798.37
7399.78
7367.18
9226.15
9185.94
9064.1
8799.25
8286.9
7448.97
7690.78
7364.88
7356.03
1529.77
1515.92
1506
1456.66
1342.75
1236.74
1263.23
1229.79
1219.36
1539.12
1513.48
1485.54
1423.06
1310.63
1224.25
1242.5
1223.02
1217.2
1519.72
1516.58
1506.07
1456.68
1342.79
1236.8
1263.28
1229.86
1219.43
1529.83
1514.32
1485.73
1423.15
1310.7
1224.32
1242.57
1223.09
1217.27
326.915
321.652
316.91
303.84
279.516
265.856
268.354
265.573
263.096
324.367
317.758
310.968
296.648
273.003
262.827
263.63
263.888
262.554
324.307
321.776
316.92
303.839
279.52
265.867
268.363
265.586
263.11
321.87
317.91
311.002
296.662
273.016
262.842
263.645
263.903
262.569
73.3372
71.8889
70.5323
67.4629
62.2592
60.1904
60.373
60.2685
59.7276
72.2646
70.6568
69.0561
65.8797
60.857
59.4633
59.2954
59.8517
59.592
72.7358
71.9086
70.5306
67.4604
62.259
60.1928
60.3745
60.2713
59.7306
71.6834
70.6809
69.059
65.8807
60.859
59.4664
59.2982
59.8549
59.5952
12.9883
12.6981
12.4334
11.8857
10.9947
10.7122
10.7094
10.7365
10.6308
12.753
12.4477
12.159
11.6076
10.7519
10.5797
10.5184
10.659
10.6053
12.8817
12.7006
12.4325
11.8849
10.9945
10.7126
10.7096
10.7369
10.6313
12.6496
12.4509
12.1588
11.6075
10.7521
10.5802
10.5189
10.6596
10.6059
)
;
    }
}


// ************************************************************************* //
