/*--------------------------------*- C++ -*----------------------------------*\
  =========                 |
  \\      /  F ield         | OpenFOAM: The Open Source CFD Toolbox
   \\    /   O peration     | Website:  https://openfoam.org
    \\  /    A nd           | Version:  11
     \\/     M anipulation  |
\*---------------------------------------------------------------------------*/
FoamFile
{
    format      ascii;
    class       volScalarField;
    location    "3";
    object      k;
}
// * * * * * * * * * * * * * * * * * * * * * * * * * * * * * * * * * * * * * //

dimensions      [0 2 -2 0 0 0 0];

internalField   nonuniform List<scalar> 
2200
(
0.000498218
0.000498218
0.000498218
0.000498218
0.000498218
0.000498218
0.000498218
0.000498218
0.000498218
0.000498218
0.000498218
0.000498218
0.000498218
0.000498218
0.000498218
0.000498218
0.000498218
0.000498218
0.000498218
0.000498218
0.000498218
0.000498218
0.000498218
0.000498218
0.000498218
0.000498218
0.000498218
0.000498218
0.000498218
0.000498218
0.000498218
0.000498218
0.000498218
0.000498218
0.000498218
0.000498218
0.000498218
0.000498218
0.000498218
0.000498218
0.000498218
0.000498218
0.000498218
0.000498218
0.000498218
0.000498218
0.000498218
0.000498218
0.000498218
0.000498218
0.000498218
0.000498218
0.000498218
0.000498218
0.000498218
0.000498218
0.000498218
0.000498218
0.000498218
0.000498218
0.000498218
0.000498218
0.000498218
0.000498218
0.000498218
0.000498218
0.000498218
0.000498218
0.000498218
0.000498218
0.000498218
0.000498218
0.000498218
0.000498218
0.000498218
0.000498218
0.000498218
0.000498218
0.000498218
0.000498218
0.000498218
0.000498218
0.000498218
0.000498218
0.000498218
0.000498218
0.000498218
0.000498218
0.000498218
0.000498218
0.000498218
0.000498218
0.000498218
0.000498218
0.000498218
0.000498218
0.000498218
0.000498218
0.000498218
0.000498218
0.000498218
0.000498218
0.000498218
0.000498218
0.000498218
0.000498218
0.000498218
0.000498218
0.000498218
0.000498218
0.000498218
0.000498218
0.000498218
0.000498218
0.000498218
0.000498218
0.000498218
0.000498218
0.000498218
0.000498218
0.000498218
0.000498218
0.000498218
0.000498218
0.000498218
0.000498218
0.000498218
0.000498218
0.000498218
0.000498218
0.000498218
0.000498218
0.000498218
0.000498218
0.000498218
0.000498218
0.000498218
0.000498218
0.000498218
0.000498218
0.000498218
0.000498218
0.000498218
0.000498218
0.000498218
0.000498218
0.000498218
0.000498218
0.000498218
0.000498218
0.000498218
0.000498218
0.000498218
0.000498218
0.000498218
0.000498218
0.000498218
0.000498218
0.000498218
0.000498218
0.000498218
0.000498218
0.000498218
0.000498218
0.000498218
0.000498218
0.000498218
0.000498218
0.000498218
0.000498218
0.000498218
0.000498218
0.000498218
0.000498218
0.000498218
0.000498218
0.000498218
0.000498218
0.000498218
0.000498218
0.000498218
0.000498218
0.000498218
0.000498218
0.000498218
0.000498218
0.000498218
0.000498218
0.000498218
0.000498218
0.000498218
0.000498218
0.000498218
0.000498218
0.000498218
0.000498218
0.000498218
0.000498218
0.000498218
0.000498218
0.000498218
0.000498218
0.000498218
0.000498218
0.000498218
0.000498218
0.000498218
0.000498218
0.000498218
0.000498218
0.000498218
0.000498218
0.000498218
0.000498218
0.000498218
0.000498218
0.000498218
0.000498218
0.000498218
0.000498218
0.000498218
0.000498218
0.000498218
0.000498218
0.000498218
0.000498218
0.000498218
0.000498218
0.000498218
0.000498218
0.000498218
0.000498218
0.000498218
0.000498218
0.000498218
0.000498218
0.000498218
0.000498218
0.000498218
0.000498218
0.000498218
0.000498218
0.000498218
0.000498218
0.000498218
0.000498218
0.000498218
0.000498218
0.000498218
0.000498218
0.000498218
0.000498218
0.000498218
0.000498218
0.000498218
0.000498218
0.000498218
0.000498218
0.000498218
0.000498218
0.000498218
0.000498218
0.000498218
0.000498218
0.000498218
0.000498218
0.000498218
0.000498218
0.000498218
0.000498218
0.000498218
0.000498218
0.000498218
0.000498218
0.000498218
0.000498218
0.000498218
0.000498218
0.000498218
0.000498218
0.000498218
0.000498218
0.000498218
0.000498218
0.000498218
0.000498218
0.000498218
0.000498218
0.000498218
0.000498218
0.000498218
0.000498218
0.000498218
0.000498218
0.000498218
0.000498218
0.000498218
0.000498218
0.000498218
0.000498218
0.000498218
0.000498218
0.000498218
0.000498218
0.000498218
0.000498218
0.000498218
0.000498218
0.000498218
0.000498218
0.000498218
0.000498218
0.000498218
0.000498218
0.000498218
0.000498218
0.000498218
0.000498218
0.000498218
0.000498218
0.000498218
0.000498218
0.000498218
0.000498218
0.000498218
0.000498218
0.000498218
0.000498218
0.000498218
0.000498218
0.000498218
0.000498218
0.000498218
0.000498218
0.000498218
0.000498218
0.000498218
0.000498218
0.000498218
0.000498218
0.000498218
0.000498218
0.000498218
0.000498218
0.000498218
0.000498218
0.000498218
0.000498218
0.000498218
0.000498218
0.000498218
0.000498218
0.000498218
0.000498218
0.000498218
0.000498218
0.000498218
0.000498218
0.000498218
0.000498218
0.000498218
0.000498218
0.000498218
0.000498218
0.000498218
0.000498218
0.000498218
0.000498218
0.000498218
0.000498218
0.000498218
0.000498218
0.000498218
0.000498218
0.000498218
0.000498218
0.000498218
0.000498218
0.000498218
0.000498218
0.000498218
0.000498218
0.000498218
0.000498218
0.000498218
0.000498218
0.000498218
0.000498218
0.000498218
0.000498218
0.000498218
0.000498218
0.000498218
0.000498218
0.000498218
0.000498218
0.000498218
0.000498218
0.000498218
0.000498218
0.000498218
0.000498218
0.000498218
0.000498218
0.000498218
0.000498218
0.000498218
0.000498218
0.000498218
0.000498218
0.000498218
0.000498218
0.000498218
0.000498218
0.000498218
0.000498218
0.000498218
0.000498218
0.000498218
0.000498218
0.000498218
0.000498218
0.000498218
0.000498218
0.000498218
0.000498218
0.000498218
0.000498218
0.000498218
0.000498218
0.000498218
0.000498218
0.000498218
0.000498218
0.000498218
0.000498218
0.000498218
0.000498218
0.000498218
0.000498218
0.000498218
0.000498218
0.000498218
0.000498218
0.000498218
0.000498218
0.000498218
0.000498218
0.000498218
0.000498218
0.000498218
0.000498218
0.000498218
0.000498218
0.000498218
0.000498218
0.000498218
0.000498218
0.000498218
0.000498218
0.000498218
0.000498218
0.000498218
0.000498218
0.000498218
0.000498218
0.000498218
0.000498218
0.000498218
0.000498218
0.000498218
0.000498218
0.000498218
0.000498218
0.000498218
0.000498218
0.000498218
0.000498218
0.000498218
0.000498218
0.000498218
0.000498218
0.000498218
0.000498218
0.000498218
0.000498218
0.000498218
0.000498218
0.000498218
0.000498218
0.000498219
0.000498219
0.000498218
0.000498218
0.000498218
0.000498218
0.000498218
0.000498218
0.000498217
0.000498216
0.000498221
0.00049822
0.000498219
0.000498218
0.000498218
0.000498218
0.000498219
0.000498218
0.000498214
0.000498208
0.000498229
0.000498224
0.00049822
0.000498219
0.000498219
0.000498219
0.000498219
0.000498216
0.000498203
0.000498181
0.000498256
0.000498238
0.000498225
0.00049822
0.00049822
0.000498221
0.000498222
0.000498213
0.000498169
0.000498094
0.000498339
0.000498279
0.000498238
0.000498224
0.000498223
0.000498228
0.000498233
0.000498207
0.000498075
0.000497844
0.000498576
0.000498393
0.000498274
0.000498233
0.000498231
0.000498249
0.000498268
0.000498202
0.000497843
0.00049718
0.00049919
0.000498679
0.00049836
0.000498257
0.000498253
0.000498304
0.000498367
0.000498227
0.000497341
0.000495584
0.00050065
0.000499319
0.000498544
0.000498305
0.000498304
0.000498434
0.000498614
0.000498368
0.000496414
0.000492089
0.000503818
0.000500589
0.000498885
0.000498393
0.000498406
0.000498708
0.000499155
0.000498845
0.000495056
0.000485061
0.000510123
0.000502773
0.00049942
0.000498523
0.000498583
0.000499206
0.000500185
0.000500081
0.000493882
0.000471874
0.000521725
0.000505847
0.000500081
0.000498671
0.00049884
0.000499981
0.000501865
0.000502695
0.000495186
0.000448062
0.000528435
0.000510791
0.000501542
0.000499005
0.000498966
0.000500341
0.000502987
0.000506261
0.000508593
0.000503663
0.000523112
0.000513319
0.000503734
0.000499826
0.000498684
0.000499006
0.000500584
0.00050331
0.000506577
0.000507152
0.000514051
0.00051206
0.000504803
0.000500838
0.000498994
0.000498345
0.000498573
0.000499702
0.000501678
0.000503495
0.000501689
0.000506835
0.000503654
0.000501145
0.000499532
0.000498605
0.000498173
0.000498214
0.000498807
0.000499844
0.000487233
0.000497801
0.000499453
0.000499606
0.000499234
0.000498788
0.000498425
0.000498204
0.000498184
0.000498427
0.000473479
0.000486963
0.000492876
0.000496001
0.000497474
0.000498065
0.000498238
0.000498246
0.000498216
0.000498225
0.000463905
0.000478018
0.000486612
0.000491945
0.000495045
0.000496723
0.000497563
0.000497948
0.000498107
0.000498166
0.000461248
0.000474595
0.000483942
0.000490036
0.000493787
0.000495956
0.000497131
0.000497725
0.000498003
0.000498118
0.000466864
0.000478456
0.000486505
0.000491653
0.000494757
0.000496515
0.000497455
0.000497943
0.000498207
0.000498368
0.000482412
0.000489028
0.00049306
0.000495547
0.000496968
0.000497738
0.000498175
0.000498502
0.000498867
0.000499459
0.000497299
0.00049626
0.000496729
0.000497359
0.000497811
0.000498085
0.000498259
0.000498406
0.000498559
0.000498703
0.000498057
0.000497811
0.000497828
0.00049796
0.000498087
0.000498179
0.000498246
0.000498308
0.000498371
0.00049842
0.000498287
0.000498211
0.000498173
0.000498176
0.000498194
0.000498215
0.000498234
0.000498255
0.000498277
0.000498293
0.000498297
0.000498269
0.000498242
0.000498227
0.000498222
0.000498222
0.000498226
0.000498232
0.000498238
0.000498243
0.000498262
0.000498252
0.000498239
0.000498229
0.000498224
0.000498222
0.000498222
0.000498223
0.000498224
0.000498226
0.000498237
0.000498233
0.000498228
0.000498224
0.000498221
0.00049822
0.000498219
0.00049822
0.00049822
0.00049822
0.000498225
0.000498224
0.000498222
0.00049822
0.000498219
0.000498219
0.000498219
0.000498219
0.000498219
0.000498219
0.00049822
0.00049822
0.000498219
0.000498219
0.000498219
0.000498219
0.000498218
0.000498218
0.000498218
0.000498218
0.000498219
0.000498219
0.000498219
0.000498219
0.000498218
0.000498218
0.000498218
0.000498218
0.000498218
0.000498218
0.000498218
0.000498218
0.000498218
0.000498218
0.000498218
0.000498218
0.000498218
0.000498218
0.000498218
0.000498218
0.000498218
0.000498218
0.000498218
0.000498218
0.000498218
0.000498218
0.000498218
0.000498218
0.000498218
0.000498218
0.000498218
0.000498218
0.000498218
0.000498218
0.000498218
0.000498218
0.000498218
0.000498218
0.000498218
0.000498218
0.000498218
0.000498218
0.000498218
0.000498218
0.000498218
0.000498218
0.000498218
0.000498218
0.000498218
0.000498218
0.000498218
0.000498218
0.000498218
0.000498218
0.000498218
0.000498218
0.000498218
0.000498218
0.000498218
0.000498218
0.000498218
0.000498218
0.000498218
0.000498218
0.000498218
0.000498218
0.000498218
0.000498218
0.000498218
0.000498218
0.000498218
0.000498218
0.000498218
0.000498218
0.000498218
0.000498218
0.000498218
0.000498218
0.000498218
0.000498218
0.000498218
0.000498218
0.000498218
0.000498218
0.000498218
0.000498218
0.000498218
0.000498218
0.000498218
0.000498218
0.000498218
0.000498218
0.000498218
0.000498218
0.000498218
0.000498218
0.000498218
0.000498218
0.000498218
0.000498218
0.000498218
0.000498218
0.000498218
0.000498218
0.000498218
0.000498218
0.000498218
0.000498218
0.000498218
0.000498218
0.000498218
0.000498218
0.000498218
0.000498218
0.000498218
0.000498218
0.000498218
0.000498218
0.000498218
0.000498218
0.000498218
0.000498218
0.000498218
0.000498218
0.000498218
0.000498218
0.000498218
0.000498218
0.000498218
0.000498218
0.000498218
0.000498218
0.000498218
0.000498218
0.000498218
0.000498218
0.000498218
0.000498218
0.000498218
0.000498218
0.000498218
0.000498218
0.000498218
0.000498218
0.000498218
0.000498218
0.000498218
0.000498218
0.000498218
0.000498218
0.000498218
0.000498218
0.000498218
0.000498218
0.000498218
0.000498218
0.000498218
0.000498218
0.000498218
0.000498218
0.000498218
0.000498218
0.000498218
0.000498218
0.000498218
0.000498218
0.000498218
0.000498218
0.000498218
0.000498218
0.000498218
0.000498218
0.000498218
0.000498218
0.000498218
0.000498218
0.000498218
0.000498218
0.000498218
0.000498218
0.000498218
0.000498218
0.000498218
0.000498218
0.000498218
0.000498218
0.000498218
0.000498218
0.000498218
0.000498218
0.000498218
0.000498218
0.000498218
0.000498218
0.000498218
0.000498218
0.000498218
0.000498218
0.000498218
0.000498218
0.000498218
0.000498218
0.000498218
0.000498218
0.000498218
0.000498218
0.000498218
0.000498218
0.000498218
0.000498218
0.000498218
0.000498218
0.000498218
0.000498218
0.000498218
0.000498218
0.000498218
0.000498218
0.000498218
0.000498218
0.000498218
0.000498218
0.000498218
0.000498218
0.000498218
0.000498218
0.000498218
0.000498218
0.000498218
0.000498218
0.000498218
0.000498218
0.000498218
0.000498218
0.000498218
0.000498218
0.000498218
0.000498218
0.000498218
0.000498218
0.000498218
0.000498218
0.000498218
0.000498218
0.000498218
0.000498218
0.000498218
0.000498218
0.000498218
0.000498218
0.000498218
0.000498218
0.000498218
0.000498218
0.000498218
0.000498218
0.000498218
0.000498218
0.000498218
0.000498218
0.000498218
0.000498218
0.000498218
0.000498218
0.000498218
0.000498218
0.000498218
0.000498218
0.000498218
0.000498218
0.000498218
0.000498218
0.000498218
0.000498218
0.000498218
0.000498218
0.000498218
0.000498218
0.000498218
0.000498218
0.000498218
0.000498218
0.000498218
0.000498218
0.000498218
0.000498218
0.000498218
0.000498218
0.000498218
0.000498218
0.000498218
0.000498218
0.000498218
0.000498218
0.000498218
0.000498218
0.000498218
0.000498218
0.000498218
0.000498218
0.000498218
0.000498218
0.000498218
0.000498218
0.000498218
0.000498218
0.000498218
0.000498218
0.000498218
0.000498218
0.000498218
0.000498218
0.000498218
0.000498218
0.000498218
0.000498218
0.000498218
0.000498218
0.000498218
0.000498218
0.000498218
0.000498218
0.000498218
0.000498218
0.000498218
0.000498218
0.000498218
0.000498218
0.000498218
0.000498218
0.000498218
0.000498218
0.000498218
0.000498218
0.000498218
0.000498218
0.000498218
0.000498218
0.000498218
0.000498218
0.000498218
0.000498218
0.000498218
0.000498218
0.000498218
0.000498218
0.000498218
0.000498218
0.000498218
0.000498218
0.000498218
0.000498218
0.000498218
0.000498218
0.000498218
0.000498218
0.000498218
0.000498218
0.000498218
0.000498218
0.000498218
0.000498218
0.000498218
0.000498218
0.000498218
0.000498218
0.000498218
0.000498218
0.000498218
0.000498218
0.000498218
0.000498218
0.000498218
0.000498218
0.000498218
0.000498218
0.000498218
0.000498218
0.000498218
0.000498218
0.000498218
0.000498218
0.000498218
0.000498218
0.000498218
0.000498218
0.000498218
0.000498218
0.000498218
0.000498218
0.000498218
0.000498218
0.000498218
0.000498218
0.000498218
0.000498218
0.000498218
0.000498218
0.000498218
0.000498218
0.000498218
0.000498218
0.000498218
0.000498218
0.000498218
0.000498218
0.000498218
0.000498218
0.000498218
0.000498218
0.000498218
0.000498218
0.000498218
0.000498218
0.000498218
0.000498218
0.000498218
0.000498218
0.000498218
0.000498218
0.000498218
0.000498218
0.000498218
0.000498218
0.000498218
0.000498218
0.000498218
0.000498218
0.000498218
0.000498218
0.000498218
0.000498218
0.000498218
0.000498218
0.000498218
0.000498218
0.000498218
0.000498218
0.000498218
0.000498218
0.000498218
0.000498218
0.000498218
0.000498218
0.000498218
0.000498218
0.000498218
0.000498218
0.000498218
0.000498218
0.000498218
0.000498218
0.000498218
0.000498218
0.000498218
0.000498218
0.000498218
0.000498218
0.000498218
0.000498218
0.000498218
0.000498218
0.000498218
0.000498218
0.000498218
0.000498218
0.000498218
0.000498218
0.000498218
0.000498218
0.000498218
0.000498218
0.000498218
0.000498218
0.000498218
0.000498218
0.000498218
0.000498218
0.000498218
0.000498218
0.000498218
0.000498218
0.000498218
0.000498218
0.000498218
0.000498218
0.000498218
0.000498218
0.000498218
0.000498218
0.000498218
0.000498218
0.000498218
0.000498218
0.000498218
0.000498218
0.000498218
0.000498218
0.000498218
0.000498218
0.000498218
0.000498218
0.000498218
0.000498218
0.000498218
0.000498218
0.000498218
0.000498218
0.000498218
0.000498218
0.000498218
0.000498218
0.000498218
0.000498218
0.000498218
0.000498218
0.000498218
0.000498218
0.000498218
0.000498218
0.000498218
0.000498218
0.000498218
0.000498218
0.000498218
0.000498218
0.000498218
0.000498218
0.000498218
0.000498218
0.000498218
0.000498218
0.000498218
0.000498218
0.000498218
0.000498218
0.000498218
0.000498218
0.000498218
0.000498218
0.000498218
0.000498218
0.000498218
0.000498218
0.000498218
0.000498218
0.000498218
0.000498218
0.000498218
0.000498218
0.000498218
0.000498218
0.000498218
0.000498218
0.000498218
0.000498218
0.000498218
0.000498218
0.000498218
0.000498218
0.000498218
0.000498218
0.000498218
0.000498218
0.000498218
0.000498218
0.000498218
0.000498218
0.000498218
0.000498218
0.000498218
0.000498218
0.000498218
0.000498218
0.000498218
0.000498218
0.000498218
0.000498218
0.000498218
0.000498218
0.000498218
0.000498218
0.000498218
0.000498218
0.000498218
0.000498218
0.000498218
0.000498218
0.000498218
0.000498218
0.000498218
0.000498218
0.000498218
0.000498218
0.000498218
0.000498218
0.000498218
0.000498218
0.000498218
0.000498218
0.000498218
0.000498218
0.000498218
0.000498218
0.000498218
0.000498218
0.000498218
0.000498218
0.000498218
0.000498218
0.000498218
0.000498218
0.000498218
0.000498218
0.000498218
0.000498218
0.000498218
0.000498218
0.000498218
0.000498218
0.000499194
0.000499453
0.000499774
0.000500106
0.000500376
0.000500542
0.000500599
0.000500513
0.000500333
0.00050012
0.00049868
0.000498879
0.000499092
0.000499251
0.000499299
0.000499229
0.000499067
0.000498855
0.000498643
0.000498449
0.000498472
0.000498595
0.000498703
0.000498741
0.000498691
0.000498577
0.000498442
0.000498318
0.000498221
0.000498156
0.000498369
0.000498433
0.000498473
0.000498459
0.000498397
0.000498317
0.000498247
0.000498201
0.000498178
0.000498174
0.000498364
0.000498391
0.000498376
0.000498334
0.000498282
0.000498238
0.000498211
0.000498199
0.000498197
0.000498217
0.00049848
0.000498516
0.000498435
0.000498342
0.000498272
0.00049823
0.000498208
0.0004982
0.000498223
0.000498359
0.000498796
0.000498957
0.000498757
0.000498522
0.000498355
0.000498257
0.000498213
0.00049824
0.000498463
0.000499207
0.000499483
0.000500079
0.000499664
0.000499099
0.000498667
0.000498393
0.000498264
0.000498362
0.000499027
0.000501007
0.000500861
0.000502591
0.000501846
0.000500666
0.000499684
0.000498969
0.000498476
0.000498204
0.000498338
0.000499695
0.000502506
0.000507602
0.000507215
0.000505853
0.000504616
0.000503596
0.000502523
0.000500486
0.000494863
0.000479696
0.000498728
0.000498526
0.00049838
0.000498298
0.000498256
0.00049822
0.000498121
0.00049778
0.000496686
0.000493298
0.000498422
0.000498361
0.000498297
0.000498247
0.000498201
0.000498128
0.000497968
0.000497624
0.000496966
0.000496024
0.000498293
0.000498273
0.000498248
0.000498223
0.000498192
0.000498137
0.000498028
0.000497831
0.000497538
0.000497246
0.000498243
0.000498237
0.000498228
0.000498217
0.000498201
0.000498171
0.000498116
0.000498027
0.000497913
0.000497818
0.000498226
0.000498224
0.000498221
0.000498217
0.00049821
0.000498197
0.000498174
0.00049814
0.000498099
0.000498069
0.00049822
0.00049822
0.000498219
0.000498217
0.000498215
0.00049821
0.000498202
0.000498191
0.000498177
0.000498168
0.000498219
0.000498219
0.000498218
0.000498218
0.000498217
0.000498216
0.000498213
0.00049821
0.000498206
0.000498203
0.000498218
0.000498218
0.000498218
0.000498218
0.000498218
0.000498218
0.000498217
0.000498216
0.000498215
0.000498214
0.000498218
0.000498218
0.000498218
0.000498218
0.000498218
0.000498218
0.000498218
0.000498218
0.000498217
0.000498217
0.000498218
0.000498218
0.000498218
0.000498218
0.000498218
0.000498218
0.000498218
0.000498218
0.000498218
0.000498218
0.000498218
0.000498218
0.000498218
0.000498218
0.000498218
0.000498218
0.000498218
0.000498218
0.000498218
0.000498218
0.000498218
0.000498218
0.000498218
0.000498218
0.000498218
0.000498218
0.000498218
0.000498218
0.000498218
0.000498218
0.000498218
0.000498218
0.000498218
0.000498218
0.000498218
0.000498218
0.000498218
0.000498218
0.000498218
0.000498218
0.000498218
0.000498218
0.000498218
0.000498218
0.000498218
0.000498218
0.000498218
0.000498218
0.000498218
0.000498218
0.000498218
0.000498218
0.000498218
0.000498218
0.000498218
0.000498218
0.000498218
0.000498218
0.000498218
0.000498218
0.000498218
0.000498218
0.000498218
0.000498218
0.000498218
0.000498218
0.000498218
0.000498218
0.000498218
0.000498218
0.000498218
0.000498218
0.000498218
0.000498218
0.000498218
0.000498218
0.000498218
0.000498218
0.000498218
0.000498218
0.000498218
0.000498218
0.000498218
0.000498218
0.000498218
0.000498218
0.000498218
0.000498218
0.000498218
0.000498218
0.000498218
0.000498218
0.000498218
0.000498218
0.000498218
0.000498218
0.000498218
0.000498218
0.000498218
0.000498218
0.000498218
0.000498218
0.000498218
0.000498218
0.000498218
0.000498218
0.000498218
0.000498218
0.000498218
0.000498218
0.000498218
0.000498218
0.000498218
0.000498218
0.000498218
0.000498218
0.000498218
0.000498218
0.000498218
0.000498218
0.000498218
0.000498218
0.000498218
0.000498218
0.000498218
0.000498218
0.000498218
0.000498218
0.000498218
0.000498218
0.000498218
0.000498218
0.000498218
0.000498218
0.000498218
0.000498218
0.000498218
0.000498218
0.000498218
0.000498218
0.000498218
0.000498218
0.000498218
0.000498218
0.000498218
0.000498218
0.000498218
0.000498218
0.000498218
0.000498218
0.000498218
0.000498218
0.000498218
0.000498218
0.000498218
0.000498218
0.000498218
0.000498218
0.000498218
0.000498218
0.000498218
0.000498218
0.000498218
0.000498218
0.000498218
0.000498218
0.000498218
0.000498218
0.000498218
0.000498218
0.000498218
0.000498218
0.000498218
0.000498218
0.000498218
0.000498218
0.000498218
0.000498218
0.000498218
0.000498218
0.000498218
0.000498218
0.000498218
0.000498218
0.000498218
0.000498218
0.000498218
0.000498218
0.000498218
0.000498218
0.000498218
0.000498218
0.000498218
0.000498218
0.000498218
0.000498218
0.000498218
0.000498218
0.000498218
0.000498218
0.000498218
0.000498218
0.000498218
0.000498218
0.000498218
0.000498218
0.000498218
0.000498218
0.000498218
0.000498218
0.000498218
0.000498218
0.000498218
0.000498218
0.000498218
0.000498218
0.000498218
0.000498218
0.000498218
0.000498218
0.000498218
0.000498218
0.000498218
0.000498218
0.000498218
0.000498218
0.000498218
0.000498218
0.000498218
0.000498218
0.000498218
0.000498218
0.000498218
0.000498218
0.000498218
0.000498218
0.000498218
0.000498218
0.000498218
0.000498218
0.000498218
0.000498218
0.000498218
0.000498218
0.000498218
0.000498218
0.000498218
0.000498218
0.000498218
0.000498218
0.000498218
0.000498218
0.000498218
0.000498218
0.000498218
0.000498218
0.000498218
0.000498218
0.000498218
0.000498218
0.000498218
0.000498218
0.000498218
0.000498218
0.000498218
0.000498218
0.000498218
0.000498218
0.000498218
0.000498218
0.000498218
0.000498218
0.000498218
0.000498218
0.000498218
0.000498218
0.000498218
0.000498218
0.000498218
0.000498218
0.000498218
0.000498218
0.000498218
0.000498218
0.000498218
0.000498218
0.000498218
0.000498218
0.000498218
0.000498218
0.000498218
0.000498218
0.000498218
0.000498218
0.000498218
0.000498218
0.000498218
0.000498218
0.000498218
0.000498218
0.000498218
0.000498218
0.000498218
0.000498218
0.000498218
0.000498218
0.000498218
0.000498218
0.000498218
0.000498218
0.000498218
0.000498218
0.000498218
0.000498218
0.000498218
0.000498218
0.000498218
0.000498218
0.000498218
0.000498218
0.000498218
0.000498218
0.000498218
0.000498218
0.000498218
0.000498218
0.000498218
0.000498218
0.000498218
0.000498218
0.000498218
0.000498218
0.000498218
0.000498218
0.000498218
0.000498218
0.000498218
0.000498218
0.000498218
0.000498218
0.000498218
0.000498218
0.000498218
0.000498218
0.000498218
0.000498218
0.000498218
0.000498218
0.000498218
0.000498218
0.000498218
0.000498218
0.000498218
0.000498218
0.000498218
0.000498218
0.000498218
0.000498218
0.000498218
0.000498218
0.000498218
0.000498218
0.000498218
0.000498218
0.000498218
0.000498218
0.000498218
0.000498218
0.000498218
0.000498218
0.000498218
0.000498218
0.000498218
0.000498218
0.000498218
0.000498218
0.000498218
0.000498218
0.000498218
0.000498218
0.000498218
0.000498218
0.000498218
0.000498218
0.000498218
0.000498218
0.000498218
0.000498218
0.000498218
0.000498218
0.000498218
0.000498218
0.000498218
0.000498218
0.000498218
0.000498218
0.000498218
0.000498218
0.000498218
0.000498218
0.000498218
0.000498218
0.000498218
0.000498218
0.000498218
0.000498218
0.000498218
0.000498218
0.000498218
0.000498218
0.000498218
0.000498218
0.000498218
0.000498218
0.000498218
0.000498218
0.000498218
0.000498218
0.000498218
0.000498218
0.000498218
0.000498218
0.000498218
0.000498218
0.000498218
0.000498218
0.000498218
0.000498218
0.000498218
0.000498218
0.000498218
0.000498218
0.000498218
0.000498218
0.000498218
0.000498218
0.000498218
0.000498218
0.000498218
0.000498218
0.000498218
0.000498218
0.000498218
0.000498218
0.000498218
0.000498218
0.000498218
0.000498218
0.000498218
0.000498218
0.000498218
0.000498218
0.000498218
0.000498218
0.000498218
0.000498218
0.000498218
0.000498218
0.000498218
0.000498218
0.000498218
0.000498218
0.000498218
0.000498218
0.000498218
0.000498218
0.000498218
0.000498218
0.000498218
0.000498218
0.000498218
0.000498218
0.000498218
0.000498218
0.000498218
0.000498218
0.000498218
0.000498218
0.000498218
0.000498218
0.000498218
0.000498218
0.000498218
0.000498218
0.000498218
0.000498218
0.000498218
0.000498218
0.000498218
0.000498218
0.000498218
0.000498218
0.000498218
0.000498218
0.000498218
0.000498218
0.000498218
0.000498218
0.000498218
0.000498218
0.000498218
0.000498218
0.000498218
0.000498218
0.000498218
0.000498218
0.000498218
0.000498218
0.000498218
0.000498218
0.000498218
0.000498218
0.000498218
0.000498218
0.000498218
0.000498218
0.000498218
0.000498218
0.000498218
0.000498218
0.000498218
0.000498218
0.000498218
0.000498218
0.000498218
0.000498218
0.000498218
0.000498218
0.000498218
0.000498218
0.000498218
0.000498218
0.000498218
0.000498218
0.000498218
0.000498218
0.000498218
0.000498218
0.000498218
0.000498218
0.000498218
0.000498218
0.000498218
0.000498218
0.000498218
0.000498218
0.000498218
0.000498218
0.000498218
0.000498218
0.000498218
0.000498218
0.000498218
0.000498218
0.000498218
0.000498218
0.000498218
0.000498218
0.000498218
0.000498218
0.000498218
0.000498218
0.000498218
0.000498218
0.000498218
0.000498218
0.000498218
0.000498218
0.000498218
0.000498218
0.000498218
0.000498218
0.000498218
0.000498218
0.000498218
0.000498218
0.000498218
0.000498218
0.000498218
0.000498218
0.000498218
0.000498218
0.000498218
0.000498218
0.000498218
0.000498218
0.000498218
0.000498218
0.000498218
0.000498218
0.000498218
0.000498218
0.000498218
0.000498218
0.000498218
0.000498218
0.000498218
0.000498218
0.000498218
0.000498218
0.000498218
0.000498218
0.000498218
0.000498218
0.000498218
0.000498218
0.000498218
0.000498218
0.000498218
0.000498218
)
;

boundaryField
{
    defaultFaces
    {
        type            empty;
    }
}


// ************************************************************************* //
