/*--------------------------------*- C++ -*----------------------------------*\
  =========                 |
  \\      /  F ield         | OpenFOAM: The Open Source CFD Toolbox
   \\    /   O peration     | Website:  https://openfoam.org
    \\  /    A nd           | Version:  11
     \\/     M anipulation  |
\*---------------------------------------------------------------------------*/
FoamFile
{
    format      ascii;
    class       volScalarField;
    location    "1.8";
    object      gradTy;
}
// * * * * * * * * * * * * * * * * * * * * * * * * * * * * * * * * * * * * * //

dimensions      [0 -1 0 1 0 0 0];

internalField   nonuniform List<scalar> 
5712
(
11947.5
6890.7
19348.2
12698.1
21127.6
15653.1
33122.9
41132.3
43571.7
53395
28200.1
24525.6
17907.4
14211.1
8996.19
6088.14
19988.4
20371.2
17250.1
20224
27004
24024.4
31232.9
25191
8413.38
6036.29
4735.41
3523.31
10046.9
8171.17
6112.11
4952.26
18381.6
19025
18722.9
15709.3
14509.4
11398.3
11432.8
13001.4
18413.3
18343.6
38728.6
40056.4
27367.9
28217
15702.3
13241.4
17056.6
12150.6
7934.22
8159.97
6541.21
9258.3
3425.43
4158.28
8959.17
12393.3
5345.28
6268.25
9897.1
16796.5
6871.24
11318.1
2615.74
6717.95
2176.69
5007.39
17925.2
22165.9
18556
22109.2
21906.7
22096.9
22370.9
21851.5
15828.7
21478.7
16218.5
21191.5
18303.9
21978.2
18311.9
21938.3
22591.8
21594.5
22533.3
21400.5
14642.3
21580.6
14145.1
21664.2
17979.6
21205.5
22700.8
31819.9
19047.4
24537.2
22503
34623.7
17044.9
18642.4
22785.2
30560.1
16865.3
17433.7
23029.2
30315.1
5482.72
7203.85
14009.6
24576.6
6780.05
7736.82
17997.8
27880
8411.95
8506.63
22757.6
31008
24712.5
26384.2
21055
20480.8
29963.7
26522.2
25165
21466
18721.7
34325.5
24191.9
23986.8
21497.8
21557.5
39113.3
2105.62
2532.76
4529.25
10424.9
2982.82
3389.88
6230.3
11635.2
4430.4
3756.42
8443.02
13280
26173.2
25713.6
23700.8
23174.8
20468.8
18614.4
15569.6
13711.4
11075.2
15509
23874.7
22939.5
24168.8
23671.3
21125.1
19716.6
17597.5
15732
11788.5
15614.7
23999.5
26989.2
23948.4
27681.5
23109.7
23875.5
22579.2
24077.3
21926.3
22290.9
21742.2
21632.5
23767.9
27808.9
23667.3
27792.4
21930.3
24390.9
21757.3
24343.8
22011
22240.4
22009.8
22230.7
18529.1
17610.4
11971.3
13343.3
18407.9
17155.5
11795.8
13419.4
18781.9
17552.4
12229
13385.7
18857.6
17373.3
12608.3
13389.1
1700.19
1137.11
782.804
978.11
662.956
616.841
2369.78
1392.96
1045.47
1921.55
1530.78
1309.36
2731.13
2233.12
2223.54
3371.83
2731.24
2439.5
24371.5
21803.4
20035.5
22512.9
20690.2
19267.9
16205.8
14907.8
14191.7
11085.8
9502.99
8825.95
5147.37
3746.78
3152.17
22089.2
20246.9
18726.1
22782.4
20548.6
18850.3
16956.8
14398.9
12956.7
11114.7
8776.76
7819.36
5469.39
3724.27
2965.26
27333.4
26696.1
29815.5
26707.1
30688.5
26708.5
37111.2
28172.5
21147.2
21423
20900.4
19369.7
23729.6
22305.6
23328.2
19907.8
23100.4
22892.6
21264.2
22699.4
28255.6
25429.3
28161.9
28612.9
30628.8
31699.1
23442.5
24342.4
20984.4
20377.8
25494
26170.8
16542
8947.11
15488.6
9900.34
16791.1
9028.98
15453.5
9841.25
16567.2
9075.84
15416.3
10254.9
15006.7
10727.7
15194.9
10640.2
21308.3
18176.7
21227.1
18174.9
23551.8
21235.6
23831.8
21052.6
20773.2
15159.9
21628
14941.5
21724.5
18102.7
22012.2
17903
24475
20896.6
24506.3
20636.1
20597.1
15216.4
20549.9
15126
13625.4
9116.3
12006.3
7753.57
12679
8171.03
11527
7249.23
13973.2
9684.52
12207.3
7989.55
13998.3
10030.3
12179.2
8047.86
2600.9
1361.82
4783.11
2592.22
2776.57
1671.78
5097.16
3102.78
3417.63
2524.48
5645.42
4058.75
13153.5
20381.5
9492.04
9115.93
6527.66
19932.4
13871.5
8142.96
8193.22
5382.14
20766.9
16336.1
12987.4
10121.5
6363.3
731.533
551.094
1500.71
1113.7
1035.09
714.943
2108.34
1681.79
1794.92
1385.42
3054.02
2489.81
20190.2
19458.6
13670.1
13039.2
8887.07
8905.26
7488.63
6836.45
4605.7
3778.49
18967.5
17182.5
14688.1
12837
11431.8
10098.2
8707.4
7814.27
5618.18
5512.1
15078.6
12147.4
15184
11872.5
18151.9
15021.8
18129.3
14835.3
12701
10250.5
12315.1
10275.4
15196.4
11698.3
15106
11682.7
18069.2
15130
17900.7
15090.2
12935.1
10098
12914.7
10232.4
9901.95
8334.6
6615.07
6907.87
9537.92
8146.91
6313.15
6543.79
10324.4
8501
6784.17
7308.82
10568.4
8500.26
7048.01
7413.87
1717.7
1507.7
1247.3
7386.99
3957.58
3234.93
1672.55
1644.79
1458.99
8036.11
4695.05
3978.29
2302.69
2573.54
2634.2
8920.2
5901.45
5251.22
18188.2
16860.2
15924.3
12418.4
11937.1
11637.4
9041.67
8854.65
8807.94
7729.4
7420.54
7211.32
10198.9
7314.14
6597.05
15537.4
14179.7
13276.3
11543
10633.2
10118.4
9574.19
8798.87
8364.39
9169.45
8074.17
7442.88
12426.3
8262.69
7399.57
4956.99
3108.05
2163.74
1736.48
5576.61
3374.72
2282.2
1779.36
4982.76
3105.4
2168.72
1748.8
5698.3
3444.55
2329.64
1804.12
4970.75
3073.59
2178.03
1748.68
5814.58
3488.83
2386.56
1814.91
6258.26
3694.01
2432.81
1873.37
6445.17
3837.16
2506.55
1939.28
5299.32
3272.04
2267.09
1774.7
4338.93
2871.55
2080.27
1703.77
4651.29
2964.4
2117.81
1659.38
3995.68
2706.97
1997.7
1637.64
5734.87
3504.92
2371.49
1849.38
4545.07
2992.12
2132.8
1755.52
5981.2
3663.85
2447.25
1906.01
4636.43
3078.82
2178.17
1788.37
3743.15
2668.34
1972.98
1648.98
2431.4
2142.81
1740.37
1550.61
3754.64
2655.96
1970.61
1645.7
2540.02
2172.55
1751.05
1559.32
3846.76
2655.2
1983.26
1656.42
2869.61
2269.81
1790.23
1597.29
3802.52
2591.2
1949.2
1689.95
3154
2338.17
1841.42
1591.51
3537.31
2515.67
1904.68
1613.75
1113.13
1716.95
1387.44
420.625
-355.49
1480.6
1245.26
442.303
1350.03
1795.52
1419.36
443.776
-64.2872
1567.9
1272.69
451.747
1795.99
1934.9
1466.92
442.383
432.101
1715.69
1312.51
456.868
2344.21
2101.45
1538.61
480.189
965.215
1880.47
1370.64
476.473
2710.79
2254.87
1627.81
558.298
1119.55
2006.63
1424.88
493.649
2895.17
2425.19
1667.14
531.814
834.556
2143.71
1526.37
524.044
2822.49
2349.79
1637.3
531.964
791.139
2080.13
1474.88
506.044
2920.01
2478.72
1689.26
496.484
782.461
2198.22
1560.13
527.215
2981.64
2534.83
1733.64
506.925
885.307
2257.19
1601.36
540.023
1514.92
1117.5
747.507
425.383
137.736
1498.85
1115.33
748.113
425.979
137.939
1533.97
1126.89
751.966
427.406
138.318
1522.92
1127.33
754.066
428.744
138.743
1571.09
1140.26
757.745
429.964
139.049
1553.32
1141.58
761.077
432.019
139.705
1575.97
1157.78
770.331
436.609
141.084
1613.01
1180.99
783.465
443.135
143.046
1608.67
1156.31
766.071
433.958
140.236
1716.47
1175.79
771.533
435.95
140.774
1616.47
1152.14
762.062
431.741
139.544
1714.17
1168.73
767.099
433.703
140.088
1623.2
1170.52
774.345
438.092
141.484
1747.84
1189.57
779.062
439.682
141.902
1660.34
1193.06
786.705
444.181
143.316
1787.26
1209.69
789.762
444.942
143.491
1556.34
1123.12
747.452
424.909
137.56
1635.57
1129.45
747.604
424.629
137.452
1574.32
1130.53
750.773
426.376
137.974
1649.93
1135.05
750.144
425.757
137.772
1611.12
1142.95
755.993
428.669
138.624
1681.5
1145.25
754.649
427.77
138.344
1670.24
1157.14
761.277
430.921
139.256
1719.35
1156.18
759.779
430.099
139
1726.05
1164.44
764.272
432.263
139.642
10304.3
15886.5
10770.4
16148.4
11446
16471
11874.4
16634.8
11332.8
15913.8
10425.8
11758.5
10461.6
12369.9
10471.2
11634.4
10647.5
11765.3
9147.55
1567.45
335.188
75.2457
13.3339
10180
2899.32
704.439
159.95
28.3327
9220.76
1552.08
329.579
73.7176
13.0291
10244.3
2881.4
697.581
157.666
27.6918
9270.3
1539.72
324.311
72.2442
12.7439
10274
2860.25
688.966
155.183
27.2195
9142.34
1486.47
310.4
68.99
12.1641
10109.3
2789.34
669.647
150.615
26.3954
8626.22
1367.19
284.951
63.5423
11.231
9532.93
2635.64
634.94
143.241
25.1439
7612.47
1254.46
270.024
61.2131
10.9049
7794.72
2262.32
559.696
128.403
22.7611
7914
1283.36
272.99
61.4928
10.9183
8299.14
2404.38
589.536
134.156
23.652
7490.66
1246.2
269.466
61.2307
10.9187
7616.87
2196.99
543.965
125.189
22.2548
7454.19
1235.02
266.811
60.6475
10.8051
7614.47
2180.01
538.288
124.161
22.0358
34093.1
48432
47307.8
33065.6
19430.4
20458.3
28658.9
29964.6
22472
25210.1
35767.3
48861.2
45238.1
59985.3
29527.8
33681.8
23149.3
24749.5
12559.2
13777.7
4882.73
3196.81
782.698
590.414
666.985
579.955
717.819
4732.44
4626.71
2769.34
3871.94
3681.47
1574.45
2201.93
1978.38
1288.33
1490.75
1211.93
4276.75
2267.7
1410.36
1243.4
1604.4
1384.13
1070.92
1004.89
934.054
815.181
1128.54
1015.04
4496.29
2692.42
3099.55
1940.08
1579.83
2256.93
1091.96
841.172
1205.93
9862.97
9833.33
9909.72
10979.2
17755.1
7035.38
7981.71
8634.44
9596.2
11090
2052.94
2920.51
3573.37
4014.61
4241.78
1561.74
2248.69
2777.35
3135.84
3317.76
1762.03
2531.07
3117.12
3509.89
3707.13
1535.9
2214.86
2737.91
3091.48
3269.87
1891.03
2705.88
3323.17
3737.38
3946.76
9888.8
10078.2
9838.69
10307
15852.1
9644.31
9658.25
9261.34
9378.49
10612
6327.79
7427.81
7941.39
8416.19
9029.37
8317.46
8647.7
8346.54
8216.44
8379.29
7905.63
8296.9
7989.12
7735.67
7704.07
3907.87
5131.56
5882.79
6349.76
6608.07
5207.61
6390.16
6975.74
7340.63
7605.01
4742.74
5918.46
6502.98
6806.03
6962.77
3271.62
4433.87
5199.64
5673.97
5913.31
3717.81
4908.29
5632.75
6056.83
6266.81
3097.48
4234.17
4994.06
5461.41
5690.26
9110.02
9601.36
9651.28
10372.2
16148.5
5361.06
6621.91
7368.37
8007.54
8667.88
3554.39
4772.71
5575.72
6100.76
6396.56
3170.16
4330.89
5134.16
5671.59
5970.18
3979.37
5240.16
6066.01
6654.66
7053.46
3497.91
4727.15
5577.05
6174.76
6537.21
2761.59
3838.49
4621.19
5159.64
5455.96
2606.86
3649.07
4405.83
4911.36
5175.37
2435.7
3430.32
4150.89
4617.95
4850.04
2138.4
3039.4
3708.93
4151.16
4372.78
2903.2
4010.57
4780.92
5276.29
5529.48
2630.96
3676.22
4427.2
4920.98
5174.85
9311.46
9566.95
9695.47
10667.7
17026
6120.86
7244.43
7998.55
8882.16
10035.7
7155.84
8302.6
8832.74
9706.36
11700.1
4701.7
6033.03
6933.65
7695.72
8340.82
3936.61
5227.83
6114.62
6780.85
7236.26
5344.04
6636.26
7447.63
8186.41
8955.59
2814.14
3905.87
4692.18
5226.56
5517.24
2201.35
3119.72
3801.55
4256.02
4487.46
3083.52
4232.1
5040.4
5589.61
5896.59
18821.6
12513.6
19377.8
13858.5
25078.4
35939.6
26232.1
35780.6
19904.3
21023
17098.2
20338
22555.5
21398.9
28807.5
23542
14548
13655.2
7128.23
6105.77
15843.2
14529.3
8181.03
6696.44
19611
21171.9
20064.3
18273.4
20495.4
13496.4
11256.4
12975.5
18363.2
18326
38241.6
39963.4
26659.2
28028.6
16335.7
13378.8
17796.1
12285
8636
8330.76
14414.6
15986.6
6026.89
6586.67
15843.9
18124.4
7509.55
8307.32
15082.2
21153
8752.28
13533.9
3053.58
7481.14
2264.73
5156.22
18493.8
21113
18438.8
21497.5
20096.6
20351.9
21206.6
20880.1
16893.2
21361.2
19173.4
21062.6
18134.2
21651.1
18242.8
21832.2
21996.2
21100.4
22358.9
21247.9
14964.1
21491.5
14198.5
21627.7
18922
22472.1
22957.6
32130.8
20627.6
26645.8
23045.2
35270.5
17474.5
19254.3
22882.8
30695.3
16975.8
17603.7
23047.6
30349.9
19778.9
21353.5
24879.7
36966.5
19875.4
20319.2
26616.9
37432.1
19547.8
19186.6
28620.5
37096.3
18690.8
19482.6
20081.4
21492.5
32519.2
18707
17554.9
21416.8
19618.3
37215.2
19518.7
20452.5
20398.7
22264
40191.6
11730.1
10700
10958
14240.5
12844.4
11735.2
11349
14624.1
14146.1
12226.1
11863.3
14932.2
18089.2
17317.2
17054.3
16524.7
19821.2
18455.6
16435.8
14753.2
12415.7
15566.8
19133.6
18834.5
20369.1
20435
19648.8
18440.9
17925.3
15890.4
12218.4
15038.2
22190.6
24938.8
23043.9
26585.6
20881.4
21738.1
21516.4
23028.5
21448.4
21660.8
20916.5
20623.2
23328.5
27281.6
23534.2
27635.8
21436.3
23885.3
21611.3
24196.6
21753
21918.9
21928.1
22134.9
18423.3
17366.1
12021.4
13255
18358.5
16887.3
11998.8
13325.1
18697.9
17406.7
12231
13326.6
18825.8
17325.8
12603.7
13367
9773.1
9923.34
4225.52
3883.49
10900.9
10535.5
4733.46
4522.34
10613.5
9917.68
5382.85
5186.82
16980.4
16406.1
16667.8
16686.1
16718.2
16151.3
12646.3
11271.4
6356.3
5225.91
19034.4
18183.5
20475.4
19597.6
16360.6
15095.3
11823.9
10101.8
5838.77
4359.16
22388.5
21231.5
27554.8
23998.7
24994.5
22217.8
34357.2
25825.2
20458.9
16843
22338.4
17706.7
20327
17123.2
22432.6
17940
20953.7
18514.7
18910.5
17532.7
21403.3
22755.5
26808.8
28203.4
29502.8
31375.4
22106.5
23873.9
19927.1
20076.5
23967.4
25657.5
13728.8
10161.5
14190.9
10394.7
14009.6
10074.7
14386.3
10248.9
13911.1
9925.4
14326.4
10447.4
14373.4
10761.1
14987.6
10644
17432.1
16878.3
19304.2
17374.1
20022.7
19150.9
21964.6
19897.7
18956.6
14861
17969
14658.7
20773.5
17677.8
21730.1
17774.4
23571.3
20316.8
24245.4
20461.4
19697.2
15028.4
20287.2
15067.6
13219.9
9528.9
12209.4
8134.5
12625.5
9234.03
12128.3
8054.15
13659
9835.8
12270.1
8167.38
13888
10066.1
12195.1
8105.51
13183
13281.8
9541.48
8800.76
13316.9
13392.8
9396.48
8728.15
13262
12869.6
9164.74
8629.15
15384.5
18185.2
16169.1
12037.8
8899.91
16856.3
15741.7
17559.2
12050.3
8599.85
18592.5
16432.9
14555.6
12218.2
7979.74
13748.7
14745
8708.96
9311.35
13617.7
14372.1
8635.08
9190.51
12727.4
13090
8275.87
8365.08
16632.9
15692.2
14986.7
14341
15523.1
15841.5
12104.2
12767.1
8044.08
7836.42
16842.5
15362.8
15122.5
13721.9
13571.2
12867.4
11489
11374.3
7438.1
7829.46
14814
12565.3
14896.5
12011.5
16828.4
14205.8
17367.7
14405.1
12872
10813.9
12949.2
11564
15012.1
11754.7
15048.3
11697.3
17688.1
14917
17787.1
15029.3
12956.3
10338.8
12907.8
10292.8
10399.3
9121.08
7107.08
7637.14
10676.7
9795.86
7285.27
8009.2
10521.9
8848.52
7012.9
7695.92
10624.1
8600.93
7125.12
7535.02
17350.7
17270.5
23316.4
19721.6
16687.6
16712.8
22367.8
18861.1
14675.5
15231.2
20545.3
17536.8
15135
14568.1
13850.8
13599.1
15919.2
16275
14569
14470.7
18855
16033.5
14265.2
13515.1
12962.1
12721.6
13108.4
13366.7
13898.5
13531.4
18352.6
14679.2
6425.82
4075.98
2737.4
2114.47
6663.06
4203.42
2810.96
2133.46
6313.76
4004.3
2692.82
2092.91
6605.06
4161.12
2786.73
2111.93
6109.9
3864.32
2637.52
2049.67
6518.83
4065.73
2769.04
2074.76
6668.33
4056.44
2690.3
2056.19
6582.2
3963.11
2593.62
2002.86
5895.32
3728.55
2580.25
2002.34
4743.33
3199.18
2303.21
1875.33
5591.45
3614.06
2525.43
1938.05
4656.41
3210.45
2295.61
1843.55
6063.4
3777.38
2567.93
1995.33
4763.48
3177.27
2272.32
1871.7
6083
3755.03
2514.69
1957.01
4705.29
3139.15
2225.77
1828.28
5932.22
3835.16
2605.57
2054.07
5117.24
3480.06
2431.09
1982.4
5784
3760.87
2563.9
2023.52
5015.55
3437.74
2407.67
1971.99
5576.4
3640.53
2516.45
1998.92
4940.55
3382.23
2380.31
1968.55
5134.01
3419.59
2406.98
1990
4769.57
3289.8
2342.66
1893.52
4516.42
3196.6
2274.73
1845.63
3924.46
3117.52
2031.57
575.674
2087.51
2886.19
1901.98
628.736
3957.72
3115.47
2032.98
595.735
2237.72
2888.58
1899.53
631.196
4018.97
3095.04
2010.55
569.539
2446.28
2875.13
1874.93
616.974
3975.51
3044.15
2016.73
598.658
2462.43
2830.24
1856.13
617.125
3712.5
2942.28
2015.2
673.255
1969.58
2723.73
1821.26
613.342
3205.16
2717.19
1898.19
615.317
1001.55
2454.9
1736.82
595.751
3387.45
2813.56
1951.78
633.203
1183.59
2571.07
1773.28
600.847
3074.93
2639.14
1829.27
549.107
845.409
2367.6
1683.36
570.891
3026.55
2585.97
1779.9
524.723
898.304
2310.15
1641.22
554.396
1791.31
1279.76
835.98
468.521
150.584
1751.5
1269.3
833.082
467.572
150.34
1790.19
1274.93
832.586
466.712
150.025
1745.8
1261.8
828.196
465.035
149.565
1804.83
1270.96
828.587
464.472
149.326
1741.44
1253.05
822.395
462.029
148.654
1705.2
1235.1
813.044
457.554
147.334
1660.54
1210.14
799.658
451.094
145.425
1781.09
1257.1
820.889
460.702
148.205
1880.19
1265.55
819.726
459.39
147.755
1835.55
1271.88
826.463
463.059
148.867
1925.23
1276.59
824.565
461.589
148.386
1737.09
1239.66
812.233
456.624
147.012
1853.92
1250.39
811.965
455.732
146.688
1699.76
1217.01
799.898
450.654
145.251
1823.71
1230.86
801.265
450.572
145.176
1869.71
1295.13
839.451
469.517
150.826
1998.6
1309.01
841.87
470.143
150.973
1873.58
1292.17
837.072
468.21
150.416
1999.9
1306.34
839.986
469.134
150.66
1889.52
1288.23
833.292
466.13
149.765
2006.35
1301.17
836.367
467.239
150.073
1931.15
1286.9
829.908
464.156
149.14
2016.03
1293.42
831.859
464.953
149.361
1975.15
1284.01
827.56
462.923
148.762
12121.5
15992.9
12179.7
15995.2
12304.6
15981.9
12083.6
15768.4
11269
14966.6
10398.3
11652.3
10450.2
12152.5
10448.5
11579
10639.1
11748.2
9383.46
1566.36
330.467
73.7028
13.0177
10103
2867.73
692.972
156.638
27.6652
9339.57
1539.94
323.667
72.0481
12.7035
10054.2
2830.94
683.441
154.028
26.9985
9210.39
1510.86
316.613
70.3854
12.4034
9929.29
2783.89
671.236
151.117
26.4882
8934.99
1446.36
301.834
67.1041
11.8334
9663.41
2696.76
649.929
146.385
25.6649
8407.22
1330.87
277.528
61.9338
10.9515
9125.01
2549.72
616.665
139.363
24.4822
7542.84
1240.84
266.701
60.4106
10.7581
7703.71
2230.83
551.277
126.399
22.4008
7794.29
1260.39
267.733
60.2865
10.7037
8119.4
2348.9
576.024
131.13
23.1258
7453.43
1238.91
267.637
60.775
10.8336
7571.95
2181.18
539.528
124.089
22.0515
7442.43
1232.71
266.227
60.5001
10.7773
7600.7
2175.25
536.925
123.815
21.9709
33650.7
48158.3
46320.4
31723.7
24723.9
29544.4
23881.9
29423.2
27762.4
44236
29461.8
45316.4
157.256
172.452
206.158
261.162
342.245
455.38
169.91
185.667
220.491
276.776
358.03
468.618
147.797
143.156
163.798
160.679
199.442
199.918
258.115
265.763
343.647
360.807
457.046
476.454
608.135
809.176
1077.94
1443.5
1870.25
2178.05
613.243
795.754
1018.91
1274.26
1521.52
1682.51
420.867
616.913
774.435
884.474
941.031
461.286
675.619
847.492
967.34
1028.86
550.967
805.857
1009.5
1151.06
1223.58
697.024
1017.34
1271.86
1448.04
1538.06
911.552
1326.26
1653.27
1878.36
1993.06
1208.99
1750.56
2172.97
2461.86
2608.82
454.542
665.89
835.495
953.839
1014.61
496.39
726.516
910.75
1039.04
1104.82
588.876
860.455
1076.94
1227.18
1304.07
738.016
1075.71
1343.26
1528.1
1622.47
952.462
1383.39
1722.03
1954.76
2073.36
1242.46
1795.59
2225.62
2519.61
2669.42
395.604
580.052
728.411
832.131
885.462
383.185
561.903
705.733
806.328
858.054
438.227
642.086
805.745
919.965
978.619
429.893
629.942
790.624
902.803
960.41
533.159
780.171
977.775
1115.26
1185.72
534.438
782.105
980.307
1118.23
1188.91
689.135
1006.4
1258.86
1433.74
1523.12
709.527
1036.15
1296.05
1476.04
1567.98
915.715
1333.26
1662.96
1889.97
2005.59
961.322
1399.37
1744.99
1982.69
2103.61
1214.35
1760.23
2186.65
2478.06
2625.99
1265.98
1835
2279.03
2581.84
2735.17
1606.09
2307.79
2846.74
3213.23
3400.31
2118.7
3007.75
3676.67
4131.93
4368.88
2782.13
3873.58
4673.16
5227.72
5533.8
3637.9
4910.89
5814.97
6482.05
6905.75
4561.64
5908.28
6840.03
7613.07
8222.85
5199.85
6554.59
7481.95
8327.42
9088.88
1617.91
2321.57
2861.17
3228.67
3416.89
2084.51
2961.27
3622.34
4073.06
4307.63
2642.36
3702.54
4486.31
5026.69
5318.25
3261.11
4489.98
5379.98
6010.5
6373.56
3838.22
5187.1
6147.62
6856.25
7299.92
4205.8
5618.47
6616.68
7376.52
7879.54
159.449
179.149
217.96
279.01
367.402
489.276
172.191
192.628
232.622
294.769
382.596
500.092
149.976
145.395
170.536
167.658
211.468
212.524
276.669
285.601
370.312
389.289
494.631
517.959
650.705
856.87
1124.23
1478.59
1888.95
2183.36
650.706
836.264
1057.63
1305.38
1540.91
1688.98
426.743
625.583
785.426
897.128
954.548
479.33
702.36
881.44
1006.47
1070.71
582.797
853.115
1069.62
1220.47
1297.88
745.26
1089.2
1363.6
1554.25
1651.94
979.786
1428.48
1784.5
2030.99
2157.11
1301.43
1890.23
2353.78
2673.52
2837.14
460.673
674.966
847.025
967.135
1028.82
515.168
754.397
946.213
1079.98
1148.64
621.633
909.184
1139.06
1299.01
1381.02
786.702
1148.38
1436.22
1635.91
1738.17
1019.15
1483.46
1850.71
2104.63
2234.57
1328.31
1925.39
2393.78
2716.62
2882.03
401.452
588.686
739.345
844.709
898.893
389.197
570.775
716.962
819.236
871.832
456.366
668.931
839.784
959.159
1020.51
448.672
657.717
825.823
943.316
1003.7
565.568
828.232
1038.85
1185.71
1261.09
568.403
832.457
1044.27
1192
1267.82
739.251
1081
1354.01
1543.84
1641.11
763.124
1115.96
1397.9
1593.93
1694.35
988.047
1441.65
1802.14
2051.86
2179.6
1038.71
1515.63
1894.65
2157.13
2291.31
1316.92
1915.34
2387.61
2713.46
2879.97
1379.44
2007.07
2502.58
2844.27
3018.67
1723.21
2487.15
3081.88
3491.24
3701.84
2251.88
3216.1
3955.11
4465.97
4734.19
2914.98
4089.08
4969.94
5591.88
5937.37
3744.58
5095.3
6080.7
6819.31
7288.08
4625.09
6028.11
7020.98
7851.24
8501.24
5220.02
6595.47
7545.61
8413.25
9191.32
1720.83
2478.87
3067.09
3471.9
3680.58
2196.98
3135.88
3854.24
4350.04
4609.8
2751.63
3876.02
4721.24
5311.5
5631.72
3351.1
4637.26
5584.3
6262.85
6654.59
3896.06
5284.95
6286.54
7030.98
7497.05
4225.53
5652.58
6665.8
7439.01
7950.62
4866.14
3196.24
840.912
639.09
736.258
635.035
782.723
4452.7
4263.82
2745.26
3484.34
1656.51
2219.75
1381.66
1540.24
1289.31
4152.63
2302.76
1498.84
1327.58
1678.05
1453.78
1130.71
1080.74
1032.32
902.849
1223.3
1101.52
4448.09
2699.21
3077.18
1972.29
1633.42
2288.48
1161.63
914.888
1282.73
9862.96
9886.24
10009.7
11140.8
18048.5
7049.89
8028.79
8717.23
9717.95
11248.6
2215.86
3176.3
3916.28
4426.73
4692.74
1695.67
2453.95
3046.71
3454.47
3663.35
1953.57
2826.73
3507.77
3974.48
4212.59
1687.41
2446.93
3042.28
3451.38
3660.17
2071.75
2987.55
3698.29
4185.85
4435.95
9767.79
10780
11303.4
12489.2
19223.8
9559.9
10773.7
11489.5
12567.7
14550.4
6512.25
8152.3
9275.96
10296
11274.4
8292.09
9927.77
10769
11652.5
12444.1
4221.8
5784.22
6909.12
7698.8
8148.26
5471.1
7175.89
8346.83
9222.87
9794.16
3581.84
5017.63
6077.91
6803.26
7189.25
3965.9
5503.92
6621.9
7387.53
7800.5
3360.99
4742.73
5772.22
6471.68
6836.57
9062.85
10009.8
10553.2
11749.4
18388.2
5569.93
7153.96
8272.26
9252.51
10148.7
3847.6
5323.63
6405.51
7170.54
7608.89
3429.74
4787.48
5797.67
6511.22
6913.94
4234.51
5737.27
6829.82
7653.74
8199.69
3715.81
5116.25
6148.86
6905.3
7364.41
2935.47
4125.39
5021.38
5654.51
6006.37
2826.82
4010.7
4908.49
5530.32
5861.16
2718.02
3889.27
4783.59
5392.89
5706.16
2384.6
3427.79
4231.74
4781.26
5063.16
3191.41
4510.26
5499.88
6179.11
6538.63
2884.17
4097.21
5016.66
5649.58
5983.25
9314.52
9735.93
10017.2
11175.7
17941.2
6176.03
7389.05
8242.89
9229.49
10472.5
7220.3
8611.39
9419.31
10577.3
12867.6
4820.45
6273.19
7310.58
8201.85
8937.83
4110.62
5549.43
6597.57
7408.45
7956.27
5507.46
7035.42
8123.23
9123.72
10081.4
3018.71
4247.22
5171.92
5822.1
6180.49
2410.26
3453.24
4254.58
4805.13
5090.71
3315.61
4632.02
5614.64
6311.86
6706.41
8665.75
8201.98
7383.56
6209.2
4556.16
1794.24
19123
19459.2
22014.3
22736.3
18701.1
19796.6
21013.4
20315.4
15741
19573.3
16390
20119.8
18793.2
16927.5
26414.9
18358.8
18552
20747.1
21220.9
17667.7
18746.9
20062.2
19575.7
15659
23632
16218.1
23472.1
18960.6
20612.5
28329.7
17487.8
17550.3
19124
19346.9
16880.5
18369.4
18780
18800.9
17935.4
20848.2
18696.8
20836.9
20571.4
22681.9
25442.3
16650.3
16732.4
17628.4
17688.7
16388.9
18114
17459.3
17759.9
16755.3
18173.7
17486.8
17691.3
18744.9
20314.5
21904
15779.3
15895.8
16593
16567.2
16033.1
17907.7
16573.1
17059.6
15816.6
14933.9
16573.8
14318
17174.5
17027.2
18011.6
15382.1
15543.1
15899
15839.6
15607.3
17147.7
15997.3
16404.4
15061.9
12788.6
15619.6
12513.4
15933.1
14895.9
16253.1
21818.7
20956.7
22929.7
24113.4
20164.4
20105.3
21323.1
20320.4
19214.3
14253.7
19155.2
14320.4
17000.8
15389.9
18541.1
20544.2
19919.3
21150.8
21930.5
19430.8
19541.3
20080
19238.7
17750.2
13755.1
17721.7
13843.8
15530.7
13842.2
17107.3
18855.3
18483.2
19004.6
19386.2
18195.6
18320.9
18464.3
17951.3
16773.6
13401.3
16560.1
13139.3
14840.7
12613.4
16691.5
17220.7
17006.4
17318.8
17492.8
16813.9
16878.9
17123.7
16715.9
15699.3
13657.8
15584.9
13345.4
14124.7
12575.7
16819.9
16325.3
16181.7
16351.8
16436.4
15867.6
15929.1
16300
16037.2
15355.9
14539.4
15280.9
14386.2
14100.1
12976.8
17211
15682.4
15550.9
15777.1
15831.3
15300
15549.7
15705.1
15588.2
15176.6
15090.5
15162
15009.1
14115.5
13423.9
17794.5
11754.1
6670.72
19340.6
12705.3
21149.4
15640.1
33151.5
41146.3
43623.5
53420.6
28250.9
24526.1
17915.4
14238
8727.44
5810.64
19991.4
20373.6
17248.6
20225.1
27017.3
24030.2
31241.4
25195.5
8240.93
5915.34
4575.92
3416.95
10018.6
8161.16
6110.4
4966.15
18376.7
19020.1
18721.3
15709.6
14505
11401.3
11433.7
13002.9
18414.9
18345.3
38735.7
40061.2
27371.3
28219.4
15703.2
13243
17058.1
12152
7935.38
8161.11
6424.25
9113.5
3333.96
4056.65
8961.05
12406.1
5360.05
6285.58
9898.36
16802.9
6877.61
11326.2
2617.15
6721.1
2177.18
5008.59
17926.3
22167
18557.3
22110.3
21909.6
22098.4
22373.3
21852.6
15830.6
21480
16218.7
21192.5
18305.2
21979.2
18312.9
21939.2
22593.6
21595.3
22534.4
21401.1
14643.7
21581.8
14146.3
21665.4
17981.6
21209.4
22702.6
31822.6
19049
24541.3
22504.8
34626.8
17046.8
18645.3
22787
30562.5
16867.1
17436.1
23030.9
30317.4
5396.24
7119.09
13826.6
24378
6785.78
7740.72
18014
27899.8
8414.55
8508.8
22764.9
31015.5
24712.6
26384.9
21054.6
20482
29968
26522.7
25164.9
21465
18722.4
34330
24192.8
23987.4
21498.3
21559.1
39116.9
2063.73
2500.72
4437.82
10326.8
2987.4
3394.48
6242.63
11645.7
4432.5
3757.62
8447.01
13282.4
26173.4
25713.6
23700.5
23174.7
20468.1
18614.1
15570.4
13712.1
11077.2
15510.4
23875.1
22939.6
24169.1
23671.5
21125.5
19717
17598.7
15732.9
11789.8
15615.7
24000
26989.4
23949
27681.7
23110.2
23875.5
22579.7
24077.4
21927.1
22291.5
21742.9
21633.1
23768.5
27809.1
23667.8
27792.5
21930.6
24390.9
21757.5
24343.8
22011.8
22240.9
22010.5
22231.2
18530.1
17611.2
11972.1
13344
18409
17156.3
11796.7
13420.3
18782.9
17553.1
12229.7
13386.3
18858.5
17374
12609
13389.8
1677.43
1119.56
768.477
973.82
657.458
610.284
2377.21
1396.88
1047.09
1928.28
1534.93
1311.61
2731.67
2233.84
2224.33
3372.79
2732.59
2440.81
24371.6
21803.7
20036
22513.1
20690.8
19268.7
16206.2
14908.6
14192.6
11086.5
9503.83
8826.88
5148.02
3747.54
3152.88
22089.3
20247.2
18726.5
22782.6
20549.1
18851
16957.3
14399.5
12957.5
11115.3
8777.41
7820.06
5469.88
3724.73
2965.66
27337.9
26697.4
29818.6
26708.4
30702.9
26714.2
37123.9
28177.5
20968.4
21369
20689.3
19303.9
23698.3
22276.9
23293.4
19879.8
23095
22888.1
21264.1
22697.6
28238.4
25414.1
28162.9
28613.3
30632.5
31701.2
23440.6
24341.5
20983.5
20376.9
25486.5
26167.2
16546
8951.96
15486.2
9907.12
16772.1
9024.03
15437.3
9837.45
16554.8
9071.15
15405.5
10250.1
15000.6
10724
15191.8
10637.9
21306.5
18176.3
21226.1
18174.5
23553.8
21236.5
23833.7
21053.2
20767.8
15158.6
21621
14939.9
21724
18102.4
22011.7
17902.5
24476.4
20897
24506.9
20636.2
20593.9
15215.4
20548
15125.1
13622.2
9113.81
12004.5
7752.27
12675.6
8168.57
11525
7247.8
13970.8
9682.42
12205.9
7988.45
13996.6
10028.7
12178.1
8046.94
2587.99
1345.81
4768.33
2573.61
2777.01
1672.84
5097.06
3103.65
3416.73
2524.32
5643.85
4058.14
13154.2
20382.7
9491.64
9114.36
6526.15
19933.3
13871.8
8142.83
8192.06
5381.16
20767.6
16336.1
12986.3
10119.9
6362.07
714.657
531.417
1481.04
1102.45
1036.41
714.758
2108.64
1681.25
1795.18
1386
3053.94
2490.2
20190.5
19458.6
13669.9
13038.8
8886.68
8904.72
7487.93
6836.13
4605.16
3778.37
18967.8
17182.5
14688
12836.7
11431.1
10097.7
8706.49
7813.77
5617.37
5511.59
15078.3
12147.1
15183.7
11872.2
18152.3
15021.8
18129.6
14835.3
12700.3
10249.9
12314.3
10274.8
15196.1
11697.9
15105.6
11682.4
18069.2
15129.9
17900.6
15090
12934.4
10097.5
12914.1
10231.9
9901.02
8333.96
6614.26
6907.17
9536.88
8146.26
6312.27
6543.09
10323.6
8500.4
6783.46
7308.15
10567.6
8499.71
7047.39
7413.27
1687.11
1482.25
1226.94
7343.93
3920.02
3199.1
1670.06
1643.65
1459
8032.79
4694.9
3978.49
2303.28
2573.96
2634.54
8920.16
5901.88
5251.74
18188.1
16860.1
15924.3
12418
11936.7
11637.1
9041.05
8854.12
8807.51
7729.15
7420.31
7211.11
10198.4
7314.15
6597.18
15537.3
14179.7
13276.3
11542.7
10632.9
10118.2
9573.79
8798.58
8364.18
9169.01
8073.93
7442.72
12425.3
8262.41
7399.48
4956.83
3107.68
2163.46
1735.84
5574.84
3372.79
2281.18
1778.35
4981.55
3104.89
2168.38
1748.6
5697.56
3444.24
2329.41
1803.95
4969.42
3073.07
2177.72
1748.49
5813.24
3488.35
2386.28
1814.73
6256.93
3693.51
2432.55
1873.22
6444.13
3836.73
2506.33
1939.13
5298.24
3271.54
2266.81
1774.53
4338.21
2871.14
2080.02
1703.6
4650.26
2963.91
2117.53
1659.21
3994.94
2706.55
1997.45
1637.47
5733.85
3504.45
2371.23
1849.22
4544.42
2991.74
2132.57
1755.36
5980.35
3663.44
2447.02
1905.86
4635.86
3078.48
2177.96
1788.23
3741.68
2668.37
1973.21
1648.52
2428.5
2142.09
1740.57
1549.83
3753.82
2655.5
1970.29
1645.52
2539.4
2172.23
1750.81
1559.23
3845.88
2654.75
1982.98
1656.26
2868.98
2269.46
1789.99
1597.17
3801.71
2590.77
1948.93
1689.77
3153.34
2337.79
1841.18
1591.36
3536.62
2515.26
1904.43
1613.56
1111.94
1716.28
1387.91
420.707
-355.276
1479.06
1244.83
442.124
1349.49
1795.36
1419.18
443.748
-64.8795
1567.91
1272.67
451.761
1795.57
1934.64
1466.75
442.334
431.839
1715.49
1312.4
456.836
2343.74
2101.12
1538.41
480.131
964.974
1880.2
1370.48
476.42
2710.29
2254.51
1627.59
558.23
1119.31
2006.32
1424.7
493.588
2894.73
2424.85
1666.93
531.757
834.388
2143.4
1526.18
523.983
2822.01
2349.44
1637.09
531.905
790.949
2079.82
1474.69
505.982
2919.63
2478.41
1689.07
496.435
782.325
2197.94
1559.96
527.158
2981.31
2534.55
1733.47
506.881
885.189
2256.94
1601.2
539.972
1513.73
1116.94
747.276
425.285
137.708
1497.49
1114.63
747.796
425.838
137.897
1533.93
1126.83
751.933
427.392
138.314
1522.84
1127.27
754.033
428.732
138.742
1571.02
1140.21
757.717
429.952
139.046
1553.23
1141.53
761.044
432.005
139.702
1575.87
1157.72
770.294
436.592
141.079
1612.92
1180.93
783.428
443.116
143.041
1608.56
1156.25
766.036
433.941
140.232
1716.33
1175.72
771.495
435.931
140.769
1616.37
1152.09
762.03
431.726
139.54
1714.04
1168.67
767.063
433.685
140.083
1623.09
1170.45
774.308
438.073
141.479
1747.7
1189.5
779.022
439.662
141.897
1660.23
1193
786.667
444.162
143.31
1787.13
1209.62
789.723
444.922
143.484
1555.12
1122.64
747.268
424.832
137.538
1634.43
1129.05
747.451
424.568
137.436
1574.3
1130.48
750.743
426.364
137.972
1649.92
1134.99
750.107
425.745
137.772
1611.05
1142.9
755.965
428.657
138.621
1681.44
1145.19
754.618
427.758
138.342
1670.14
1157.08
761.244
430.906
139.252
1719.24
1156.12
759.746
430.085
138.996
1725.93
1164.38
764.238
432.246
139.638
10251.9
15827.7
10773
16150.4
11447.7
16471.9
11875.5
16635.5
11333.6
15914.4
10426.4
11759.1
10462.3
12370.6
10471.8
11635
10648.1
11765.9
9137.07
1557.19
332.522
74.6303
13.2247
10164.5
2893.21
702.656
159.52
28.2536
9218.05
1552.75
329.706
73.7377
13.0317
10242.6
2880.74
697.346
157.599
27.6786
9269.68
1539.79
324.321
72.2422
12.743
10273.5
2860.03
688.878
155.154
27.2134
9142.39
1486.48
310.398
68.9873
12.1633
10109.4
2789.3
669.617
150.603
26.3926
8626.51
1367.22
284.955
63.542
11.2307
9533.18
2635.67
634.937
143.238
25.1428
7612.86
1254.52
270.036
61.2155
10.9052
7795.1
2262.42
559.718
128.407
22.7617
7914.37
1283.41
272.999
61.4943
10.9184
8299.5
2404.46
589.551
134.158
23.652
7491.06
1246.26
269.48
61.2336
10.9192
7617.26
2197.1
543.991
125.195
22.2558
7454.6
1235.08
266.825
60.6506
10.8056
7614.88
2180.13
538.316
124.167
22.0369
34094.4
48437.1
47316.6
33068.1
19139.8
20102.8
28659.9
29956.4
22502.8
25238.9
35798.6
48889.2
45288
60026.8
29569.5
33723.1
23119.4
24712.1
12091.9
13246.3
4882.67
3196.75
782.657
590.379
666.948
579.921
717.78
4732.43
4626.68
2769.3
3871.91
3681.45
1574.4
2201.89
1978.34
1288.28
1490.7
1211.88
4276.73
2267.65
1410.31
1243.35
1604.35
1384.07
1070.88
1004.84
934.01
815.14
1128.49
1015
4496.25
2692.36
3099.51
1940.03
1579.78
2256.88
1091.91
841.129
1205.88
9862.76
9832.95
9909.17
10978.4
17753.7
7035.19
7981.38
8633.97
9595.56
11089.2
2052.83
2920.34
3573.14
4014.34
4241.5
1561.65
2248.55
2777.17
3135.63
3317.53
1761.93
2530.91
3116.93
3509.66
3706.88
1535.81
2214.72
2737.73
3091.27
3269.65
1890.92
2705.72
3322.97
3737.13
3946.5
9888.67
10077.8
9838.15
10306.2
15850.6
9644.16
9657.95
9260.91
9377.94
10611.2
6327.64
7427.55
7940.99
8415.67
9028.73
8317.34
8647.47
8346.23
8216.08
8378.88
7905.55
8296.72
7988.89
7735.42
7703.81
3907.73
5131.34
5882.49
6349.4
6607.68
5207.48
6389.93
6975.43
7340.25
7604.57
4742.62
5918.26
6502.72
6805.72
6962.43
3271.49
4433.67
5199.38
5673.66
5912.96
3717.68
4908.1
5632.48
6056.52
6266.46
3097.35
4233.98
4993.81
5461.1
5689.93
9109.88
9601
9650.72
10371.4
16147
5360.91
6621.64
7367.97
8007.01
8667.24
3554.25
4772.49
5575.42
6100.4
6396.16
3170.02
4330.67
5133.87
5671.24
5969.78
3979.22
5239.91
6065.67
6654.24
7052.98
3497.76
4726.92
5576.73
6174.36
6536.76
2761.45
3838.28
4620.91
5159.3
5455.59
2606.73
3648.87
4405.57
4911.05
5175.03
2435.58
3430.14
4150.65
4617.67
4849.74
2138.29
3039.23
3708.7
4150.9
4372.5
2903.07
4010.37
4780.66
5275.98
5529.14
2630.84
3676.02
4426.94
4920.68
5174.52
9311.28
9566.58
9694.92
10667
17024.5
6120.68
7244.12
7998.1
8881.56
10034.9
7155.67
8302.27
8832.25
9705.66
11699.1
4701.54
6032.75
6933.25
7695.2
8340.21
3936.45
5227.57
6114.27
6780.4
7235.75
5343.88
6635.98
7447.22
8185.86
8954.92
2814.01
3905.66
4691.9
5226.22
5516.87
2201.23
3119.55
3801.32
4255.75
4487.16
3083.38
4231.88
5040.11
5589.26
5896.2
18787.5
12436.7
19382.2
13882.2
25064.7
35901.1
26280.5
35856.5
19904.6
21023
17102.2
20338.8
22549.8
21396.4
28793.8
23538.6
14487.6
13590.7
7045.89
6021.99
15851.8
14536.3
8206.16
6726.5
19616.7
21174.1
20064
18274.4
20501.4
13511.3
11257.6
12976.8
18364
18327.4
38241.3
39966.5
26658.2
28029.8
16340.2
13381.1
17799.3
12286.8
8641.37
8332.77
14339.6
15888.5
5941.58
6491.88
15851.6
18140.1
7533.91
8330.61
15088.8
21161.8
8765.39
13546.1
3056.86
7485.9
2265.59
5157.75
18494.8
21113.5
18440.7
21498.1
20095.4
20351.3
21205.5
20879.8
16898.8
21362.8
19177
21064.1
18135.3
21651.8
18243.7
21833
21996
21100.4
22359.5
21248.2
14967
21493
14200
21628.9
18925.8
22477.7
22960.2
32134.3
20630.9
26651.3
23047.8
35274.5
17477.3
19258.2
22885
30698.1
16977.9
17606.4
23049.4
30352.4
19731.3
21334.8
24795.5
36897.1
19873
20310
26629.9
37447.4
19549.8
19186.1
28626.8
37101.8
18691.2
19481.7
20083
21494.6
32523.7
18706.1
17555.3
21417.4
19619.6
37219.4
19518
20452.8
20399.9
22266.2
40195.9
11737.5
10704.7
10936
14219.7
12838.1
11729
11356.9
14629.7
14144.9
12225
11865
14933.3
18088.7
17317
17054.4
16524.6
19820.8
18454.9
16436.4
14753.4
12416.9
15567.6
19133
18834.2
20369.2
20434.9
19649.5
18441.2
17926.6
15891.1
12219.6
15039.1
22190.8
24938.8
23044.2
26585.6
20880.9
21737.7
21516
23028.1
21449.3
21661.4
20917.4
20623.7
23328.8
27281.6
23534.5
27636
21436.2
23885.1
21611.4
24196.5
21753.7
21919.4
21928.8
22135.4
18424.5
17367
12022.4
13255.8
18359.9
16888.2
11999.9
13326
18699
17407.4
12231.8
13327.3
18826.8
17326.5
12604.5
13367.7
9778.93
9937.7
4272.16
3926.39
10891.6
10525.2
4735.54
4522.44
10612.4
9916.84
5382.85
5186.99
16980.3
16406.1
16667.7
16686
16717.6
16150.8
12646.2
11271.3
6356.38
5225.98
19034.2
18183.4
20475.3
19597.5
16360.7
15095.2
11824.1
10101.8
5838.93
4359.22
22383.5
21228.2
27546.7
23994.3
24985.9
22213.8
34338
25819.3
20490.5
16860.1
22367.4
17722
20325.3
17119.9
22431.7
17938.3
20949.8
18511.5
18907.3
17530.2
21400
22752.3
26806.1
28202.4
29500.6
31375.7
22103.5
23872.1
19925
20075.2
23964.5
25654.8
13742.5
10171.9
14204.2
10407
14008.2
10076.5
14385.3
10250.8
13909.9
9925.3
14325.2
10447.3
14372
10760.4
14985.8
10642.7
17430
16876.9
19301.9
17372.9
20020.4
19149.4
21962
19896.5
18954.7
14859.9
17967
14657.5
20771.9
17676.9
21729.2
17773.8
23570
20316.2
24245.3
20461.2
19695.4
15027.4
20285.7
15066.7
13218.6
9528.32
12208.5
8133.88
12624.3
9233.56
12127.4
8053.62
13657.6
9834.96
12269.1
8166.69
13886.6
10064.9
12194.1
8104.72
13192.9
13288.6
9550.33
8808.59
13314.6
13390.6
9397.39
8728.65
13260.7
12868.4
9164.44
8628.68
15383.2
18183.8
16167.6
12036.8
8899.43
16855.1
15740.4
17557.8
12049.3
8599.35
18591.2
16431.6
14554.4
12217.3
7979.27
13752.4
14757.2
8723.95
9353.79
13615.1
14362
8634.73
9186.61
12726.3
13089.2
8275.41
8364.95
16632.2
15691.9
14985.9
14340.6
15522.2
15840.8
12103.5
12766.6
8043.6
7836.09
16841.7
15362.3
15121.5
13721.3
13570.3
12866.8
11488.2
11373.7
7437.63
7829.03
14813.1
12564.7
14895.7
12010.9
16827.6
14205.2
17367
14404.6
12871.2
10813.3
12948.4
11563.3
15011.5
11754.2
15047.9
11696.8
17687.7
14916.6
17786.9
15029
12955.6
10338.2
12907.2
10292.2
10398.6
9120.54
7106.59
7636.66
10676
9795.31
7284.79
8008.74
10521.2
8847.99
7012.39
7695.4
10623.4
8600.4
7124.55
7534.47
17355.7
17277
23325.7
19740
16665.2
16692.4
22358.5
18856
14674.6
15230.2
20544.9
17536.6
15134.9
14568.1
13850.6
13598.8
15918.6
16274.3
14568.6
14470.2
18854.5
16033.2
14264.9
13514.9
12961.7
12721.2
13107.9
13366.2
13898
13530.9
18351.9
14678.8
6432.28
4079.47
2739.41
2115.16
6669.01
4206.74
2813.12
2134.38
6314.12
4004.4
2692.78
2092.86
6605.81
4161.39
2786.79
2111.88
6109.97
3864.33
2637.47
2049.61
6518.95
4065.76
2769.01
2074.7
6668.08
4056.32
2690.21
2056.11
6581.56
3962.81
2593.46
2002.75
5895.09
3728.42
2580.16
2002.27
4743.01
3198.99
2303.09
1875.24
5591.3
3613.98
2525.37
1938.01
4656.16
3210.31
2295.52
1843.48
6062.99
3777.16
2567.79
1995.24
4763.08
3177.03
2272.17
1871.59
6082.37
3754.71
2514.51
1956.89
4704.81
3138.86
2225.59
1828.15
5939.54
3838.65
2607.59
2054.53
5124.98
3482.88
2432.88
1982.31
5784.16
3760.91
2563.85
2023.49
5015.41
3437.84
2407.65
1972.04
5576.38
3640.54
2516.42
1998.9
4940.41
3382.26
2380.3
1968.56
5133.85
3419.53
2406.93
1989.94
4769.39
3289.78
2342.63
1893.49
4516.21
3196.51
2274.65
1845.55
3935.92
3120.5
2033.26
576.076
2103.85
2888.61
1902.76
628.828
3957.28
3115.75
2033.02
595.788
2236.72
2888.98
1899.7
631.266
4018.7
3095.11
2010.58
569.546
2445.86
2875.24
1875
616.997
3975.3
3044.12
2016.71
598.652
2462.19
2830.22
1856.14
617.126
3712.29
2942.19
2015.15
673.239
1969.41
2723.66
1821.22
613.33
3204.93
2717.02
1898.1
615.297
1001.44
2454.75
1736.73
595.723
3387.24
2813.43
1951.72
633.189
1183.47
2570.96
1773.21
600.826
3074.67
2638.94
1829.15
549.082
845.314
2367.42
1683.25
570.856
3026.25
2585.73
1779.75
524.688
898.198
2309.93
1641.08
554.352
1790.84
1279.76
836.085
468.593
150.607
1751.36
1269.43
833.249
467.673
150.371
1790.23
1274.9
832.571
466.708
150.024
1745.77
1261.75
828.173
465.028
149.565
1804.83
1270.94
828.576
464.468
149.325
1741.41
1253.01
822.374
462.022
148.654
1705.15
1235.06
813.017
457.541
147.331
1660.46
1210.09
799.625
451.078
145.421
1781.04
1257.07
820.867
460.692
148.203
1880.11
1265.5
819.701
459.377
147.751
1835.53
1271.86
826.447
463.052
148.866
1925.17
1276.56
824.543
461.579
148.384
1737.02
1239.61
812.204
456.61
147.008
1853.83
1250.34
811.934
455.716
146.683
1699.67
1216.95
799.863
450.636
145.246
1823.6
1230.8
801.229
450.553
145.17
1868.93
1295.07
839.526
469.57
150.842
1997.78
1308.97
841.933
470.19
150.991
1873.67
1292.15
837.063
468.21
150.417
1999.99
1306.31
839.967
469.132
150.663
1889.54
1288.22
833.283
466.128
149.766
2006.37
1301.15
836.355
467.237
150.074
1931.13
1286.87
829.893
464.15
149.139
2016.02
1293.4
831.844
464.947
149.36
1975.11
1283.98
827.542
462.914
148.76
12095.9
15964.5
12182.1
15997.2
12306
15983
12084.7
15769.3
11269.9
14967.5
10399.1
11653.1
10451
12153.3
10449.2
11579.7
10639.7
11748.9
9381.2
1556.92
327.925
73.1104
12.9123
10096.9
2862.96
691.389
156.239
27.5905
9338.27
1540.8
323.821
72.0725
12.7067
10053.7
2830.65
683.277
153.973
26.9871
9210.4
1511.05
316.647
70.3882
12.4033
9929.44
2783.9
671.202
151.099
26.4838
8935.36
1446.44
301.848
67.105
11.8332
9663.79
2696.85
649.936
146.382
25.6635
8407.68
1330.94
277.541
61.9358
10.9517
9125.47
2549.84
616.687
139.366
24.4822
7543.31
1240.92
266.716
60.4138
10.7586
7704.18
2230.96
551.308
126.406
22.4019
7794.77
1260.47
267.747
60.2893
10.7041
8119.88
2349.02
576.053
131.135
23.1266
7453.88
1238.98
267.652
60.7783
10.8342
7572.39
2181.31
539.558
124.095
22.0526
7442.85
1232.78
266.241
60.5033
10.7778
7601.12
2175.37
536.955
123.821
21.972
33650
48160.4
46317.4
31719.6
24786
29625.5
23875.1
29408.1
27743.8
44174.4
29553
45487.2
157.244
172.439
206.143
261.144
342.222
455.351
169.897
185.653
220.475
276.757
358.007
468.589
147.786
143.145
163.785
160.666
199.427
199.903
258.097
265.744
343.624
360.783
457.017
476.424
608.1
809.134
1077.89
1443.45
1870.19
2177.98
613.207
795.711
1018.86
1274.21
1521.46
1682.44
420.835
616.866
774.374
884.404
940.958
461.25
675.567
847.426
967.264
1028.78
550.926
805.796
1009.42
1150.98
1223.49
696.974
1017.26
1271.77
1447.93
1537.95
911.49
1326.17
1653.15
1878.22
1992.91
1208.91
1750.44
2172.82
2461.68
2608.63
454.507
665.839
835.431
953.765
1014.53
496.353
726.461
910.681
1038.96
1104.74
588.833
860.391
1076.86
1227.09
1303.97
737.964
1075.63
1343.16
1527.98
1622.35
952.399
1383.3
1721.9
1954.62
2073.21
1242.38
1795.47
2225.47
2519.43
2669.24
395.573
580.006
728.353
832.065
885.391
383.155
561.859
705.677
806.263
857.985
438.193
642.036
805.682
919.892
978.542
429.859
629.892
790.562
902.732
960.334
533.119
780.111
977.7
1115.18
1185.63
534.398
782.045
980.232
1118.15
1188.82
689.086
1006.32
1258.77
1433.63
1523
709.476
1036.08
1295.96
1475.93
1567.86
915.652
1333.17
1662.84
1889.84
2005.45
961.257
1399.28
1744.87
1982.55
2103.46
1214.28
1760.11
2186.5
2477.89
2625.8
1265.9
1834.88
2278.88
2581.66
2734.98
1605.99
2307.65
2846.55
3213.02
3400.08
2118.58
3007.57
3676.44
4131.65
4368.58
2781.99
3873.36
4672.87
5227.38
5533.42
3637.74
4910.64
5814.62
6481.62
6905.27
4561.46
5908
6839.63
7612.57
8222.28
5199.66
6554.28
7481.53
8326.88
9088.25
1617.82
2321.43
2860.98
3228.45
3416.66
2084.39
2961.09
3622.11
4072.79
4307.33
2642.22
3702.33
4486.04
5026.36
5317.89
3260.96
4489.74
5379.66
6010.11
6373.12
3838.05
5186.83
6147.25
6855.81
7299.42
4205.62
5618.19
6616.3
7376.05
7879.02
159.437
179.135
217.945
278.992
367.38
489.248
172.179
192.614
232.606
294.75
382.573
500.063
149.964
145.384
170.523
167.646
211.453
212.509
276.65
285.582
370.289
389.265
494.602
517.929
650.669
856.826
1124.18
1478.53
1888.88
2183.28
650.67
836.22
1057.58
1305.32
1540.85
1688.91
426.71
625.535
785.366
897.059
954.475
479.295
702.308
881.375
1006.4
1070.63
582.756
853.055
1069.54
1220.39
1297.79
745.211
1089.12
1363.51
1554.15
1651.82
979.724
1428.39
1784.39
2030.86
2156.97
1301.35
1890.12
2353.63
2673.36
2836.97
460.639
674.915
846.961
967.061
1028.74
515.131
754.342
946.144
1079.9
1148.55
621.59
909.121
1138.98
1298.92
1380.92
786.651
1148.31
1436.13
1635.8
1738.05
1019.09
1483.37
1850.6
2104.5
2234.42
1328.23
1925.27
2393.64
2716.45
2881.84
401.421
588.64
739.288
844.644
898.823
389.167
570.731
716.906
819.172
871.764
456.332
668.881
839.721
959.087
1020.43
448.638
657.668
825.762
943.245
1003.62
565.529
828.174
1038.77
1185.63
1261
568.363
832.399
1044.2
1191.92
1267.73
739.202
1080.92
1353.92
1543.74
1641
763.074
1115.89
1397.81
1593.82
1694.23
987.985
1441.56
1802.02
2051.73
2179.46
1038.64
1515.54
1894.53
2156.99
2291.17
1316.84
1915.23
2387.46
2713.29
2879.8
1379.36
2006.96
2502.43
2844.09
3018.49
1723.11
2487.01
3081.7
3491.03
3701.62
2251.76
3215.92
3954.89
4465.71
4733.9
2914.83
4088.86
4969.67
5591.55
5937.01
3744.41
5095.04
6080.36
6818.91
7287.64
4624.9
6027.82
7020.6
7850.77
8500.71
5219.82
6595.16
7545.19
8412.73
9190.71
1720.73
2478.73
3066.91
3471.69
3680.35
2196.86
3135.71
3854.02
4349.78
4609.52
2751.49
3875.81
4720.97
5311.18
5631.37
3350.94
4637.02
5583.98
6262.48
6654.18
3895.88
5284.68
6286.19
7030.56
7496.57
4225.35
5652.3
6665.43
7438.55
7950.1
4866.05
3196.16
840.868
639.055
736.219
635
782.682
4452.57
4263.72
2745.17
3484.26
1656.44
2219.67
1381.6
1540.18
1289.25
4152.5
2302.67
1498.78
1327.52
1677.98
1453.72
1130.65
1080.69
1032.27
902.804
1223.24
1101.47
4447.99
2699.13
3077.08
1972.22
1633.35
2288.4
1161.57
914.842
1282.67
9862.71
9885.84
10009.2
11140
18047.2
7049.67
8028.45
8716.76
9717.34
11247.9
2215.74
3176.13
3916.06
4426.48
4692.47
1695.58
2453.81
3046.53
3454.26
3663.13
1953.47
2826.57
3507.57
3974.26
4212.35
1687.32
2446.79
3042.1
3451.18
3659.95
2071.64
2987.38
3698.08
4185.62
4435.7
9767.44
10779.6
11302.9
12488.6
19223
9559.62
10773.3
11489
12567.1
14549.8
6512.01
8151.97
9275.55
10295.6
11273.9
8291.87
9927.46
10768.6
11652.1
12443.6
4221.63
5783.97
6908.8
7698.44
8147.87
5470.91
7175.61
8346.48
9222.47
9793.73
3581.69
5017.4
6077.62
6802.93
7188.9
3965.74
5503.68
6621.6
7387.18
7800.13
3360.84
4742.51
5771.95
6471.37
6836.23
9062.51
10009.3
10552.6
11748.8
18387.2
5569.7
7153.64
8271.86
9252.05
10148.2
3847.43
5323.38
6405.21
7170.18
7608.51
3429.58
4787.24
5797.38
6510.89
6913.57
4234.33
5737
6829.48
7653.35
8199.27
3715.64
5116
6148.54
6904.93
7364.01
2935.33
4125.18
5021.11
5654.19
6006.03
2826.68
4010.49
4908.23
5530.02
5860.83
2717.89
3889.08
4783.35
5392.61
5705.86
2384.48
3427.61
4231.51
4781
5062.88
3191.26
4510.05
5499.61
6178.8
6538.29
2884.03
4097
5016.4
5649.29
5982.93
9314.24
9735.5
10016.7
11175
17940.1
6175.81
7388.72
8242.45
9228.94
10471.9
7220.03
8610.99
9418.83
10576.7
12866.9
4820.24
6272.89
7310.19
8201.39
8937.3
4110.43
5549.16
6597.23
7408.04
7955.82
5507.24
7035.09
8122.82
9123.23
10080.9
3018.57
4247
5171.64
5821.78
6180.14
2410.14
3453.06
4254.35
4804.86
5090.43
3315.46
4631.79
5614.35
6311.53
6706.05
8665.36
8201.6
7383.24
6208.94
4555.98
1794.17
19111.2
19461.5
22009.5
22764.5
18701.8
19797
21010.5
20313.7
15698.3
19544.2
16396.8
20114.3
18796.2
16928.3
26415.3
18349.3
18554.7
20744.8
21240.8
17668.8
18747.6
20060.4
19574.6
15619
23623.2
16224.1
23466.1
18962.6
20611.7
28327.7
17483.6
17552.4
19124
19357.1
16881.2
18369.8
18779.6
18800.3
17915.4
20846.4
18697.4
20835.1
20571
22680.6
25439.3
16646.8
16734.1
17629.2
17692.4
16389.3
18114.1
17459.5
17759.8
16734.3
18160.4
17486.9
17692.7
18744.5
20313.8
21901.2
15775.3
15897.4
16594
16567.4
16033.5
17907.7
16573.6
17059.7
15805.6
14931.9
16573.9
14324.5
17174.3
17026.9
18009.5
15378.6
15544.7
15900
15838.4
15607.7
17147.8
15997.8
16404.6
15058.2
12794.4
15620.1
12518.3
15933.1
14895.8
16251.4
21857
20955.4
22923.3
24162.6
20161.7
20103.1
21318.9
20317.9
19240.8
14266.2
19154.8
14316
16999
15388.3
18538.2
20573.3
19919.7
21147.9
21964.5
19429.2
19539.6
20077.4
19236.9
17768.5
13766.9
17721.7
13840.8
15529.7
13841.2
17105
18872.2
18485.2
19004.6
19403.6
18195.3
18320.1
18463.6
17950.5
16786.3
13409.1
16561.3
13140.8
14840.5
12613
16689.8
17229.8
17008.7
17319.7
17500.7
16814.3
16878.8
17123.8
16715.7
15710.9
13667.8
15586.5
13348.1
14124.9
12575.8
16818.6
16330.9
16183.9
16352.8
16440.2
15868.2
15929.2
16300.5
16037.2
15363.9
14565
15282.1
14392.2
14100.3
12976.9
17209.3
15686.6
15552.5
15778
15833.5
15300.4
15549.7
15705.6
15588.3
15182.6
15124.4
15162.3
15012.2
14115.2
13423.8
17792.4
)
;

boundaryField
{
    patch1
    {
        type            calculated;
        value           nonuniform List<scalar> 
2440
(
14509.4
28255.6
0
0
0
0
0
0
0
0
14505
28238.4
0
0
0
0
0
0
0
0
11947.5
19348.2
21127.6
33122.9
43571.7
28200.1
17907.4
8996.19
48422.8
19430.4
28658.9
22472
35767.3
45238.1
29527.8
23149.3
12559.2
0
0
0
0
0
0
0
0
0
0
0
0
0
0
0
0
0
0
0
0
0
0
0
0
0
0
0
0
0
0
0
0
0
0
0
48149
0
0
0
0
0
0
0
0
0
0
0
0
0
0
0
0
0
0
0
0
0
0
0
0
0
0
0
0
0
0
0
0
0
0
0
0
0
0
0
0
0
0
0
0
0
0
0
0
0
0
0
0
0
0
0
0
0
11754.1
19340.6
21149.4
33151.5
43623.5
28250.9
17915.4
8727.44
48427.9
19139.8
28659.9
22502.8
35798.6
45288
29569.5
23119.4
12091.9
0
0
0
0
0
0
0
0
0
0
0
0
0
0
0
0
0
0
0
0
0
0
0
0
0
0
0
0
0
0
0
0
0
0
0
48151.1
0
0
0
0
0
0
0
0
0
0
0
0
0
0
0
0
0
0
0
0
0
0
0
0
0
0
0
0
0
0
0
0
0
0
0
0
0
0
0
0
0
0
0
0
0
0
0
0
0
0
0
0
0
0
0
0
0
15709.3
22699.4
0
0
0
0
0
14895.9
16253.1
13423.9
17794.5
15709.6
22697.6
0
0
0
0
0
14895.8
16251.4
13423.8
17792.4
19025
27159.1
27956
22521.1
21763.7
28180.8
28175.4
22561.6
22560
17813.4
13458.3
17283
13508.5
17789.1
13514.5
17637.2
13564
782.804
616.841
1045.47
1309.36
2223.54
2439.5
20035.5
19267.9
14191.7
8825.95
3152.17
18726.1
18850.3
12956.7
7819.36
2965.26
22892.6
1247.3
3234.93
1458.99
3978.29
2634.2
5251.22
15924.3
11637.4
8807.94
7211.32
6597.05
13276.3
10118.4
8364.39
7442.88
7399.57
0
0
0
0
0
0
0
0
0
0
0
0
0
0
0
0
0
0
0
0
0
0
0
0
0
0
0
0
0
0
0
0
0
0
0
0
0
0
0
0
0
0.854823
-0.328089
0.850436
-0.4059
0.838715
-0.402988
0.813689
-0.387025
0.785664
-0.372703
0.242983
-0.135201
0.513797
-0.266604
0.0882126
-0.0502436
0.0176727
-0.00915977
34092.4
47315.7
33066.9
20407.1
29991.7
25218.1
48858.8
59975.2
33717.7
24737.3
13764.6
25095.5
26848.4
21881.3
20743.7
27646.3
28016.6
22234.1
22462.5
17563
13368.6
17009
13415.2
17640
13454.5
17588.6
13541.4
9923.39
3883.46
10535.5
4522.34
9917.68
5186.82
16406.1
16686.1
16151.3
11271.4
5225.91
18183.5
19597.6
15095.3
10101.8
4359.16
17270.4
19721.6
16712.8
18861.1
15231.2
17536.8
14568.1
13599.1
16275
14470.7
16033.5
13515.1
12721.6
13366.7
13531.4
14679.2
0
0
0
0
0
0
0
0
0
0
0
0
0
0
0
0
0
0
0
0
0
0
0
0
0
0
0
0
0
0
0
0
0
0
0
0
0
0
0
0
0
0.831509
-0.31893
0.826858
-0.394617
0.815171
-0.391523
0.791363
-0.376266
0.766333
-0.363653
0.239157
-0.134013
0.503075
-0.26227
0.0872512
-0.0501806
0.017558
-0.00922967
33650
46328.8
31725
29523.5
29445.7
44281.4
45263.5
15382.2
15543.1
15899
15839.7
15607.3
17147.7
15997.3
16404.4
15061.9
12788.6
15619.6
12513.4
15933.1
15682.3
15550.9
15777.1
15831.2
15300
15549.7
15705.1
15588.2
15176.6
15090.5
15162
15009.1
14115.5
19020.1
27159.3
27956.2
22521.7
21764.2
28181
28175.6
22562.1
22560.5
17814.1
13459
17283.8
13509.3
17789.8
13515.2
17637.8
13564.7
768.477
610.284
1047.09
1311.61
2224.33
2440.81
20036
19268.7
14192.6
8826.88
3152.88
18726.5
18851
12957.5
7820.06
2965.66
22888.1
1226.94
3199.1
1459
3978.49
2634.54
5251.74
15924.3
11637.1
8807.51
7211.11
6597.18
13276.3
10118.2
8364.18
7442.72
7399.48
0
0
0
0
0
0
0
0
0
0
0
0
0
0
0
0
0
0
0
0
0
0
0
0
0
0
0
0
0
0
0
0
0
0
0
0
0
0
0
0
0
0.853683
-0.3302
0.85024
-0.405361
0.838496
-0.402822
0.813574
-0.386968
0.785617
-0.372688
0.242986
-0.135208
0.513791
-0.266615
0.0882153
-0.0502463
0.0176734
-0.00916028
34093.7
47324.6
33069.4
20039.4
29983.6
25247
48886.8
60016.7
33759.2
24700
13222.8
25095.4
26848.4
21881.8
20744.2
27646.4
28016.7
22234.6
22462.9
17563.9
13369.4
17009.9
13416.1
17640.8
13455.2
17589.3
13542.1
9937.74
3926.37
10525.2
4522.44
9916.84
5186.99
16406.1
16686
16150.8
11271.3
5225.98
18183.4
19597.5
15095.2
10101.8
4359.22
17277
19740
16692.4
18856
15230.2
17536.6
14568.1
13598.8
16274.3
14470.2
16033.2
13514.9
12721.2
13366.2
13530.9
14678.8
0
0
0
0
0
0
0
0
0
0
0
0
0
0
0
0
0
0
0
0
0
0
0
0
0
0
0
0
0
0
0
0
0
0
0
0
0
0
0
0
0
0.830436
-0.320999
0.826701
-0.394109
0.814996
-0.39138
0.791286
-0.376228
0.766314
-0.363651
0.239166
-0.134021
0.503082
-0.262286
0.0872549
-0.0501833
0.0175588
-0.00923011
33649.3
46325.8
31720.9
29602.7
29430.7
44220
45430.1
15378.7
15544.7
15900.1
15838.5
15607.7
17147.8
15997.8
16404.6
15058.2
12794.4
15620.1
12518.3
15933.1
15686.6
15552.5
15778
15833.5
15300.4
15549.7
15705.6
15588.3
15182.6
15124.4
15162.3
15012.2
14115.2
19584.1
7263.31
1794.24
19583.1
7263.18
1794.17
19988.4
20371.2
27004
24024.4
8413.38
6036.29
10046.9
8171.17
566.769
715.643
4886.03
5395.94
9984.85
10773.1
25491.6
26087.2
19925.8
522.515
150.471
3897.51
3119.21
7678.23
6471.97
238.527
205.793
208.786
2448.41
1926.86
1654.73
4996.4
4235.06
3956.88
27333.4
26696.1
30688.5
26708.5
21147.2
21423
23729.6
22305.6
131.048
100.741
1441.97
1154.5
1602.73
1865.16
14869.1
21263.8
8714.36
122.08
176.873
1019.91
934.886
1884.7
1952.84
85.3646
87.0552
101.272
1027.62
1063.89
1064.52
2431.95
2693.34
2755.84
10304.3
10770.4
11446
11874.4
11332.8
10425.8
10461.6
10471.2
10647.5
12121.5
12179.7
12304.6
12083.6
11269
10398.3
10450.2
10448.5
10639.1
19991.4
20373.6
27017.3
24030.2
8240.93
5915.34
10018.6
8161.16
488.763
613.286
4869
5381.44
9981.62
10769.5
25491.6
26088.1
19925.2
437.12
67.6946
3907.14
3127.43
7675.45
6471
190.228
165.464
175.012
2458.7
1930.94
1655.14
4996.67
4235.75
3957.51
27337.9
26697.4
30702.9
26714.2
20968.4
21369
23698.3
22276.9
113.42
85.1339
1433.28
1145.6
1601.73
1864.41
14869.6
21264.9
8714.23
106.446
168.986
1010.48
927.065
1884.06
1951.97
72.0776
72.3349
84.3793
1019.61
1059.44
1061.44
2430.9
2692.36
2755.16
10251.9
10773
11447.7
11875.5
11333.6
10426.4
10462.3
10471.8
10648.1
12095.9
12182.1
12306
12084.7
11269.9
10399.1
10451
10449.2
10639.7
20934.7
15668.3
1719.35
1156.18
759.779
430.099
139
1726.05
1164.44
764.272
432.263
139.642
23958.4
25650.7
26180.8
24157.5
25476.2
26160.1
2016.02
1293.4
831.844
464.947
149.36
1975.11
1283.98
827.542
462.914
148.76
8665.36
8201.6
7383.24
6208.94
4555.98
26484.2
26236.6
24536.2
24238.4
19893.8
18116.4
24794
22163.5
20403.9
23098
20578.2
18890.1
15314.6
13106.4
11910.6
20475.4
19597.6
16360.6
15095.3
11823.9
10101.8
5838.77
4359.16
14385.7
10765.2
15021.6
10650.8
6668.33
4056.44
2690.3
2056.19
6582.2
3963.11
2593.62
2002.86
1705.2
1235.1
813.044
457.554
147.334
1660.54
1210.14
799.658
451.094
145.425
145.395
167.658
212.524
285.601
389.289
517.959
389.197
570.775
716.962
819.236
871.832
448.672
657.717
825.823
943.316
1003.7
568.403
832.457
1044.27
1192
1267.82
763.124
1115.96
1397.9
1593.93
1694.35
1038.71
1515.63
1894.65
2157.13
2291.31
1379.44
2007.07
2502.58
2844.27
3018.67
1032.32
2718.02
3889.27
4783.59
5392.89
5706.16
22782.6
20549.1
18851
16957.3
14399.5
12957.5
11115.3
8777.41
7820.06
5469.88
3724.73
2965.66
15014.4
10728.9
15226.9
10645
20511
19428.4
14556.1
12935.4
7405.63
6986.13
18036.2
16707.2
15748.1
11904.1
11509.3
11159.6
7185.93
7217.56
7139.48
6256.93
3693.51
2432.55
1873.22
6444.13
3836.73
2506.33
1939.13
1575.87
1157.72
770.294
436.592
141.079
1612.92
1180.93
783.428
443.116
143.041
934.01
2435.58
3430.14
4150.65
4617.67
4849.74
143.145
160.666
199.903
265.744
360.783
476.424
383.155
561.859
705.677
806.263
857.985
429.859
629.892
790.562
902.732
960.334
534.398
782.045
980.232
1118.15
1188.82
709.476
1036.08
1295.96
1475.93
1567.86
961.257
1399.28
1744.87
1982.55
2103.46
1265.9
1834.88
2278.88
2581.66
2734.98
26180.2
24157.6
25483.7
26163.6
2016.03
1293.42
831.859
464.953
149.361
1975.15
1284.01
827.56
462.923
148.762
8665.75
8201.98
7383.56
6209.2
4556.16
20935.5
15668.2
1719.24
1156.12
759.746
430.085
138.996
1725.93
1164.38
764.238
432.246
139.638
23955.4
25648.1
44787.2
57723.7
29873.5
32631.5
14834.3
16501.7
2038.75
2172.51
0
0
0
0
0
0
0
0
0
0
0
0
0
0
0
20901.5
19372.1
23328.2
19908.4
23445.3
24347.5
15488.6
9900.42
15439.9
9838.35
5576.61
3374.72
2282.2
1779.36
5698.3
3444.55
2329.64
1804.12
-355.49
1480.6
1245.26
442.303
-64.2872
1567.9
1272.69
451.747
432.101
1715.69
1312.51
456.868
965.215
1880.47
1370.64
476.473
1119.55
2006.63
1424.88
493.649
834.556
2143.71
1526.37
524.044
791.139
2080.13
1474.88
506.044
782.461
2198.22
1560.13
527.215
885.307
2257.19
1601.36
540.023
1498.85
1115.33
748.113
425.979
137.939
1522.92
1127.33
754.066
428.744
138.743
1716.47
1175.79
771.533
435.95
140.774
1714.17
1168.73
767.099
433.703
140.088
1747.84
1189.57
779.062
439.682
141.902
1787.26
1209.69
789.762
444.942
143.491
1635.57
1129.45
747.604
424.629
137.452
1649.93
1135.05
750.144
425.757
137.772
1681.5
1145.25
754.649
427.77
138.344
15977.5
16241.1
16564.4
16683
15952.6
11794.9
12399.1
11675.4
11809.9
10236.2
2914.47
708.482
160.874
28.5394
10302
2898.47
701.798
158.647
27.9435
10331.6
2877.22
693.154
156.156
27.4698
10168.2
2806.63
673.885
151.595
26.6465
9587.96
2652.17
639.025
144.191
25.3881
7837.4
2275.22
562.864
129.128
22.9483
8343.02
2417.92
592.906
134.939
23.8537
7658.8
2209.51
547.014
125.88
22.4334
7656.55
2192.62
541.392
124.813
22.2144
43998.8
58520.5
24800.6
29168.1
13775.7
15789.8
1599.89
1964.65
666.985
3681.47
1978.38
1211.93
1762.03
2531.07
3117.12
3509.89
3707.13
7905.63
8296.9
7989.12
7735.67
7704.07
4742.74
5918.46
6502.98
6806.03
6962.77
3097.48
4234.17
4994.06
5461.41
5690.26
0
0
0
0
0
0
0
0
0
0
22342.5
17709.8
22432.6
17940.6
22109.7
23878.9
14190.8
10394.8
14378.6
10247.1
6663.06
4203.42
2810.96
2133.46
6605.06
4161.12
2786.73
2111.93
2087.51
2886.19
1901.98
628.736
2237.72
2888.58
1899.53
631.196
2446.28
2875.13
1874.93
616.974
2462.43
2830.24
1856.13
617.125
1969.58
2723.73
1821.26
613.342
1001.55
2454.9
1736.82
595.751
1183.59
2571.07
1773.28
600.847
845.409
2367.6
1683.36
570.891
898.304
2310.15
1641.22
554.396
1751.5
1269.3
833.082
467.572
150.34
1745.8
1261.8
828.196
465.035
149.565
1880.19
1265.55
819.726
459.39
147.755
1925.23
1276.59
824.565
461.589
148.386
1853.92
1250.39
811.965
455.732
146.688
1823.71
1230.86
801.265
450.572
145.176
1998.6
1309.01
841.87
470.143
150.973
1999.9
1306.34
839.986
469.134
150.66
2006.35
1301.17
836.367
467.239
150.073
16070.6
16073.5
16060.5
15809.2
15000.2
11688.9
12182.5
11619.9
11792.8
10157.8
2882.56
696.932
157.539
27.8661
10110.2
2847.62
687.558
154.983
27.2432
9984.68
2800.39
675.307
152.063
26.7312
9719.84
2713.51
654.043
147.338
25.9089
9178.26
2565.81
620.644
140.289
24.7206
7746.05
2243.6
554.408
127.116
22.5856
8162.6
2362.19
579.33
131.897
23.3239
7613.68
2193.64
542.555
124.775
22.2287
7642.7
2187.84
540.022
124.465
22.1491
169.91
185.667
220.491
276.776
358.03
468.618
613.243
795.754
1018.91
1274.26
1521.52
1682.51
454.542
665.89
835.495
953.839
1014.61
496.39
726.516
910.75
1039.04
1104.82
588.876
860.455
1076.94
1227.18
1304.07
738.016
1075.71
1343.26
1528.1
1622.47
952.462
1383.39
1722.03
1954.76
2073.36
1242.46
1795.59
2225.62
2519.61
2669.42
1617.91
2321.57
2861.17
3228.67
3416.89
2084.51
2961.27
3622.34
4073.06
4307.63
2642.36
3702.54
4486.31
5026.69
5318.25
3261.11
4489.98
5379.98
6010.5
6373.56
3838.22
5187.1
6147.62
6856.25
7299.92
4205.8
5618.47
6616.68
7376.52
7879.54
172.191
192.628
232.622
294.769
382.596
500.092
650.706
836.264
1057.63
1305.38
1540.91
1688.98
460.673
674.966
847.025
967.135
1028.82
515.168
754.397
946.213
1079.98
1148.64
621.633
909.184
1139.06
1299.01
1381.02
786.702
1148.38
1436.22
1635.91
1738.17
1019.15
1483.46
1850.71
2104.63
2234.57
1328.31
1925.39
2393.78
2716.62
2882.03
1720.83
2478.87
3067.09
3471.9
3680.58
2196.98
3135.88
3854.24
4350.04
4609.8
2751.63
3876.02
4721.24
5311.5
5631.72
3351.1
4637.26
5584.3
6262.85
6654.59
3896.06
5284.95
6286.54
7030.98
7497.05
4225.53
5652.58
6665.8
7439.01
7950.62
736.258
3484.34
1289.31
1953.57
2826.73
3507.77
3974.48
4212.59
8292.09
9927.77
10769
11652.5
12444.1
3360.99
4742.73
5772.22
6471.68
6836.57
44839.5
57749.5
29929.8
32632.9
14843.8
16548.4
1391.32
1482.78
0
0
0
0
0
0
0
0
0
0
0
0
0
0
0
20690.5
19306.4
23293.4
19880.4
23443.5
24346.5
15486.2
9907.2
15423.6
9834.53
5574.84
3372.79
2281.18
1778.35
5697.56
3444.24
2329.41
1803.95
-355.276
1479.06
1244.83
442.124
-64.8795
1567.91
1272.67
451.761
431.839
1715.49
1312.4
456.836
964.974
1880.2
1370.48
476.42
1119.31
2006.32
1424.7
493.588
834.388
2143.4
1526.18
523.983
790.949
2079.82
1474.69
505.982
782.325
2197.94
1559.96
527.158
885.189
2256.94
1601.2
539.972
1497.49
1114.63
747.796
425.838
137.897
1522.84
1127.27
754.033
428.732
138.742
1716.33
1175.72
771.495
435.931
140.769
1714.04
1168.67
767.063
433.685
140.083
1747.7
1189.5
779.022
439.662
141.897
1787.13
1209.62
789.723
444.922
143.484
1634.43
1129.05
747.451
424.568
137.436
1649.92
1134.99
750.107
425.745
137.772
1681.44
1145.19
754.618
427.758
138.342
15918.2
16243.2
16565.3
16683.6
15953.2
11795.5
12399.7
11676
11810.5
10221.1
2908.47
706.725
160.449
28.4615
10300.2
2897.79
701.559
158.578
27.93
10331.1
2876.99
693.065
156.127
27.4636
10168.2
2806.58
673.855
151.583
26.6437
9588.22
2652.21
639.023
144.187
25.387
7837.79
2275.32
562.887
129.133
22.9489
8343.38
2418.01
592.92
134.941
23.8538
7659.2
2209.62
547.04
125.886
22.4343
7656.96
2192.74
541.42
124.819
22.2155
44049.8
58563.8
24845.9
29215.7
13730.3
15737.2
1075.5
1324.55
666.948
3681.45
1978.34
1211.88
1761.93
2530.91
3116.93
3509.66
3706.88
7905.55
8296.72
7988.89
7735.42
7703.81
4742.62
5918.26
6502.72
6805.72
6962.43
3097.35
4233.98
4993.81
5461.1
5689.93
0
0
0
0
0
0
0
0
0
0
22371.8
17725.3
22431.7
17939
22106.6
23877.2
14204.2
10407.1
14377.5
10249
6669.01
4206.74
2813.12
2134.38
6605.81
4161.39
2786.79
2111.88
2103.85
2888.61
1902.76
628.828
2236.72
2888.98
1899.7
631.266
2445.86
2875.24
1875
616.997
2462.19
2830.22
1856.14
617.126
1969.41
2723.66
1821.22
613.33
1001.44
2454.75
1736.73
595.723
1183.47
2570.96
1773.21
600.826
845.314
2367.42
1683.25
570.856
898.198
2309.93
1641.08
554.352
1751.36
1269.43
833.249
467.673
150.371
1745.77
1261.75
828.173
465.028
149.565
1880.11
1265.5
819.701
459.377
147.751
1925.17
1276.56
824.543
461.579
148.384
1853.83
1250.34
811.934
455.716
146.683
1823.6
1230.8
801.229
450.553
145.17
1997.78
1308.97
841.933
470.19
150.991
1999.99
1306.31
839.967
469.132
150.663
2006.37
1301.15
836.355
467.237
150.074
16041.8
16075.6
16061.6
15810.1
15001
11689.7
12183.3
11620.6
11793.5
10152.2
2877.9
695.375
157.146
27.7927
10109.7
2847.31
687.391
154.927
27.2316
9984.82
2800.39
675.273
152.045
26.7267
9720.22
2713.6
654.05
147.334
25.9075
9178.72
2565.93
620.666
140.291
24.7205
7746.52
2243.73
554.439
127.123
22.5867
8163.09
2362.32
579.359
131.902
23.3246
7614.13
2193.76
542.586
124.782
22.2299
7643.13
2187.96
540.052
124.472
22.1502
169.897
185.653
220.475
276.757
358.007
468.589
613.207
795.711
1018.86
1274.21
1521.46
1682.44
454.507
665.839
835.431
953.765
1014.53
496.353
726.461
910.681
1038.96
1104.74
588.833
860.391
1076.86
1227.09
1303.97
737.964
1075.63
1343.16
1527.98
1622.35
952.399
1383.3
1721.9
1954.62
2073.21
1242.38
1795.47
2225.47
2519.43
2669.24
1617.82
2321.43
2860.98
3228.45
3416.66
2084.39
2961.09
3622.11
4072.79
4307.33
2642.22
3702.33
4486.04
5026.36
5317.89
3260.96
4489.74
5379.66
6010.11
6373.12
3838.05
5186.83
6147.25
6855.81
7299.42
4205.62
5618.19
6616.3
7376.05
7879.02
172.179
192.614
232.606
294.75
382.573
500.063
650.67
836.22
1057.58
1305.32
1540.85
1688.91
460.639
674.915
846.961
967.061
1028.74
515.131
754.342
946.144
1079.9
1148.55
621.59
909.121
1138.98
1298.92
1380.92
786.651
1148.31
1436.13
1635.8
1738.05
1019.09
1483.37
1850.6
2104.5
2234.42
1328.23
1925.27
2393.64
2716.45
2881.84
1720.73
2478.73
3066.91
3471.69
3680.35
2196.86
3135.71
3854.02
4349.78
4609.52
2751.49
3875.81
4720.97
5311.18
5631.37
3350.94
4637.02
5583.98
6262.48
6654.18
3895.88
5284.68
6286.19
7030.56
7496.57
4225.35
5652.3
6665.43
7438.55
7950.1
736.219
3484.26
1289.25
1953.47
2826.57
3507.57
3974.26
4212.35
8291.87
9927.46
10768.6
11652.1
12443.6
3360.84
4742.51
5771.95
6471.37
6836.23
22782.4
20548.6
18850.3
16956.8
14398.9
12956.7
11114.7
8776.76
7819.36
5469.39
3724.27
2965.26
15020.5
10732.6
15230.1
10647.2
20510.8
19428.4
14556.4
12935.8
7405.74
6986.44
18036.4
16707.2
15748.1
11904.5
11509.7
11160
7186.41
7218.07
7139.9
6258.26
3694.01
2432.81
1873.37
6445.17
3837.16
2506.55
1939.28
1575.97
1157.78
770.331
436.609
141.084
1613.01
1180.99
783.465
443.135
143.046
934.054
2435.7
3430.32
4150.89
4617.95
4850.04
143.156
160.679
199.918
265.763
360.807
476.454
383.185
561.903
705.733
806.328
858.054
429.893
629.942
790.624
902.803
960.41
534.438
782.105
980.307
1118.23
1188.91
709.527
1036.15
1296.05
1476.04
1567.98
961.322
1399.37
1744.99
1982.69
2103.61
1265.98
1835
2279.03
2581.84
2735.17
26484.3
26236.5
24535.9
24238.2
19892.8
18115.8
24794
22163.8
20404.3
23098.1
20578.8
18890.9
15314.7
13107
11911.4
20475.3
19597.5
16360.7
15095.2
11824.1
10101.8
5838.93
4359.22
14384.4
10764.5
15019.8
10649.4
6668.08
4056.32
2690.21
2056.11
6581.56
3962.81
2593.46
2002.75
1705.15
1235.06
813.017
457.541
147.331
1660.46
1210.09
799.625
451.078
145.421
145.384
167.646
212.509
285.582
389.265
517.929
389.167
570.731
716.906
819.172
871.764
448.638
657.668
825.762
943.245
1003.62
568.363
832.399
1044.2
1191.92
1267.73
763.074
1115.89
1397.81
1593.82
1694.23
1038.64
1515.54
1894.53
2156.99
2291.17
1379.36
2006.96
2502.43
2844.09
3018.49
1032.27
2717.89
3889.08
4783.35
5392.61
5705.86
)
;
    }
    patch2
    {
        type            calculated;
        value           nonuniform List<scalar> 
348
(
8800.12
8799.71
9335.32
5598.35
4546.88
5985.75
10529
6280.33
5164.6
6820.09
9334.59
5597.97
4546.58
5985.34
10528.5
6279.98
5164.31
6819.72
17711.8
11970.3
4300.54
3363.8
3756.68
3314.77
3999.77
15471.7
11134.1
9370.38
8530.84
7744.64
6685.92
7711.28
7011.25
5976.81
6322.98
5748.58
15847.2
9000.32
6485.68
6057.24
7199.23
6652.26
5539.38
5245.49
4908.58
4428.74
5596.42
5241.55
17006.1
10672.2
12652.1
8614.68
7397.97
955.379
1044.45
1241.95
1560.83
2022.04
2645.98
1030.01
1121.48
1323.52
1646.33
2103.34
2707.39
898.991
871.171
993.487
975.006
1203.57
1206.8
1545.72
1591.21
2034.78
2134.11
2663.29
2773.76
3447.95
4430.79
5619.69
7044.37
8465.82
9421.26
3464.97
4368.78
5397.58
6479.81
7441.76
8049.04
969.113
1086.99
1317.5
1676.67
2189.04
2878.64
1044.46
1166.04
1401.79
1764.06
2267.49
2924.05
912.638
885.169
1036.07
1019
1280.2
1287.03
1665.74
1719.76
2211.93
2325.25
2922.13
3062.77
3755.67
4804.48
6034.2
7440.32
8758.01
9529.74
3734.03
4677.67
5718.86
6768.98
7645.6
8122.76
18006.8
12145.5
4761.87
3716.46
4272.93
3713.02
4499.72
18860.4
15274.7
11738
12780.7
8279.3
9987.19
7292.91
7913.23
6932.14
18161.6
10563.4
7737.98
7030.14
8389.94
7507.47
6105.23
5949.41
5786.59
5135.2
6634.47
6071.54
17915.8
11147.4
13935.5
9243.04
8146.33
17710.4
11969.4
4300.25
3363.57
3756.43
3314.54
3999.5
15470.2
11133.3
9369.7
8530.4
7744.37
6685.51
7710.82
7010.9
5976.45
6322.63
5748.25
15845.7
8999.64
6485.26
6056.84
7198.73
6651.8
5538.99
5245.14
4908.28
4428.46
5596.07
5241.21
17004.6
10671.4
12651
8614.04
7397.44
955.304
1044.37
1241.85
1560.71
2021.89
2645.79
1029.93
1121.4
1323.42
1646.21
2103.19
2707.19
898.919
871.101
993.408
974.928
1203.47
1206.71
1545.6
1591.09
2034.64
2133.96
2663.11
2773.57
3447.71
4430.49
5619.3
7043.87
8465.21
9420.59
3464.73
4368.48
5397.21
6479.37
7441.25
8048.49
969.038
1086.91
1317.41
1676.56
2188.9
2878.46
1044.38
1165.95
1401.69
1763.94
2267.34
2923.87
912.567
885.1
1035.99
1018.93
1280.11
1286.94
1665.63
1719.65
2211.79
2325.1
2921.95
3062.58
3755.44
4804.2
6033.84
7439.86
8757.46
9529.09
3733.8
4677.38
5718.51
6768.56
7645.11
8122.22
18005.5
12144.7
4761.59
3716.24
4272.69
3712.81
4499.46
18859.5
15274.1
11737.5
12780.2
8278.9
9986.74
7292.55
7912.85
6931.79
18160.7
10562.8
7737.59
7029.77
8389.5
7507.06
6104.88
5949.08
5786.28
5134.91
6634.13
6071.22
17914.7
11146.7
13934.7
9242.49
8145.87
8609.8
5069.83
4023.1
9351.06
5804.22
4730.41
10515.5
6933
5871.26
11920
8114.47
6969.4
13483.3
8923.31
7593.1
25076
21778
24248.4
20759.7
22996.2
19239.6
21827.6
17630.6
20255
16031.2
8586.86
5039.21
3990.84
9347.59
5805.23
4731.4
10514.1
6933.07
5871.6
11918.8
8114.22
6969.43
13482.1
8922.89
7592.97
25109.2
21804.2
24242.7
20761.3
22994.2
19239
21826.5
17629.9
20254.1
16030.6
)
;
    }
    patch3
    {
        type            calculated;
        value           uniform 0;
    }
    patch4
    {
        type            calculated;
        value           nonuniform List<scalar> 
384
(
6480.58
12594.7
15608.5
41094.8
53157.9
24264.7
14252.3
5760.77
12438.5
13928.7
36085.5
35580.6
6234.4
12601.5
15595.3
41108.8
53183.3
24264.8
14279.2
5434.91
12357.6
13953
36047.6
35643.6
11439.8
12984.9
38753.4
40014.7
11264.1
12958.5
38267.1
39921.4
11440.8
12986.4
38760.5
40019.6
11265.3
12959.8
38266.7
39924.4
7923.44
8147.89
8629.72
8320.32
2619.1
6721.33
2184.67
5012.36
3061.63
7490.3
2274.55
5163.19
8624.35
8318.32
7924.6
8149.02
4750.1
3532.96
6112.15
4953.48
15696.7
13234.6
3425.43
4158.25
5338.27
6267.24
7144.22
6116.44
8181.07
6697.64
16328.6
13371.5
6026.73
6586.68
7501.38
8305.84
4591.21
3427.01
6110.44
4967.39
15697.5
13236.1
3333.96
4056.62
5352.89
6284.52
7062.43
6032.93
8206.2
6727.73
16333.1
13373.8
5941.43
6491.89
7525.54
8329.07
3058.34
7485.53
2273.68
5161.66
2620.52
6724.48
2185.18
5013.57
50937.1
55579.5
53726.5
56422.8
50943.6
55584.3
53733.1
56428.5
10378.4
4465.99
13807.1
6657.87
19489.9
12137.9
7174.76
5349.16
23433.6
39276.6
28790.9
44877
20062.8
36717.7
18579.6
36009.8
16770.2
6832.08
19274.6
8684.15
23689.5
14336.2
7977.92
5513.98
24744.2
39578.4
30920.5
45459.7
20710.9
36852
18762.8
36044.1
10222.6
4359.15
13822.2
6677.09
19498.3
12147.1
7178.35
5350.55
23438.1
39279.9
28795.8
44880.8
20066
36720.5
18582.2
36012.5
16658.2
6731.39
19292.7
8709.53
23700
14349.1
7983.02
5515.68
24750.2
39582.5
30926.8
45464.6
20715.1
36855.3
18765.6
36047
17358.3
35428.6
21978.6
40127.1
28415
44510.9
39292.9
27394.7
47208.3
30114.9
49350.6
34032.4
50331.3
41833.1
17151.6
35155.7
21997.4
40155.5
28424.6
44521.7
39298.4
27276.8
47060.2
30132.2
49377
34041.5
50340.9
41839.2
9147.55
9220.76
9270.3
9142.34
8626.22
7612.47
7914
7490.66
7454.19
9383.47
9339.58
9210.39
8934.99
8407.22
7542.84
7794.29
7453.43
7442.43
9137.07
9218.05
9269.68
9142.39
8626.51
7612.86
7914.37
7491.06
7454.6
9381.21
9338.28
9210.4
8935.36
8407.68
7543.3
7794.77
7453.88
7442.85
1567.45
1552.08
1539.72
1486.47
1367.19
1254.46
1283.36
1246.2
1235.02
1566.36
1539.94
1510.86
1446.36
1330.87
1240.84
1260.39
1238.91
1232.71
1557.19
1552.75
1539.79
1486.48
1367.22
1254.52
1283.41
1246.26
1235.08
1556.92
1540.8
1511.05
1446.44
1330.94
1240.92
1260.47
1238.98
1232.78
335.188
329.579
324.311
310.4
284.951
270.024
272.99
269.466
266.811
330.467
323.667
316.613
301.834
277.528
266.701
267.733
267.637
266.227
332.522
329.706
324.321
310.398
284.955
270.036
272.999
269.48
266.825
327.925
323.821
316.647
301.848
277.541
266.716
267.747
267.652
266.241
75.2457
73.7176
72.2442
68.99
63.5423
61.2131
61.4928
61.2307
60.6475
73.7028
72.0481
70.3854
67.1041
61.9338
60.4106
60.2865
60.775
60.5001
74.6303
73.7377
72.2422
68.9873
63.542
61.2155
61.4943
61.2336
60.6506
73.1104
72.0725
70.3882
67.105
61.9358
60.4138
60.2893
60.7783
60.5033
13.3339
13.0291
12.7439
12.1641
11.231
10.9049
10.9183
10.9187
10.8051
13.0177
12.7035
12.4034
11.8334
10.9515
10.7581
10.7037
10.8336
10.7773
13.2247
13.0317
12.743
12.1633
11.2307
10.9052
10.9184
10.9192
10.8056
12.9123
12.7067
12.4033
11.8332
10.9517
10.7586
10.7041
10.8342
10.7778
)
;
    }
}


// ************************************************************************* //
