/*--------------------------------*- C++ -*----------------------------------*\
  =========                 |
  \\      /  F ield         | OpenFOAM: The Open Source CFD Toolbox
   \\    /   O peration     | Website:  https://openfoam.org
    \\  /    A nd           | Version:  11
     \\/     M anipulation  |
\*---------------------------------------------------------------------------*/
FoamFile
{
    format      ascii;
    class       volScalarField;
    location    "1.8";
    object      T;
}
// * * * * * * * * * * * * * * * * * * * * * * * * * * * * * * * * * * * * * //

dimensions      [0 0 0 1 0 0 0];

internalField   nonuniform List<scalar> 
5712
(
538.061
554.635
527.436
547.469
512.098
537.629
485.632
515.892
485.239
509.189
508.896
532.353
523.22
543.535
532.628
550.741
503.252
482.82
523.497
493.961
474.938
453.66
495.15
463.471
546.264
553.909
559.337
563.552
535.862
545.319
552.979
558.962
536.345
520.825
513.584
503.348
532.618
546.94
543.047
542.731
504.319
508.55
519.21
518.3
473.514
477.007
550.15
552.337
524.593
530.803
559.373
562.149
559.027
567.387
566.787
570.641
552.094
564.629
563.323
569.244
538.233
558.667
549.905
564.363
558.524
567.727
561.868
568.913
468.274
456.183
475.842
458.776
436.379
425.641
444.303
428.479
503.569
487.65
496.464
484.877
481.259
460.04
482.712
459.871
449.749
429.976
451.223
429.935
508.643
488.973
510.077
488.908
527.996
555.817
515.808
547.155
521.318
551.818
512.345
543.887
532.731
558.119
517.5
548.88
534.239
558.965
517.662
549.657
552.3
538.979
563.594
553.81
542.345
529.136
559.564
548.532
527.43
515.222
552.53
540.741
453.116
415.996
485.286
511.543
543.824
410.28
447.249
479.301
504.02
533.737
415.798
449.63
480.143
507.267
537.45
515.288
494.789
520.257
500.654
509.414
490.374
518.362
498.611
500.191
482.441
515.44
495.991
399.998
387.274
437.941
424.58
468.512
453.85
492.203
476.03
514.355
496.291
404.33
390.454
439.496
428.39
470.247
458.404
496.267
482.395
518.244
502.598
443.533
437.88
442.138
436.964
408.99
390.008
409.059
389.35
472.642
470.736
474.093
470.745
439.771
435.994
439.728
436.205
408.335
389.422
408.477
389.737
469.98
469.781
469.936
470.082
500.84
498.86
523.616
520.859
500.962
497.107
522.9
517.847
499.565
498.756
523.708
521.779
498.261
497.977
522.607
520.805
473.106
456.778
448.409
476.195
458.559
449.876
470.165
453.575
444.855
474.35
456.113
446.98
462.596
445.955
437.142
471.695
452.138
442.274
373.731
364.276
359.745
409.158
395.859
388.769
436.635
420.305
411.202
456.267
438.431
429.001
470.785
449.011
437.797
375.458
363.699
357.963
414.906
400.44
392.594
442.167
424.232
414.027
461.629
440.122
428.215
473.761
448.975
435.802
407.29
398.359
413.021
404.177
439.367
423.923
450.09
431.686
382.738
359.939
383.947
361.896
384.098
362.786
385.967
364.853
385.614
381.668
385.005
379.491
366.267
369.889
408.386
411.244
437.291
440.158
388.95
393.404
388.919
391.629
372.991
376.216
337.825
320.054
343.163
323.365
340.526
320.662
345.74
324.4
344.831
321.497
351.874
326.393
355.778
329.493
357.69
331.391
380.817
371.361
388.399
374.925
406.758
396.371
414.4
399.714
367.539
353.779
360.255
350.284
392.731
376.935
394.611
377.572
419.086
401.534
420.751
401.827
371.648
355.848
373.635
356.67
347.61
323.814
336.602
318.299
340.993
319.873
333.436
316.003
351.644
326.767
338.534
319.796
353.845
328.79
339.41
320.628
321.478
310.607
313.547
306.457
323.798
313.31
313.924
307.237
328.283
319.332
314.949
309.436
361.681
385.136
344.317
331.417
314.947
380.099
357.008
337.818
325.589
311.316
384.856
361.606
343.057
328.592
313.198
301.815
293.872
299.622
292.444
304.802
296.67
300.978
293.865
310.745
302.303
303.637
296.498
369.727
357.681
347.161
335.878
330.297
320.617
318.396
309.388
306.839
299.596
373.274
358.697
350.988
337.482
334.225
322.625
321.18
310.651
308.822
300.809
355.288
337.422
358.505
339.571
378.236
358.349
380.84
359.296
340.484
324.821
337.488
322.545
361.193
340.96
361.935
341.602
382.663
359.848
383.16
360.343
343.168
326.42
343.929
327.008
324.638
311.452
310.524
300.594
322.991
309.717
309.726
299.91
326.083
312.722
311.066
300.866
327.605
313.455
311.99
301.736
285.753
281.863
280.351
281.074
277.999
276.963
288.719
284.36
282.637
282.501
279.251
278.055
294.301
289.418
287.398
284.763
280.907
279.431
345.893
338.088
334.479
325.627
319.264
316.521
311.5
305.804
303.545
300.193
294.349
291.824
286.458
281.838
280.004
344.754
334.879
330.571
325.183
316.664
313
311.569
304.116
301.036
299.481
292.987
290.505
285.529
281.147
279.437
305.884
296.53
290.43
285.941
307.334
297.068
290.563
285.886
305.987
296.621
290.531
286.031
307.854
297.346
290.783
286.073
305.977
296.705
290.795
286.335
308.269
297.626
291.147
286.41
309.653
298.326
291.291
286.349
310.817
299.044
291.631
286.512
307.373
297.469
291.244
286.59
305.55
297.065
291.335
287.044
305.588
296.705
291.039
286.712
304.491
296.522
291.105
287.053
308.841
298.185
291.472
286.612
306.432
297.565
291.585
287.19
310.001
298.843
291.81
286.846
307.163
298.029
291.893
287.458
303.539
295.718
290.304
286.162
300.78
294.803
290.149
286.504
303.563
295.763
290.392
286.262
301.009
294.909
290.217
286.574
303.707
295.877
290.577
286.486
301.661
295.186
290.379
286.718
303.558
295.938
290.767
286.799
302.188
295.444
290.581
286.929
303.34
296.005
290.925
287.125
298.558
294.136
289.862
287.111
297.27
293.806
289.761
287.309
299.033
294.313
289.957
287.182
297.793
293.997
289.85
287.365
299.901
294.65
290.11
287.283
298.696
294.343
289.998
287.46
300.96
295.093
290.37
287.459
299.731
294.771
290.211
287.598
301.977
295.605
290.69
287.654
300.609
295.227
290.459
287.764
303.386
296.545
291.19
287.952
301.891
296.173
291.06
288.178
302.732
296.093
290.934
287.791
301.271
295.709
290.751
287.96
303.952
296.968
291.415
288.104
302.484
296.638
291.356
288.397
304.533
297.387
291.7
288.329
303.103
297.097
291.671
288.641
282.016
279.385
277.546
276.395
275.844
282.012
279.391
277.551
276.398
275.847
282.067
279.411
277.559
276.403
275.85
282.078
279.425
277.569
276.409
275.854
282.138
279.444
277.577
276.413
275.857
282.158
279.466
277.591
276.422
275.863
282.254
279.522
277.623
276.441
275.877
282.392
279.602
277.668
276.468
275.896
282.229
279.493
277.604
276.429
275.868
282.32
279.522
277.617
276.436
275.873
282.197
279.468
277.588
276.42
275.861
282.276
279.495
277.601
276.427
275.866
282.315
279.544
277.633
276.446
275.88
282.401
279.568
277.643
276.451
275.884
282.447
279.618
277.675
276.471
275.898
282.518
279.632
277.679
276.473
275.899
282.035
279.383
277.542
276.393
275.842
282.058
279.381
277.54
276.391
275.841
282.074
279.401
277.552
276.398
275.846
282.087
279.396
277.547
276.395
275.844
282.139
279.431
277.567
276.407
275.852
282.141
279.421
277.56
276.403
275.849
282.21
279.46
277.582
276.415
275.858
282.201
279.451
277.576
276.411
275.855
282.249
279.477
277.591
276.42
275.862
527.726
524.676
527.408
524.388
527.208
524.349
527.9
525.159
530.494
527.811
535.446
535.834
533.995
533.427
536.032
536.772
536.203
536.805
563.826
571.034
572.556
572.901
572.975
556.077
568.907
572.073
572.796
572.95
563.921
571.067
572.565
572.903
572.975
556.195
568.957
572.084
572.8
572.951
563.999
571.099
572.573
572.905
572.976
556.329
569.009
572.098
572.804
572.952
564.314
571.18
572.593
572.909
572.977
556.735
569.119
572.124
572.809
572.953
565.011
571.329
572.625
572.916
572.979
557.62
569.317
572.167
572.818
572.955
565.652
571.414
572.638
572.918
572.979
559.796
569.757
572.254
572.835
572.959
565.489
571.398
572.637
572.918
572.979
558.967
569.583
572.22
572.829
572.958
565.698
571.417
572.638
572.918
572.979
560.191
569.851
572.273
572.839
572.96
565.763
571.433
572.641
572.919
572.979
560.274
569.884
572.279
572.84
572.96
421.976
459.022
456.585
417.572
400.326
401.85
403.803
406.749
415.928
420.014
447.016
456.444
455.231
465.339
430.449
435.166
417.747
421.245
410.752
412.877
363.891
345.9
299.77
293.743
296.275
293.435
297.842
361.035
354.483
337.252
343.554
339.752
317.969
327.683
323.356
312.315
315.855
310.64
358.194
331.576
315.421
311.902
319.699
315.539
307.897
306.133
304.095
300.746
309.008
306.275
360.43
338.807
346.714
327.438
320.104
332.369
308.418
301.481
311.175
345.503
329.72
315.914
301.455
284.551
334.711
323.196
310.766
297.292
281.978
297.031
293.22
288.269
282.5
276.225
291.676
288.762
284.93
280.43
275.523
293.94
290.655
286.347
281.304
275.818
291.405
288.537
284.761
280.324
275.486
295.33
291.81
287.212
281.84
276
343.138
326.769
312.847
298.882
283.542
336.98
321.037
307.689
294.606
280.693
327.56
316.884
305.276
293.06
280.028
328.904
314.843
302.687
290.916
279.125
326.009
312.499
300.775
289.557
278.561
312.458
305.458
297.064
287.81
278.014
319.976
310.959
300.805
290.032
278.783
316.432
308.139
298.677
288.63
278.258
307.806
301.856
294.505
286.257
277.483
310.638
303.956
295.913
287.058
277.742
306.398
300.742
293.696
285.759
277.311
342.03
326.667
313.184
299.245
283.707
323.639
314.359
303.773
292.253
279.75
310.485
304.053
296.167
287.325
277.864
307.55
301.77
294.558
286.368
277.543
314.084
306.959
298.363
288.761
278.399
310.695
304.354
296.513
287.622
277.989
304.149
299.077
292.633
285.213
277.155
302.615
297.809
291.668
284.592
276.934
300.826
296.321
290.535
283.869
276.681
297.893
293.924
288.775
282.797
276.322
305.058
299.734
293.026
285.391
277.197
302.723
297.875
291.694
284.593
276.931
343.499
328.245
314.76
300.612
284.357
329.384
319.099
307.651
295.103
281.004
335.42
322.889
310.408
296.983
281.801
320.647
312.362
302.548
291.561
279.461
314.575
307.504
298.891
289.16
278.548
324.47
315.208
304.561
292.865
280.001
304.596
299.429
292.878
285.353
277.199
298.537
294.457
289.178
283.052
276.41
306.954
301.322
294.258
286.2
277.489
502.627
541.554
495.862
536.377
471.954
517.274
478.449
522.495
484.146
470.116
515.866
487.716
459.008
444.179
488.942
458.934
519.753
534.219
550.246
556.916
513.282
527.397
546.192
553.548
528.993
503.173
507.072
489.926
517.208
540.772
540.727
542.196
501.739
507.911
517.213
517.813
471.669
476.544
547.699
551.795
521.948
530.165
557.476
561.755
548.408
563.93
563.039
569.392
541.931
561.315
560.06
568.101
528.618
555.579
545.224
562.799
556.848
567.136
561.533
568.787
463.731
455.708
472.93
458.674
434.929
427.484
443.091
429.67
499.986
486.95
490.531
483.395
479.919
460.102
482.372
459.931
449.236
430.693
451.124
430.198
506.964
488.707
509.632
488.859
525.15
554.856
515.154
546.956
516.639
550.251
511.06
543.509
531.37
557.638
517.22
548.791
533.868
558.826
517.597
549.635
534.89
519.311
558.156
547.43
526.642
511.954
554.59
542.907
514.531
501.763
548.483
536.523
454.361
426.141
480.599
506.009
541.938
423.023
449.768
474.053
497.329
531.587
423.793
451.344
478.472
505.286
536.911
497.904
483.237
514.261
500.587
494.033
480.039
513.678
499.525
487.794
474.249
512.673
498.26
415.769
406.653
442.39
432.103
465.475
453.752
487.688
474.697
514.058
499.945
415.203
403.898
443.585
435.535
470.564
462.231
495.852
485.449
518.916
506.256
445.746
441.792
443.609
439.391
414.396
398.067
412.011
393.833
473.183
471.982
474.549
472.579
440.64
437.281
440.016
436.603
409.875
391.665
408.965
390.417
470.38
470.497
470.079
470.308
501.042
499.55
523.867
521.412
500.987
498.247
523.217
518.923
499.746
499.146
523.867
522.062
498.333
498.111
522.661
520.893
474.191
470.213
488.78
483.433
471.047
466.468
487.468
481.139
465.016
460.301
485.564
477.828
398.808
393.396
423.937
418.021
445.003
438.549
464.891
458.419
485.326
474.935
393.368
386.947
428.361
421.04
453.324
444.36
472.811
461.716
486.608
473.046
404.164
397.474
413.227
404.554
430.484
418.884
447.647
429.66
385.831
366.109
389.48
368.493
385.415
368.096
389.546
370.309
387.971
382.893
387.313
381.925
370.855
373.926
408.839
411.431
436.553
439.994
390.511
393.939
390.395
392.149
375.59
377.14
350.488
331.709
352.202
332.767
352.087
331.481
353.365
332.481
355.15
331.132
357.821
332.977
359.328
333.587
358.921
332.816
386.638
378.295
391.243
378.924
408.976
401.065
415.24
402.451
372.109
358.49
368.805
358.244
394.207
379.071
395.084
378.265
419.564
403.02
420.933
402.323
374.044
358.385
374.387
357.484
353.587
329.371
341.376
322.39
351.168
328.004
341.198
322.189
354.869
330.038
341.155
322.14
354.856
329.86
340.253
321.392
347.023
342.251
329.135
324.919
348.532
344.04
328.722
324.713
350.982
347.463
328.153
324.815
381.122
401.822
364.258
348.006
325.748
400.205
380.97
363.929
347.123
324.06
398.2
376.71
357.325
340.58
321.632
336.376
329.503
319.133
310.317
338.827
332.343
319.524
311.053
342.733
336.856
320.158
312.112
393.549
385.417
374.738
367.688
358.18
352.373
341.536
335.31
319.729
311.995
389.87
377.746
369.062
357.671
350.659
340.344
334.455
324.279
317.537
309.027
364.812
348.564
363.576
345.531
386.674
369.326
385.203
365.111
345.625
330.285
346.636
332.359
363.727
343.906
362.719
342.482
384.819
362.714
383.827
361.199
345.804
329.163
344.746
327.832
329.24
315.849
314.093
303.719
330.813
317.313
315.398
305
328.546
314.999
313.05
302.558
328.406
314.172
312.618
302.252
323.771
321.793
295.832
294.411
327.387
325.021
296.881
295.277
332.031
328.254
298.07
294.804
378.211
373.07
361.242
356.783
346.735
342.898
328.645
323.327
297.204
292.034
367.013
361.933
347.681
343.297
330.884
326.999
313.498
309.427
291.538
287.633
313.543
301.197
293.274
287.677
314.073
301.302
293.183
287.499
313.123
301.003
293.193
287.629
313.73
301.084
293.109
287.499
312.321
300.658
293.233
287.796
313.065
300.719
293.114
287.628
312.766
300.376
292.603
287.169
311.922
299.782
292.106
286.814
311.318
300.062
292.94
287.686
308.619
299.17
292.782
288.057
310.981
300.152
293.244
288.093
308.929
299.479
293.054
288.339
311.279
299.818
292.56
287.338
308.249
298.835
292.484
287.852
310.829
299.404
292.185
287.098
307.768
298.456
292.198
287.687
312.482
300.95
293.454
288.092
310.881
300.578
293.605
288.667
312.072
300.786
293.417
288.096
310.638
300.476
293.553
288.652
311.403
300.512
293.397
288.182
310.284
300.296
293.468
288.632
310.227
300.082
293.344
288.371
309.735
300.052
293.402
288.668
309.048
299.68
293.272
288.623
309.257
300.251
293.494
289.611
308.128
300.068
293.526
290.009
309.198
300.188
293.469
289.6
308.095
300.007
293.49
289.984
309.01
300.045
293.363
289.52
307.945
299.872
293.391
289.92
308.608
299.804
293.274
289.456
307.591
299.654
293.276
289.844
307.889
299.449
293.163
289.404
306.895
299.343
293.124
289.752
306.294
298.611
292.63
289.06
305.04
298.458
292.638
289.395
307.032
299.034
292.905
289.241
305.905
298.919
292.905
289.597
305.643
298.199
292.296
288.807
304.294
297.992
292.308
289.142
305.086
297.794
291.995
288.566
303.684
297.538
291.984
288.887
282.963
279.916
277.844
276.572
275.97
282.915
279.902
277.838
276.569
275.968
282.931
279.895
277.831
276.564
275.964
282.867
279.871
277.82
276.558
275.96
282.899
279.869
277.815
276.555
275.957
282.811
279.835
277.799
276.545
275.951
282.709
279.779
277.768
276.527
275.938
282.564
279.7
277.724
276.501
275.919
282.817
279.823
277.789
276.539
275.946
282.841
279.811
277.779
276.532
275.941
282.892
279.854
277.805
276.548
275.953
282.9
279.839
277.794
276.541
275.947
282.72
279.771
277.761
276.522
275.934
282.755
279.765
277.754
276.517
275.931
282.588
279.698
277.72
276.498
275.917
282.641
279.701
277.718
276.496
275.916
283.031
279.933
277.85
276.575
275.972
283.09
279.945
277.854
276.577
275.973
283.009
279.918
277.841
276.57
275.968
283.072
279.932
277.846
276.573
275.97
282.979
279.893
277.826
276.56
275.961
283.037
279.91
277.833
276.564
275.964
282.959
279.871
277.811
276.551
275.955
282.99
279.882
277.817
276.554
275.957
282.939
279.856
277.803
276.546
275.951
526.668
525.088
526.904
525.292
527.551
525.925
528.937
527.175
531.575
529.66
535.796
536.284
534.594
534.292
536.219
536.996
536.262
536.873
563.842
571.063
572.565
572.903
572.975
556.271
568.975
572.092
572.801
572.952
563.999
571.103
572.575
572.905
572.976
556.495
569.04
572.105
572.805
572.953
564.17
571.144
572.585
572.907
572.976
556.774
569.112
572.122
572.809
572.953
564.549
571.231
572.604
572.912
572.978
557.27
569.232
572.149
572.815
572.955
565.222
571.373
572.634
572.918
572.979
558.116
569.423
572.189
572.823
572.957
565.732
571.434
572.643
572.919
572.979
559.981
569.806
572.265
572.838
572.96
565.624
571.429
572.644
572.92
572.979
559.291
569.661
572.238
572.833
572.959
565.741
571.428
572.641
572.919
572.979
560.284
569.877
572.28
572.84
572.96
565.777
571.436
572.642
572.919
572.979
560.302
569.892
572.281
572.841
572.96
422.024
458.686
455.37
417.686
410.5
416.844
408.137
416.014
438.196
455.266
442.128
457.211
278.771
279.316
280.524
282.481
285.328
289.216
279.226
279.788
281.027
283.015
285.845
289.616
278.428
278.259
279.005
278.892
280.287
280.306
282.383
282.66
285.399
286.01
289.312
289.998
294.278
300.574
308.291
317.514
326.459
332.335
294.396
300.165
306.802
313.821
320.037
323.911
278.221
277.43
276.37
275.107
273.717
278.712
277.846
276.685
275.303
273.783
279.802
278.768
277.385
275.739
273.931
281.567
280.259
278.515
276.444
274.171
284.13
282.422
280.152
277.463
274.517
287.622
285.361
282.37
278.842
274.984
278.632
277.778
276.634
275.271
273.773
279.138
278.206
276.958
275.473
273.841
280.256
279.15
277.674
275.92
273.993
282.046
280.662
278.819
276.633
274.235
284.592
282.809
280.442
277.643
274.578
287.976
285.655
282.589
278.978
275.031
277.911
277.167
276.171
274.982
273.674
277.758
277.038
276.072
274.921
273.653
278.431
277.608
276.505
275.191
273.745
278.329
277.522
276.44
275.15
273.731
279.589
278.588
277.248
275.654
273.903
279.606
278.603
277.26
275.662
273.905
281.48
280.187
278.461
276.41
274.159
281.73
280.399
278.622
276.511
274.193
284.196
282.48
280.196
277.491
274.526
284.747
282.945
280.549
277.71
274.601
287.712
285.44
282.432
278.88
274.997
288.331
285.962
282.826
279.125
275.08
292.149
289.155
285.226
280.615
275.586
297.742
293.814
288.719
282.784
276.323
304.519
299.406
292.898
285.387
277.215
312.462
305.879
297.729
288.434
278.283
319.913
311.839
302.189
291.319
279.349
324.712
315.647
305.048
293.201
280.066
292.249
289.235
285.285
280.652
275.599
297.38
293.513
288.496
282.646
276.277
303.236
298.366
292.128
284.907
277.048
309.361
303.401
295.891
287.261
277.86
314.711
307.761
299.15
289.318
278.581
318.022
310.452
301.166
290.602
279.037
278.853
279.569
280.972
283.164
286.306
290.563
279.312
280.052
281.49
283.708
286.804
290.869
278.51
278.343
279.258
279.154
280.742
280.782
283.092
283.419
286.436
287.125
290.809
291.664
296.029
302.649
310.503
319.499
327.818
332.815
295.93
301.893
308.553
315.346
321.075
324.278
278.295
277.493
276.418
275.137
273.727
278.942
278.041
276.835
275.397
273.815
280.209
279.114
277.65
275.906
273.988
282.188
280.789
278.92
276.698
274.258
285.02
283.183
280.735
277.83
274.642
288.85
286.414
283.18
279.352
275.159
278.71
277.844
276.685
275.303
273.783
279.378
278.41
277.114
275.571
273.875
280.676
279.509
277.948
276.092
274.051
282.676
281.2
279.231
276.891
274.323
285.465
283.555
281.015
278.003
274.701
289.119
286.634
283.343
279.453
275.193
277.985
277.23
276.219
275.012
273.684
277.834
277.103
276.122
274.952
273.664
278.661
277.804
276.655
275.284
273.777
278.567
277.724
276.594
275.247
273.764
280.002
278.94
277.517
275.823
273.96
280.039
278.971
277.541
275.838
273.965
282.124
280.736
278.881
276.674
274.249
282.419
280.987
279.072
276.793
274.29
285.139
283.286
280.815
277.88
274.659
285.762
283.814
281.215
278.13
274.744
289.078
286.611
283.332
279.448
275.192
289.851
287.267
283.83
279.759
275.297
293.752
290.534
286.29
281.289
275.817
299.65
295.465
290.001
283.599
276.603
306.569
301.196
294.301
286.286
277.526
314.324
307.526
299.038
289.284
278.58
321.207
312.998
303.122
291.935
279.569
325.173
316.063
305.387
293.427
280.147
293.653
290.442
286.216
281.241
275.801
298.966
294.884
289.558
283.321
276.508
304.852
299.77
293.224
285.606
277.289
310.777
304.64
296.865
287.887
278.077
315.682
308.617
299.827
289.757
278.734
318.367
310.757
301.409
290.76
279.092
364.644
346.536
302.324
295.749
299.185
295.702
300.635
370.626
368.561
346.757
358.823
325.456
337.456
318.768
323
316.355
364.411
338.202
321.532
316.815
325.339
319.784
310.876
309.868
308.8
304.639
314.326
310.649
362.815
340.663
351.008
330.26
323.7
337.384
311.984
304.851
315.436
346.319
330.483
316.57
301.93
284.744
335.349
323.788
311.263
297.637
282.109
299.381
295.256
289.852
283.507
276.571
293.513
290.343
286.151
281.203
275.787
296.608
292.956
288.128
282.433
276.205
293.48
290.323
286.139
281.196
275.785
297.895
294.028
288.932
282.933
276.375
353.787
336.905
321.42
304.823
285.851
352.431
335.59
319.791
302.733
283.554
337.149
325.848
312.692
298.02
281.804
345.745
330.561
315.706
299.592
282.192
319.659
311.963
302.306
291.235
279.209
329.687
319.933
308.159
294.892
280.49
313.932
307.332
298.879
289.098
278.47
317.609
310.332
301.097
290.467
278.935
311.842
305.627
297.614
288.311
278.199
348.716
333.104
318.69
303.114
285.27
330.142
320.34
308.68
295.524
280.923
316.286
309.24
300.315
290.023
278.803
312.169
305.862
297.806
288.469
278.273
319.465
311.796
302.254
291.307
279.292
314.695
307.909
299.347
289.463
278.631
306.919
301.504
294.542
286.44
277.579
306.085
300.847
294.053
286.121
277.462
305.186
300.129
293.519
285.779
277.34
301.479
297.033
291.195
284.338
276.851
310.044
304.14
296.513
287.64
277.976
306.794
301.446
294.502
286.396
277.554
346.066
330.647
316.823
302.092
284.965
331.216
320.786
309.049
296.057
281.361
339.795
326.993
313.873
299.374
282.694
323.357
314.813
304.538
292.881
279.932
317.983
310.552
301.335
290.759
279.11
329.374
319.717
308.268
295.348
280.897
307.918
302.347
295.177
286.831
277.71
301.649
297.162
291.289
284.399
276.873
310.947
304.848
297.051
288.004
278.115
279.6
292.397
304.206
314.548
322.834
329.113
483.325
477.362
453.753
459.566
467.771
458.793
444.194
433.673
502.83
518.387
496.391
510.322
487.045
478.476
498.563
473.403
468.578
445.632
450.298
460.475
452.569
437.699
428.694
492.702
503.849
487.09
496.834
478.402
470.488
486.623
459.613
456.102
434.3
437.702
449.832
443.454
428.199
420.63
477.274
487.974
472.81
482.453
466.173
459.523
474.194
445.378
442.806
422.457
425.04
437.839
432.374
417.581
411.1
462.694
474.018
459.126
469.508
453.761
447.42
462.234
435.069
433
413.836
416.003
428.727
424.023
409.611
403.713
451.68
463.787
448.655
460.186
444.358
438.788
453.881
428.088
426.267
407.954
409.912
422.463
418.379
404.061
398.599
444.441
458.233
441.686
454.736
438.147
433.214
448.442
403.993
400.907
426.623
430.922
396.633
391.337
419.636
411.102
381.57
361.253
380.674
362.977
377.023
376.507
365.692
399.756
396.886
420.76
424.492
392.896
387.97
414.583
406.691
377.038
357.51
376.296
359.373
372.883
372.813
361.851
393.023
390.5
412.026
415.022
386.973
382.479
406.913
400.128
372.423
352.922
371.618
354.592
368.533
368.387
356.845
384.723
382.541
402.176
404.609
379.266
374.8
397.888
391.58
365.71
347.252
365.015
348.708
362.223
362.009
350.938
378.121
376.148
394.757
396.885
373.219
369.003
390.922
385.14
360.013
343.066
359.405
344.148
357.103
356.81
346.365
373.425
371.591
389.624
391.581
369.046
365.304
386.055
380.709
356.398
340.238
355.91
341.282
353.843
353.718
343.689
538.688
555.168
527.468
547.424
512.11
537.609
485.62
515.872
485.226
509.165
508.914
532.337
523.274
543.512
533.369
551.414
503.249
482.811
523.482
493.95
474.923
453.646
495.132
463.456
546.741
554.235
559.717
563.798
535.861
545.304
552.922
558.917
536.323
520.818
513.57
503.34
532.607
546.917
543.04
542.726
504.31
508.542
519.2
518.293
473.502
476.997
550.143
552.333
524.584
530.797
559.366
562.147
559.25
567.473
566.942
570.698
552.073
564.62
563.294
569.233
538.22
558.661
549.888
564.356
558.517
567.724
561.865
568.911
468.265
456.175
475.833
458.768
436.368
425.631
444.291
428.47
503.56
487.644
496.455
484.87
481.25
460.032
482.704
459.863
449.738
429.967
451.214
429.926
508.635
488.967
510.07
488.902
527.987
555.814
515.803
547.153
521.309
551.814
512.339
543.884
532.725
558.117
517.495
548.878
534.234
558.963
517.657
549.655
552.591
539.308
563.713
553.973
542.32
529.11
559.553
548.514
527.416
515.209
552.523
540.733
453.109
415.988
485.278
511.534
543.82
410.273
447.242
479.293
504.011
533.732
415.79
449.623
480.136
507.261
537.447
515.609
495.041
520.476
500.829
509.394
490.366
518.354
498.61
500.179
482.435
515.435
495.99
399.992
387.269
437.935
424.575
468.505
453.846
492.195
476.025
514.351
496.289
404.323
390.449
439.49
428.385
470.241
458.399
496.261
482.391
518.241
502.596
443.527
437.875
442.132
436.959
408.983
390.003
409.052
389.345
472.637
470.731
474.087
470.74
439.765
435.989
439.722
436.2
408.328
389.417
408.47
389.732
469.974
469.777
469.931
470.077
500.836
498.856
523.613
520.856
500.957
497.103
522.897
517.844
499.561
498.752
523.705
521.776
498.257
497.973
522.604
520.803
473.313
456.949
448.569
476.355
458.697
450
470.166
453.579
444.859
474.354
456.123
446.99
462.595
445.958
437.146
471.696
452.143
442.28
373.728
364.275
359.745
409.156
395.858
388.769
436.633
420.305
411.204
456.266
438.433
429.004
470.785
449.013
437.802
375.455
363.697
357.963
414.903
400.439
392.594
442.164
424.232
414.028
461.628
440.122
428.218
473.76
448.977
435.805
407.241
398.33
412.972
404.149
439.334
423.902
450.057
431.666
382.637
359.949
383.806
361.876
384.019
362.735
385.891
364.81
385.571
381.622
384.974
379.458
366.227
369.852
408.365
411.228
437.274
440.145
388.921
393.386
388.896
391.613
372.965
376.199
337.842
320.046
343.164
323.345
340.504
320.655
345.724
324.395
344.809
321.488
351.851
326.384
355.759
329.484
357.677
331.384
380.799
371.348
388.381
374.914
406.743
396.359
414.385
399.704
367.521
353.768
360.237
350.273
392.716
376.925
394.599
377.564
419.074
401.524
420.74
401.818
371.633
355.839
373.624
356.662
347.595
323.806
336.593
318.294
340.979
319.866
333.427
315.998
351.631
326.76
338.526
319.791
353.835
328.784
339.403
320.623
321.43
310.542
313.533
306.437
323.794
313.309
313.918
307.233
328.273
319.327
314.943
309.431
361.67
385.126
344.306
331.408
314.941
380.091
356.998
337.809
325.582
311.311
384.847
361.596
343.048
328.584
313.192
301.754
293.809
299.612
292.434
304.802
296.674
300.975
293.861
310.743
302.303
303.633
296.496
369.72
357.676
347.154
335.873
330.291
320.613
318.391
309.385
306.835
299.593
373.267
358.692
350.98
337.477
334.218
322.621
321.174
310.647
308.818
300.806
355.28
337.417
358.497
339.566
378.228
358.343
380.832
359.29
340.476
324.816
337.48
322.54
361.185
340.955
361.929
341.597
382.656
359.842
383.153
360.338
343.162
326.415
343.923
327.004
324.632
311.448
310.52
300.591
322.985
309.713
309.721
299.907
326.078
312.718
311.062
300.864
327.6
313.452
311.986
301.733
285.691
281.795
280.279
281.08
277.987
276.945
288.726
284.367
282.643
282.498
279.252
278.056
294.302
289.42
287.4
284.762
280.907
279.431
345.89
338.086
334.478
325.624
319.263
316.52
311.499
305.804
303.545
300.193
294.349
291.825
286.457
281.838
280.004
344.75
334.878
330.57
325.18
316.662
313
311.566
304.115
301.036
299.479
292.986
290.505
285.528
281.147
279.437
305.877
296.525
290.424
285.934
307.316
297.057
290.554
285.878
305.983
296.619
290.53
286.03
307.852
297.344
290.782
286.073
305.973
296.703
290.794
286.335
308.266
297.624
291.145
286.409
309.649
298.324
291.29
286.348
310.814
299.043
291.63
286.511
307.369
297.467
291.243
286.589
305.547
297.063
291.334
287.044
305.584
296.703
291.038
286.712
304.488
296.52
291.104
287.052
308.838
298.183
291.471
286.611
306.428
297.563
291.584
287.189
309.998
298.841
291.808
286.845
307.16
298.027
291.891
287.457
303.535
295.715
290.299
286.156
300.774
294.799
290.146
286.499
303.56
295.761
290.391
286.262
301.007
294.908
290.216
286.574
303.703
295.875
290.576
286.485
301.659
295.184
290.378
286.717
303.555
295.936
290.766
286.798
302.185
295.442
290.58
286.929
303.336
296.003
290.924
287.124
298.552
294.132
289.859
287.106
297.259
293.8
289.758
287.306
299.031
294.312
289.956
287.181
297.792
293.996
289.849
287.364
299.899
294.649
290.109
287.282
298.694
294.341
289.997
287.459
300.957
295.091
290.369
287.458
299.728
294.769
290.21
287.597
301.974
295.603
290.689
287.654
300.607
295.225
290.458
287.763
303.383
296.543
291.188
287.951
301.888
296.171
291.059
288.177
302.729
296.09
290.933
287.79
301.268
295.707
290.749
287.959
303.949
296.966
291.414
288.103
302.481
296.636
291.354
288.396
304.53
297.385
291.699
288.328
303.1
297.095
291.669
288.64
282.013
279.384
277.545
276.395
275.844
282.008
279.389
277.55
276.398
275.846
282.067
279.411
277.559
276.403
275.85
282.078
279.425
277.569
276.409
275.854
282.137
279.444
277.577
276.413
275.857
282.157
279.466
277.591
276.422
275.863
282.254
279.522
277.623
276.441
275.877
282.392
279.602
277.668
276.468
275.896
282.229
279.493
277.604
276.429
275.868
282.319
279.522
277.617
276.436
275.873
282.197
279.468
277.588
276.42
275.861
282.276
279.495
277.601
276.427
275.866
282.314
279.543
277.632
276.446
275.88
282.4
279.567
277.642
276.451
275.884
282.447
279.618
277.675
276.471
275.898
282.517
279.632
277.679
276.473
275.899
282.032
279.382
277.542
276.393
275.842
282.056
279.381
277.539
276.391
275.841
282.074
279.401
277.552
276.398
275.846
282.087
279.396
277.547
276.395
275.844
282.139
279.431
277.567
276.407
275.852
282.141
279.421
277.56
276.403
275.849
282.21
279.46
277.582
276.415
275.858
282.2
279.45
277.576
276.411
275.855
282.248
279.477
277.591
276.42
275.862
527.792
524.753
527.419
524.398
527.211
524.352
527.9
525.159
530.492
527.81
535.445
535.832
533.993
533.425
536.03
536.77
536.201
536.803
563.887
571.049
572.559
572.901
572.975
556.113
568.918
572.075
572.796
572.951
563.917
571.067
572.565
572.903
572.975
556.199
568.959
572.084
572.8
572.951
563.998
571.099
572.573
572.905
572.976
556.331
569.01
572.098
572.804
572.952
564.314
571.181
572.593
572.909
572.977
556.735
569.119
572.124
572.809
572.953
565.01
571.329
572.625
572.916
572.979
557.62
569.317
572.167
572.818
572.955
565.651
571.414
572.638
572.918
572.979
559.795
569.756
572.254
572.835
572.959
565.489
571.398
572.637
572.918
572.979
558.967
569.583
572.22
572.829
572.958
565.697
571.417
572.638
572.918
572.979
560.19
569.851
572.273
572.839
572.96
565.763
571.433
572.641
572.919
572.979
560.273
569.884
572.279
572.84
572.96
421.958
459.007
456.563
417.542
400.055
401.492
403.698
406.644
415.855
419.94
446.971
456.397
455.186
465.29
430.375
435.091
417.647
421.141
410.275
412.27
363.886
345.896
299.769
293.742
296.273
293.434
297.84
361.031
354.48
337.249
343.552
339.75
317.967
327.68
323.354
312.313
315.853
310.638
358.19
331.572
315.419
311.9
319.697
315.537
307.895
306.131
304.094
300.745
309.006
306.273
360.426
338.804
346.711
327.434
320.101
332.366
308.416
301.48
311.173
345.499
329.717
315.911
301.453
284.55
334.708
323.193
310.764
297.291
281.977
297.029
293.219
288.268
282.499
276.225
291.675
288.761
284.93
280.43
275.523
293.939
290.654
286.346
281.303
275.817
291.404
288.536
284.76
280.323
275.486
295.328
291.809
287.211
281.84
276
343.133
326.765
312.844
298.88
283.541
336.977
321.034
307.687
294.604
280.692
327.557
316.882
305.274
293.059
280.027
328.902
314.841
302.685
290.915
279.125
326.007
312.497
300.774
289.557
278.561
312.456
305.456
297.062
287.809
278.014
319.974
310.957
300.804
290.031
278.783
316.43
308.137
298.675
288.629
278.258
307.804
301.855
294.503
286.257
277.482
310.636
303.955
295.912
287.057
277.742
306.396
300.74
293.694
285.759
277.311
342.026
326.663
313.18
299.242
283.705
323.636
314.356
303.771
292.252
279.75
310.483
304.051
296.165
287.325
277.864
307.548
301.768
294.556
286.367
277.543
314.082
306.957
298.362
288.76
278.399
310.693
304.352
296.512
287.621
277.989
304.147
299.075
292.632
285.213
277.154
302.614
297.808
291.667
284.591
276.934
300.825
296.32
290.534
283.868
276.681
297.892
293.922
288.774
282.796
276.321
305.056
299.732
293.025
285.39
277.197
302.721
297.873
291.693
284.593
276.931
343.495
328.241
314.757
300.61
284.356
329.381
319.096
307.648
295.101
281.004
335.416
322.885
310.405
296.981
281.8
320.644
312.36
302.546
291.56
279.461
314.572
307.502
298.889
289.159
278.548
324.466
315.205
304.559
292.864
280.001
304.594
299.428
292.877
285.352
277.198
298.536
294.456
289.177
283.052
276.41
306.952
301.32
294.257
286.2
277.489
502.967
541.96
495.816
536.255
471.908
517.139
478.807
522.989
484.116
470.096
515.81
487.69
458.981
444.163
488.891
458.912
520.039
534.434
550.57
557.147
513.244
527.367
546.091
553.478
528.947
503.146
507.043
489.906
517.183
540.73
540.709
542.189
501.723
507.902
517.196
517.804
471.654
476.533
547.683
551.789
521.932
530.157
557.463
561.751
548.556
563.994
563.183
569.445
541.906
561.304
560.021
568.086
528.599
555.571
545.198
562.79
556.837
567.133
561.529
568.785
463.717
455.697
472.914
458.663
434.916
427.473
443.077
429.66
499.97
486.941
490.517
483.385
479.907
460.094
482.363
459.924
449.224
430.684
451.114
430.19
506.953
488.7
509.623
488.852
525.138
554.852
515.147
546.954
516.628
550.247
511.053
543.505
531.361
557.635
517.215
548.789
533.862
558.824
517.592
549.633
535.019
519.433
558.231
547.53
526.625
511.939
554.58
542.891
514.519
501.755
548.476
536.516
454.35
426.131
480.589
506
541.934
423.014
449.758
474.044
497.321
531.582
423.784
451.334
478.463
505.279
536.907
498.023
483.306
514.377
500.654
494.017
480.03
513.668
499.521
487.787
474.244
512.667
498.256
415.763
406.649
442.383
432.099
465.469
453.748
487.681
474.692
514.054
499.941
415.196
403.893
443.577
435.53
470.557
462.226
495.847
485.445
518.912
506.253
445.738
441.786
443.602
439.384
414.388
398.061
412.004
393.827
473.177
471.976
474.542
472.573
440.634
437.275
440.01
436.597
409.869
391.66
408.959
390.412
470.374
470.492
470.073
470.303
501.037
499.546
523.864
521.409
500.982
498.242
523.213
518.919
499.741
499.142
523.864
522.059
498.329
498.107
522.658
520.89
474.248
470.266
488.844
483.498
471.04
466.463
487.465
481.138
465.013
460.299
485.56
477.825
398.805
393.394
423.934
418.019
445
438.546
464.887
458.416
485.323
474.932
393.364
386.944
428.357
421.037
453.32
444.357
472.807
461.713
486.605
473.043
404.156
397.465
413.218
404.544
430.468
418.872
447.624
429.644
385.932
366.187
389.576
368.567
385.413
368.097
389.548
370.313
387.966
382.889
387.306
381.92
370.853
373.924
408.828
411.419
436.54
439.982
390.503
393.927
390.386
392.138
375.584
377.13
350.554
331.747
352.267
332.807
352.094
331.483
353.374
332.484
355.149
331.132
357.821
332.977
359.324
333.585
358.913
332.811
386.631
378.288
391.235
378.917
408.966
401.056
415.229
402.443
372.103
358.484
368.8
358.239
394.198
379.063
395.073
378.257
419.553
403.012
420.923
402.315
374.037
358.379
374.378
357.477
353.583
329.369
341.372
322.387
351.165
328.003
341.194
322.187
354.864
330.035
341.15
322.136
354.848
329.856
340.247
321.388
347.092
342.318
329.172
324.957
348.535
344.041
328.723
324.712
350.98
347.461
328.153
324.815
381.116
401.814
364.253
348.004
325.747
400.198
380.964
363.925
347.121
324.059
398.193
376.704
357.32
340.577
321.631
336.443
329.569
319.195
310.4
338.828
332.345
319.523
311.049
342.731
336.854
320.157
312.11
393.543
385.413
374.733
367.684
358.177
352.37
341.534
335.308
319.728
311.994
389.864
377.742
369.057
357.667
350.656
340.341
334.452
324.277
317.535
309.026
364.807
348.56
363.571
345.527
386.667
369.322
385.197
365.106
345.621
330.282
346.632
332.356
363.722
343.902
362.713
342.478
384.812
362.709
383.82
361.194
345.799
329.159
344.741
327.828
329.237
315.847
314.091
303.717
330.81
317.311
315.396
304.999
328.542
314.996
313.047
302.556
328.401
314.169
312.615
302.25
323.852
321.867
295.941
294.515
327.394
325.032
296.875
295.279
332.03
328.255
298.068
294.803
378.208
373.067
361.239
356.78
346.733
342.896
328.643
323.326
297.203
292.033
367.01
361.93
347.678
343.294
330.882
326.998
313.496
309.426
291.537
287.632
313.564
301.207
293.277
287.675
314.095
301.314
293.188
287.499
313.123
301.003
293.193
287.629
313.731
301.084
293.109
287.499
312.32
300.658
293.233
287.796
313.064
300.718
293.113
287.627
312.765
300.375
292.603
287.169
311.92
299.781
292.105
286.813
311.317
300.061
292.94
287.685
308.617
299.169
292.781
288.056
310.981
300.151
293.244
288.093
308.928
299.478
293.053
288.338
311.277
299.817
292.559
287.338
308.247
298.834
292.483
287.852
310.827
299.402
292.184
287.097
307.766
298.454
292.197
287.687
312.501
300.958
293.455
288.088
310.897
300.585
293.606
288.664
312.072
300.786
293.417
288.097
310.638
300.476
293.553
288.652
311.403
300.512
293.397
288.183
310.284
300.295
293.468
288.633
310.227
300.082
293.344
288.371
309.735
300.052
293.402
288.668
309.047
299.679
293.271
288.623
309.274
300.256
293.496
289.608
308.141
300.072
293.527
290.008
309.199
300.188
293.468
289.6
308.097
300.007
293.489
289.984
309.01
300.045
293.363
289.52
307.945
299.872
293.391
289.919
308.608
299.804
293.273
289.456
307.591
299.654
293.276
289.844
307.889
299.448
293.162
289.403
306.895
299.342
293.124
289.752
306.292
298.609
292.629
289.059
305.039
298.456
292.637
289.395
307.031
299.033
292.905
289.24
305.904
298.919
292.904
289.597
305.641
298.197
292.295
288.807
304.292
297.99
292.307
289.141
305.083
297.792
291.994
288.566
303.682
297.537
291.983
288.886
282.964
279.917
277.845
276.573
275.97
282.917
279.903
277.839
276.57
275.968
282.931
279.895
277.831
276.564
275.964
282.867
279.871
277.82
276.558
275.96
282.899
279.869
277.815
276.555
275.957
282.811
279.835
277.799
276.545
275.951
282.708
279.779
277.768
276.527
275.938
282.564
279.699
277.724
276.501
275.919
282.817
279.822
277.789
276.539
275.946
282.841
279.811
277.779
276.532
275.941
282.892
279.854
277.805
276.548
275.953
282.9
279.839
277.794
276.541
275.947
282.719
279.771
277.761
276.522
275.934
282.755
279.765
277.754
276.517
275.931
282.587
279.697
277.72
276.498
275.917
282.641
279.701
277.718
276.496
275.916
283.031
279.934
277.851
276.576
275.972
283.09
279.945
277.854
276.577
275.973
283.009
279.918
277.841
276.57
275.968
283.072
279.932
277.846
276.573
275.97
282.979
279.893
277.826
276.56
275.961
283.037
279.91
277.833
276.564
275.964
282.959
279.871
277.811
276.551
275.955
282.99
279.882
277.817
276.554
275.957
282.939
279.856
277.803
276.546
275.951
526.695
525.124
526.908
525.296
527.551
525.924
528.935
527.173
531.573
529.657
535.794
536.282
534.592
534.29
536.217
536.994
536.26
536.871
563.898
571.078
572.569
572.904
572.976
556.3
568.985
572.095
572.801
572.952
563.994
571.102
572.575
572.905
572.976
556.497
569.041
572.105
572.805
572.953
564.169
571.144
572.584
572.907
572.977
556.774
569.112
572.122
572.809
572.953
564.548
571.231
572.604
572.912
572.978
557.27
569.232
572.149
572.815
572.955
565.222
571.372
572.634
572.918
572.979
558.115
569.422
572.189
572.823
572.957
565.732
571.434
572.643
572.919
572.979
559.98
569.805
572.265
572.838
572.96
565.624
571.429
572.644
572.92
572.979
559.29
569.661
572.238
572.833
572.959
565.74
571.428
572.64
572.919
572.979
560.284
569.877
572.279
572.84
572.96
565.777
571.436
572.642
572.919
572.979
560.301
569.892
572.281
572.841
572.96
422.011
458.673
455.354
417.674
410.657
417.004
408.134
416.014
438.181
455.243
442.364
457.473
278.771
279.315
280.523
282.48
285.327
289.214
279.226
279.787
281.027
283.014
285.844
289.615
278.428
278.259
279.004
278.891
280.286
280.305
282.382
282.659
285.398
286.009
289.311
289.997
294.276
300.573
308.289
317.512
326.456
332.332
294.394
300.163
306.8
313.819
320.034
323.908
278.22
277.43
276.37
275.106
273.716
278.712
277.845
276.685
275.303
273.783
279.802
278.767
277.384
275.739
273.931
281.566
280.259
278.514
276.443
274.171
284.13
282.422
280.151
277.462
274.516
287.621
285.36
282.369
278.842
274.984
278.631
277.777
276.634
275.271
273.772
279.137
278.205
276.958
275.473
273.841
280.255
279.15
277.674
275.919
273.993
282.045
280.662
278.819
276.632
274.235
284.591
282.808
280.441
277.642
274.577
287.975
285.654
282.589
278.977
275.03
277.91
277.167
276.17
274.982
273.674
277.758
277.038
276.072
274.921
273.653
278.431
277.608
276.505
275.191
273.745
278.329
277.521
276.439
275.15
273.731
279.588
278.587
277.248
275.654
273.903
279.606
278.602
277.259
275.661
273.905
281.479
280.186
278.46
276.41
274.159
281.729
280.398
278.621
276.51
274.193
284.195
282.479
280.195
277.49
274.526
284.746
282.945
280.548
277.71
274.6
287.711
285.44
282.431
278.88
274.997
288.33
285.961
282.825
279.125
275.08
292.148
289.154
285.225
280.614
275.586
297.741
293.812
288.718
282.783
276.323
304.517
299.404
292.897
285.386
277.214
312.46
305.877
297.728
288.433
278.283
319.911
311.837
302.187
291.318
279.349
324.709
315.644
305.046
293.199
280.065
292.248
289.234
285.284
280.651
275.599
297.378
293.512
288.495
282.646
276.276
303.234
298.364
292.127
284.906
277.048
309.359
303.399
295.89
287.26
277.86
314.709
307.759
299.148
289.317
278.581
318.019
310.45
301.165
290.601
279.036
278.853
279.568
280.971
283.164
286.305
290.562
279.312
280.051
281.49
283.707
286.803
290.868
278.509
278.342
279.258
279.154
280.742
280.782
283.091
283.418
286.435
287.124
290.808
291.663
296.028
302.647
310.501
319.497
327.815
332.812
295.929
301.891
308.551
315.344
321.073
324.275
278.295
277.493
276.418
275.137
273.727
278.941
278.041
276.834
275.397
273.815
280.208
279.114
277.649
275.905
273.988
282.187
280.789
278.92
276.698
274.257
285.019
283.182
280.734
277.829
274.642
288.849
286.413
283.179
279.352
275.159
278.709
277.844
276.684
275.303
273.783
279.377
278.41
277.114
275.571
273.874
280.675
279.508
277.948
276.092
274.051
282.675
281.2
279.23
276.891
274.323
285.464
283.555
281.014
278.003
274.701
289.118
286.634
283.342
279.453
275.193
277.984
277.23
276.218
275.012
273.684
277.834
277.102
276.121
274.951
273.664
278.661
277.803
276.654
275.284
273.777
278.567
277.724
276.594
275.247
273.764
280.001
278.939
277.517
275.823
273.96
280.038
278.971
277.541
275.838
273.965
282.123
280.736
278.88
276.674
274.249
282.419
280.986
279.071
276.793
274.29
285.139
283.286
280.814
277.88
274.659
285.761
283.813
281.215
278.13
274.744
289.077
286.61
283.331
279.448
275.191
289.85
287.266
283.829
279.759
275.297
293.751
290.533
286.29
281.288
275.817
299.648
295.463
290
283.599
276.603
306.567
301.195
294.3
286.286
277.525
314.322
307.524
299.037
289.283
278.58
321.204
312.996
303.12
291.934
279.568
325.17
316.061
305.385
293.425
280.147
293.652
290.441
286.215
281.241
275.8
298.964
294.883
289.557
283.321
276.508
304.85
299.768
293.222
285.605
277.289
310.775
304.638
296.864
287.886
278.076
315.68
308.614
299.825
289.756
278.734
318.364
310.755
301.407
290.759
279.092
364.64
346.532
302.322
295.748
299.184
295.701
300.633
370.621
368.558
346.754
358.82
325.454
337.453
318.766
322.998
316.353
364.406
338.199
321.53
316.813
325.336
319.781
310.874
309.866
308.798
304.637
314.323
310.647
362.811
340.66
351.004
330.257
323.698
337.381
311.982
304.849
315.434
346.315
330.479
316.567
301.928
284.743
335.346
323.785
311.261
297.635
282.108
299.379
295.254
289.851
283.506
276.571
293.511
290.342
286.15
281.202
275.787
296.607
292.955
288.127
282.433
276.205
293.478
290.322
286.138
281.195
275.785
297.894
294.027
288.931
282.932
276.375
353.783
336.902
321.418
304.821
285.851
352.428
335.588
319.789
302.731
283.553
337.146
325.845
312.69
298.019
281.803
345.742
330.559
315.705
299.591
282.191
319.656
311.961
302.304
291.234
279.209
329.684
319.931
308.157
294.891
280.49
313.93
307.33
298.878
289.097
278.469
317.607
310.331
301.096
290.466
278.935
311.84
305.626
297.613
288.31
278.199
348.712
333.1
318.688
303.112
285.27
330.139
320.338
308.678
295.523
280.922
316.284
309.238
300.314
290.022
278.803
312.167
305.861
297.805
288.468
278.272
319.463
311.794
302.252
291.306
279.292
314.693
307.907
299.345
289.462
278.63
306.917
301.503
294.541
286.439
277.579
306.083
300.845
294.052
286.121
277.462
305.185
300.128
293.518
285.778
277.34
301.477
297.032
291.194
284.337
276.851
310.042
304.138
296.512
287.639
277.976
306.792
301.445
294.501
286.395
277.553
346.062
330.644
316.821
302.09
284.964
331.213
320.783
309.047
296.056
281.36
339.791
326.991
313.87
299.373
282.693
323.355
314.811
304.536
292.88
279.932
317.981
310.55
301.334
290.758
279.109
329.371
319.715
308.266
295.346
280.896
307.916
302.345
295.175
286.83
277.71
301.647
297.161
291.288
284.398
276.873
310.945
304.846
297.049
288.003
278.115
279.6
292.396
304.205
314.546
322.831
329.111
483.578
477.342
453.734
459.814
467.753
458.779
444.178
433.661
503.053
518.547
496.377
510.315
487.03
478.462
498.551
473.612
468.567
445.621
450.502
460.463
452.558
437.688
428.684
492.89
503.968
487.085
496.837
478.392
470.479
486.617
459.768
456.1
434.297
437.853
449.826
443.447
428.193
420.623
477.426
488.08
472.811
482.454
466.168
459.517
474.191
445.491
442.806
422.456
425.152
437.836
432.37
417.578
411.096
462.811
474.097
459.129
469.509
453.759
447.417
462.232
435.16
433.001
413.835
416.096
428.726
424.021
409.609
403.71
451.775
463.879
448.657
460.187
444.358
438.786
453.88
428.167
426.268
407.954
409.995
422.462
418.377
404.059
398.597
444.522
458.331
441.688
454.737
438.146
433.213
448.442
404.128
400.903
426.614
431.109
396.627
391.33
419.626
411.093
381.669
361.328
380.668
362.974
377.018
376.502
365.688
399.881
396.882
420.754
424.656
392.89
387.964
414.575
406.683
377.127
357.582
376.289
359.368
372.878
372.808
361.847
393.133
390.496
412.023
415.153
386.968
382.474
406.908
400.122
372.502
352.998
371.612
354.586
368.529
368.383
356.841
384.817
382.538
402.174
404.714
379.263
374.796
397.884
391.576
365.782
347.302
365.008
348.702
362.219
362.005
350.934
378.205
376.145
394.756
396.975
373.216
369
390.919
385.137
360.078
343.1
359.399
344.143
357.099
356.807
346.362
373.502
371.589
389.622
391.664
369.044
365.302
386.053
380.706
356.465
340.265
355.905
341.279
353.841
353.715
343.687
)
;

boundaryField
{
    patch1
    {
        type            zeroGradient;
    }
    patch2
    {
        type            fixedValue;
        value           uniform 273;
    }
    patch3
    {
        type            zeroGradient;
    }
    patch4
    {
        type            fixedValue;
        value           uniform 573;
    }
}


// ************************************************************************* //
