/*--------------------------------*- C++ -*----------------------------------*\
  =========                 |
  \\      /  F ield         | OpenFOAM: The Open Source CFD Toolbox
   \\    /   O peration     | Website:  https://openfoam.org
    \\  /    A nd           | Version:  11
     \\/     M anipulation  |
\*---------------------------------------------------------------------------*/
FoamFile
{
    format      ascii;
    class       volScalarField;
    location    "2.1";
    object      gradTz;
}
// * * * * * * * * * * * * * * * * * * * * * * * * * * * * * * * * * * * * * //

dimensions      [0 -1 0 1 0 0 0];

internalField   nonuniform List<scalar> 
5712
(
7271.19
23890.1
5770.83
24497.7
4334.78
25342
6845.18
39081.9
8412
53740
8347.47
39132.1
8050.19
32472.2
8366.69
29010.6
5063.15
3128.5
13534.1
8026.58
4962.8
2674.94
14821.6
7357.39
5530.49
4002.88
17736.1
12464.8
4182.52
3004.81
17445.6
12660.5
9807.3
4150.2
8466.46
3770.81
3891.28
9142.93
33933.1
9200.16
12149.5
4113.92
43729.5
11878.1
11383.9
3940.77
24223.2
7519.74
12431
4339.69
21052.7
6696.23
5919.21
2934.79
8749.28
3405.53
6404.58
3463.2
8533.7
3270.77
8135.66
4634.87
7354.82
3191.83
10887.8
3910.13
3746.94
1307.3
12321.5
8536.49
7626.77
5573.73
13789.6
11345.4
7537.26
6523.05
7220.32
4874.22
10166.7
6796.23
5028.42
3695.59
2557.11
2098.05
4861.45
4199.86
2518.32
2429.31
4820.97
3159.25
2472.15
1585.75
6446.85
3502.59
4829.93
5833.11
8815.93
6272.15
6989.47
9974.65
4268.52
2020.59
2850.41
3342.13
2120.93
880.212
1232.42
1239.47
7784.7
13964.9
5283.4
15594.9
9132.76
13676.9
6501.33
16336.2
10384.5
12391
8380.23
15958.5
12296.5
14686.1
9227.93
8891.8
9734.13
14670.4
13542.8
13284.1
13615.7
19659.4
11924.8
9167.16
7924.4
8875.73
13926.8
16155.6
14410.2
18740.4
17995.1
14793.4
13696.7
18515.1
17625.4
12806.9
12477.8
17375.3
16992
10704.6
8391.34
9951.14
8653.63
10854.7
9683.25
11651.2
11162.8
16008.5
16362
10007.4
8658.29
9536.43
9142.54
9822.04
10385.2
11045.6
12376.7
14408.6
16634.3
8265.72
6489.51
5678.49
7228.96
11184.2
13627.3
7757.65
12272.5
4807.68
6324.46
7157.76
5900.14
1375.86
4799.6
715.807
1726.26
3965.38
8253.29
1466.57
2862.89
655.213
4066.95
368.481
1426.35
4722.08
4797.28
5366.42
3333.69
7470.85
5974.74
8785.96
6057.15
1104.19
2627.81
2662.72
1514.69
1486.79
1928.42
2102.94
1588.65
11462.7
6957.28
2187.02
12979.3
7441.96
2435.05
10994.3
6884.8
2321.24
12781.5
7452.55
2433.44
10116.2
6321.61
2076.32
12478.6
7492.5
2501.9
5482.8
2967.59
802.462
7006.66
4610.07
1601.04
8347.04
5753.91
1983.11
9642.83
6236.49
2069.31
12363.7
7701.69
2692.51
6512.4
3660.18
1160.91
6590.75
4739.72
1786.65
7814.49
5769.51
2117.06
9763.85
6847.34
2446.89
12504.5
7794.49
2763.72
299.433
2013.49
2848.11
4110.75
2183.59
2507.54
5485.51
5204.1
602.819
1034.15
643.636
1077.21
488.427
1417.22
871.288
1858.72
3228.46
1578.66
4081.57
2359.42
2174.09
3796
3408.21
938.562
6086.7
1488.94
-1912.92
725.019
1788.72
1337.3
1242.95
1150.43
9835.66
4521.35
2688.19
1673.47
9989.92
4701.04
3383.64
2118.14
9862.51
5060.83
4911.36
3460.71
3521.9
2545.23
1744.52
1674.19
12628.2
11228.6
5948.72
6175.54
13557.9
12727.2
6691.4
6748.9
5303.9
5462.24
10879.4
9099.01
3554.05
3720.26
1992.45
2263.98
4126.63
4101.86
2271.06
2432.4
3109.71
3354.35
1750.39
2151.73
4744.89
3343.84
4741.92
3394.25
7383.77
4407.33
7054.4
4693.45
2865.78
2425.07
3005.35
2197.61
1609.54
1525.64
1915.48
1292.67
11670.7
8168.87
5920.99
6045.68
11622.1
8365.2
5954.52
6016.98
12060.8
8693.25
6039.85
5848.81
13853.5
14912.1
12679.3
8529.66
4902.87
14129.2
13125.8
12258.7
10192.2
6670.69
13248.7
12013.4
9647.55
7481.39
4737.99
6976.74
6235.78
6546.18
7517.61
7189.93
6125.5
6610.85
7421.04
7490.08
6081.53
6676.31
7321.65
10661.6
7521.89
9990.28
6963.44
7918.06
6423.17
7467.86
6429.24
6195.47
7256.47
8856.07
7684.42
7868.88
6883.14
6765.32
6160.76
6030.94
6027.3
4884.85
6904.35
7035.07
4757.8
4678.25
2789.42
9158.21
7057.49
6372.31
5120.45
3844.43
2312.76
5577.51
4134.91
4734.97
2235.95
1736.93
999.891
4997.76
3612.06
1749.13
1448.81
4115.59
1841.81
1623.18
856.078
3234.64
2997.13
2883.79
4247.96
4502.44
4287
3679.14
5444.71
3269.95
2136.11
2086.35
2880.28
995.191
485.16
231.039
545.686
4323.5
1802.86
531.861
4993.2
1291.22
343.556
4374.48
1947.23
597.709
4983.56
1343.4
375.037
4081.85
1927.61
498.202
4898.49
1367.68
320.386
4635.25
2341.07
518.881
4220.92
2028.48
474.795
4175.83
1995.52
538.017
4176.68
1952.49
411.764
4884.58
1344.1
200.699
5881.81
2948.06
783.825
5334.67
2644.36
720.263
4889.29
2410.28
699.512
4674.74
1992.98
488.157
5293.3
1257.96
306.982
1769.42
635.63
127.343
-192.014
737.24
279.612
76.6269
-37.7072
1875.98
697.584
181.362
-116.767
937.487
388.952
187.663
87.2979
2016.27
776.877
274.678
0.248783
1607.12
749.243
290.446
64.9701
1227.23
691.281
243.412
-13.8688
1152.46
754.626
437.876
258.696
1673.18
742.546
225.784
-175.214
1432.31
627.437
274.369
-174.239
1975.34
766.257
247.961
-123.229
1787.27
696.986
278.021
-285.416
1344.67
691.927
274.98
-57.0218
1101.62
555.19
296.233
2.2573
996.006
610.636
361.647
221.212
761.258
469.906
313.262
183.699
2250.74
765.635
126.106
-382.093
2226.16
704.652
182.583
-520.357
2249.79
777.63
146.772
-363.786
2158.11
686.146
190.663
-504.547
2208.8
781.706
224.381
-255.822
2016.48
650.402
235.119
-410.796
1939.04
724.208
310.127
-26.5954
2212.83
729.545
331.689
-479.252
1733.37
648.638
310.787
-111.948
1762.28
496.616
163.922
-350.746
701.156
180.513
44.5188
-72.3147
1822.61
531.254
182.923
-333.857
731.534
195.606
57.1771
-58.3087
1858.89
570.645
226.344
-291.715
746.488
212.997
73.7862
-41.2217
1678.18
539.216
260.863
-228.376
726.146
220.574
101.487
-10.6842
1539.01
537.687
283.488
-130.45
651.69
233.425
138.624
30.7856
1074.8
434.708
212.234
-39.9185
615.352
305.422
185.12
97.518
1240.4
441.201
217.413
-95.1282
620.466
265.778
162.488
64.7733
867.461
420.846
232.227
36.1159
552.59
321.177
202.885
129.566
614.363
381.847
259.41
160.108
461.732
319.205
222.768
167.53
-17.3535
7.14639
7.26653
5.04107
3.80291
-2.61009
4.85693
4.10404
2.78621
2.10207
8.75508
20.7677
14.8736
9.6782
7.18124
25.62
20.3266
12.8925
8.15077
6.00274
37.2878
37.4064
24.5643
15.7467
11.6593
104.471
69.0364
41.902
26.2656
19.305
125.375
81.4394
49.4055
31.0434
22.8884
182.598
107.865
63.5219
39.5428
29.1072
65.699
54.7146
34.731
22.0709
16.2443
70.5275
51.6535
32.0513
20.3177
14.9625
45.2746
43.891
28.3823
18.1965
13.4597
83.9052
53.7167
32.1649
20.2324
14.8507
85.8113
65.3131
40.954
25.9772
19.1709
94.7922
61.8207
37.5169
23.6339
17.4111
145.107
86.8952
51.3051
31.9658
23.5208
121.302
71.7513
42.2968
26.3529
19.36
-31.9586
3.59132
5.38286
3.87139
2.94474
-17.4472
1.12272
2.11117
1.54836
1.19364
-14.8102
12.1494
10.0875
6.73249
5.04758
-11.3228
4.15426
3.74852
2.52705
1.91463
6.81637
22.112
15.4548
10.042
7.51112
11.8696
14.2294
9.05124
5.68076
4.22587
54.8693
43.4179
26.9699
17.1661
12.7591
36.696
27.4512
16.6569
10.5108
7.81235
101.896
57.0426
33.0415
20.5408
15.0728
1669.81
3815.53
1688.91
3778.01
1848.15
3749.3
2200.81
3899.79
2294.98
4020.74
929.991
1429.59
1518.41
2407.68
498.994
703.598
180.889
237.497
8692.55
2075.86
475.68
106.235
26.3896
2369.34
637.964
169.667
38.5799
8.38535
8593.59
2035.57
465.999
103.201
25.8254
2411.52
711.281
175.291
40.7518
10.1204
8211.72
1931.57
440.525
97.433
24.4104
2340.73
687.78
169.047
39.1039
9.74632
7528.3
1755.1
399.057
88.1844
22.0996
2274.49
654.355
158.751
36.3973
9.02308
6311.54
1463.86
333.006
73.6868
18.4895
2149.67
601.749
144.397
32.8989
8.1316
2992.24
725.691
167.909
37.4246
9.40534
1049.26
298.397
71.0387
15.9054
3.92213
4455.06
1065.29
244.584
54.2491
13.612
1543.76
433.369
104.04
23.69
5.89461
1757.27
429.58
99.8577
22.3656
5.63153
587.705
173.843
41.1432
9.20851
2.29232
607.526
147.64
34.4024
7.73246
1.9484
236.03
63.3668
13.8959
3.89693
0.7584
100.152
489.948
4578.78
-854.624
754.713
808.814
2359.79
3021.65
1905.24
3571.43
3001.82
4628.57
3619.19
4491.25
1880.32
2532.15
2004.59
2377.86
1042.37
1083.82
2311.08
1684.13
542.263
-416.56
-711.808
-852.733
-229.775
13036.4
3225.63
4316.67
2829.12
-104.218
26.5245
3020.15
-1319.95
-710.584
-1000.3
-519.833
7154.2
3797.84
1365.59
1104.86
3688.67
2070.49
677.646
1413.51
-1410.61
-792.274
747.997
604.9
8730.37
4315.3
5375.85
2881.36
4096.05
4529.65
1579.83
-822.281
981.187
1632.86
1332.43
1144.19
1024.32
778.508
1331.61
1070.34
835.58
587.348
252.096
476.013
395.128
299.719
190.506
66.2771
-372.013
-310.356
-231.541
-142.235
-47.8922
-635.941
-531.026
-396.864
-244.268
-82.3176
-762.915
-638.224
-477.954
-294.709
-99.4184
-199.827
-159.525
-111.598
-63.6316
-20.1826
9406.48
8101.84
6864.49
6232.34
5722.92
2836.1
2463.1
2268.18
1870.15
977.845
3293.54
2609.64
2173.89
1683.61
869.729
2163.87
1725.72
1479.94
1128.76
469.915
30.4481
57.2652
154.282
160.227
78.3887
109.09
174.847
202.011
169.958
70.8858
2553.07
2120.08
1658.49
1146.65
467.985
-795.727
-386.055
-151.051
-26.9547
6.24912
-564.759
-401.046
-242.064
-115.119
-29.7977
-702.508
-434.086
-223.134
-87.0991
-18.1053
-471.367
-392.202
-286.884
-170.987
-55.7393
5279.53
4745.12
4074.93
3729.62
3440.78
2915.18
2290.82
1883.61
1416.3
684.094
1251.03
1116.47
933.159
661.507
259.328
969.725
824.91
658.018
448.026
169.339
3070.09
2468.53
1872.07
1238.12
474.713
1829.33
1546.49
1209.34
799.175
288.702
589.911
492.826
382.573
252.122
91.6648
1244.66
1038.93
793.856
508.847
178.702
-1223.34
-986.928
-712.67
-426.444
-141.138
-697.284
-569.167
-412.744
-245.991
-80.8593
666.511
571.411
455.437
306.775
112.975
541.589
466.443
372.634
250.323
91.2609
5627.25
4090.32
3495.24
3186.32
2760.01
3289.71
2550.99
1961.9
1390.95
622.765
3947.08
3218.39
2585.87
1992.47
964.225
2298.48
1867.19
1447.4
1009.82
437.11
3480.88
2840.02
2161.78
1414.44
522.015
3425.61
2529.16
2031.84
1507.39
632.256
1378.23
1142.87
872.245
561.856
199.156
-730.007
-602.899
-443.421
-268.047
-89.0467
862.832
733.36
583.431
394.856
146.463
-27854.1
-45602.8
-23096.3
-36910.5
-24740.6
-51827.8
-29611.8
-65816.8
-17642.3
-12064.7
-19847.1
-12359.9
-16264.5
-10445
-20139.8
-10595.5
-23048.5
-17370.6
-33562.2
-24183.4
-19798.7
-15784.1
-28047.7
-21076.2
-15865.1
-16214.5
-13025.2
-12523.6
-15342.9
-14444.2
-38668.4
-10665.8
-14724.1
-5496.1
-47280.3
-13106.7
-13161.4
-4893.44
-28770.8
-9059.19
-15077.8
-5772.77
-25586.5
-7952.26
-11911.4
-4792.87
-15168.2
-5496.54
-11306.6
-4972.91
-13183.4
-4772.4
-11718.1
-5687.71
-10531.9
-4181.46
-13495.7
-4765.58
-4732.94
-1661.83
-10082.9
-6706.87
-8703.83
-5309.78
-8884.99
-7146.36
-7630.55
-5441.24
-8857.69
-5047.21
-10371.9
-6480.08
-5962
-3559.5
-3205.23
-1969.58
-5141.26
-3544.44
-2670.57
-1901.01
-6061.48
-3298.78
-3343.71
-1677.34
-7812.19
-3967.89
-5059.22
-5881.84
-9916.81
-6665.91
-7127.58
-9931.68
-5294.92
-2375.37
-3027.31
-3394.99
-2854.82
-1149.12
-1362.25
-1285.54
-11716.4
-14263
-6606.23
-16140.1
-12182.8
-13610.9
-7588
-16502.7
-12313
-12393.5
-9043.25
-15704.4
-8411.29
-6781.71
-9217.67
-10227.9
-10205.8
-9274.69
-10731.3
-12460.5
-13410.3
-19044.8
-6381.68
-6596.17
-7185.8
-8695.18
-13578.5
-13547.6
-9451.76
-17194.3
-13230
-12558.8
-9303.21
-16941.3
-13177.5
-11116.6
-8693.38
-15812.8
-13046.9
-7602.04
-6051.37
-7864.19
-6286.32
-8791.34
-7105.03
-9614.9
-8154.33
-14408.4
-13117.5
-7140.01
-6159.83
-7194.67
-6246.1
-7924.46
-7406.39
-9523.94
-9441.82
-13295.4
-13686.7
-6564.3
-5242.59
-4829.11
-6324.34
-8196.45
-11317.5
-6198.43
-10456
-4437.49
-5852.47
-6341.32
-5187.94
-855.603
-4166.5
-253.188
-1230.34
-2983.36
-7182.66
-665.322
-2009.65
-430.648
-3730.38
-149.505
-1152.95
-4566.46
-4545.83
-5260.22
-3169.59
-7073.23
-5503.01
-8514.92
-5604.74
-1014.05
-2456.81
-2588.53
-1408.8
-1391.82
-1783.13
-2031.08
-1493.15
-5735.32
-1972.79
-7762.52
-2648.38
-5863.16
-2059.13
-7946.81
-2852.71
-5817.89
-2027.64
-8415.82
-3245.81
-3560.16
-1000.68
-4444.58
-1705.94
-5025.19
-1950.89
-6051.89
-2292.1
-8885.96
-3539.76
-4530.97
-1374.97
-4093.43
-2026.47
-4945.63
-2357.93
-6672.12
-2919.94
-9216.18
-3485.62
-6129.6
-5745.39
-4625.96
-4543.4
-10287.8
-7864.75
-8363.48
-6928.96
-4140.35
-3587.31
-1695.21
-1216.53
-3902.89
-3768.42
-1562.33
-1629.02
-2960.99
-4612.52
-3520.3
-4984.58
-3753.48
-2475.12
-3221.64
-511.552
-6789.41
-1780.12
2587.57
417.848
-924.542
-289.83
229.254
664.356
-2429.7
-1707.68
-905.306
-537.644
-2586.68
-1810.66
-1362.4
-626.826
-2891.97
-2177.58
-1812.6
-874.077
-1191.38
-93.6841
634.704
1066.29
-5077.51
-5466.7
-3920.05
-3672.65
-6859.03
-6874.28
-5692.34
-4782.41
-2558.13
-2864.71
-3834.73
-4417.32
-2368.97
-2059.97
-988.897
-908.822
-3653.11
-2868.96
-1843.97
-1450.32
-1326.47
-1491.34
-221.665
-574.031
-1684.16
-1186.98
-2439.93
-1765.57
-2641.88
-2146.14
-3769.61
-2898.17
-602.293
-360.188
-1188.53
-687.607
398.93
527.352
-300.907
160.493
-3534.43
-4440.36
-2994.29
-4433.11
-3497.09
-4436.92
-3063.29
-4424.02
-3692.37
-4114.28
-3235.51
-4202.49
-2851.37
-4758.54
-2429.25
-2119.95
-2296.93
-7137.85
-5041.73
-4609.09
-4758.83
-4859.69
-5730.41
-4798.37
-4045.99
-3754.37
-2937.81
-5263.64
-5272.23
-6843.85
-10581.1
-4993.39
-4747.67
-6568.94
-10087.4
-4603.5
-4398.28
-6063.35
-9303.64
-6947.46
-5325.94
-6237.19
-4730.4
-5418.43
-4293.79
-5498.93
-5033.81
-5624.71
-8596.36
-5627.37
-5301.11
-4745
-4747.12
-4236.38
-4461.77
-4333.89
-5148.58
-3933.01
-7509.62
-3883.46
-2762.11
-2665.12
-969.261
-5622.34
-4920.41
-4360.43
-3216.6
-2043.66
-719.896
-3124.2
-2478.68
-3215.93
-978.6
-451.533
109.292
-3624.99
-2373.15
-647.362
-376.918
-2638.71
-701.556
-291.253
179.584
-1845.39
-1895.9
-2004.46
-3781.38
-2866.56
-3228.3
-2865.16
-5272.62
-1989.04
-1243.96
-1102.96
-2301.86
253.314
395.194
815.03
145.944
-3769.98
-1097.38
-7097.92
-701.464
-3527.71
-1185.02
-6903.76
-728.082
-2713.04
-717.717
-6274.96
-560.485
-2927.67
-657.524
-2674.52
-621.342
-2874.96
-872.228
-2974.96
-551.936
-5900.95
-737.947
-4066.78
-798.394
-3711.24
-594.565
-3729.04
-726.755
-4093.42
-598.774
-6198.74
-743.095
-745.063
-154.252
161.862
408.463
-250.827
-39.206
62.0035
127.74
-734.382
-121.293
175.961
381.905
-171.157
31.2935
60.5986
70.2066
-751.625
-83.05
172.153
330.768
-10.7044
229.238
359.182
392.717
531.619
458.544
529.789
541.326
980.116
690.124
527.195
380.604
-327.098
115.489
372.11
622.934
-262.644
167.715
289.909
619.751
-810.137
-68.06
233.637
507.909
-617.01
55.0874
255.954
759.609
129.634
298.821
398.781
526.623
59.9067
266.451
293.953
444.379
571.762
471.047
388.645
303.844
401.124
368.292
298.011
278.687
-1181.7
-263.516
191.632
667.401
-1471.01
-310.457
56.2887
829.795
-1133.55
-228.123
208.816
680.013
-1414.8
-286.917
57.5171
821
-1054.27
-174.193
161.716
583.58
-1285.17
-242.186
23.8747
743.125
-699.194
-34.8652
143.853
413.337
-1329.75
-206.273
19.3618
921.419
-649.919
20.1959
169.866
582.974
-1365.13
-237.224
-5.28414
581.105
-593.967
-90.6707
22.0095
146.602
-1275.33
-203.434
12.354
583.472
-565.23
-79.5461
24.8955
144.04
-1093.37
-137.451
18.6774
565.524
-481.312
-51.8498
37.438
150.26
-896.97
-82.6781
1.09541
505.373
-393.692
-23.6786
36.1833
143.171
-655.092
6.024
48.0817
431.996
-202.074
40.6962
48.7716
138.807
-290.849
127.19
202.658
406.768
99.0116
196.96
171.799
199.554
-539.314
33.0454
121.455
415.8
-16.8058
125.916
109.69
169.326
10.956
228.513
248.824
367.694
214.942
253.594
215.322
212.193
311.956
314.155
255.764
262.623
333.271
295.212
226.229
194.823
90.4493
25.6118
10.1551
5.45078
3.85188
38.1229
12.2092
5.17437
2.83535
2.00543
105.058
36.8824
17.2882
9.98121
7.22059
59.9869
26.5061
13.8668
8.31835
6.08417
128.876
51.3812
25.9572
15.3289
11.1481
151.903
76.5866
42.4661
25.8917
19.0273
168.675
88.4781
49.6111
30.2738
22.1946
187.953
108.515
63.1128
39.0258
28.6953
154.234
67.6372
35.8292
21.5099
15.7825
130.585
59.5728
32.0176
19.2486
14.1199
139.191
55.5685
28.5103
16.8645
12.2903
114.167
55.1782
30.485
18.4321
13.5559
165.564
77.6452
42.0041
25.3513
18.5709
133.135
67.3267
37.4121
22.7478
16.7187
156.667
88.2983
51.0475
31.5064
23.1556
130.47
73.0236
42.0888
25.9394
19.071
98.6639
22.798
8.20345
4.24528
2.96571
45.8776
9.19208
3.11109
1.56167
1.06939
105.818
29.3341
12.4541
6.95337
4.96028
48.4796
11.578
4.68209
2.57618
1.81401
108.582
35.2428
16.636
9.60964
6.89282
54.1778
19.1533
9.75976
5.86068
4.23622
119.712
48.9084
25.6662
15.2378
11.0271
70.7753
29.2913
15.7086
9.41245
6.80955
100.11
54.2391
31.0001
18.9786
13.9554
-1817.28
-3431.87
-1867.57
-3436.8
-2031.46
-3460.36
-2228.76
-3550.16
-2155.83
-3566.16
-851.111
-1320.95
-1410.32
-2193.87
-424.951
-626.167
-107.276
-169.071
-8782.02
-2080.33
-473.989
-105.392
-26.0801
-2364.13
-638.078
-169.214
-38.3169
-8.29036
-8629.74
-2031.57
-463.07
-102.199
-25.4956
-2410.46
-711.647
-174.694
-40.4492
-10.0079
-8159.43
-1914.54
-435.792
-96.2097
-24.0576
-2332.89
-685.487
-167.947
-38.7261
-9.62326
-7401.42
-1727.77
-393.013
-86.8276
-21.7445
-2240.96
-646.887
-156.847
-35.9099
-8.88694
-6173.31
-1436.03
-327.177
-72.4429
-18.1798
-2087.15
-589.564
-141.825
-32.3299
-7.98811
-2945.28
-714.155
-165.246
-36.836
-9.25859
-1006.62
-288.181
-68.7996
-15.4286
-3.80762
-4368.52
-1045.72
-240.313
-53.333
-13.3874
-1485.99
-421.404
-101.552
-23.1625
-5.76738
-1731.18
-423.051
-98.2867
-22.007
-5.53971
-555.663
-165.424
-39.1666
-8.77173
-2.18426
-590.109
-143.368
-33.3537
-7.4868
-1.88409
-208.78
-56.0072
-12.0885
-3.48211
-0.653908
127.224
-1119.3
-5487.41
835.33
-6481.83
-2849.78
-6276.09
-2892.37
-11457.6
-6111.17
-12843.9
-6805.74
-128.137
-498.078
-780.992
-920.246
-823.597
-319.773
-209.984
-775.984
-1178.19
-1304.14
-1052.83
-351.951
-108.359
-115.336
-397.954
-400.137
-568.256
-562.439
-546.349
-519.402
-485.55
-470.048
-370.275
-340.411
851.917
2179.34
3533.75
2509.62
2303.36
1103.96
791.899
2255.67
3655.71
4242.02
3541.95
1609.58
-115.508
-97.5922
-73.9122
-46.0368
-15.6278
-449.629
-380.58
-288.797
-180.167
-61.2141
-704.972
-596.65
-452.722
-282.426
-95.9598
-830.39
-702.521
-532.847
-332.311
-112.891
-743.101
-628.526
-476.522
-297.037
-100.873
-290.609
-247.318
-188.008
-117.057
-39.6526
-189.17
-159.711
-120.877
-75.2539
-25.5404
-700.042
-592.082
-448.973
-279.959
-95.0983
-1062.55
-898.384
-681.07
-424.637
-144.244
-1175.26
-992.884
-752.216
-468.818
-159.232
-947.99
-800.179
-605.783
-377.401
-128.168
-318.116
-269.433
-204.35
-127.305
-43.1991
-97.7501
-82.6666
-62.6683
-39.0619
-13.2645
-104.111
-88.1115
-66.8476
-41.6931
-14.1632
-359.385
-304.345
-231.056
-144.194
-48.9983
-361.421
-306.126
-232.452
-145.086
-49.3056
-513.133
-434.497
-329.829
-205.818
-69.9358
-507.846
-429.974
-326.362
-203.64
-69.1937
-493.343
-417.718
-317.048
-197.803
-67.2008
-468.725
-396.587
-300.812
-187.591
-63.7199
-438.392
-371.032
-281.368
-175.352
-59.5251
-423.635
-357.85
-270.951
-168.718
-57.2594
-334.763
-283.371
-214.481
-133.206
-45.0804
-306.575
-258.588
-195.344
-121.325
-41.0991
755.806
629.859
473.996
295.897
101.036
1925.29
1600.06
1204.01
753.819
258.657
3085.31
2546.74
1918.54
1213.23
423.331
2176.1
1792.22
1354.27
861.171
301.753
2029.27
1676.4
1261.15
788.618
256.883
1003.22
846.482
646.118
405.413
129.086
703.638
586.866
441.389
275.036
93.7317
1999.27
1664.77
1252.06
781.504
267.028
3219.87
2669.66
2006.95
1257.39
432.243
3711.08
3063.49
2302.83
1448.92
501.429
3098.2
2557.27
1923.88
1211.67
417.891
1423.15
1187.15
901.137
570.432
196.553
270.752
639.859
920.571
1055.73
951.97
453.825
409.166
971.068
1361.69
1462.93
1172.73
432.611
220.114
209.438
506.81
492.526
669.347
648.254
632.317
587.215
565.727
484.833
507.296
386.143
-697.344
-1945.46
-3129.33
-1969.18
-1646.56
-387.032
-724.604
-2147.73
-3416.64
-3811.81
-2923.17
-872.054
244.865
207.738
158.017
98.7714
33.5944
578.333
490.251
372.604
232.753
79.1403
831.796
704.865
535.537
334.449
113.704
953.723
807.997
613.76
383.241
130.282
860.312
729.125
553.981
345.938
117.599
413.214
352.749
269.337
168.475
57.2539
369.936
313.729
238.56
149.083
50.7014
877.242
743.201
564.555
352.534
119.848
1229.44
1040.96
790.319
493.34
167.692
1319.98
1116.84
847.453
528.844
179.744
1057.55
894.307
678.341
423.255
143.861
391.865
332.823
253.231
158.201
53.7746
199.091
168.923
128.504
80.3279
27.3215
189.432
160.72
122.257
76.4177
25.9904
458.163
388.482
295.325
184.506
62.7366
445.261
377.546
287.011
179.311
60.97
604.961
512.824
389.75
243.448
82.7683
585.842
496.549
377.329
235.666
80.1192
571.576
484.598
368.332
230.071
78.2166
530.526
449.515
341.475
213.217
72.4757
511.78
434.215
330.173
206.242
70.1047
437.929
370.939
281.674
175.81
59.7453
460.345
391.655
298.253
186.294
63.2777
349.137
295.957
224.776
140.239
47.6312
-614.77
-508.879
-380.951
-237.266
-81.0245
-1712.24
-1417.66
-1064.1
-665.948
-228.764
-2714.09
-2225.9
-1670.17
-1056.27
-369.893
-1665.55
-1337.33
-990.613
-623.962
-218.537
-1402.11
-1113.42
-806.758
-487.994
-149.003
-316.715
-228.206
-145.213
-72.6578
-9.66868
-642.536
-534.81
-401.643
-250.142
-85.2601
-1901.65
-1581.99
-1189.2
-742.357
-253.77
-3001.49
-2482.09
-1862.55
-1166.41
-401.22
-3313.18
-2716.78
-2031.71
-1275.52
-441.61
-2520.84
-2049.58
-1522.86
-952.42
-327.533
-732.363
-577.146
-417.089
-256.123
-86.6946
-1429.77
-900.642
-239.029
674.286
974.731
1238.52
580.638
-10829.8
-1696.66
-3134.1
-1498.02
263.638
-3946.98
846.851
2472.03
1174
-5874.1
-2668.06
-444.956
-538.705
-3326.35
-1250.89
-244.038
-1000.05
2143.24
1344.2
-495.572
-150.779
-7708.32
-3567.23
-4244.63
-2045.65
-3486.77
-3310.43
-1058.84
1361.61
-367.417
-690.146
-448.672
-385.757
-482.777
-556.632
-553.858
-351.412
-236.912
-176.356
-97.3016
-197.225
-153.882
-112.539
-71.7313
-25.5799
610.004
517.395
393.124
245.34
83.3628
878.899
742.532
562.06
349.759
118.632
1116.77
943.676
714.626
444.948
150.979
527.103
447.282
338.335
209.296
70.4657
-7694.76
-6801.66
-6046.88
-6044.2
-6253.27
-1076.67
-709.173
-820.007
-951.131
-673.721
-2183.2
-1591.69
-1363.43
-1184.45
-728.81
-953.494
-619.557
-565.921
-506.812
-227.128
245.375
201.891
134.815
63.4885
12.3081
-3277.87
-2669.43
-2042.12
-1381.78
-554.085
766.849
642.268
474.312
283.927
91.7115
2147.12
1751.89
1293.54
796.042
269.514
1053.44
882.768
661.477
407.422
136.844
-4062.31
-3731.62
-3343.34
-3379.15
-3534.52
-1817.74
-1288.56
-1081.43
-909.411
-525.04
-341.398
-278.542
-251.074
-216.518
-106.479
-429.678
-340.627
-271.537
-199.084
-84.2277
-2761.9
-2221.59
-1697.25
-1140.53
-447.987
-1046.1
-842.921
-646.257
-434.174
-162.119
-185.068
-136.42
-101.622
-71.8326
-29.6179
-860.242
-702.519
-530.577
-341.108
-121.26
1912.39
1597.75
1197.93
740.628
250.181
1211.43
1020.83
768.654
474.876
159.958
-411.517
-330.941
-255.81
-174.589
-67.0159
-111.072
-82.1107
-66.3657
-52.4609
-22.9812
-4665.3
-3222.62
-2799.35
-2758.69
-2682.71
-2576.07
-1907.02
-1440.92
-1048.09
-502.178
-2806.4
-2187.8
-1742.19
-1439.15
-751.898
-1501.93
-1148.93
-868.837
-632.335
-307.719
-2913.47
-2341.57
-1771.44
-1166.8
-438.142
-2276.56
-1483.14
-1201.9
-982.067
-456.568
-896.179
-722.942
-544.875
-353.915
-128.107
1228.97
1037.86
783.608
485.497
163.925
-281.064
-214.228
-170.149
-128.286
-54.6365
1.85769
43.4553
98.7691
127.741
90.0804
-18.6115
-19700.4
-17390.6
-16578.7
-18895.8
-14435.1
-11426.1
-13001.3
-9868.97
-17073.2
-14963.5
-15730.7
-14793.3
-13804.1
-11757.8
-14510.3
-16209.7
-14487.8
-13318.8
-15021.9
-12177.5
-10312.1
-10884.1
-8727.46
-15311.2
-13602.4
-14106.3
-12849.7
-12215.6
-11410.2
-11776.2
-12726.3
-11662.7
-10542
-11534.6
-10120.2
-8688.93
-9092.22
-7810.75
-12815.7
-11639.6
-11929.1
-10881
-10376.7
-9596.81
-9872.82
-8883.28
-8357.1
-7438.39
-7888.81
-7497.54
-6723.34
-6755.76
-6183.97
-9227.49
-9320.44
-8705.52
-8778.25
-7762.34
-7015.23
-7789.83
-5678.88
-5427.43
-4787.95
-4996.57
-5021.89
-4547.05
-4460.87
-4124.22
-6109.59
-6104.86
-5836.92
-5706.96
-5313.18
-4799.64
-5190.86
-2043.97
-1971.13
-1732.58
-1794.3
-1855.53
-1734.62
-1635.36
-1525.66
-2317.3
-2312.07
-2167.81
-2065.87
-1997.02
-1832.71
-1961.12
-7487.62
-7382.67
-11177.9
-12050.6
-7048.98
-6262
-9807.01
-7974.99
-5885.85
-4408.56
-5844.06
-4371.9
-5872.06
-5614.31
-4440.22
-7462.97
-7084.06
-9945.13
-10847
-6581.01
-5962.46
-8650.9
-7455.46
-5864.49
-3897.13
-5763.3
-4114.28
-5270.08
-5065.54
-4489.93
-6818.81
-6504.27
-8431.05
-9040.5
-6118.56
-5699.79
-7547.81
-6686.11
-4865.64
-4250.38
-4854.91
-4479.58
-4542.46
-4544.76
-4639.36
-5513.14
-5313.29
-6318.95
-6635.25
-5051.9
-4731
-5854.41
-5349.09
-4683.44
-3843.9
-4607.66
-4095.95
-4317.49
-4283.09
-4172.39
-3811.44
-3696.01
-4179.37
-4337.23
-3439.07
-3187.85
-3940.82
-3622.6
-3297.08
-2969.41
-3223.88
-3118.94
-3021.47
-2964.42
-2971.8
-1420.13
-1378.52
-1527.79
-1577.89
-1276.68
-1174.42
-1449.17
-1336.01
-1078.07
-1089.2
-1152.13
-1184.95
-1119.78
-1086.46
-1085.39
7238.29
23397
5739.07
24495.6
4318.35
25343.9
6840.93
39090.2
8407.05
53751.8
8330.84
39128.6
8015.91
32454.8
8343.11
28381.9
5055.93
3126.8
13534.9
8026.7
4961.27
2674.76
14824.9
7358.56
5495.9
3975.87
17380.8
12231.2
4161.71
2996.12
17460.2
12678.1
9813.42
4143.5
8466.92
3768.44
3886.52
9150.78
33942.3
9201.44
12151.6
4113.97
43739.8
11880.3
11386.2
3941.44
24235.8
7522.05
12434.5
4340.26
21069.3
6699.23
5861.87
2906.8
8595.43
3347.75
6405.3
3463.74
8548.03
3276.18
8134.73
4635.04
7359.47
3194.06
10896.8
3913.53
3749.11
1308.15
12320.5
8535.8
7626.61
5573.53
13788
11344.2
7537.4
6522.88
7220.45
4874.19
10165.9
6795.95
5028.81
3695.61
2556.75
2097.87
4862.1
4200
2518.38
2429.31
4821.77
3159.33
2471.93
1585.56
6447.69
3503.14
4830.1
5833.41
8815.79
6272.46
6989.55
9975.06
4269.86
2021.17
2850.58
3342.32
2121.08
880.313
1232.32
1239.48
7738.59
13960.1
5250.82
15586.2
9134.78
13672.7
6504.61
16333.1
10384.6
12389.9
8381.02
15957.9
12295.5
14683.9
9227.49
8892.23
9734.89
14668.4
13541.6
13283.3
13615.3
19659.5
11923.2
9166.28
7924
8875.75
13927.2
16179.7
14449.5
18746.7
17976.6
14786.3
13691.3
18506.9
17620.3
12804.2
12474.2
17373.9
16990.1
10703.2
8390.31
9950.06
8652.56
10853.6
9681.9
11649.7
11160.9
16007.8
16360.9
10006.3
8657.27
9535.6
9141.54
9821.35
10384.2
11045.1
12375.8
14408.6
16633.7
8265.22
6489.26
5678.29
7228.92
11183.2
13626.6
7757.24
12272.1
4807.63
6324.55
7157.53
5900.04
1375.74
4799.59
715.722
1726.22
3965.25
8253.11
1466.57
2862.86
655.122
4067.01
368.372
1426.32
4722.18
4797.4
5366.64
3333.77
7470.86
5974.77
8786.23
6057.22
1104.19
2627.87
2662.82
1514.72
1486.78
1928.44
2102.98
1588.67
11490.7
6971.65
2195.68
12986.2
7451.89
2438.46
10990.6
6883.76
2321.15
12778.3
7450.91
2433.26
10113.6
6320.37
2076.02
12476.7
7491.2
2501.55
5482.02
2967.09
802.293
7005.71
4609.42
1600.82
8345.76
5753.06
1982.83
9641.12
6235.43
2069
12362.5
7700.69
2692.17
6511.59
3659.64
1160.71
6589.81
4739.01
1786.38
7813.44
5768.68
2116.74
9762.78
6846.45
2446.55
12503.6
7793.62
2763.36
304.891
2015.6
2862.53
4115.25
2186
2508.64
5493.55
5206.7
585.86
1021.57
624.403
1060.34
492.756
1416.81
875.715
1857.87
3240.73
1583.93
4086.23
2360.74
2177.81
3804.02
3412.96
942.509
6089.57
1490.97
-1900.85
733.45
1794.5
1342.53
1252.75
1158.25
9848.46
4517.86
2677.4
1665.76
9981
4700.86
3381.47
2117.98
9857.54
5059.83
4912.79
3460.39
3525.96
2545.78
1749.5
1676.01
12624.6
11226.6
5949.71
6175.62
13555.3
12725.4
6691.97
6748.9
5304.95
5462.25
10875.8
9097.26
3556.24
3720.86
1994.24
2264.58
4127.96
4102.25
2271.92
2432.71
3112.19
3354.94
1752.71
2152.43
4745.3
3343.86
4741.83
3394.16
7381.38
4406.63
7053.15
4692.87
2867.6
2425.65
3005.8
2197.86
1611.7
1526.69
1916.12
1293.13
11700.9
8173.86
5923.44
6046.1
11613.7
8364.49
5953.18
6016.81
12053
8689.78
6038.11
5847.57
13848.5
14908.5
12674.2
8526.11
4901.79
14126.3
13121.9
12254.4
10188.6
6669.26
13246.3
12010.6
9645.07
7479.58
4737.22
6975.58
6238.53
6542.14
7511.59
7187.94
6125.23
6608.4
7419.93
7487.92
6080.08
6675.41
7320.98
10659.7
7520.7
9987.8
6962.02
7915.63
6421.67
7465.71
6427.79
6194.39
7255.54
8854.48
7683.2
7866.93
6881.74
6763.45
6159.39
6029.44
6026.11
4884.03
6903.42
7033.47
4756.79
4677.74
2788.96
9156.78
7056.54
6371.81
5119.97
3843.99
2312.38
5576.15
4134.03
4734.96
2235.82
1737.2
1000
4997.71
3611.9
1749.27
1448.87
4115.59
1841.72
1623.49
856.212
3234.32
2996.75
2883.57
4247.56
4501.49
4286.25
3678.63
5444.06
3269.95
2136
2086.38
2880.13
995.509
485.304
231.333
545.807
4327.43
1807.24
534.142
4997.98
1298.81
345.466
4373.21
1947.42
597.73
4981.43
1342.02
375.072
4080.87
1927.29
498.181
4897.71
1367.1
320.265
4634.48
2340.63
518.741
4220.1
2028.06
474.665
4174.95
1995.11
537.902
4175.77
1952.08
411.642
4883.9
1343.76
200.595
5880.97
2947.57
783.658
5333.76
2643.89
720.111
4888.39
2409.84
699.374
4673.93
1992.58
488.028
5292.63
1257.74
306.916
1762.4
631.632
124.995
-192.888
729.943
275.933
74.9075
-38.4291
1876.27
697.648
181.327
-116.948
937.602
388.984
187.59
87.1573
2016.18
776.844
274.639
0.132712
1607
749.217
290.419
64.8632
1227.34
691.341
243.46
-13.869
1153.05
754.888
438.007
258.745
1673.19
742.574
225.806
-175.23
1432.35
627.484
274.405
-174.203
1975.17
766.223
247.957
-123.267
1787.15
696.97
278.028
-285.395
1344.88
692.042
275.05
-56.9929
1101.79
555.297
296.3
2.30255
996.45
610.853
361.764
221.267
761.538
470.068
313.36
183.76
2249.92
764.683
124.626
-383.2
2228.55
705.229
182.031
-521.991
2249.33
777.419
146.735
-363.867
2157.65
685.979
190.738
-504.419
2208.42
781.583
224.374
-255.817
2016.03
650.261
235.137
-410.698
1938.72
724.098
310.089
-26.6442
2212.43
729.435
331.682
-479.184
1733.17
648.583
310.762
-111.998
1767.57
498.567
164.339
-353.001
704.551
181.627
44.6882
-73.1713
1820.15
530.478
182.766
-333.474
730.503
195.313
57.0908
-58.1402
1858.33
570.441
226.352
-291.582
746.197
212.898
73.7781
-41.1408
1677.82
539.092
260.847
-228.31
725.969
220.509
101.473
-10.6562
1538.77
537.614
283.468
-130.42
651.579
233.383
138.605
30.7885
1074.8
434.74
212.26
-39.8866
615.372
305.443
185.131
97.5263
1240.29
441.185
217.415
-95.1024
620.415
265.76
162.477
64.7711
867.569
420.929
232.282
36.1629
552.687
321.244
202.926
129.595
614.559
381.976
259.492
160.169
461.894
319.315
222.838
167.58
-18.4149
6.47578
6.86109
4.77628
3.59782
-3.31779
4.39625
3.81175
2.58664
1.94324
8.7314
20.7537
14.8605
9.66649
7.16742
25.6173
20.3289
12.8944
8.15293
5.99749
37.2351
37.3676
24.5306
15.7173
11.6293
104.405
68.9832
41.8568
26.2273
19.2698
125.361
81.4231
49.39
31.03
22.8801
182.615
107.871
63.5222
39.5411
29.1064
65.654
54.6746
34.6956
22.0396
16.2146
70.5027
51.63
32.0302
20.2988
14.9448
45.228
43.8537
28.3502
18.1687
13.4341
83.8557
53.6793
32.1335
20.2054
14.827
85.7972
65.2945
40.9355
25.9599
19.1547
94.7861
61.8099
37.5053
23.6228
17.4006
145.127
86.9023
51.3066
31.965
23.5196
121.323
71.7593
42.2994
26.3533
19.3596
-32.6156
3.25451
5.21362
3.77896
2.89507
-17.7492
1.0005
2.05816
1.52297
1.19146
-14.7501
12.1938
10.1248
6.76706
5.09617
-11.239
4.21606
3.80115
2.57496
1.97128
6.85174
22.1481
15.4867
10.0715
7.54711
11.8994
14.2598
9.07841
5.70603
4.25666
54.8492
43.4102
26.9649
17.1631
12.7628
36.6971
27.4597
16.6657
10.52
7.82774
101.829
56.9978
33.005
20.5102
15.0479
1640.16
3796.34
1687.98
3775.92
1847.62
3748.75
2200.47
3899.38
2294.83
4020.52
929.979
1429.59
1518.37
2407.62
498.975
703.588
180.849
237.467
8700.08
2074.84
475.344
106.152
26.3688
2387.68
642.847
170.683
38.8013
8.445
8589.04
2034.11
465.608
103.106
25.8001
2406.34
709.745
174.905
40.6537
10.0952
8211.77
1931.47
440.473
97.4157
24.4048
2339.73
687.449
168.955
39.0808
9.74005
7528.24
1755.04
399.028
88.1743
22.0961
2274.16
654.235
158.714
36.3871
9.02013
6311.61
1463.85
332.996
73.6826
18.4879
2149.55
601.703
144.381
32.894
8.13006
2992.36
725.714
167.913
37.425
9.4053
1049.26
298.393
71.0362
15.9045
3.92176
4455.18
1065.3
244.585
54.2483
13.6116
1543.73
433.354
104.034
23.6879
5.8939
1757.35
429.596
99.8608
22.3661
5.63159
587.707
173.841
41.142
9.20802
2.29212
607.547
147.645
34.4033
7.73259
1.94841
236.023
63.3641
13.8949
3.89666
0.758296
108.047
494.295
4586.76
-841.2
716.249
767.401
2362.85
3025.18
1913.52
3581.25
3004.26
4631.82
3618.7
4490.98
1881.74
2534.3
2003.28
2376.59
981.795
1020.21
2311.05
1684.1
542.218
-416.55
-711.785
-852.703
-229.79
13035.6
3225.13
4316.26
2828.72
-104.372
26.409
3019.87
-1320.07
-710.653
-1000.39
-519.832
7153.85
3797.55
1365.37
1104.73
3688.43
2070.32
677.589
1413.4
-1410.6
-792.276
747.895
604.814
8730.11
4315.14
5375.63
2881.23
4095.83
4529.37
1579.71
-822.272
981.079
1632.86
1332.45
1144.21
1024.33
778.493
1331.59
1070.34
835.589
587.358
252.1
475.971
395.091
299.689
190.486
66.27
-372.004
-310.349
-231.536
-142.231
-47.8911
-635.92
-531.009
-396.851
-244.26
-82.3148
-762.889
-638.202
-477.937
-294.698
-99.4147
-199.84
-159.537
-111.608
-63.6385
-20.185
9405.51
8100.84
6863.54
6231.52
5722.28
2835.59
2462.6
2267.73
1869.81
977.69
3293.12
2609.24
2173.54
1683.34
869.604
2163.49
1725.38
1479.64
1128.53
469.822
30.3125
57.1445
154.18
160.153
78.359
108.98
174.747
201.927
169.901
70.8648
2552.79
2119.81
1658.26
1146.48
467.918
-795.837
-386.157
-151.138
-27.016
6.22655
-564.824
-401.105
-242.114
-115.153
-29.8102
-702.599
-434.168
-223.203
-87.1463
-18.1224
-471.367
-392.203
-286.886
-170.988
-55.7399
5279.11
4744.67
4074.5
3729.22
3440.44
2914.88
2290.54
1883.36
1416.11
684.009
1250.82
1116.27
932.994
661.393
259.285
969.603
824.797
657.923
447.962
169.314
3069.85
2468.31
1871.89
1237.98
474.661
1829.17
1546.34
1209.22
799.094
288.672
589.857
492.777
382.533
252.096
91.6551
1244.55
1038.84
793.779
508.795
178.683
-1223.33
-986.917
-712.662
-426.439
-141.137
-697.287
-569.171
-412.748
-245.994
-80.8605
666.414
571.322
455.364
306.725
112.957
541.507
466.368
372.572
250.282
91.246
5626.95
4090.04
3494.98
3186.06
2759.78
3289.57
2550.86
1961.79
1390.87
622.724
3946.86
3218.17
2585.67
1992.31
964.15
2298.36
1867.08
1447.3
1009.75
437.079
3480.66
2839.82
2161.62
1414.32
521.971
3425.33
2528.9
2031.6
1507.22
632.181
1378.11
1142.77
872.16
561.799
199.135
-729.999
-602.893
-443.417
-268.045
-89.0462
862.728
733.266
583.353
394.802
146.443
-27952.6
-45314.2
-23052.9
-36959.5
-24689.1
-51880.2
-29779.5
-65560.5
-17628.8
-12059.6
-19866.1
-12363.1
-16252.5
-10441.3
-20157.4
-10597.6
-23104.5
-17406.8
-33327.1
-24013.4
-19763.7
-15761.5
-28086.7
-21104.2
-15879.5
-16202.4
-13028.3
-12516.8
-15331.3
-14458
-38703.1
-10674
-14731.8
-5500.04
-47309.1
-13113.7
-13166
-4895.82
-28799.4
-9067.05
-15087.2
-5777.48
-25617.2
-7959.2
-11918.2
-4781.24
-15057
-5451.31
-11300.8
-4971.83
-13201
-4778.88
-11712.7
-5686.67
-10538.1
-4184.16
-13509.8
-4770.44
-4737.29
-1663.36
-10080.3
-6705.68
-8704.35
-5309.8
-8882.73
-7145.06
-7630.62
-5440.99
-8858.56
-5047.41
-10369.4
-6479.22
-5964.46
-3560.13
-3206.7
-1970.01
-5142.72
-3544.73
-2671.26
-1901.13
-6064.41
-3299.48
-3345.48
-1677.82
-7813.31
-3968.53
-5059.53
-5882.25
-9915.19
-6665.85
-7127.22
-9932.07
-5297.62
-2376.36
-3027.92
-3395.36
-2856.3
-1149.66
-1362.63
-1285.74
-11722.8
-14272.8
-6589.54
-16153.5
-12178.3
-13606.1
-7590.1
-16500
-12308.4
-12391.3
-9042.96
-15704
-8408.61
-6779.46
-9214.88
-10226.1
-10206.1
-9271.81
-10727.9
-12457.3
-13408.3
-19044.9
-6380.08
-6594.52
-7184.48
-8694.53
-13578.9
-13565.5
-9472.53
-17229.9
-13221.8
-12556.8
-9297.56
-16935.5
-13175.4
-11115.2
-8691.93
-15812.4
-13046.4
-7599.95
-6050.17
-7861.73
-6284.95
-8789.24
-7103.79
-9613.48
-8153.33
-14408.2
-13117.3
-7138.64
-6158.75
-7193.2
-6244.92
-7923.28
-7405.43
-9523.29
-9441.26
-13295.6
-13686.8
-6563.36
-5242.2
-4828.84
-6324.28
-8195.36
-11316.7
-6197.96
-10455.5
-4437.43
-5852.6
-6340.72
-5187.75
-855.662
-4166.57
-253.331
-1230.43
-2983.25
-7182.46
-665.317
-2009.6
-430.78
-3730.57
-149.696
-1153.1
-4566.61
-4546.01
-5260.55
-3169.78
-7073.07
-5503.05
-8515.28
-5604.94
-1014.23
-2457
-2588.77
-1408.94
-1392.06
-1783.32
-2031.29
-1493.29
-5744.64
-1974.3
-7760.34
-2648.1
-5861.43
-2058.54
-7945.68
-2851.93
-5817.02
-2027.37
-8415.31
-3245.53
-3559.58
-1000.5
-4443.93
-1705.74
-5024.55
-1950.68
-6051.26
-2291.88
-8885.74
-3539.62
-4530.3
-1374.73
-4092.69
-2026.2
-4945
-2357.7
-6671.71
-2919.78
-9216.09
-3485.53
-6127.98
-5743.92
-4623.18
-4542.26
-10282.8
-7862.32
-8364.24
-6928.85
-4136.85
-3584.41
-1689.73
-1212.31
-3904.2
-3766.6
-1560.77
-1624.75
-2958.56
-4612.29
-3518.97
-4983.86
-3753.5
-2472.4
-3220.67
-509.498
-6790.39
-1780.13
2590.07
422.415
-922.723
-286.55
232.618
669.208
-2427.62
-1710.15
-904.62
-539.251
-2585.6
-1811.6
-1359.39
-626.667
-2891.85
-2177.76
-1809.95
-872.578
-1187.93
-91.5236
638.787
1068.56
-5076.42
-5465.7
-3919.15
-3671.9
-6857.41
-6873.06
-5691.84
-4781.87
-2557.08
-2863.89
-3834.04
-4416.5
-2368.07
-2059.33
-987.513
-908.086
-3653.25
-2868.73
-1843.6
-1449.98
-1325.02
-1490.51
-219.702
-573.118
-1683.07
-1186.2
-2439.15
-1764.98
-2641.55
-2145.89
-3768.96
-2897.72
-600.584
-359.01
-1187.69
-686.971
400.999
528.604
-300.028
161.101
-3532.59
-4441.18
-2993.2
-4424.8
-3499.79
-4441.06
-3064.45
-4426.07
-3693.19
-4114.77
-3236
-4203.1
-2850.46
-4756.98
-2428.79
-2119.86
-2296.88
-7135.8
-5040.55
-4608.54
-4758.75
-4859.81
-5729.1
-4797.39
-4045.31
-3753.88
-2937.5
-5262.06
-5264.94
-6818.05
-10556.1
-4992.58
-4751.56
-6567.3
-10086.6
-4603.5
-4397.81
-6064.02
-9304.11
-6945.91
-5325.01
-6236.2
-4729.74
-5417.94
-4293.36
-5498.8
-5033.5
-5624.87
-8596.37
-5626.33
-5300.27
-4744.29
-4746.52
-4235.94
-4461.36
-4333.64
-5148.31
-3932.89
-7509.41
-3882.84
-2761.69
-2664.64
-968.952
-5621.46
-4919.8
-4359.91
-3216.21
-2043.22
-719.636
-3123.78
-2478.38
-3215.44
-978.319
-451.176
109.5
-3624.66
-2372.9
-647.167
-376.773
-2638.17
-701.284
-290.816
179.807
-1845.01
-1895.62
-2004.13
-3781.05
-2866.27
-3228.05
-2864.94
-5272.34
-1988.54
-1243.68
-1102.57
-2301.54
253.707
395.39
815.322
146.134
-3768.63
-1100.78
-7094.67
-703.895
-3523.61
-1183.36
-6898.64
-724.813
-2711.94
-717.089
-6274.57
-559.901
-2927.2
-657.382
-2674.14
-621.214
-2874.59
-872.064
-2974.49
-551.669
-5900.8
-737.797
-4066.25
-798.212
-3710.83
-594.427
-3728.73
-726.638
-4093.16
-598.664
-6198.56
-743.048
-746.388
-156.277
159.889
405.984
-250.77
-40.1818
60.5292
126.182
-734.768
-121.356
176.091
382.266
-171.132
31.3827
60.7877
70.4598
-751.579
-82.9461
172.288
331.009
-9.98301
229.614
359.416
392.945
532.575
458.997
530.009
541.458
981.067
690.566
527.415
380.73
-326.648
115.748
372.278
623.084
-262.279
167.937
290.05
619.845
-809.91
-67.9035
233.751
508.057
-616.711
55.2813
256.081
759.713
130.23
299.129
398.95
526.735
60.2902
266.675
294.092
444.469
572.351
471.339
388.806
303.945
401.478
368.494
298.138
278.771
-1183.62
-265.255
191.144
666.944
-1473.8
-311.953
55.9979
831.051
-1133.64
-228.179
208.716
680.116
-1414.54
-286.866
57.313
820.823
-1054.23
-174.15
161.705
583.631
-1285.08
-242.15
23.7861
743.036
-698.978
-34.7154
143.938
413.462
-1329.64
-206.198
19.3612
921.418
-649.673
20.3616
169.985
583.135
-1368.05
-238.648
-5.73279
583.812
-596.237
-91.4182
22.0594
147.774
-1273.18
-202.983
12.253
582.871
-564.272
-79.3899
24.8966
143.773
-1093
-137.33
18.5801
565.353
-481.106
-51.7944
37.405
150.137
-896.784
-82.5739
1.09031
505.322
-393.584
-23.6248
36.1841
143.132
-654.903
6.15319
48.1396
432.016
-201.971
40.768
48.8083
138.819
-290.618
127.339
202.757
406.838
99.198
197.096
171.892
199.623
-539.138
33.1628
121.53
415.849
-16.661
126.022
109.76
169.373
11.2196
228.681
248.934
367.77
215.149
253.742
215.422
212.267
312.208
314.316
255.868
262.697
333.472
295.352
226.321
194.89
89.5927
25.161
9.90174
5.30669
3.75634
37.5581
11.9326
5.03619
2.76841
1.96852
105.157
36.9412
17.3288
10.0103
7.24738
60.0425
26.5352
13.8843
8.32847
6.09867
128.991
51.4561
26.0134
15.373
11.1894
152.02
76.6723
42.5332
25.9448
19.0739
168.745
88.5275
49.6479
30.3016
22.2139
188.019
108.556
63.1413
39.0466
28.7107
154.336
67.7095
35.8849
21.5546
15.8224
130.664
59.6255
32.0564
19.2792
14.1465
139.289
55.635
28.561
16.9046
12.3253
114.265
55.2431
30.534
18.4709
13.5887
165.642
77.6992
42.0441
25.3827
18.5979
133.201
67.3699
37.4429
22.7715
16.7387
156.724
88.333
51.0709
31.5234
23.1692
130.518
73.0518
42.1072
25.9526
19.0818
98.3342
22.5283
8.00907
4.11051
2.84766
45.8669
9.10609
3.03678
1.50711
1.01229
105.746
29.2917
12.42
6.92109
4.91304
48.3668
11.5072
4.62543
2.52583
1.75526
108.571
35.2217
16.614
9.58664
6.86155
54.1546
19.1285
9.7369
5.83833
4.20747
119.772
48.9399
25.687
15.2513
11.0313
70.7926
29.2954
15.7088
9.40926
6.79862
100.222
54.3116
31.0552
19.0218
13.9899
-1797.96
-3419.72
-1866.89
-3435.32
-2031.28
-3460.18
-2228.68
-3550.06
-2155.85
-3566.16
-851.197
-1321.03
-1410.39
-2193.93
-425.036
-626.242
-107.343
-169.128
-8794.56
-2079.94
-473.738
-105.321
-26.0613
-2383.52
-643.123
-170.255
-38.5407
-8.34986
-8626.31
-2030.3
-462.713
-102.11
-25.4715
-2405.73
-710.194
-174.323
-40.354
-9.98329
-8160.24
-1914.6
-435.77
-96.1981
-24.0532
-2332.23
-685.231
-167.869
-38.7056
-9.61752
-7401.79
-1727.82
-393.006
-86.8223
-21.7422
-2240.86
-646.826
-156.822
-35.9021
-8.88451
-6173.6
-1436.08
-327.182
-72.442
-18.1789
-2087.17
-589.56
-141.818
-32.327
-7.98701
-2945.46
-714.194
-165.254
-36.8373
-9.25881
-1006.67
-288.192
-68.801
-15.4286
-3.80748
-4368.75
-1045.77
-240.322
-53.3341
-13.3874
-1486.04
-421.414
-101.552
-23.1617
-5.76699
-1731.29
-423.076
-98.2919
-22.008
-5.53991
-555.703
-165.433
-39.1682
-8.77192
-2.18425
-590.152
-143.378
-33.3559
-7.48726
-1.8842
-208.807
-56.0136
-12.0898
-3.48241
-0.653956
130.334
-1120.23
-5491.95
836.735
-6491.78
-2848.33
-6275.2
-2890.69
-11447
-6103.35
-12883.9
-6809.91
-128.125
-498.046
-780.946
-920.194
-823.553
-319.759
-209.965
-775.936
-1178.12
-1304.07
-1052.77
-351.933
-108.349
-115.326
-397.928
-400.112
-568.223
-562.406
-546.318
-519.374
-485.525
-470.023
-370.26
-340.396
851.867
2179.22
3533.57
2509.51
2303.27
1103.93
791.857
2255.55
3655.53
4241.82
3541.8
1609.53
-115.497
-97.5828
-73.905
-46.0322
-15.6262
-449.6
-380.556
-288.778
-180.155
-61.2101
-704.93
-596.614
-452.695
-282.408
-95.9539
-830.342
-702.48
-532.816
-332.292
-112.885
-743.061
-628.491
-476.496
-297.021
-100.867
-290.596
-247.307
-188
-117.053
-39.651
-189.153
-159.697
-120.866
-75.2469
-25.5381
-699.999
-592.045
-448.944
-279.941
-95.0921
-1062.49
-898.33
-681.03
-424.612
-144.235
-1175.19
-992.827
-752.172
-468.791
-159.222
-947.938
-800.134
-605.749
-377.38
-128.161
-318.1
-269.419
-204.339
-127.299
-43.1969
-97.741
-82.6589
-62.6623
-39.0581
-13.2632
-104.102
-88.1039
-66.8418
-41.6895
-14.162
-359.362
-304.325
-231.041
-144.185
-48.9951
-361.399
-306.107
-232.437
-145.077
-49.3025
-513.103
-434.471
-329.809
-205.806
-69.9315
-507.817
-429.949
-326.343
-203.627
-69.1896
-493.315
-417.694
-317.03
-197.792
-67.1969
-468.699
-396.565
-300.795
-187.581
-63.7163
-438.369
-371.012
-281.353
-175.343
-59.5219
-423.613
-357.831
-270.936
-168.709
-57.2563
-334.75
-283.36
-214.473
-133.201
-45.0786
-306.561
-258.576
-195.335
-121.319
-41.0972
755.759
629.818
473.964
295.876
101.029
1925.18
1599.96
1203.93
753.768
258.639
3085.14
2546.58
1918.42
1213.15
423.301
2175.99
1792.13
1354.2
861.124
301.736
2029.2
1676.34
1261.1
788.591
256.876
1003.21
846.48
646.124
405.421
129.091
703.598
586.832
441.361
275.019
93.7255
1999.16
1664.68
1251.98
781.455
267.011
3219.7
2669.52
2006.83
1257.32
432.216
3710.9
3063.33
2302.7
1448.84
501.399
3098.07
2557.15
1923.78
1211.61
417.87
1423.11
1187.12
901.117
570.421
196.55
270.743
639.83
920.527
1055.68
951.926
453.809
409.152
971.024
1361.62
1462.86
1172.67
432.593
220.107
209.431
506.787
492.502
669.315
648.223
632.287
587.187
565.703
484.811
507.278
386.128
-697.3
-1945.35
-3129.16
-1969.06
-1646.45
-386.978
-724.564
-2147.62
-3416.46
-3811.61
-2923
-871.979
244.856
207.731
158.011
98.768
33.5933
578.307
490.229
372.587
232.742
79.1366
831.756
704.831
535.511
334.433
113.698
953.677
807.959
613.73
383.222
130.276
860.272
729.092
553.955
345.922
117.594
413.2
352.737
269.328
168.469
57.2521
369.923
313.718
238.551
149.077
50.6996
877.202
743.166
564.529
352.518
119.843
1229.38
1040.91
790.281
493.316
167.683
1319.91
1116.78
847.412
528.818
179.735
1057.5
894.264
678.308
423.234
143.854
391.848
332.809
253.22
158.195
53.7724
199.084
168.917
128.5
80.3251
27.3205
189.425
160.714
122.252
76.4148
25.9894
458.142
388.465
295.312
184.497
62.7337
445.24
377.528
286.998
179.302
60.9671
604.932
512.799
389.731
243.436
82.7643
585.814
496.525
377.311
235.655
80.1153
571.549
484.575
368.314
230.06
78.2129
530.5
449.493
341.458
213.206
72.4722
511.758
434.196
330.159
206.233
70.1016
437.909
370.923
281.661
175.802
59.7426
460.329
391.642
298.243
186.288
63.2756
349.124
295.945
224.768
140.233
47.6294
-614.729
-508.844
-380.923
-237.248
-81.0182
-1712.14
-1417.57
-1064.03
-665.903
-228.748
-2713.93
-2225.75
-1670.05
-1056.2
-369.866
-1665.43
-1337.23
-990.523
-623.901
-218.515
-1402
-1113.31
-806.668
-487.932
-148.981
-316.656
-228.144
-145.157
-72.617
-9.65387
-642.5
-534.778
-401.618
-250.126
-85.2545
-1901.55
-1581.9
-1189.12
-742.311
-253.754
-3001.32
-2481.94
-1862.43
-1166.33
-401.193
-3312.99
-2716.61
-2031.57
-1275.43
-441.577
-2520.67
-2049.43
-1522.74
-952.34
-327.504
-732.288
-577.073
-417.027
-256.08
-86.6788
-1429.71
-900.574
-238.998
674.268
974.697
1238.47
580.635
-10829.1
-1696.34
-3133.82
-1497.9
263.674
-3946.8
846.849
2471.99
1173.97
-5873.77
-2667.83
-444.84
-538.629
-3326.17
-1250.77
-243.995
-999.975
2143.18
1344.17
-495.52
-150.735
-7708.02
-3567.05
-4244.41
-2045.52
-3486.57
-3310.2
-1058.75
1361.58
-367.35
-690.029
-448.528
-385.606
-482.64
-556.541
-553.774
-351.318
-236.821
-176.283
-97.2691
-197.196
-153.856
-112.518
-71.7174
-25.575
609.989
517.383
393.115
245.334
83.361
878.869
742.506
562.04
349.747
118.628
1116.73
943.643
714.601
444.932
150.974
527.102
447.281
338.335
209.296
70.466
-7694.11
-6801.13
-6046.46
-6043.86
-6253
-1076.41
-708.974
-819.855
-951.023
-673.675
-2182.96
-1591.5
-1363.29
-1184.34
-728.764
-953.389
-619.477
-565.858
-506.766
-227.11
245.408
201.919
134.838
63.5039
12.3138
-3277.71
-2669.3
-2042.02
-1381.71
-554.058
766.848
642.267
474.312
283.927
91.7119
2147.08
1751.86
1293.52
796.027
269.508
1053.41
882.744
661.459
407.411
136.84
-4061.98
-3731.31
-3343.07
-3378.91
-3534.33
-1817.54
-1288.39
-1081.29
-909.312
-524.996
-341.292
-278.45
-251.001
-216.468
-106.46
-429.608
-340.565
-271.488
-199.051
-84.2155
-2761.73
-2221.44
-1697.14
-1140.45
-447.959
-1045.98
-842.814
-646.169
-434.115
-162.097
-185.027
-136.383
-101.592
-71.8117
-29.6102
-860.169
-702.454
-530.525
-341.074
-121.248
1912.33
1597.7
1197.9
740.607
250.174
1211.4
1020.81
768.637
474.866
159.955
-411.469
-330.9
-255.777
-174.567
-67.0081
-111.031
-82.0746
-66.3366
-52.4416
-22.9743
-4664.98
-3222.33
-2799.07
-2758.43
-2682.51
-2575.9
-1906.85
-1440.77
-1047.98
-502.125
-2806.18
-2187.58
-1741.99
-1438.98
-751.815
-1501.8
-1148.8
-868.726
-632.252
-307.683
-2913.28
-2341.41
-1771.3
-1166.7
-438.106
-2276.34
-1482.95
-1201.75
-981.952
-456.521
-896.097
-722.869
-544.817
-353.876
-128.093
1228.93
1037.84
783.588
485.485
163.921
-281.001
-214.171
-170.102
-128.255
-54.6248
1.85847
43.4555
98.7686
127.741
90.0796
-18.6121
-19779.6
-17368.8
-16557.3
-18985
-14424.2
-11420.6
-12992.1
-9864.75
-17126.9
-15003.4
-15711
-14778
-13794.3
-11751.4
-14501.5
-16277.3
-14475.4
-13307.2
-15090.4
-12169.6
-10307.4
-10877.4
-8723.82
-15350.6
-13623.6
-14096
-12842.5
-12209
-11405.2
-11772
-12771.6
-11657.1
-10537
-11577.8
-10115.5
-8685.69
-9088.18
-7808.09
-12847.8
-11654.5
-11925.6
-10881.6
-10373.5
-9593.94
-9871.15
-8906.75
-8355.78
-7437.38
-7909.7
-7495.77
-6721.73
-6754.18
-6182.56
-9248.46
-9321.76
-8704.84
-8772.99
-7761.07
-7013.91
-7789.06
-5690.25
-5427.21
-4787.85
-5006.43
-5021.26
-4546.35
-4460.3
-4123.55
-6122.51
-6104.03
-5836.86
-5706.8
-5312.63
-4799.02
-5190.32
-2047.35
-1971.12
-1732.6
-1797.25
-1855.37
-1734.42
-1635.21
-1525.46
-2327.5
-2316.7
-2167.81
-2065.73
-1996.85
-1832.52
-1960.93
-7505.9
-7382.94
-11172.1
-12091
-7047.64
-6260.54
-9802.49
-7972.26
-5891.8
-4409.13
-5846.8
-4374.77
-5872.13
-5613.71
-4440.96
-7479.59
-7083.41
-9940.76
-10885.5
-6579.67
-5961.08
-8647.22
-7452.98
-5878.26
-3898.98
-5764.09
-4118.11
-5269.93
-5064.98
-4490.21
-6833.03
-6503.81
-8428.93
-9068.01
-6117.54
-5698.68
-7545.42
-6684.24
-4873.56
-4258.22
-4854.9
-4480.09
-4542.18
-4544.24
-4639.28
-5522.6
-5313.16
-6318.51
-6650.24
-5051.33
-4730.3
-5853.36
-5348.03
-4688.48
-3856.86
-4607.46
-4100.6
-4317.14
-4282.64
-4171.94
-3816.93
-3695.92
-4179.35
-4344.82
-3438.74
-3187.45
-3940.39
-3622.07
-3299.33
-2982.59
-3223.42
-3117.59
-3021.05
-2964.05
-2971.12
-1422.03
-1378.44
-1527.8
-1580.29
-1276.55
-1174.28
-1449.05
-1335.85
-1077.59
-1093.46
-1151.73
-1183.92
-1119.53
-1086.28
-1084.96
)
;

boundaryField
{
    patch1
    {
        type            calculated;
        value           nonuniform List<scalar> 
2440
(
0
0
4529.65
1579.83
-822.281
981.187
-3310.43
-1058.84
1361.61
-367.417
0
0
4529.37
1579.71
-822.272
981.079
-3310.2
-1058.75
1361.58
-367.35
0
0
0
0
0
0
0
0
-929.219
0
0
0
0
0
0
0
0
2311.08
1684.13
542.263
-416.56
-711.808
-852.733
-229.775
13036.4
3225.63
4316.67
2829.12
-104.218
26.5245
3020.15
-1319.95
-710.584
-1000.3
-519.833
7154.2
3797.84
1365.59
1104.86
3688.67
2070.49
677.646
1413.51
-1410.61
-792.274
747.997
604.9
8730.37
4315.3
5375.85
2881.36
4096.05
309.955
-108.359
-115.336
-397.954
-400.137
-568.256
-562.439
-546.349
-519.402
-485.55
-470.048
-370.275
-340.411
220.114
209.438
506.81
492.526
669.347
648.254
632.317
587.215
565.727
484.833
507.296
386.143
-1429.77
-900.642
-239.029
674.286
974.731
1238.52
580.638
-10829.8
-1696.66
-3134.1
-1498.02
263.638
-3946.98
846.851
2472.03
1174
-5874.1
-2668.06
-444.956
-538.705
-3326.35
-1250.89
-244.038
-1000.05
2143.24
1344.2
-495.572
-150.779
-7708.32
-3567.23
-4244.63
-2045.65
-3486.77
0
0
0
0
0
0
0
0
-924.816
0
0
0
0
0
0
0
0
2311.05
1684.1
542.218
-416.55
-711.785
-852.703
-229.79
13035.6
3225.13
4316.26
2828.72
-104.372
26.409
3019.87
-1320.07
-710.653
-1000.39
-519.832
7153.85
3797.55
1365.37
1104.73
3688.43
2070.32
677.589
1413.4
-1410.6
-792.276
747.895
604.814
8730.11
4315.14
5375.63
2881.23
4095.83
308.944
-108.349
-115.326
-397.928
-400.112
-568.223
-562.406
-546.318
-519.374
-485.525
-470.023
-370.26
-340.396
220.107
209.431
506.787
492.502
669.315
648.223
632.287
587.187
565.703
484.811
507.278
386.128
-1429.71
-900.574
-238.998
674.268
974.697
1238.47
580.635
-10829.1
-1696.34
-3133.82
-1497.9
263.674
-3946.8
846.849
2471.99
1173.97
-5873.77
-2667.83
-444.84
-538.629
-3326.17
-1250.77
-243.995
-999.975
2143.18
1344.17
-495.52
-150.735
-7708.02
-3567.05
-4244.41
-2045.52
-3486.57
0
0
7.81235
15.0728
6.80955
13.9554
-18.6115
0
0
0
0
0
0
7.82774
15.0479
6.79862
13.9899
-18.6121
0
0
0
0
0
1592.46
1640.55
1654.99
2128.65
187.629
170.67
97.1171
94.6005
1161.9
689.342
2765.39
3156.76
-167.865
-129.049
866.418
887.593
0
0
0
0
0
0
0
0
0
0
0
0
0
0
0
0
0
0
0
0
0
0
0
0
0
0
0
0
0
0
0
0
0
-350.746
-72.3147
-333.857
-58.3087
-291.715
-41.2217
-228.376
-10.6842
-130.45
30.7856
-39.9185
97.518
-95.1282
64.7733
36.1159
129.566
160.108
167.53
3.80291
2.10207
7.18124
6.00274
11.6593
19.305
22.8884
29.1072
16.2443
14.9625
13.4597
14.8507
19.1709
17.4111
23.5208
19.36
2.94474
1.19364
5.04758
1.91463
7.51112
4.22587
12.7591
26.7331
7.28769
26.1528
9.0742
24.7152
8.76505
22.3671
8.13951
18.7049
7.38818
9.49023
3.8082
13.7794
5.49337
5.66792
2.2931
1.95718
0.76912
-15.555
105.536
-1619.12
-315.902
5459.88
5314.95
3011.04
2793.77
5115.96
6136.97
609.342
-743.571
-985.162
-1387.8
-1745.09
352.178
315.526
162.833
171.188
-1026.17
-561.57
-2451.33
-2684.84
294.518
221.829
-725.85
-794.148
-0.23479
0.0205625
0
0
0
0
0
0
0
0
0
0
0
0
0
0
0.395045
-0.182867
0
0
0
0
0
0
0
0
0
0
0
0
0
0
581.105
146.602
583.472
144.04
565.524
150.26
505.373
143.171
431.996
138.807
406.768
199.554
415.8
169.326
367.694
212.193
262.623
194.823
3.85188
2.00543
7.22059
6.08417
11.1481
19.0273
22.1946
28.6953
15.7825
14.1199
12.2903
13.5559
18.5709
16.7187
23.1556
19.071
2.96571
1.06939
4.96028
1.81401
6.89282
4.23622
11.0271
-26.4213
-7.20016
-25.82
-8.97132
-24.3586
-8.65464
-22.0079
-8.01739
-18.3917
-7.25717
-9.34263
-3.69502
-13.5524
-5.37234
-5.57589
-2.18503
-1.89286
-0.664604
235.716
-838.223
1578.34
248.242
206.85
739.895
482.424
-0.649982
-0.167289
-0.162805
-0.714501
0
0
0
0
0
0
0
0
0
0.705675
0.232579
0.383977
0.804196
0
0
0
0
0
0
0
0
0
0
1592.37
1640.62
1655.09
2128.62
187.677
170.655
97.1527
94.562
1161.96
689.321
2765.41
3156.67
-167.859
-129.082
866.416
887.584
0
0
0
0
0
0
0
0
0
0
0
0
0
0
0
0
0
0
0
0
0
0
0
0
0
0
0
0
0
0
0
0
0
-353.001
-73.1713
-333.474
-58.1402
-291.582
-41.1408
-228.31
-10.6562
-130.42
30.7885
-39.8866
97.5263
-95.1024
64.7711
36.1629
129.595
160.169
167.58
3.59782
1.94324
7.16742
5.99749
11.6293
19.2698
22.8801
29.1064
16.2146
14.9448
13.4341
14.827
19.1547
17.4006
23.5196
19.3596
2.89507
1.19146
5.09617
1.97128
7.54711
4.25666
12.7628
26.7094
7.34964
26.1275
9.04948
24.7096
8.759
22.3637
8.13665
18.7033
7.38667
9.49019
3.80784
13.7789
5.49266
5.66798
2.2929
1.95719
0.769017
-7.57424
112.534
-1607.27
-499.957
5465.79
5344.82
3023.34
2800.82
5131.57
6107.85
302.25
-743.481
-985.317
-1388
-1745.06
352.003
315.409
162.642
171.051
-1026.33
-561.647
-2451.39
-2684.91
294.374
221.752
-726.011
-794.261
-0.231867
0.0225283
0
0
0
0
0
0
0
0
0
0
0
0
0
0
0.396148
-0.182721
0
0
0
0
0
0
0
0
0
0
0
0
0
0
583.812
147.774
582.871
143.773
565.353
150.137
505.322
143.132
432.016
138.819
406.838
199.623
415.849
169.373
367.77
212.267
262.697
194.89
3.75634
1.96852
7.24738
6.09867
11.1894
19.0739
22.2139
28.7107
15.8224
14.1465
12.3253
13.5887
18.5979
16.7387
23.1692
19.0818
2.84766
1.01229
4.91304
1.75526
6.86155
4.20747
11.0313
-26.3997
-7.26181
-25.796
-8.94719
-24.3542
-8.64906
-22.0056
-8.015
-18.3909
-7.25607
-9.34285
-3.69488
-13.5524
-5.37193
-5.57609
-2.18502
-1.89296
-0.664653
238.614
-842.082
1579.37
249.486
234.088
778.546
471.094
-0.651967
-0.167295
-0.162803
-0.720774
0
0
0
0
0
0
0
0
0
0.703658
0.232613
0.384009
0.797921
0
0
0
0
0
0
0
0
0
13275.7
12262.8
0
13274.8
12258.4
0
0
0
0
0
0
0
0
0
7784.7
13987.2
9132.76
13714.5
10387.2
12373.9
12296.5
14686.1
9223.06
16155.5
14376.4
14793.4
13695.2
12806.9
12468.7
11462.7
6957.28
2189.68
10994.3
6884.8
2325.19
10114.4
6320.02
2074.93
0
0
0
0
0
0
0
0
11670.7
8164.38
11622.1
8356.43
12064
8688.12
13853.5
14912.1
12682.9
6976.76
6241
7189.93
6123.68
7490.08
6083.48
4323.5
1802.86
526.064
4374.48
1947.23
600.485
4081.93
1927.69
498.296
-14.682
-73.4204
8.64999
544.206
1329.84
522.248
1152.33
203.687
62.1639
-5.17343
-71.1321
-281.315
-759.949
-1302.5
-435.438
-1024.5
-127.447
11.5744
0
0
0
0
0
0
0
0
7738.59
13980.6
9134.78
13710.6
10387.4
12372.9
12295.5
14683.9
9222.62
16179.7
14412.9
14786.3
13689.9
12804.2
12465.1
11490.7
6971.65
2198.69
10990.6
6883.76
2325.09
10111.8
6318.77
2074.63
0
0
0
0
0
0
0
0
11700.9
8169.74
11613.7
8355.54
12056.2
8684.66
13848.5
14908.5
12677.8
6975.61
6243.86
7187.94
6123.46
7487.92
6082.03
4327.43
1807.24
527.813
4373.21
1947.42
600.527
4080.95
1927.38
498.274
-10.7486
-77.7439
6.97677
543.408
1329.49
522.195
1152.19
203.65
62.1172
-5.30059
-67.8997
-280.399
-759.576
-1302.39
-435.492
-1024.51
-127.515
11.5139
14129.2
13125.8
39.3761
23.5536
13.5786
8.31873
6.12663
79.4207
42.7181
24.4669
15.1191
11.0791
3534.87
1791.57
14668.4
13541.6
-2609.69
-39.9692
48.1577
23.9989
13.6775
8.47383
6.19228
70.2893
40.1168
23.2577
14.3445
10.5655
0
0
0
0
0
10704.6
8385.21
9951.16
8660.19
10854.7
9684.14
5482.79
2967.59
802.46
7006.66
4610.07
1601.04
8348.01
5755.77
1985.45
-4093.43
-2026.47
-4945.63
-2357.93
-6672.12
-2919.94
-9216.18
-3485.62
3608.24
1639.65
2849.37
1782.52
689.879
471.602
442.312
398.631
1045.38
706.053
510.863
344.328
133.527
74.4222
42.6667
26.2282
19.2698
181.651
106.712
62.4151
38.6607
28.4453
226.763
556.91
794.224
878.74
961.647
1176.62
205.095
173.999
132.348
82.7217
28.1343
503.448
426.853
324.471
202.704
68.9243
717.653
608.146
462.044
288.539
98.0914
793.434
671.801
510.013
318.324
108.189
867.361
733.532
556.305
346.989
117.898
1059.43
894.341
677.266
422.092
143.379
1554.92
1377.61
1145.02
857.803
532.528
181.104
6589.81
4739.01
1786.38
7813.44
5768.68
2116.74
9762.78
6846.45
2446.55
12503.6
7793.62
2763.36
-1927.36
459.306
-542.729
924.245
10659.7
7520.39
9987.78
6962.65
7915.66
6418.52
4634.48
2340.63
518.741
4220.1
2028.06
474.665
4173.03
1993.39
536.142
867.002
542.363
234.412
55.3399
1068.54
725.108
444.487
288.114
120.133
72.65
43.1241
26.9114
19.8059
185.519
107.744
63.1011
39.2147
28.8506
-1389.35
-1198.59
-965.25
-700.318
-423.754
-142.09
-132.27
-461
-698.197
-790.54
-922.785
-1084.23
-119.418
-101.085
-76.7051
-47.8495
-16.2566
-416.399
-352.685
-267.8
-167.149
-56.8051
-630.327
-533.556
-404.899
-252.609
-85.8301
-712.876
-602.624
-456.719
-284.662
-96.6726
-830.588
-700.634
-529.918
-329.794
-111.915
-972.763
-817.565
-616.272
-382.638
-129.707
14670.4
13542.8
-2618.68
-47.8706
48.1409
23.9933
13.6754
8.47503
6.20035
70.2044
40.0621
23.216
14.3118
10.5395
0
0
0
0
0
14126.3
13121.9
39.3722
23.5584
13.5841
8.32518
6.13854
79.3687
42.6839
24.4391
15.0959
11.0603
3537.08
1796.14
8411.97
53790.4
8347.41
39124
8050.28
32468.5
8366.86
29012.2
12979.3
7441.96
2435.05
12781.5
7452.55
2433.44
12478.6
7492.5
2501.9
12363.7
7701.69
2692.51
12504.5
7794.49
2763.72
184.689
71.7702
-294.753
266.126
-1001.65
1530.62
-18.2812
18.8869
1134.15
1053.34
87.0463
43.4011
29.4594
23.7458
506.929
257.062
209.226
188.121
16.1553
5.98484
2.87104
1.98864
126.902
48.1215
21.9826
14.9698
279.216
113.16
55.1623
38.6333
357.435
170.509
93.3327
68.477
315.164
205.486
125.82
94.5343
308.851
259.581
181.175
140.976
247.653
222.011
155.487
121.504
355.867
288.642
202.276
159.453
393.481
306.549
222.369
178.124
9.13955
4.95071
2.77821
1.68003
1.21983
56.2319
30.8751
17.5214
10.6873
7.79233
76.7954
48.0697
28.7854
18.0486
13.2521
79.4061
44.6119
25.8493
16.0695
11.753
100.209
60.612
36.1271
22.6409
16.6567
124.278
71.8708
42.1296
26.2081
19.2439
1.83523
0.882789
0.469096
0.274362
0.196605
13.6043
6.78608
3.68263
2.17759
1.56861
32.7996
16.7732
9.22613
5.49153
3.99103
352.336
312.105
390.626
637.735
1635.92
691.318
1611.03
200.247
58.2443
231.838
63.2535
16.132
3.62545
0.580443
241.827
71.1547
17.389
4.10866
0.738179
265.606
76.3324
18.7971
4.25688
0.81423
360.648
93.6072
22.0508
4.92597
0.998733
540.097
118.815
25.4227
5.31212
1.04699
204.701
44.2545
9.08012
1.8101
0.311133
383.154
76.8454
15.8787
3.32131
0.66838
74.8389
21.54
4.3158
0.907324
0.16241
69.395
13.6004
1.68204
1.34029
0.0601575
3619.19
4508.24
1880.16
2527.65
2004.32
2363
1042.11
1078.78
-1167.78
-3478.03
-2386.66
-1610.5
-1037.36
-862.243
-643.428
-396.771
-134.099
-1609.38
-997.771
-600.161
-407.346
-200.211
-1553.33
-911.496
-531.367
-277.786
-91.0053
-1347.59
-1052.51
-744.402
-443.305
-147.853
-7762.52
-2648.38
-7946.81
-2852.71
-8415.82
-3245.81
-8885.96
-3539.76
-9216.18
-3485.62
33.3359
39.1492
891.285
269.599
1561.08
-398.576
198.98
171.521
-80.2554
55.4339
33.4865
26.0106
12.3734
2.72074
209.27
162.648
39.0689
-31.3759
1.30018
2.10123
1.2997
0.810396
16.4169
18.7468
13.4408
8.8375
77.2208
55.4288
34.9847
22.3407
216.443
110.598
59.4211
35.9825
399.447
175.471
95.1392
65.2627
485.547
279.214
185.922
148.17
520.089
239.87
137.636
103.45
440.262
300.288
219.125
177.475
404.258
309.225
226.857
183.595
7.07963
4.5373
2.76079
1.74917
1.30032
46.1911
28.8475
17.3267
10.8903
8.06852
100.035
50.7372
28.2814
17.2149
12.6699
76.7363
42.3467
24.3387
14.927
11.0227
117.256
62.9941
35.6402
21.7906
16.0387
125.952
72.0692
41.7783
25.7912
18.9747
0.991111
0.753952
0.481494
0.312863
0.234587
9.44504
6.27719
3.86104
2.47578
1.84714
26.2324
16.2397
9.7865
6.23301
4.61544
-378.357
-426.547
-573.345
-746.013
-1488.57
-584.621
-1385.53
-124.487
9.90572
-239.068
-64.2908
-16.2758
-3.62564
-0.578505
-267.775
-75.1538
-17.9201
-4.16263
-0.742853
-305.249
-82.5318
-19.6207
-4.35002
-0.822832
-382.891
-97.3087
-22.5172
-4.96327
-0.996889
-517.454
-116.225
-24.9812
-5.20782
-1.01994
-167.972
-36.1731
-7.40163
-1.46633
-0.231488
-340.107
-69.9888
-14.6635
-3.08344
-0.614052
-44.8639
-13.8383
-2.52826
-0.515445
-0.0661511
-42.3822
-6.31621
0.105486
-0.929858
0.0431074
-242.508
-874.284
-1343.61
-1531.3
-1308.6
-572.818
698.551
2384.31
4143.08
5208.88
4611.73
2090.43
-218.542
-184.589
-139.768
-87.0452
-29.5475
-788.75
-667.144
-505.921
-315.482
-107.167
-1211.58
-1024.26
-776.409
-484.041
-164.415
-1379.33
-1164.72
-882.035
-549.582
-186.64
-1176.62
-991.729
-749.958
-466.955
-158.555
-513.613
-431.734
-325.877
-202.781
-68.8687
623.721
522.308
393.413
244.816
83.246
2115.72
1762.78
1325.11
825.941
281.835
3644.08
3016.88
2264.98
1418.19
487.759
4529.97
3723.5
2795.66
1764.58
615.305
3972.03
3248.36
2443.17
1555.84
550.414
1808.24
1488.88
1128.7
723.961
257.602
441.942
1071.45
1531.54
1693.67
1421.09
611.315
-729.234
-2422.59
-4070.63
-4907.31
-4049.46
-1359.74
399.541
338.808
257.607
160.974
54.7429
967.867
819.925
622.797
388.881
132.2
1382.58
1170.42
888.469
554.545
188.483
1527.47
1291.78
979.795
611.272
207.735
1279.68
1080.56
818.668
510.5
173.483
549.122
462.59
349.945
218.14
74.1552
-652.425
-547.665
-413.522
-257.826
-87.7615
-2153.61
-1798.31
-1354.93
-846.138
-289.045
-3582.75
-2969.05
-2232.15
-1399.81
-482.061
-4256.85
-3490.99
-2618.34
-1653.91
-577.925
-3451.61
-2794.33
-2087.56
-1328.04
-471.795
-1124.53
-885.663
-650.499
-413.792
-149.329
1308.17
0
1880.02
1172.57
985.397
743.744
462.867
157.237
0
0
0
0
0
1648.41
1357.86
1012.09
628.058
214.152
8407.02
53802.1
8330.79
39120.5
8016
32451
8343.29
28384.1
12986.2
7451.89
2438.46
12778.3
7450.91
2433.26
12476.7
7491.2
2501.55
12362.5
7700.69
2692.17
12503.6
7793.62
2763.36
158.218
76.7076
-293.839
229.41
-990.881
1539.07
-7.43322
18.0687
1105.63
1045.52
73.5314
36.588
24.9094
20.0427
504.806
256.25
208.593
187.676
14.233
5.20815
2.4624
1.66037
125.939
47.8475
21.8773
14.9946
278.975
113.052
55.1354
38.6468
357.283
170.417
93.2957
68.4627
315.082
205.423
125.785
94.5092
308.909
259.602
181.179
140.972
247.647
221.988
155.466
121.482
355.986
288.711
202.314
159.475
393.649
306.66
222.438
178.172
7.61709
4.14312
2.3344
1.41724
1.03148
56.2328
30.8471
17.5074
10.688
7.79532
76.7667
48.0457
28.7644
18.0302
13.2355
79.3566
44.5757
25.8192
16.0438
11.7304
100.199
60.5997
36.1146
22.6292
16.646
124.297
71.8781
42.1319
26.2081
19.2433
1.50536
0.730203
0.391505
0.231263
0.165628
13.652
6.79151
3.68632
2.18317
1.57508
32.8246
16.7977
9.24832
5.5132
4.01691
354.515
307.283
389.449
637.119
1635.59
691.263
1610.88
200.213
58.2071
233.097
63.9681
16.1934
3.64575
0.593504
238.793
70.2394
17.1718
4.0527
0.724911
265.11
76.1704
18.7527
4.24629
0.811544
360.387
93.5211
22.0253
4.91938
0.996938
539.94
118.763
25.4068
5.30777
1.04574
204.658
44.2382
9.07484
1.80856
0.310645
383.068
76.8151
15.8693
3.31862
0.667565
74.8145
21.5308
4.31279
0.906444
0.162128
69.3798
13.5951
1.6804
1.33989
0.0600216
3618.7
4507.95
1881.58
2529.8
2003.01
2361.71
981.53
1014.21
-1167.73
-3478.15
-2386.7
-1610.47
-1037.31
-862.206
-643.399
-396.752
-134.093
-1609.45
-997.837
-600.226
-407.402
-200.225
-1553.37
-911.531
-531.398
-277.809
-91.0127
-1347.57
-1052.49
-744.385
-443.294
-147.849
-7760.34
-2648.1
-7945.68
-2851.93
-8415.31
-3245.53
-8885.74
-3539.62
-9216.09
-3485.53
10.0172
11.6194
915.256
310.048
1563.22
-394.146
158.253
142.629
-55.4094
60.9191
28.1379
21.9906
10.3965
2.29374
210.582
163.105
39.4163
-31.3346
0.728594
1.75961
1.14367
0.771797
17.507
18.9148
13.4585
8.72479
77.5216
55.5135
34.9703
22.2883
216.643
110.703
59.4452
35.9788
399.615
175.59
95.1961
65.296
485.737
279.363
186.023
148.249
520.258
240.003
137.72
103.513
440.463
300.44
219.229
177.556
404.455
309.366
226.949
183.665
6.0541
3.84456
2.32576
1.46705
1.088
45.8947
28.7328
17.2638
10.843
8.0314
100.108
50.7859
28.3177
17.2435
12.6943
76.8217
42.4042
24.3827
14.9621
11.0526
117.322
63.0369
35.6709
21.8143
16.0586
126.001
72.0977
41.797
25.8047
18.9856
0.865247
0.637171
0.401295
0.258117
0.193637
9.34543
6.25935
3.85243
2.46729
1.83847
26.2056
16.2201
9.76899
6.21454
4.59179
-378.465
-423.172
-572.737
-745.73
-1488.46
-584.658
-1385.52
-124.538
9.85653
-239.963
-64.9493
-16.3277
-3.64445
-0.591224
-264.909
-74.2547
-17.7048
-4.10711
-0.729701
-304.934
-82.3977
-19.5799
-4.33988
-0.820194
-382.776
-97.2533
-22.4971
-4.95753
-0.995232
-517.407
-116.2
-24.9709
-5.20451
-1.01889
-167.973
-36.1699
-7.39965
-1.46554
-0.231182
-340.088
-69.9777
-14.6585
-3.08168
-0.613439
-44.8745
-13.8392
-2.52787
-0.515193
-0.0660321
-42.3998
-6.31993
0.104817
-0.930026
0.0430929
-242.488
-874.23
-1343.53
-1531.22
-1308.53
-572.787
698.516
2384.19
4142.87
5208.63
4611.53
2090.36
-218.524
-184.573
-139.755
-87.0376
-29.5449
-788.701
-667.103
-505.889
-315.462
-107.16
-1211.51
-1024.2
-776.363
-484.012
-164.405
-1379.25
-1164.66
-881.984
-549.55
-186.629
-1176.56
-991.674
-749.915
-466.928
-158.546
-513.586
-431.71
-325.859
-202.769
-68.8646
623.687
522.28
393.39
244.801
83.241
2115.61
1762.68
1325.03
825.891
281.817
3643.89
3016.71
2264.84
1418.1
487.727
4529.74
3723.3
2795.5
1764.47
615.265
3971.85
3248.19
2443.04
1555.75
550.382
1808.18
1488.84
1128.66
723.939
257.594
441.925
1071.4
1531.46
1693.58
1421.02
611.285
-729.199
-2422.47
-4070.43
-4907.06
-4049.25
-1359.64
399.526
338.796
257.597
160.968
54.7409
967.822
819.887
622.768
388.863
132.193
1382.51
1170.36
888.425
554.517
188.474
1527.4
1291.71
979.747
611.241
207.724
1279.62
1080.51
818.627
510.474
173.474
549.095
462.567
349.927
218.129
74.1514
-652.393
-547.637
-413.501
-257.813
-87.7569
-2153.5
-1798.22
-1354.86
-846.091
-289.029
-3582.57
-2968.89
-2232.02
-1399.73
-482.033
-4256.62
-3490.79
-2618.17
-1653.8
-577.886
-3451.4
-2794.15
-2087.41
-1327.94
-471.758
-1124.43
-885.573
-650.423
-413.739
-149.309
1308.12
0
1879.97
1172.53
985.358
743.714
462.849
157.23
0
0
0
0
0
1648.37
1357.82
1012.06
628.038
214.146
6590.75
4739.72
1786.65
7814.49
5769.51
2117.06
9763.85
6847.34
2446.89
12504.5
7794.49
2763.72
-1933.19
458.198
-548.195
922.29
10661.6
7521.58
9990.26
6964.08
7918.09
6420.01
4635.25
2341.07
518.882
4220.92
2028.48
474.795
4173.91
1993.8
536.258
866.914
542.329
234.388
55.3582
1067.96
724.857
444.365
288.073
120.15
72.6664
43.1389
26.9239
19.813
185.504
107.74
63.1018
39.2171
28.8519
-1389.38
-1198.62
-965.278
-700.34
-423.769
-142.095
-132.28
-461.029
-698.237
-790.583
-922.832
-1084.28
-119.427
-101.093
-76.7114
-47.8534
-16.2579
-416.425
-352.707
-267.817
-167.159
-56.8086
-630.363
-533.587
-404.923
-252.624
-85.8352
-712.915
-602.658
-456.744
-284.678
-96.6781
-830.631
-700.671
-529.946
-329.812
-111.921
-972.811
-817.606
-616.303
-382.658
-129.714
10703.2
8384.17
9950.08
8659.12
10853.6
9682.79
5482.01
2967.08
802.291
7005.71
4609.42
1600.82
8346.72
5754.91
1985.17
-4092.69
-2026.2
-4945
-2357.7
-6671.71
-2919.78
-9216.09
-3485.53
3610.8
1641.51
2853.08
1784.68
690.77
472.026
442.521
398.758
1046.34
706.5
511.087
344.459
133.589
74.4656
42.6992
26.2526
19.286
181.719
106.754
62.4443
38.682
28.461
226.754
556.884
794.186
878.698
961.603
1176.57
205.087
173.992
132.343
82.7185
28.1332
503.424
426.832
324.455
202.694
68.921
717.618
608.116
462.021
288.525
98.0866
793.396
671.769
509.988
318.308
108.184
867.321
733.498
556.279
346.972
117.893
1059.38
894.302
677.236
422.073
143.373
1554.87
1377.57
1144.99
857.775
532.51
181.098
)
;
    }
    patch2
    {
        type            calculated;
        value           nonuniform List<scalar> 
348
(
1.85769
1.85847
632.256
199.156
-89.0467
146.463
-456.568
-128.107
163.925
-54.6365
632.181
199.135
-89.0462
146.443
-456.521
-128.093
163.921
-54.6248
778.508
252.096
66.2771
-47.8922
-82.3176
-99.4184
-20.1826
5722.92
977.845
869.729
469.915
78.3887
70.8858
467.985
6.24912
-29.7977
-18.1053
-55.7393
3440.78
684.094
259.328
169.339
474.713
288.702
91.6648
178.702
-141.138
-80.8593
112.975
91.2609
2760.01
622.765
964.225
437.11
522.015
-15.6278
-61.2141
-95.9598
-112.891
-100.873
-39.6526
-25.5404
-95.0983
-144.244
-159.232
-128.168
-43.1991
-13.2645
-14.1632
-48.9983
-49.3056
-69.9358
-69.1937
-67.2008
-63.7199
-59.5251
-57.2594
-45.0804
-41.0991
101.036
258.657
423.331
301.753
256.883
129.086
93.7317
267.028
432.243
501.429
417.891
196.553
33.5944
79.1403
113.704
130.282
117.599
57.2539
50.7014
119.848
167.692
179.744
143.861
53.7746
27.3215
25.9904
62.7366
60.97
82.7683
80.1192
78.2166
72.4757
70.1047
59.7453
63.2777
47.6312
-81.0245
-228.764
-369.893
-218.537
-149.003
-9.66868
-85.2601
-253.77
-401.22
-441.61
-327.533
-86.6946
-556.632
-97.3016
-25.5799
83.3628
118.632
150.979
70.4657
-6253.27
-673.721
-728.81
-227.128
12.3081
-554.085
91.7115
269.514
136.844
-3534.52
-525.04
-106.479
-84.2277
-447.987
-162.119
-29.6179
-121.26
250.181
159.958
-67.0159
-22.9812
-2682.71
-502.178
-751.898
-307.719
-438.142
778.493
252.1
66.27
-47.8911
-82.3148
-99.4147
-20.185
5722.28
977.69
869.604
469.822
78.359
70.8648
467.918
6.22655
-29.8102
-18.1224
-55.7399
3440.44
684.009
259.285
169.314
474.661
288.672
91.6551
178.683
-141.137
-80.8605
112.957
91.246
2759.78
622.724
964.15
437.079
521.971
-15.6262
-61.2101
-95.9539
-112.885
-100.867
-39.651
-25.5381
-95.0921
-144.235
-159.222
-128.161
-43.1969
-13.2632
-14.162
-48.9951
-49.3025
-69.9315
-69.1896
-67.1969
-63.7163
-59.5219
-57.2563
-45.0786
-41.0972
101.029
258.639
423.301
301.736
256.876
129.091
93.7255
267.011
432.216
501.399
417.87
196.55
33.5933
79.1366
113.698
130.276
117.594
57.2521
50.6996
119.843
167.683
179.735
143.854
53.7724
27.3205
25.9894
62.7337
60.9671
82.7643
80.1153
78.2129
72.4722
70.1016
59.7426
63.2756
47.6294
-81.0182
-228.748
-369.866
-218.515
-148.981
-9.65387
-85.2545
-253.754
-401.193
-441.577
-327.504
-86.6788
-556.541
-97.2691
-25.575
83.361
118.628
150.974
70.466
-6253
-673.675
-728.764
-227.11
12.3138
-554.058
91.7119
269.508
136.84
-3534.33
-524.996
-106.46
-84.2155
-447.959
-162.097
-29.6102
-121.248
250.174
159.955
-67.0081
-22.9743
-2682.51
-502.125
-751.815
-307.683
-438.106
4993.2
1291.22
343.556
4983.56
1343.4
375.037
4898.49
1367.68
320.386
4884.58
1344.1
200.699
5293.3
1257.96
306.982
-7097.92
-701.464
-6903.76
-728.082
-6274.96
-560.485
-5900.95
-737.947
-6198.74
-743.095
4997.98
1298.81
345.466
4981.43
1342.02
375.072
4897.71
1367.1
320.265
4883.9
1343.76
200.595
5292.63
1257.74
306.916
-7094.67
-703.895
-6898.64
-724.813
-6274.57
-559.901
-5900.8
-737.797
-6198.56
-743.048
)
;
    }
    patch3
    {
        type            calculated;
        value           nonuniform List<scalar> 
96
(
-128.137
-498.078
-780.992
-920.246
-823.597
-319.773
-209.984
-775.984
-1178.19
-1304.14
-1052.83
-351.951
851.917
2179.34
3533.75
2509.62
2303.36
1103.96
791.899
2255.67
3655.71
4242.02
3541.95
1609.58
270.752
639.859
920.571
1055.73
951.97
453.825
409.166
971.068
1361.69
1462.93
1172.73
432.611
-697.344
-1945.46
-3129.33
-1969.18
-1646.56
-387.032
-724.604
-2147.73
-3416.64
-3811.81
-2923.17
-872.054
-128.125
-498.046
-780.946
-920.194
-823.553
-319.759
-209.965
-775.936
-1178.12
-1304.07
-1052.77
-351.933
851.867
2179.22
3533.57
2509.51
2303.27
1103.93
791.857
2255.55
3655.53
4241.82
3541.8
1609.53
270.743
639.83
920.527
1055.68
951.926
453.809
409.152
971.024
1361.62
1462.86
1172.67
432.593
-697.3
-1945.35
-3129.16
-1969.06
-1646.45
-386.978
-724.564
-2147.62
-3416.46
-3811.61
-2923
-871.979
)
;
    }
    patch4
    {
        type            calculated;
        value           nonuniform List<scalar> 
384
(
32797.5
33716.8
34927.7
64199.4
93706.9
57778.3
45118.8
40760.8
-56695.1
-46555.7
-73852.2
-93471.1
32018.4
33748.2
34960.4
64225.6
93742.7
57802.4
45128.1
39770
-56061.1
-46681.4
-73982.5
-92784
37946.2
11786.6
57651.4
18307.1
-43046.6
-13315.6
-61532
-19591.7
37957.1
11788.6
57665
18310.5
-43085.4
-13324.8
-61565.2
-19600.1
25024.9
8682.7
-29842.2
-10004.6
12187.2
4693.8
4256.36
1599.88
-15325.2
-5789.73
-5308.34
-1983.09
-29809.5
-9996.91
25042.5
8686.21
23662.8
16343.3
22918.8
16010.7
26040.2
8613.28
10704.6
3980.66
9668.11
3461.63
-40129.3
-28363
-33831.4
-24660
-31029.3
-10220.8
-17526.9
-6226.1
-14494.9
-5041.55
23100.6
15980.3
22978.4
16067.1
26054.7
8616.12
10474.5
3895.26
9707.43
3475.72
-39613
-27992.6
-33931.4
-24736.5
-31062.1
-10229.5
-17294.9
-6138.06
-14543.7
-5058.85
-15307.3
-5783.3
-5303.39
-1981.3
12198.4
4698.24
4258.97
1600.94
19659.4
13926.8
-19044.8
-13578.5
19659.5
13927.2
-19044.9
-13578.9
2934.79
3405.53
3463.2
3270.77
4634.87
3191.83
3910.13
1307.3
3502.59
5833.11
6272.15
9974.65
2020.59
3342.13
880.212
1239.47
-4792.87
-5496.54
-4972.91
-4772.4
-5687.71
-4181.46
-4765.58
-1661.83
-3967.89
-5881.84
-6665.91
-9931.68
-2375.37
-3394.99
-1149.12
-1285.54
2906.8
3347.75
3463.74
3276.18
4635.04
3194.06
3913.53
1308.15
3503.14
5833.41
6272.46
9975.06
2021.17
3342.32
880.313
1239.48
-4781.24
-5451.31
-4971.83
-4778.88
-5686.67
-4184.16
-4770.44
-1663.36
-3968.53
-5882.25
-6665.85
-9932.07
-2376.36
-3395.36
-1149.66
-1285.74
5283.4
15594.9
6501.33
16336.2
8380.23
15958.5
9734.13
-6606.23
-16140.1
-7588
-16502.7
-9043.25
-15704.4
-10205.8
5250.82
15586.2
6504.61
16333.1
8381.02
15957.9
9734.89
-6589.54
-16153.5
-7590.1
-16500
-9042.96
-15704
-10206.1
12718.8
12459.5
11857.9
10760.3
8869.24
4418.69
6474.77
2616.71
885.257
-12950
-12595
-11842.1
-10618.5
-8700.38
-4361.16
-6366.55
-2586.97
-867.409
12675
12459.2
11858.9
10760.5
8869.4
4418.88
6474.99
2616.83
885.293
-12912.3
-12596.3
-11844.2
-10619.2
-8700.84
-4361.41
-6366.91
-2587.13
-867.468
2721.36
2649.31
2503.33
2253.63
1848.85
955.902
1377.71
571.424
193.768
-2731.89
-2648.25
-2484.3
-2220.81
-1815.44
-942.515
-1354.46
-564.242
-189.417
2708.38
2648.83
2503.5
2253.62
1848.85
955.935
1377.74
571.447
193.775
-2719.63
-2648.01
-2484.67
-2220.93
-1815.52
-942.566
-1354.53
-564.274
-189.429
613.736
595.618
560.606
503.157
413.11
217.072
310.49
130.321
44.2588
-611.602
-591.976
-554.677
-495.665
-406.04
-213.986
-305.395
-128.6
-43.1923
610.676
595.432
560.607
503.135
413.102
217.078
310.493
130.325
44.2602
-608.654
-591.829
-554.716
-495.671
-406.05
-213.996
-305.407
-128.606
-43.1951
137.122
132.832
124.789
111.87
91.9517
48.6956
69.3547
29.3452
9.99146
-136.001
-131.527
-123.213
-110.156
-90.4217
-48.0067
-68.2466
-28.9504
-9.74154
136.435
132.777
124.781
111.86
91.9475
48.6964
69.3543
29.346
9.9917
-135.334
-131.48
-123.212
-110.153
-90.4214
-48.0086
-68.2483
-28.9517
-9.74211
34.6601
33.6403
31.6221
28.3478
23.3192
12.4336
17.6406
7.51612
2.56436
-34.2462
-33.2063
-31.1624
-27.8935
-22.9333
-12.2593
-17.364
-7.41427
-2.49885
34.4842
33.6239
31.6184
28.3443
23.3174
12.4336
17.6401
7.51625
2.56439
-34.0747
-33.1913
-31.1601
-27.8913
-22.9325
-12.2597
-17.3641
-7.41456
-2.49899
)
;
    }
}


// ************************************************************************* //
