/*--------------------------------*- C++ -*----------------------------------*\
  =========                 |
  \\      /  F ield         | OpenFOAM: The Open Source CFD Toolbox
   \\    /   O peration     | Website:  https://openfoam.org
    \\  /    A nd           | Version:  11
     \\/     M anipulation  |
\*---------------------------------------------------------------------------*/
FoamFile
{
    format      ascii;
    class       volScalarField;
    location    "2.1";
    object      gradTy;
}
// * * * * * * * * * * * * * * * * * * * * * * * * * * * * * * * * * * * * * //

dimensions      [0 -1 0 1 0 0 0];

internalField   nonuniform List<scalar> 
5712
(
11734.3
6766.77
19022.2
12471.7
20757.3
15368.9
32581.3
40394.1
42835.8
52428.6
27705.3
24076.8
17598.3
13950.7
8834.63
5976.4
19690.7
20127.2
16966.2
19922.9
26600.9
23734.9
30702.8
24831.3
8282.95
5963.6
4654.93
3459.5
9910.79
8070.14
6013.86
4860.95
18013.7
18697.7
18399.5
15527.5
14330.8
11201
11243.2
12769
18117.7
18030.2
38011.8
39294.8
26929.7
27739.4
15366.8
12958.9
16739.8
11935
7786.82
7993.48
6373.73
8894.59
3334.18
4011.98
8739.01
11938.8
5202.42
6063.7
9686.85
16226.2
6711.17
10974
2560.59
6527.12
2129.7
4871.26
17746.4
21918.5
18309.2
21825.4
21712
21925.4
22109.7
21642.3
15578.2
21105
16015.5
20846.9
18032.4
21674
18024.1
21621.9
22290.5
21363.1
22212.6
21157.9
14391.6
21192.1
13891.9
21266.4
17556.3
20586
22169.8
30903
18588.8
23745.6
21966.9
33531.1
16648.8
18132.6
22260.6
29726.7
16473.5
16972.6
22501.3
29509
5229.52
6830.99
13329.4
23217.1
6497.59
7381.62
17193.5
26453.9
8110.44
8190.26
21839.1
29610.1
24422.6
26229.7
20663.6
19962.9
28875.3
26413.5
24944.7
21091.4
18297.3
32962.4
24068.6
23761
21173.2
21041
37734.9
2027.49
2432.1
4331.4
9826.11
2881.9
3256.77
6000.4
11047.6
4308.26
3646.69
8182.04
12719.8
26172.6
25899.5
23605.8
23262.6
20222.6
18561.9
15315.1
13565.3
10787.2
14958.4
23820.8
23039.2
24006.6
23652.1
20864.9
19579.5
17260.5
15483.8
11508.9
15131.1
23766.6
26772.5
23692.9
27422.4
22978.4
23810.2
22423.2
23964.2
21603.1
21981.9
21428.7
21347.6
23503.4
27534.1
23392.2
27504.2
21762.8
24251.6
21579.2
24190.9
21685.9
21932.3
21677.5
21916.9
18176.5
17282.4
11716.4
13022
18047.9
16822.3
11535.1
13055.5
18432.5
17234.9
11973.7
13083
18507.2
17061.6
12347
13094.7
1657.73
1128.99
787.591
965.592
669.433
625.443
2302.83
1388.64
1056.67
1908.22
1541.47
1334.31
2687.64
2254.92
2269.62
3360.11
2760.74
2485.64
24811.1
22471.1
20821.5
22825.8
21218.6
19916.4
16376.3
15243.4
14622.9
11113.1
9674.28
9066.39
5119.34
3795.67
3224.3
22425.7
20825.3
19442.4
23008.8
21030.1
19475.4
17037.2
14689.8
13354.2
11110.9
8929.19
8039.87
5447.21
3779.88
3041.21
27004.3
26446
29398.1
26400.3
30251
26407
36504.1
27795.2
20948.6
21297.4
20682
19213.3
23503.1
22164.5
23069.3
19732.2
22836.8
22683.8
21048.9
22531
28082.8
25198.9
27796
28215.3
30170.1
31195.4
23154.1
24022.2
20741
20129.8
25230.6
25878
16458.6
8845.42
15375.9
9796.4
16699.2
8925.35
15328.9
9733.54
16481
8974.63
15293.2
10146.4
14870
10616.5
15047
10529.8
21177.1
18135.8
21042.6
18100.4
23364.2
21122.9
23583.6
20903.6
20623
15136.4
21528.2
14946.9
21498.7
18008.2
21764.8
17802.3
24179.3
20725.1
24190.2
20456.4
20413.3
15176.7
20349.9
15082.3
13542
9012.48
11995.3
7646.49
12629.5
8073.98
11534.5
7142.73
13869.3
9578.55
12185.2
7880.29
13885
9927.33
12153.2
7936.79
2570.34
1333.82
4677.48
2452.42
2749.24
1650.86
4989.81
2967.42
3397.86
2518.26
5540.61
3938.21
13187.9
20374.1
9508.33
9122.27
6434.99
19973.9
13952
8196.05
8239.14
5285.59
20746
16375.7
13046.8
10159.8
6256.35
705.585
537.488
1349.39
971.263
1022.13
709.805
1970.26
1559.77
1805.05
1422.63
2934.96
2386.37
20318.1
19750
13827.3
13336
9018.56
9170.63
7596.8
7059.9
4512.47
3709.4
19038.1
17394.1
14815
13098
11573.5
10376.7
8808.63
8048.99
5530.82
5545.87
15155.6
12367.7
15231.3
12049.6
18152.1
15146.9
18090.9
14905.7
12802.7
10490.5
12433.7
10547.2
15224
11849.5
15127.3
11827.6
18010
15171.7
17832.7
15121.6
13025.6
10316.2
13002.5
10453.1
9988.57
8556.06
6548.51
7004.82
9634.19
8384.57
6243.66
6648.11
10411
8719.92
6715.28
7421.8
10661.6
8720.53
6982.86
7530.07
1870.01
1651.36
1370.39
8132.16
4353.61
3563.58
1812.72
1795.84
1598.49
8804.96
5145.39
4368.93
2482.36
2795.95
2873.48
9707.77
6437.78
5746.35
18696.3
17549.2
16702.1
12895.8
12564.5
12339.8
9484.17
9416.85
9431.08
8212.52
7978.51
7799.43
11031.2
7948.86
7199.82
15930.1
14752.4
13943.4
11973.4
11205.7
10760
10051.3
9382.23
8989.88
9758.16
8700.27
8073.37
13404.9
8969.01
8077
4859.85
3073.35
2216.49
1902.84
5492.36
3351.32
2343.31
1948.51
4882.11
3067.59
2220.6
1917.08
5613.35
3420.71
2388.93
1970.32
4862
3028.49
2219.48
1905.63
5725.28
3461.53
2436.52
1966.16
6173.65
3673.94
2497.61
2049.5
6363.06
3821.1
2581.35
2129.93
5190.46
3227.91
2306.67
1927.76
4181.38
2796.81
2100.55
1852.57
4525.32
2906.63
2143.36
1790.62
3828.94
2627.1
2012.86
1776.4
5635.91
3470.49
2422.99
2018.1
4391.58
2920.93
2156.82
1912.98
5887.24
3635.18
2505.36
2082.34
4482.58
3009.52
2203.34
1946.94
3617.23
2612.79
2007.47
1802.74
2249.21
2057.36
1751.66
1694.01
3623.34
2596.77
2002.7
1797.8
2355.96
2086.19
1762.09
1703.41
3708.34
2590.52
2009.25
1804.65
2689.07
2183.98
1800.87
1745.8
3648.38
2515.78
1965.81
1838.18
2973.52
2250.42
1849.06
1733.41
3356.25
2429.17
1913.01
1749.02
841.018
1603.14
1376.75
414.859
-766.691
1347.79
1221.63
442.301
1088.03
1684.34
1408.78
438.384
-454.69
1438.76
1249.62
451.919
1550.66
1827.85
1458.44
437.007
72.7906
1591.96
1291.23
457.331
2114.4
1997.44
1528.94
475.135
630.178
1760.76
1350.26
477.284
2480.5
2150.98
1616.03
555.841
767.012
1886.51
1404.88
494.657
2645.81
2317.09
1655.86
527.245
417.572
2014.7
1505.36
524.979
2580.95
2243.47
1625.52
527.792
384.043
1955
1454.77
507.003
2662.49
2369.36
1681.83
490.564
349.932
2066.54
1540.13
528.311
2720.65
2425.22
1728.64
501.771
454.138
2124.97
1582.48
541.711
1759.12
1343.55
925.4
538.133
176.272
1739.34
1340.82
926.099
538.853
176.52
1780.78
1354.31
930.651
540.573
176.983
1765.88
1354.58
933.135
542.199
177.507
1822.04
1369.69
937.481
543.665
177.879
1798.88
1371.05
941.448
546.166
178.687
1826.42
1389.92
952.458
551.739
180.382
1869.48
1417.18
968.192
559.704
182.805
1864.27
1388.21
947.344
548.501
179.335
1990.72
1410.99
953.814
550.911
179.995
1873.22
1383.45
942.577
545.808
178.483
1988.03
1402.79
948.54
548.182
179.151
1881.54
1404.82
957.213
553.531
180.873
2026.91
1427.11
962.799
555.453
181.386
1923.89
1431.25
972.016
560.963
183.135
2071.91
1450.68
975.618
561.876
183.348
1808.36
1350.35
925.353
537.557
176.055
1902.21
1357.93
925.552
537.221
175.924
1828.7
1358.83
929.26
539.325
176.562
1918.33
1364.31
928.533
538.578
176.315
1870.1
1373.06
935.417
542.097
177.357
1953.83
1375.94
933.84
541.012
177.015
1937.87
1389.44
941.661
544.821
178.132
1996.38
1388.44
939.906
543.835
177.821
2002.27
1397.89
945.206
546.445
178.606
9691.2
14890.9
10165.6
15183.1
10864.6
15562.7
11343.8
15802.8
10894.9
15200
10117.3
11393.6
10119.7
11926.2
10179.9
11304.7
10359.9
11446.5
8577.27
1467.69
313.292
70.1981
12.4204
9537.25
2713.27
658.246
149.203
26.3899
8667.29
1456.33
308.595
68.8797
12.154
9622.9
2702.2
653.013
147.308
25.8306
8752.76
1450.43
304.715
67.7137
11.9225
9693.05
2692.31
647.053
145.414
25.4597
8680.34
1407.54
293.03
64.9476
11.4275
9586.64
2637.68
631.562
141.684
24.7798
8240.41
1302.48
270.564
60.1472
10.6063
9087.37
2504.67
601.628
135.345
23.7057
7347.72
1207.55
259.008
58.5151
10.3973
7520.12
2174.03
536.005
122.568
21.6716
7606.61
1230.06
260.726
58.5337
10.3669
7964.99
2298.4
561.685
127.423
22.4111
7248.71
1202.79
259.19
58.6965
10.4396
7372.52
2118.88
522.873
119.942
21.2669
7222.71
1193.64
257.02
58.2291
10.3477
7382.06
2106.39
518.448
119.205
21.102
33554
47549.3
46470.1
32566.9
19200.7
20202.1
28312.5
29567.6
22151.3
24817.1
35206.6
48009.3
44498.1
58925.3
29069.7
33123
22820.9
24373.7
12392
13584.6
4917.36
3252.43
862.613
664.821
747.904
655.847
798.672
4811.93
4755.88
2871.46
4035.23
3871.93
1680.36
2320.07
2107.71
1390.85
1602.52
1314.67
4336.73
2355.2
1507.82
1334.8
1695.47
1470.62
1153.42
1091.59
1026.27
901.803
1224.09
1105.22
4535.87
2755.47
3161.04
2014.95
1661.26
2335.01
1177.33
925.745
1294.04
9995.48
10089.4
10301.3
11573.6
19016.8
7204.26
8271.04
9059.38
10185.1
11865.7
2268.52
3241.12
3982.76
4489.73
4752.46
1761.89
2544.8
3153.03
3568.98
3781.21
1979.39
2851.88
3523.18
3977.1
4206.44
1739.79
2515.86
3118.87
3529.74
3738.15
2108.57
3027.9
3732.11
4209.4
4452.25
10114.8
10421.8
10300.7
10936.6
17067.4
9969.42
10093.6
9798.34
10037
11445.7
6599.03
7825.66
8457.21
9048.61
9765.18
8723.29
9163.61
8940.4
8881.26
9106.26
8364.39
8862.93
8617.15
8411.75
8417.01
4188.93
5540.73
6398.76
6947.79
7254.16
5515.21
6827.38
7520.41
7973.09
8295.29
5075.56
6382.13
7066.82
7443.25
7641.89
3544.66
4832.64
5701.76
6252.29
6533.53
4012.19
5331.55
6159.12
6658.4
6909.73
3371
4633.14
5495.08
6036.35
6304.94
9294.93
9908.24
10086.5
10985
17355.7
5600.73
6987.67
7855.77
8613.05
9373.65
3815.91
5159.46
6069.81
6678.72
7024.13
3416.8
4698.4
5606.31
6225.31
6571.54
4226.35
5611.57
6549.83
7233.52
7695.58
3733.37
5083.06
6041.84
6729.3
7147.62
2985.56
4175.31
5057.36
5673.61
6014.89
2840.92
3997.77
4852.53
5432.08
5737.16
2682.99
3794.63
4611.72
5148.65
5417.86
2371.11
3383.07
4144.47
4653.22
4910.13
3159.41
4388.31
5260.16
5830.85
6125.43
2873.63
4035.85
4885.39
5452.55
5746.66
9455.14
9833.66
10094.7
11259.4
18252.8
6305.51
7549.51
8433.75
9463.28
10766.3
7342.25
8612.88
9276.12
10313.4
12539.8
4911.52
6363.85
7386.19
8265.68
9002.06
4160.7
5572.3
6573.14
7339.66
7862.89
5562.14
6978.22
7914.66
8780.35
9660.38
3045.38
4252.33
5139.1
5751.47
6086.87
2429.08
3457.36
4231.36
4753.59
5021.52
3322.06
4589.35
5501.56
6132.5
6487.4
18441.6
12247.2
18998.2
13569.5
24625
35178.8
25736.9
35006.4
19531.8
20661.1
16761.7
19964.8
22188.1
21093.2
28254.9
23156.9
14216.5
13287.2
6965.58
5943.38
15493.9
14158.5
8000.71
6528.34
19159.7
20706.6
19639.4
17918
20017.2
13186.6
11044.2
12732.8
18029.3
17999.4
37469
39178.4
26192.6
27538.9
15956.2
13084.2
17421.6
12055.1
8445.26
8152.12
13969.4
15455.3
5845.06
6373.74
15373.6
17535.7
7291.2
8048.29
14666.5
20489.3
8517.13
13128.4
2978.23
7266.94
2213.08
5015.31
18188.2
20790.7
18129.4
21165.6
19838.4
20117.8
20906
20630
16552.5
20942
18777.2
20646.8
17831.2
21319.9
17945.5
21507
21670.3
20845.5
22029.9
20997.6
14673.4
21077.8
13934.4
21221.7
18447
21825.3
22397.7
31220
20094.3
25836.8
22467.2
34212.9
17050.4
18725.8
22341.1
29860
16575.6
17136.4
22514.1
29542.4
19155.3
20692.8
24019.4
35619
19274.8
19724.8
25710.5
36088.6
18997.3
18665
27673.9
35813
18391.4
19262.9
19662.3
20933.5
31480
18512.9
17303.8
20989.3
19137.1
35979.9
19315.2
20154
20004.4
21701.8
38915.6
11484.6
10508.2
10650
13773.1
12570.9
11519.5
11036.2
14156.5
13834.7
11998.8
11546.6
14473.9
17947.4
17255.9
16851.2
16392.2
19467.5
18203.1
16086.7
14483.9
12095.4
15104.9
18971.5
18752.9
20108.1
20239.3
19304.6
18168.8
17525.2
15564.4
11914.2
14610.2
21889.1
24635.4
22742.4
26272.4
20685
21587.8
21319.1
22866.5
21084.3
21310.1
20543.5
20273
23038
26975.7
23250.6
27337.6
21246.1
23719.1
21425.9
24035.3
21403.9
21586.7
21588.1
21813.3
18041.5
17012.4
11749.8
12929.4
17957.3
16520.7
11714.8
12970.4
18330.8
17073.3
11965.6
13018.3
18469.6
17009
12338.9
13070.2
9620.81
9766.32
4140.61
3813.04
10731.5
10381.8
4639.26
4438.97
10457
9795.45
5281.98
5097.74
16997.1
16480.2
16596.6
16659.6
16563.1
16051.2
12468.5
11154.3
6229.92
5141.08
19050
18268.3
20371.5
19567.7
16191
15002.7
11645.7
9999.59
5729.63
4306.24
22126.5
21036.8
27136.4
23704.4
24626.5
21949.5
33731.5
25440.6
20243.4
16711.3
22052.5
17532
20122.9
16993.1
22146.9
17759.5
20686.3
18337.1
18715.8
17407.8
21255.4
22530.5
26439.7
27802.7
29025.7
30863.3
21805.8
23546
19694.6
19830.9
23705.7
25364.6
13641.8
10076.4
14076.9
10304.5
13922.3
9986.96
14264.2
10154
13840.2
9837.84
14210.5
10347.7
14244.6
10656.1
14843.8
10535.9
17309.3
16819.1
19116.1
17287.3
19825.4
19005.7
21701
19725.5
18814.4
14834.9
17885.9
14659.7
20542.4
17575.8
21480.5
17671.2
23261.7
20131.1
23924.1
20276.9
19517.9
14987.1
20089.1
15023.3
13139
9431.81
12203.3
8028.29
12581.8
9147.69
12142.8
7950.55
13555
9733.98
12250.7
8058.61
13774.1
9964.39
12169.9
7994.82
13148.2
13341.3
9461.88
8720.07
13289.6
13454.2
9315.27
8647.08
13247.6
12925.3
9081.28
8546.58
15338.2
18066.9
16161.4
12046
8823.62
16766.4
15715.7
17595
12096.5
8525.95
18485.2
16414.1
14596.2
12266.4
7880.57
13953.7
15156.7
8677.86
9383.58
13805.9
14746
8598.07
9251.4
12883.3
13404.2
8221.46
8378.06
16595.3
15743.6
15029.1
14489.1
15644.5
16113.1
12235.1
13062.6
7977.99
7822.79
16805.4
15427.1
15178.4
13901.8
13692.2
13137.5
11608.3
11657.2
7356.66
7891.11
14859.2
12753.9
14928.3
12177.7
16774.7
14266.3
17299.9
14446
12971.3
11059.3
13059.7
11837.5
15031.9
11903.5
15067.4
11841.9
17613.5
14945.2
17714.4
15056.9
13045.8
10562.5
12995
10515.3
10492.2
9357.5
7042.29
7745.43
10781.9
10056
7218.84
8134.24
10612.1
9077.3
6944.96
7818.2
10718.7
8824.93
7060.89
7654.85
18088.9
18042.3
24765.1
20849
17350.2
17429.3
23742.8
19927.2
15226.5
15875.3
21787.9
18522.9
15272.5
14763.3
14095.9
13913.9
16337.9
16795.7
15140.7
15120.9
19990.2
16958.8
14437.4
13753.8
13279.1
13117.3
13578.4
13929.3
14573.5
14251.9
19533.6
15582.6
6352.62
4068.21
2818
2318.09
6600.67
4205.09
2899.45
2337.82
6234.19
3991.62
2769.71
2295.22
6538.99
4159.5
2869.07
2308.12
6017.7
3840.92
2698.61
2234.52
6443.94
4056.18
2837.49
2250.08
6593.43
4047.87
2769.77
2251.6
6503.55
3951.09
2673.22
2200.24
5795.63
3696.72
2634.89
2178.08
4587.34
3130.8
2331.64
2040.65
5476.35
3572.65
2568.22
2094.78
4491.69
3141.12
2319.78
1999.9
5970.45
3750.47
2629.5
2179.07
4610.9
3109.38
2302.16
2041.29
5990.93
3728.96
2576.43
2138.72
4551.71
3070.9
2253.06
1991.05
5833.66
3808.35
2667.21
2246.18
4966.28
3424.05
2468.42
2165.76
5676.76
3728.76
2620.71
2211.07
4858.21
3379.07
2443.51
2154.52
5456.22
3599.71
2563.17
2178.61
4778.49
3320.54
2413.17
2151.88
4990.5
3363.15
2439.94
2164.9
4599.87
3222.52
2366.65
2061.4
4338.01
3124.42
2293.14
1998.72
3682.39
3031.35
2042.28
572.695
1689.2
2778.89
1898.82
635.462
3720.91
3029.96
2042.33
592.793
1857.02
2782.71
1895.96
637.807
3789.98
3009.94
2019.33
565.015
2089.89
2770.58
1871.11
622.963
3751.45
2957.4
2022.7
594.788
2118.66
2724.76
1850.67
622.586
3479.33
2850.05
2015.7
673.39
1595.97
2612.9
1813.35
618.447
2950.37
2612.85
1898.61
616.482
565.459
2328.81
1722.95
600.044
3140.19
2714.32
1953.51
633.895
753.239
2451.3
1762.44
605.396
2813.77
2531.45
1829.62
547.485
400.952
2237.35
1667.95
574.371
2764.16
2476.86
1777.53
521.09
462.998
2178.37
1623.88
556.909
2076.77
1534.46
1031.8
590.974
192.18
2029.56
1522.02
1028.31
589.807
191.876
2075.61
1528.53
1027.63
588.726
191.48
2022.07
1512.87
1022.32
586.661
190.908
2091.2
1523.53
1022.71
585.943
190.605
2015.12
1502.3
1015.24
582.942
189.771
1975.2
1481.03
1003.88
577.414
188.126
1924.2
1451.54
987.689
569.461
185.752
2062.8
1506.93
1013.32
581.279
189.207
2179.81
1516.76
1011.82
579.637
188.642
2125.58
1524.43
1020.07
584.183
190.031
2231.85
1529.83
1017.69
582.355
189.43
2012.75
1486.31
1002.83
576.247
187.72
2149.45
1498.82
1002.41
575.124
187.313
1969.34
1459.49
987.904
568.899
185.533
2114.02
1475.66
989.474
568.78
185.438
2168.65
1552.64
1035.97
592.191
192.479
2319.9
1569.01
1038.87
592.959
192.663
2173.1
1548.96
1033.03
590.567
191.966
2321.34
1565.74
1036.55
591.705
192.271
2190.92
1544.02
1028.39
587.988
191.154
2328.43
1559.36
1032.11
589.36
191.539
2239.02
1542.18
1024.22
585.541
190.373
2339.07
1549.96
1026.61
586.535
190.652
2290.09
1538.67
1021.35
584.015
189.901
11653.7
15348.7
11715.6
15358
11848.9
15359.7
11654.9
15173.1
10893.5
14426.6
10098.4
11305.6
10130.1
11759.9
10159.9
11254.6
10351.8
11430.2
8980.58
1495.65
314.658
69.982
12.3337
9669.23
2737.33
659.74
148.734
26.2129
8943.45
1471.22
308.347
68.4465
12.0422
9627.77
2703.64
651.01
146.331
25.5941
8829.78
1445.07
301.964
66.9406
11.7706
9518.14
2661.5
640.049
143.713
25.136
8580.53
1385.76
288.357
63.9264
11.2482
9277.33
2582.06
620.647
139.417
24.3899
8092.09
1278.11
265.749
59.1344
10.4331
8776.89
2445.79
589.951
132.967
23.3073
7295.11
1197.34
256.567
57.938
10.2933
7449.61
2150.54
529.895
121.147
21.4201
7522.17
1213.64
257.031
57.7053
10.2219
7831.36
2258.69
552.358
125.393
22.0646
7218.91
1197.11
257.804
58.3592
10.3777
7335.63
2106.56
519.524
119.132
21.1195
7212.98
1191.8
256.569
58.1182
10.3271
7370.3
2102.58
517.396
118.945
21.054
33103.6
47253.7
45430.2
31209.4
24378.1
29054.5
23563.8
28940.8
27305.4
43346.4
28951.7
44387
204.066
220.476
256.994
316.274
402.881
522.304
217.865
234.768
272.239
332.502
418.763
534.9
193.689
188.582
211.069
207.679
249.879
250.507
313.394
321.897
405.128
423.956
525.427
547.009
681.215
887.016
1158.01
1521.97
1944.21
2248.33
684.903
871.77
1097.55
1353.41
1599.7
1759.8
546.328
801.334
1006.67
1150.38
1224.33
590.017
864.88
1085.87
1240.33
1319.73
687.263
1006.32
1262.11
1440.47
1532.02
844.85
1234.93
1546.29
1762.68
1873.54
1074.32
1566.16
1956.29
2226.24
2364.28
1388.87
2016.27
2509.47
2849.1
3022.64
583.091
854.889
1073.55
1226.46
1305.09
628.03
920.103
1154.64
1318.4
1402.53
727.654
1064.65
1334.36
1522.19
1618.54
887.544
1295.94
1621.19
1846.94
1962.56
1115.58
1624.03
2026.29
2304.4
2446.68
1420.75
2059.32
2560.11
2905.07
3081.71
518.601
760.832
956.031
1092.72
1163.08
504.932
740.837
931.014
1064.23
1132.8
564.932
828.343
1040.3
1188.54
1264.76
555.87
815.12
1023.81
1169.79
1244.85
668.377
979.014
1228.29
1402.21
1491.51
670.062
981.537
1231.54
1405.99
1495.55
837.388
1224.56
1533.92
1749.01
1859.22
860.073
1257.68
1575.34
1796.13
1909.21
1080.71
1576.32
1969.8
2242.07
2381.2
1130.78
1648.99
2060.05
2344.16
2489.2
1398.04
2031.29
2529.5
2872.17
3046.87
1455.44
2114.41
2632.19
2987.55
3168.28
1802.95
2599.75
3218.17
3642.56
3860.41
2329.2
3322.09
4079.9
4601.84
4875.28
3000.12
4202.95
5101.72
5734.66
6086.18
3854.16
5244.17
6258.86
7021
7506
4769.08
6235.98
7288.47
8175.71
8870.45
5399.88
6876.69
7931.48
8904.87
9769.78
1811.13
2608.6
3227.03
3652.27
3871.33
2290.24
3268.91
4017.53
4534.1
4804.72
2856.38
4025.67
4906.17
5522.18
5856.86
3478.17
4821.93
5817.84
6535.47
6951.04
4054.47
5522.29
6596.65
7403.75
7910.59
4420.91
5955.01
7072.19
7938.21
8512.05
206.69
228.462
270.9
336.968
431.5
560.098
220.569
242.989
286.419
353.255
446.673
570.115
196.324
191.304
219.165
216.095
264.123
265.456
334.943
344.885
435.39
456.101
567.031
592.488
727.824
938.513
1207.43
1559.26
1964.1
2253.98
726.245
915.983
1139.46
1386.94
1620.56
1766.75
553.367
811.725
1019.84
1165.55
1240.53
611.529
896.749
1126.32
1286.94
1369.57
724.762
1061.98
1332.9
1522.18
1619.48
900.768
1318.21
1652.6
1885.75
2005.48
1151.93
1682.42
2105.55
2399.84
2550.86
1491.94
2172.05
2711.18
3085.3
3277.47
590.362
865.654
1087.22
1242.22
1321.94
650.198
953.005
1196.48
1366.69
1454.21
765.936
1121.58
1406.91
1606.08
1708.41
943.688
1379.72
1728.36
1971.21
2095.9
1191.33
1737.69
2172.45
2474.61
2629.75
1516.8
2204.55
2748.29
3125.55
3319.65
525.676
771.277
969.257
1107.94
1179.33
512.242
751.625
944.665
1079.92
1149.55
586.721
860.581
1081.17
1235.59
1315.05
578.51
848.598
1066.22
1218.6
1297.01
706.756
1035.92
1300.58
1485.58
1580.7
710.334
1041.23
1307.36
1493.41
1589.06
895.588
1311.18
1644.39
1876.83
1996.19
922.177
1350.15
1693.33
1932.71
2055.6
1162.79
1699.33
2127.77
2425.83
2578.73
1218.12
1780.22
2229.03
2541.16
2701.18
1511.6
2203.14
2752.28
3133.27
3328.67
1579.84
2303.28
2877.85
3276.21
3480.29
1931.22
2796.31
3476.08
3947.68
4191.45
2473.09
3547.44
4381.45
4963.98
5271.53
3142.13
4433.71
5420.11
6125.88
6520.08
3967.64
5440.67
6542.57
7381.66
7915.23
4836.56
6363.55
7481.46
8430.11
9168.11
5421.35
6920.22
7999.37
8996.56
9879.32
1924.72
2782.26
3454.45
3920.97
4162.68
2413.03
3459.63
4270.96
4836.95
5135.21
2974.7
4213.64
5160.91
5831.23
6197.13
3575.15
4980.74
6038.34
6808
7254.68
4116.69
5627.59
6746.24
7592.03
8123.09
4442.11
5991.69
7125.04
8005.49
8588.61
4899.74
3251.74
924.615
717.571
820.838
714.905
867.333
4503.72
4336.2
2827.15
3574.22
1752.48
2314.49
1478.21
1637.98
1385.93
4199.86
2383.25
1592.34
1418.73
1766.57
1540.97
1216.1
1169.74
1125.25
992.172
1317.57
1192.97
4484.45
2762.3
3134.57
2047.99
1715.97
2363.45
1249.27
1002.5
1371.9
9994.96
10144.5
10406.3
11744.1
19328.4
7219.38
8320.58
9146.87
10314.1
12034.3
2442.34
3514.7
4350.41
4932.38
5237.3
1907.18
2767.79
3446.1
3916.05
4157.89
2181.56
3165.18
3938.67
4472.63
4746.36
1902.5
2765.66
3447.26
3918.74
4160.41
2300.16
3327.49
4132.33
4689.03
4976.08
9945.06
11100.3
11778.8
13174.9
20571.5
9785.98
11153.3
12031
13295
15507.4
6746.44
8529.87
9802.69
10973.9
12081.1
8559.24
10354
11346.7
12377.3
13282.6
4484.95
6186.03
7437.77
8330.9
8842.35
5734.27
7584.45
8894.44
9892.39
10544
3844.89
5415.24
6594.82
7413.19
7851.92
4232.88
5909.23
7151.45
8015.51
8485.2
3623.66
5138.32
6284.3
7073.13
7487.75
9227.75
10312.2
11006.3
12407.5
19696.7
5798.52
7519.86
8778.96
9898.47
10911
4103.71
5714.15
6918.57
7783.19
8281.36
3678.83
5165.85
6292.56
7099.44
7557.29
4479.27
6115.75
7335.19
8269.25
8888.7
3955.69
5484.65
6636.94
7493.79
8015.68
3168.42
4478.3
5481.54
6199.58
6600.72
3068.71
4374.86
5379.74
6083.92
6460.9
2969.62
4265.54
5266.7
5955.83
6312.43
2626.02
3787.81
4692.48
5316.49
5638.46
3447.71
4896.35
5999.81
6766.71
7175.4
3132.48
4470.4
5498.59
6214.55
6594.39
9455.65
10007.6
10430
11792.3
19221.2
6362.82
7701.17
8691.28
9830.68
11229.6
7401.86
8926.3
9881.5
11220.3
13762.6
5034.55
6614.77
7782.25
8799.61
9633.31
4339.91
5906.63
7078.6
7999.51
8621.74
5722.28
7383.37
8610.87
9754.53
10835.8
3257.69
4608.96
5643.09
6379.55
6787.77
2647.39
3807.67
4709.41
5334.97
5661.35
3559.37
5002.5
6099.51
6888.56
7337.4
9379.62
8851.39
7925.6
6620.19
4824.69
1892.02
18763.7
19106.9
21671.4
22360.9
18391.6
19501.6
20719.5
20070.8
15404.8
19004.8
16060.5
19561.5
18426
16613.1
25758.9
18042.6
18246.5
20457.1
20905.6
17409.1
18501.8
19812.1
19364.9
15338.8
22945
15908.2
22824.9
18600.4
20190.4
27632
17233.3
17309.4
18911.5
19116.4
16677.9
18167.8
18597.4
18644.3
17587.6
20299.9
18347.7
20309.8
20195.2
22215.7
24876.1
16466.9
16562.1
17511.9
17558.9
16245.8
17970.5
17368.2
17688.2
16480.7
17750.6
17213.5
17303.7
18463.8
19976.5
21501.5
15664.1
15792.8
16558.7
16521.9
15944.2
17821.8
16561.2
17065.6
15603.2
14653.6
16362.7
14075.1
16979.6
16841.4
17767.8
15308.9
15480.5
15926.7
15857.5
15562.2
17117.6
16043.2
16468.9
14897.5
12603.6
15464.4
12354.5
15802.5
14811.8
16094.9
21579.9
20749.5
22628.1
23769.4
20001.5
19980.3
21082.5
20131.2
19071
14184.8
19028.4
14260.1
16906.6
15338.2
18482.6
20366.8
19767.8
20917.2
21665.4
19316.4
19459.7
19892.9
19096.2
17686.7
13743.2
17672.4
13837.9
15509
13840.2
17123.8
18774.3
18422
18866.7
19227.6
18164.4
18322
18357.8
17880.3
16803.1
13480.6
16604.4
13220.6
14903.7
12673
16817.5
17269.1
17070.4
17292.3
17451.7
16903.3
17002.4
17118.6
16743.2
15861.1
13890.1
15758.4
13572.9
14307.2
12735.4
17118.3
16487.1
16357
16418.3
16491.1
16060.8
16155
16382.8
16148.5
15642.1
14931.5
15576.6
14781.5
14393.8
13234.3
17671.8
15927.9
15807.6
15913.3
15957.2
15565.5
15841.9
15855
15759.7
15542.9
15586.4
15537.2
15503.8
14483.6
13752.4
18360.9
11543.5
6550.47
19014.8
12478.9
20778.7
15356.3
32609.4
40407.9
42886.6
52453.9
27755.1
24077.3
17606
13976.9
8569.88
5703.73
19693.8
20129.6
16964.8
19923.9
26614.1
23740.6
30711.2
24835.7
8113.08
5844.86
4498.19
3355.3
9883.13
8060.37
6012.29
4874.54
18008.9
18693
18398
15527.9
14326.5
11204
11244.1
12770.4
18119.3
18031.9
38018.8
39299.6
26933.1
27741.8
15367.7
12960.5
16741.3
11936.3
7787.97
7994.59
6259.95
8754.47
3245.14
3913.5
8740.78
11951.1
5216.78
6080.47
9688.04
16232.4
6717.36
10981.8
2561.97
6530.16
2130.18
4872.43
17747.4
21919.6
18310.6
21826.5
21714.8
21926.9
22112.1
21643.5
15580.1
21106.2
16015.7
20847.9
18033.6
21674.9
18025.1
21622.8
22292.3
21364
22213.7
21158.5
14392.9
21193.4
13893
21267.6
17558.2
20589.7
22171.6
30905.6
18590.3
23749.6
21968.6
33534.1
16650.6
18135.4
22262.2
29729
16475.2
16974.9
22503
29511.3
5145.81
6748.8
13152.4
23024.6
6503.16
7385.45
17209.1
26472.9
8112.95
8192.36
21846.1
29617.4
24422.6
26230.5
20663.3
19964.1
28879.4
26414
24944.6
21090.5
18297.9
32966.8
24069.6
23761.6
21173.8
21042.6
37738.4
1986.43
2400.5
4243.21
9732.2
2886.35
3261.14
6012.14
11057.6
4310.29
3647.87
8185.87
12722.1
26172.8
25899.5
23605.6
23262.5
20222
18561.6
15315.9
13566
10789.2
14959.7
23821.2
23039.3
24006.8
23652.3
20865.3
19579.9
17261.7
15484.7
11510.1
15132
23767.1
26772.7
23693.5
27422.7
22978.9
23810.3
22423.7
23964.3
21603.8
21982.5
21429.4
21348.1
23504
27534.3
23392.7
27504.4
21763.1
24251.7
21579.4
24190.9
21686.6
21932.8
21678.2
21917.4
18177.5
17283.1
11717.2
13022.7
18048.9
16823.1
11536
13056.3
18433.4
17235.6
11974.4
13083.7
18508.1
17062.3
12347.7
13095.3
1635.22
1111.48
773.186
961.127
663.928
618.889
2309.76
1392.34
1058.29
1914.65
1545.53
1336.63
2688.19
2255.66
2270.43
3361.11
2762.12
2486.99
24811.1
22471.4
20821.9
22826
21219.2
19917.1
16376.6
15244.1
14623.8
11113.8
9675.1
9067.29
5119.99
3796.42
3225.01
22425.8
20825.6
19442.7
23009.1
21030.6
19476.1
17037.6
14690.4
13354.9
11111.5
8929.81
8040.54
5447.68
3780.34
3041.61
27008.8
26447.3
29401.3
26401.6
30265.2
26412.6
36516.6
27800.2
20772.1
21244.2
20474
19148.7
23472.3
22136.1
23035.1
19704.6
22831.6
22679.4
21048.8
22529.3
28065.9
25183.9
27796.9
28215.7
30173.7
31197.4
23152.2
24021.3
20740.2
20128.9
25223.3
25874.6
16462.8
8850.42
15373.9
9803.33
16680.4
8920.46
15313
9729.82
16468.8
8970.02
15282.6
10141.7
14864
10612.9
15043.9
10527.6
21175.4
18135.4
21041.6
18100.1
23366.2
21123.8
23585.5
20904.3
20617.7
15135.2
21521.3
14945.3
21498.2
18007.8
21764.4
17801.9
24180.6
20725.4
24190.8
20456.5
20410.2
15175.7
20348
15081.4
13538.9
9010.04
11993.6
7645.23
12626.1
8071.57
11532.6
7141.34
13867
9576.51
12183.8
7879.23
13883.4
9925.8
12152.1
7935.9
2557.44
1317.67
4662.79
2433.69
2749.71
1651.94
4989.74
2968.3
3396.99
2518.13
5539.09
3937.63
13188.5
20375.3
9507.95
9120.74
6433.52
19974.8
13952.3
8195.95
8238.03
5284.64
20746.8
16375.6
13045.8
10158.2
6255.16
688.144
516.828
1329.58
960.779
1023.49
709.614
1970.54
1559.17
1805.33
1423.26
2934.91
2386.81
20318.5
19750
13827.1
13335.6
9018.2
9170.11
7596.14
7059.61
4511.96
3709.33
19038.4
17394.1
14814.9
13097.8
11572.9
10376.2
8807.75
8048.53
5530.04
5545.38
15155.3
12367.4
15231
12049.3
18152.5
15146.9
18091.1
14905.7
12802
10489.9
12432.9
10546.6
15223.7
11849.2
15127
11827.2
18010.1
15171.6
17832.7
15121.4
13025
10315.7
13001.9
10452.6
9987.67
8555.44
6547.73
7004.14
9633.18
8383.94
6242.81
6647.43
10410.2
8719.34
6714.6
7421.14
10660.8
8719.99
6982.26
7529.49
1836.83
1623.62
1348.16
8085.83
4312.79
3524.49
1810
1794.6
1598.51
8801.28
5145.21
4369.15
2483.01
2796.42
2873.86
9707.77
6438.28
5746.94
18696.2
17549.1
16702.1
12895.4
12564.1
12339.5
9483.56
9416.3
9430.64
8212.31
7978.29
7799.22
11030.8
7948.9
7200
15930
14752.4
13943.4
11973.1
11205.5
10759.8
10051
9381.95
8989.67
9757.74
8700.04
8073.22
13404
8968.76
8076.95
4859.9
3073.12
2216.36
1902.2
5490.74
3349.48
2342.39
1947.46
4880.93
3067.09
2220.25
1916.87
5612.65
3420.43
2388.71
1970.14
4860.71
3027.99
2219.16
1905.42
5723.98
3461.07
2436.24
1965.96
6172.35
3673.45
2497.34
2049.32
6362.06
3820.68
2581.12
2129.77
5189.41
3227.43
2306.39
1927.57
4180.68
2796.41
2100.3
1852.38
4524.31
2906.15
2143.07
1790.43
3828.22
2626.69
2012.61
1776.22
5634.93
3470.03
2422.73
2017.92
4390.95
2920.56
2156.59
1912.8
5886.43
3634.78
2505.13
2082.18
4482.04
3009.19
2203.14
1946.78
3616.01
2612.99
2007.87
1802.29
2246.58
2056.75
1751.99
1693.08
3622.52
2596.32
2002.37
1797.6
2355.33
2085.88
1761.84
1703.31
3707.47
2590.07
2008.96
1804.46
2688.45
2183.64
1800.63
1745.66
3647.59
2515.36
1965.54
1837.98
2972.88
2250.05
1848.82
1733.24
3355.58
2428.77
1912.75
1748.82
840.267
1602.58
1377.35
414.931
-765.881
1346.3
1221.25
442.126
1087.46
1684.2
1408.59
438.367
-455.335
1438.81
1249.62
451.944
1550.25
1827.6
1458.27
436.962
72.5296
1591.79
1291.13
457.305
2113.96
1997.13
1528.74
475.081
629.954
1760.51
1350.1
477.236
2480.02
2150.63
1615.81
555.776
766.793
1886.22
1404.7
494.599
2645.39
2316.76
1655.65
527.188
417.422
2014.4
1505.17
524.918
2580.49
2243.13
1625.31
527.733
383.874
1954.69
1454.58
506.941
2662.12
2369.06
1681.65
490.515
349.811
2066.27
1539.95
528.254
2720.33
2424.96
1728.47
501.728
454.033
2124.74
1582.32
541.66
1757.74
1342.9
925.125
538.014
176.238
1737.8
1340.01
925.725
538.683
176.47
1780.72
1354.24
930.612
540.556
176.979
1765.78
1354.51
933.096
542.185
177.506
1821.94
1369.62
937.445
543.651
177.876
1798.77
1370.98
941.409
546.152
178.685
1826.29
1389.85
952.416
551.721
180.378
1869.36
1417.1
968.15
559.685
182.8
1864.14
1388.13
947.303
548.484
179.331
1990.56
1410.91
953.77
550.891
179.99
1873.09
1383.37
942.539
545.792
178.479
1987.87
1402.71
948.498
548.163
179.146
1881.41
1404.74
957.17
553.512
180.868
2026.75
1427.02
962.754
555.432
181.38
1923.76
1431.18
971.973
560.943
183.129
2071.75
1450.6
975.573
561.855
183.342
1806.95
1349.79
925.135
537.464
176.028
1900.87
1357.47
925.371
537.147
175.905
1828.66
1358.76
929.222
539.311
176.559
1918.32
1364.24
928.49
538.566
176.316
1870
1372.99
935.381
542.084
177.355
1953.73
1375.87
933.801
540.999
177.014
1937.74
1389.37
941.621
544.804
178.129
1996.24
1388.37
939.866
543.819
177.817
2002.11
1397.81
945.164
546.427
178.602
9640.6
14834.1
10168
15185
10866.2
15563.6
11344.8
15803.4
10895.7
15200.6
10117.9
11394.2
10120.4
11926.8
10180.4
11305.3
10360.5
11447.1
8566.53
1457.96
310.779
69.6197
12.318
9521.76
2707.34
656.535
148.792
26.3148
8664.72
1456.96
308.714
68.8985
12.1564
9621.24
2701.57
652.792
147.244
25.8183
8752.18
1450.49
304.725
67.712
11.9217
9692.62
2692.1
646.972
145.387
25.454
8680.4
1407.56
293.028
64.9453
11.4267
9586.7
2637.64
631.535
141.673
24.7773
8240.69
1302.51
270.568
60.147
10.6061
9087.61
2504.7
601.627
135.342
23.7048
7348.1
1207.61
259.019
58.5174
10.3976
7520.5
2174.13
536.027
122.572
21.6722
7606.97
1230.11
260.734
58.5351
10.3671
7965.34
2298.48
561.699
127.424
22.4112
7249.1
1202.86
259.203
58.6992
10.4401
7372.9
2118.99
522.899
119.948
21.2678
7223.1
1193.71
257.034
58.2321
10.3482
7382.46
2106.5
518.475
119.211
21.103
33555.3
47554.3
46478.8
32569.4
18913.9
19851.8
28313.6
29559.5
22181.7
24845.4
35237.4
48036.9
44547.2
58966
29110.7
33163.6
22791.4
24336.8
11931.1
13061.1
4917.31
3252.37
862.572
664.786
747.866
655.812
798.633
4811.92
4755.85
2871.42
4035.19
3871.91
1680.31
2320.03
2107.67
1390.8
1602.47
1314.62
4336.71
2355.15
1507.77
1334.75
1695.42
1470.57
1153.37
1091.54
1026.22
901.762
1224.04
1105.17
4535.83
2755.41
3161.01
2014.89
1661.21
2334.96
1177.28
925.703
1293.99
9995.28
10089.1
10300.8
11572.9
19015.4
7204.07
8270.71
9058.92
10184.4
11864.9
2268.41
3240.94
3982.54
4489.46
4752.17
1761.79
2544.66
3152.85
3568.77
3780.97
1979.28
2851.72
3522.98
3976.87
4206.19
1739.7
2515.72
3118.69
3529.53
3737.92
2108.46
3027.74
3731.9
4209.15
4451.99
10114.7
10421.4
10300.2
10935.8
17065.9
9969.28
10093.3
9797.93
10036.4
11444.9
6598.89
7825.4
8456.82
9048.1
9764.56
8723.18
9163.38
8940.1
8880.92
9105.86
8364.31
8862.76
8616.93
8411.52
8416.77
4188.79
5540.52
6398.47
6947.44
7253.78
5515.08
6827.16
7520.11
7972.71
8294.86
5075.44
6381.94
7066.56
7442.95
7641.56
3544.53
4832.44
5701.49
6251.98
6533.19
4012.06
5331.36
6158.86
6658.1
6909.39
3370.88
4632.95
5494.83
6036.05
6304.62
9294.8
9907.9
10086
10984.2
17354.2
5600.58
6987.41
7855.38
8612.53
9373.02
3815.77
5159.24
6069.52
6678.36
7023.73
3416.67
4698.19
5606.03
6224.97
6571.15
4226.21
5611.34
6549.5
7233.11
7695.11
3733.22
5082.82
6041.52
6728.9
7147.17
2985.42
4175.11
5057.08
5673.28
6014.52
2840.8
3997.57
4852.27
5431.77
5736.82
2682.87
3794.45
4611.48
5148.37
5417.57
2371
3382.9
4144.25
4652.96
4909.85
3159.28
4388.11
5259.9
5830.54
6125.09
2873.5
4035.65
4885.14
5452.25
5746.33
9454.98
9833.3
10094.2
11258.6
18251.4
6305.33
7549.21
8433.31
9462.69
10765.5
7342.09
8612.56
9275.63
10312.7
12538.9
4911.36
6363.57
7385.8
8265.17
9001.46
4160.54
5572.05
6572.79
7339.22
7862.38
5561.98
6977.94
7914.25
8779.8
9659.71
3045.24
4252.13
5138.83
5751.13
6086.5
2428.96
3457.18
4231.13
4753.32
5021.22
3321.93
4589.13
5501.27
6132.15
6487.01
18407.8
12171.7
19002.5
13592.7
24611.8
35141.3
25783.4
35079.4
19532.1
20661
16765.7
19965.5
22182.5
21090.8
28241.5
23153.6
14157.1
13224.1
6884.92
5861.6
15502.3
14165.3
8025.28
6557.61
19165.3
20708.7
19639.1
17919
20023
13201.2
11045.4
12734.1
18030.2
18000.7
37468.6
39181.4
26191.6
27540
15960.6
13086.4
17424.7
12056.8
8450.49
8154.07
13896.3
15360.1
5762.08
6281.75
15381.1
17551
7314.86
8070.88
14673
20497.8
8529.87
13140.2
2981.41
7271.56
2213.91
5016.78
18189.2
20791.1
18131.3
21166.2
19837.2
20117.2
20904.9
20629.7
16558
20943.6
18780.6
20648.3
17832.3
21320.6
17946.4
21507.7
21670
20845.6
22030.5
20997.9
14676.2
21079.2
13935.8
21223
18450.7
21830.7
22400.2
31223.3
20097.5
25842.1
22469.7
34216.7
17053.2
18729.5
22343.2
29862.7
16577.6
17138.9
22515.9
29544.8
19108.7
20674.1
23937.6
35551.6
19272.5
19715.9
25723.1
36103.4
18999.3
18664.5
27680
35818.3
18391.8
19261.9
19663.9
20935.6
31484.4
18512.1
17304.2
20989.9
19138.3
35984
19314.6
20154.3
20005.6
21704
38919.8
11491.1
10512.5
10628.9
13753.7
12564.9
11513.3
11043.7
14161.8
13833.6
11997.7
11548.2
14475
17946.9
17255.8
16851.3
16392.1
19467.1
18202.4
16087.4
14484.1
12096.6
15105.7
18971
18752.6
20108.3
20239.3
19305.2
18169.1
17526.5
15565.1
11915.4
14611.1
21889.3
24635.4
22742.6
26272.4
20684.5
21587.4
21318.8
22866.1
21085.1
21310.7
20544.3
20273.5
23038.3
26975.7
23250.9
27337.8
21246
23718.8
21426
24035.2
21404.6
21587.2
21588.8
21813.8
18042.7
17013.3
11750.8
12930.2
17958.6
16521.6
11715.9
12971.2
18331.8
17074.1
11966.4
13019
18470.6
17009.6
12339.7
13070.8
9626.51
9780.23
4186.22
3855.09
10722.1
10371.6
4641.24
4439.06
10455.9
9794.63
5281.98
5097.92
16997
16480.2
16596.5
16659.5
16562.5
16050.7
12468.4
11154.2
6230
5141.15
19049.8
18268.1
20371.4
19567.6
16191
15002.6
11645.9
9999.59
5729.79
4306.3
22121.6
21033.6
27128.4
23700.1
24618
21945.7
33712.7
25434.9
20273.9
16727.8
22080.4
17546.8
20121.3
16989.8
22146
17757.8
20682.5
18334
18712.8
17405.4
21252.1
22527.4
26437
27801.8
29023.6
30863.7
21802.8
23544.2
19692.6
19829.8
23702.8
25362
13655.2
10086.8
14090
10316.9
13920.8
9988.78
14263.1
10155.9
13839
9837.75
14209.3
10347.5
14243.3
10655.5
14842
10534.7
17307.3
16817.7
19113.8
17286
19823.1
19004.2
21698.4
19724.3
18812.4
14833.8
17884
14658.5
20540.8
17574.9
21479.6
17670.6
23260.5
20130.5
23924
20276.7
19516.1
14986.1
20087.5
15022.4
13137.7
9431.25
12202.4
8027.7
12580.6
9147.24
12142
7950.04
13553.7
9733.18
12249.8
8057.94
13772.7
9963.27
12168.9
7994.06
13157.7
13347.7
9470.77
8727.88
13287.3
13452
9316.16
8647.55
13246.3
12924.1
9080.99
8546.11
15336.8
18065.5
16159.9
12045.1
8823.16
16765.2
15714.5
17593.5
12095.6
8525.46
18483.9
16412.8
14595.1
12265.5
7880.11
13956.8
15168.8
8693.22
9428.58
13803.3
14735.7
8597.65
9247.26
12882.3
13403.4
8220.98
8377.93
16594.6
15743.3
15028.4
14488.7
15643.5
16112.4
12234.4
13062.1
7977.52
7822.48
16804.6
15426.7
15177.5
13901.2
13691.3
13136.9
11607.6
11656.7
7356.21
7890.71
14858.3
12753.3
14927.5
12177.1
16773.9
14265.8
17299.3
14445.5
12970.5
11058.7
13058.9
11836.9
15031.3
11903
15067
11841.5
17613.1
14944.9
17714.2
15056.7
13045.1
10562
12994.3
10514.8
10491.6
9356.98
7041.82
7744.97
10781.2
10055.5
7218.39
8133.8
10611.4
9076.79
6944.46
7817.7
10718
8824.42
7060.35
7654.32
18093
18048.1
24773.2
20866.9
17326.8
17407.9
23732.9
19921.7
15225.6
15874.4
21787.4
18522.7
15272.4
14763.3
14095.7
13913.6
16337.3
16795
15140.3
15120.5
19989.7
16958.4
14437.1
13753.6
13278.7
13117
13578
13928.9
14573
14251.4
19532.9
15582.2
6359.41
4071.96
2820.31
2318.92
6606.9
4208.67
2901.88
2338.9
6234.57
3991.74
2769.67
2295.15
6539.77
4159.8
2869.14
2308.06
6017.79
3840.94
2698.57
2234.45
6444.08
4056.23
2837.47
2250.01
6593.21
4047.76
2769.68
2251.51
6502.94
3950.81
2673.05
2200.11
5795.42
3696.6
2634.8
2177.99
4587.04
3130.62
2331.52
2040.55
5476.21
3572.59
2568.17
2094.73
4491.47
3141
2319.69
1999.82
5970.06
3750.26
2629.36
2178.96
4610.53
3109.15
2302.01
2041.17
5990.32
3728.65
2576.25
2138.58
4551.26
3070.61
2252.88
1990.9
5841.38
3812.11
2669.51
2246.73
4974.5
3427.09
2470.43
2165.54
5676.92
3728.82
2620.65
2211.02
4858.05
3379.19
2443.48
2154.58
5456.21
3599.73
2563.14
2178.58
4778.35
3320.58
2413.17
2151.89
4990.34
3363.11
2439.89
2164.83
4599.7
3222.51
2366.63
2061.35
4337.81
3124.34
2293.06
1998.62
3694.64
3034.55
2044.15
573.096
1706.75
2781.48
1899.7
635.568
3720.43
3030.27
2042.39
592.866
1855.95
2783.16
1896.16
637.893
3789.7
3010.03
2019.36
565.028
2089.46
2770.71
1871.19
622.995
3751.24
2957.38
2022.69
594.788
2118.43
2724.76
1850.69
622.593
3479.14
2849.98
2015.65
673.378
1595.82
2612.84
1813.32
618.438
2950.15
2612.69
1898.52
616.464
565.364
2328.67
1722.87
600.017
3139.99
2714.2
1953.44
633.883
753.132
2451.2
1762.38
605.377
2813.53
2531.26
1829.5
547.461
400.867
2237.18
1667.84
574.337
2763.88
2476.63
1777.39
521.055
462.903
2178.17
1623.74
556.866
2076.21
1534.46
1031.93
591.062
192.208
2029.4
1522.18
1028.52
589.933
191.915
2075.64
1528.49
1027.61
588.72
191.479
2022.02
1512.81
1022.29
586.655
190.909
2091.18
1523.5
1022.69
585.939
190.605
2015.07
1502.25
1015.21
582.934
189.772
1975.12
1480.97
1003.85
577.402
188.123
1924.1
1451.47
987.651
569.444
185.748
2062.73
1506.88
1013.3
581.269
189.205
2179.71
1516.7
1011.79
579.623
188.638
2125.53
1524.39
1020.05
584.175
190.029
2231.77
1529.79
1017.67
582.345
189.427
2012.65
1486.25
1002.79
576.233
187.717
2149.33
1498.76
1002.37
575.107
187.309
1969.22
1459.42
987.865
568.88
185.528
2113.88
1475.58
989.433
568.761
185.432
2167.72
1552.57
1036.06
592.256
192.5
2318.91
1568.97
1038.95
593.018
192.685
2173.18
1548.94
1033.02
590.566
191.968
2321.44
1565.69
1036.53
591.705
192.276
2190.92
1543.99
1028.37
587.986
191.155
2328.44
1559.33
1032.09
589.359
191.541
2238.97
1542.14
1024.2
585.534
190.372
2339.03
1549.93
1026.59
586.53
190.652
2290.02
1538.63
1021.33
584.006
189.9
11628.9
15321.4
11717.8
15359.9
11850.3
15360.7
11655.9
15174
10894.3
14427.4
10099.1
11306.3
10130.9
11760.7
10160.5
11255.2
10352.4
11430.8
8978.22
1486.61
312.233
69.4184
12.2336
9663.23
2732.73
658.221
148.352
26.1417
8942.21
1472.04
308.495
68.4698
12.0452
9627.35
2703.37
650.855
146.279
25.5834
8829.79
1445.25
301.997
66.9434
11.7705
9518.3
2661.51
640.018
143.697
25.1319
8580.88
1385.84
288.371
63.9275
11.248
9277.7
2582.15
620.656
139.414
24.3887
8092.54
1278.18
265.762
59.1364
10.4333
8777.34
2445.9
589.973
132.969
23.3074
7295.56
1197.41
256.581
57.9411
10.2938
7450.06
2150.66
529.924
121.153
21.4211
7522.64
1213.71
257.045
57.708
10.2223
7831.82
2258.82
552.386
125.398
22.0653
7219.34
1197.18
257.818
58.3624
10.3782
7336.06
2106.68
519.553
119.138
21.1206
7213.39
1191.87
256.583
58.1213
10.3276
7370.71
2102.7
517.425
118.951
21.0551
33102.8
47255.7
45427.3
31205.4
24438.1
29132.9
23557.1
28926
27287.3
43286.2
29039.9
44552.5
204.052
220.461
256.977
316.254
402.856
522.274
217.851
234.753
272.222
332.481
418.738
534.87
193.676
188.569
211.055
207.665
249.863
250.49
313.374
321.876
405.103
423.931
525.397
546.978
681.179
886.973
1157.96
1521.91
1944.15
2248.26
684.867
871.728
1097.5
1353.35
1599.64
1759.73
546.291
801.279
1006.6
1150.3
1224.25
589.977
864.82
1085.79
1240.24
1319.63
687.217
1006.26
1262.03
1440.37
1531.92
844.796
1234.85
1546.19
1762.56
1873.42
1074.25
1566.06
1956.16
2226.1
2364.13
1388.79
2016.16
2509.32
2848.92
3022.45
583.052
854.832
1073.47
1226.37
1305
627.988
920.041
1154.56
1318.31
1402.43
727.607
1064.58
1334.27
1522.09
1618.43
887.488
1295.85
1621.09
1846.82
1962.43
1115.51
1623.93
2026.16
2304.25
2446.52
1420.67
2059.2
2559.96
2904.89
3081.52
518.566
760.779
955.964
1092.65
1163
504.897
740.785
930.949
1064.15
1132.72
564.893
828.286
1040.23
1188.45
1264.67
555.831
815.063
1023.73
1169.7
1244.76
668.332
978.948
1228.2
1402.11
1491.4
670.017
981.471
1231.46
1405.9
1495.45
837.334
1224.48
1533.82
1748.9
1859.1
860.018
1257.6
1575.23
1796.02
1909.09
1080.64
1576.22
1969.68
2241.93
2381.05
1130.71
1648.89
2059.92
2344.02
2489.04
1397.96
2031.17
2529.34
2872
3046.68
1455.36
2114.29
2632.03
2987.37
3168.08
1802.85
2599.6
3217.98
3642.34
3860.17
2329.08
3321.91
4079.67
4601.56
4874.98
2999.98
4202.74
5101.43
5734.31
6085.81
3854
5243.92
6258.52
7020.57
7505.53
4768.91
6235.7
7288.08
8175.22
8869.88
5399.7
6876.39
7931.07
8904.35
9769.17
1811.03
2608.46
3226.84
3652.05
3871.09
2290.13
3268.73
4017.3
4533.82
4804.42
2856.24
4025.46
4905.89
5521.85
5856.5
3478.02
4821.69
5817.52
6535.08
6950.61
4054.3
5522.03
6596.29
7403.31
7910.1
4420.73
5954.73
7071.82
7937.75
8511.53
206.676
228.447
270.883
336.948
431.476
560.069
220.555
242.973
286.402
353.234
446.648
570.085
196.311
191.291
219.151
216.081
264.106
265.439
334.923
344.865
435.365
456.075
567.001
592.457
727.787
938.468
1207.38
1559.19
1964.03
2253.91
726.208
915.939
1139.41
1386.88
1620.5
1766.69
553.33
811.67
1019.77
1165.47
1240.45
611.489
896.69
1126.25
1286.86
1369.48
724.717
1061.91
1332.82
1522.09
1619.38
900.714
1318.13
1652.5
1885.64
2005.36
1151.86
1682.33
2105.43
2399.7
2550.72
1491.86
2171.93
2711.03
3085.13
3277.29
590.323
865.596
1087.15
1242.14
1321.85
650.156
952.944
1196.4
1366.6
1454.11
765.888
1121.51
1406.82
1605.98
1708.3
943.633
1379.64
1728.25
1971.09
2095.77
1191.27
1737.59
2172.32
2474.47
2629.6
1516.72
2204.43
2748.14
3125.38
3319.47
525.641
771.225
969.191
1107.86
1179.24
512.207
751.573
944.6
1079.85
1149.47
586.683
860.525
1081.1
1235.51
1314.96
578.472
848.542
1066.15
1218.52
1296.92
706.711
1035.85
1300.5
1485.49
1580.6
710.289
1041.16
1307.28
1493.32
1588.96
895.534
1311.1
1644.29
1876.71
1996.07
922.123
1350.07
1693.23
1932.59
2055.48
1162.73
1699.23
2127.65
2425.7
2578.58
1218.05
1780.12
2228.9
2541.01
2701.03
1511.52
2203.02
2752.13
3133.1
3328.49
1579.75
2303.16
2877.7
3276.04
3480.09
1931.12
2796.17
3475.9
3947.46
4191.22
2472.97
3547.26
4381.22
4963.71
5271.25
3141.98
4433.5
5419.83
6125.56
6519.73
3967.47
5440.42
6542.24
7381.27
7914.79
4836.38
6363.26
7481.08
8429.64
9167.58
5421.16
6919.92
7998.96
8996.04
9878.72
1924.62
2782.11
3454.26
3920.76
4162.45
2412.91
3459.45
4270.74
4836.68
5134.93
2974.56
4213.43
5160.64
5830.92
6196.78
3574.99
4980.5
6038.02
6807.63
7254.27
4116.51
5627.32
6745.89
7591.6
8122.62
4441.93
5991.41
7124.67
8005.03
8588.1
4899.66
3251.67
924.571
717.535
820.798
714.869
867.292
4503.59
4336.1
2827.06
3574.15
1752.41
2314.42
1478.15
1637.92
1385.87
4199.74
2383.17
1592.28
1418.67
1766.5
1540.91
1216.04
1169.69
1125.2
992.126
1317.51
1192.92
4484.35
2762.22
3134.47
2047.92
1715.9
2363.37
1249.21
1002.46
1371.84
9994.72
10144.1
10405.8
11743.4
19327.1
7219.17
8320.25
9146.41
10313.5
12033.6
2442.22
3514.52
4350.19
4932.13
5237.02
1907.08
2767.65
3445.92
3915.84
4157.67
2181.46
3165.02
3938.47
4472.41
4746.12
1902.4
2765.52
3447.08
3918.53
4160.19
2300.05
3327.32
4132.12
4688.79
4975.82
9944.71
11099.8
11778.2
13174.3
20570.7
9785.72
11152.9
12030.6
13294.5
15506.8
6746.21
8529.54
9802.29
10973.4
12080.6
8559.03
10353.7
11346.3
12376.9
13282.1
4484.78
6185.78
7437.46
8330.54
8841.97
5734.08
7584.18
8894.1
9891.99
10543.6
3844.74
5415.01
6594.53
7412.86
7851.56
4232.72
5908.99
7151.16
8015.17
8484.83
3623.51
5138.1
6284.03
7072.81
7487.41
9227.42
10311.7
11005.7
12406.9
19695.8
5798.31
7519.55
8778.57
9898.02
10910.4
4103.55
5713.91
6918.26
7782.84
8280.98
3678.68
5165.62
6292.27
7099.11
7556.92
4479.09
6115.48
7334.86
8268.86
8888.28
3955.53
5484.4
6636.62
7493.42
8015.28
3168.28
4478.09
5481.27
6199.26
6600.38
3068.57
4374.65
5379.48
6083.62
6460.57
2969.48
4265.35
5266.46
5955.55
6312.12
2625.9
3787.63
4692.25
5316.23
5638.18
3447.57
4896.14
5999.54
6766.4
7175.06
3132.35
4470.19
5498.34
6214.25
6594.07
9455.37
10007.2
10429.4
11791.6
19220.1
6362.61
7700.84
8690.84
9830.14
11229
7401.6
8925.92
9881.03
11219.7
13761.9
5034.35
6614.48
7781.86
8799.14
9632.79
4339.73
5906.37
7078.25
7999.1
8621.29
5722.07
7383.06
8610.47
9754.05
10835.3
3257.54
4608.74
5642.82
6379.24
6787.42
2647.26
3807.49
4709.18
5334.71
5661.06
3559.22
5002.27
6099.22
6888.23
7337.04
9379.22
8851.03
7925.28
6619.94
4824.52
1891.96
18751.6
19109.1
21666.7
22387.7
18392.3
19502.1
20716.7
20069.2
15362.8
18976
16067.1
19556.2
18428.8
16613.9
25759.2
18032.9
18249.1
20454.9
20924.3
17410.2
18502.5
19810.4
19363.8
15299.4
22935.7
15914
22819
18602.4
20189.6
27630.2
17228.6
17311.4
18911.5
19125.7
16678.7
18168.2
18597
18643.8
17567.6
20297.5
18348.2
20308
20194.9
22214.4
24873.2
16463
16563.8
17512.7
17561.9
16246.1
17970.6
17368.4
17688.2
16459.8
17737.1
17213.5
17305.1
18463.4
19975.8
21498.8
15659.6
15794.4
16559.7
16521.5
15944.5
17821.9
16561.7
17065.7
15591.9
14650.9
16362.7
14081.5
16979.4
16841.1
17765.7
15304.9
15482.1
15927.7
15855.8
15562.6
17117.8
16043.7
16469.1
14893.2
12608.7
15464.9
12359.4
15802.5
14811.7
16093.3
21616.7
20748.2
22621.8
23816.8
19998.9
19978.1
21078.4
20128.7
19096.5
14196.8
19028
14255.7
16904.9
15336.7
18479.8
20394.7
19768.3
20914.4
21698
19314.9
19458.1
19890.4
19094.5
17704.2
13754.4
17672.3
13834.9
15508.1
13839.2
17121.5
18790.3
18424.1
18866.7
19244
18164.1
18321.3
18357.1
17879.5
16815.1
13487.8
16605.7
13222.1
14903.5
12672.7
16815.9
17277.4
17072.7
17293.2
17458.9
16903.7
17002.3
17118.8
16743.1
15872.3
13900.1
15760.1
13575.6
14307.5
12735.4
17117
16492.1
16359.2
16419.4
16494.4
16061.3
16155.1
16383.3
16148.6
15649.7
14958
15577.9
14787.7
14394
13234.4
17670
15931.6
15809.3
15914.2
15959.1
15565.9
15842
15855.5
15759.8
15548.6
15621.6
15537.5
15506.9
14483.3
13752.3
18358.8
)
;

boundaryField
{
    patch1
    {
        type            calculated;
        value           nonuniform List<scalar> 
2440
(
14330.8
28082.8
0
0
0
0
0
0
0
0
14326.5
28065.9
0
0
0
0
0
0
0
0
11734.3
19022.2
20757.3
32581.3
42835.8
27705.3
17598.3
8834.63
47540.3
19200.7
28312.5
22151.3
35206.6
44498.1
29069.7
22820.9
12392
0
0
0
0
0
0
0
0
0
0
0
0
0
0
0
0
0
0
0
0
0
0
0
0
0
0
0
0
0
0
0
0
0
0
0
47244.6
0
0
0
0
0
0
0
0
0
0
0
0
0
0
0
0
0
0
0
0
0
0
0
0
0
0
0
0
0
0
0
0
0
0
0
0
0
0
0
0
0
0
0
0
0
0
0
0
0
0
0
0
0
0
0
0
0
11543.5
19014.8
20778.7
32609.4
42886.6
27755.1
17606
8569.88
47545.3
18913.9
28313.6
22181.7
35237.4
44547.2
29110.7
22791.4
11931.1
0
0
0
0
0
0
0
0
0
0
0
0
0
0
0
0
0
0
0
0
0
0
0
0
0
0
0
0
0
0
0
0
0
0
0
47246.7
0
0
0
0
0
0
0
0
0
0
0
0
0
0
0
0
0
0
0
0
0
0
0
0
0
0
0
0
0
0
0
0
0
0
0
0
0
0
0
0
0
0
0
0
0
0
0
0
0
0
0
0
0
0
0
0
0
15527.5
22531
0
0
0
0
0
14811.8
16094.9
13752.4
18360.9
15527.9
22529.3
0
0
0
0
0
14811.7
16093.3
13752.3
18358.8
18697.7
26941.2
27694.5
22209
21477.4
27902.4
27883.4
22249.1
22241.5
17481.5
13134.2
16947.8
13142.6
17467.3
13208.7
17320.5
13265.5
787.591
625.443
1056.67
1334.31
2269.62
2485.64
20821.5
19916.4
14622.9
9066.39
3224.3
19442.4
19475.4
13354.2
8039.87
3041.21
22683.8
1370.39
3563.58
1598.49
4368.93
2873.48
5746.35
16702.1
12339.8
9431.08
7799.43
7199.82
13943.4
10760
8989.88
8073.37
8077
0
0
0
0
0
0
0
0
0
0
0
0
0
0
0
0
0
0
0
0
0
0
0
0
0
0
0
0
0
0
0
0
0
0
0
0
0
0
0
0
0
0.793679
-0.304243
0.790634
-0.377147
0.781776
-0.375565
0.76132
-0.362252
0.738659
-0.350775
0.230258
-0.128752
0.485038
-0.25293
0.0838271
-0.0479611
0.0168262
-0.00875202
33553.2
46477.9
32568.2
20151.5
29594.3
24825
48007
58915.4
33158.4
24361.7
13571.6
24790.3
26532.4
21527.1
20391.5
27336.6
27714.4
21897.1
22136
17205.2
13040
16639.8
13058
17302.1
13143
17266.7
13240.5
9766.37
3813.02
10381.8
4438.97
9795.45
5097.74
16480.2
16659.6
16051.2
11154.3
5141.08
18268.3
19567.7
15002.7
9999.59
4306.24
18042.3
20849
17429.3
19927.2
15875.3
18522.9
14763.3
13913.9
16795.7
15120.9
16958.8
13753.8
13117.3
13929.3
14251.9
15582.6
0
0
0
0
0
0
0
0
0
0
0
0
0
0
0
0
0
0
0
0
0
0
0
0
0
0
0
0
0
0
0
0
0
0
0
0
0
0
0
0
0
0.784422
-0.300524
0.780428
-0.372365
0.770221
-0.369901
0.748926
-0.35614
0.726785
-0.345041
0.227629
-0.12783
0.477999
-0.249744
0.0831472
-0.0478975
0.016744
-0.00880134
33102.9
45438.4
31210.7
29034.1
28962.8
43390.7
44335.5
15309
15480.5
15926.7
15857.6
15562.2
17117.6
16043.2
16468.9
14897.5
12603.6
15464.4
12354.5
15802.5
15927.8
15807.6
15913.2
15957.2
15565.5
15841.9
15855
15759.7
15542.9
15586.4
15537.2
15503.8
14483.6
18693
26941.4
27694.7
22209.6
21477.9
27902.6
27883.6
22249.6
22242
17482.3
13134.9
16948.6
13143.4
17468
13209.4
17321.2
13266.1
773.186
618.889
1058.29
1336.63
2270.43
2486.99
20821.9
19917.1
14623.8
9067.29
3225.01
19442.7
19476.1
13354.9
8040.54
3041.61
22679.4
1348.16
3524.49
1598.51
4369.15
2873.86
5746.94
16702.1
12339.5
9430.64
7799.22
7200
13943.4
10759.8
8989.67
8073.22
8076.95
0
0
0
0
0
0
0
0
0
0
0
0
0
0
0
0
0
0
0
0
0
0
0
0
0
0
0
0
0
0
0
0
0
0
0
0
0
0
0
0
0
0.792578
-0.306179
0.790454
-0.376645
0.781575
-0.375412
0.761215
-0.362201
0.738618
-0.350762
0.230262
-0.128759
0.485033
-0.252941
0.0838298
-0.0479637
0.0168269
-0.00875251
33554.5
46486.6
32570.7
19789.1
29586.2
24853.5
48034.6
58956.2
33199.2
24325
13038
24790.3
26532.4
21527.6
20392.1
27336.6
27714.6
21897.6
22136.5
17206
13040.8
16640.7
13058.9
17302.9
13143.7
17267.4
13241.2
9780.28
3855.07
10371.6
4439.06
9794.63
5097.92
16480.2
16659.5
16050.7
11154.2
5141.15
18268.1
19567.6
15002.6
9999.59
4306.3
18048.1
20867
17407.9
19921.7
15874.4
18522.7
14763.3
13913.6
16795
15120.5
16958.4
13753.6
13117
13928.9
14251.4
15582.2
0
0
0
0
0
0
0
0
0
0
0
0
0
0
0
0
0
0
0
0
0
0
0
0
0
0
0
0
0
0
0
0
0
0
0
0
0
0
0
0
0
0.783394
-0.302467
0.780281
-0.371886
0.77006
-0.369768
0.748856
-0.356105
0.72677
-0.34504
0.227637
-0.127837
0.478007
-0.249759
0.0831509
-0.0479002
0.0167448
-0.00880176
33102.1
45435.4
31206.6
29110.6
28948.2
43330.8
44496.9
15305
15482.1
15927.7
15855.9
15562.6
17117.8
16043.7
16469.1
14893.2
12608.7
15464.9
12359.4
15802.5
15931.5
15809.3
15914.1
15959
15565.9
15842
15855.5
15759.8
15548.6
15621.6
15537.5
15506.9
14483.3
19235.5
7306.83
1892.02
19234.6
7306.73
1891.96
19690.7
20127.2
26600.9
23734.9
8282.95
5963.6
9910.79
8070.14
547.157
687.685
4726.91
5205.44
9664.39
10437
25238.1
25950.8
19592
508.218
157.63
3799.16
3059.92
7502.06
6366.53
235.558
204.818
209.544
2423.55
1936.14
1683.42
4984.82
4287.61
4033.52
27004.3
26446
30251
26407
20948.6
21297.4
23503.1
22164.5
129.013
97.8392
1428.58
1142.87
1567.77
1843.82
14898.6
21244.6
8724.08
122.494
186.377
1024.01
960.049
1892.63
2006.13
90.8496
94.1377
110.223
1095.26
1150.56
1157.99
2585.37
2905.72
2992.65
9691.2
10165.6
10864.6
11343.8
10894.9
10117.3
10119.7
10179.9
10359.9
11653.7
11715.6
11848.9
11654.9
10893.5
10098.4
10130.1
10159.9
10351.8
19693.8
20129.6
26614.1
23740.6
8113.08
5844.86
9883.13
8060.37
471.837
589.244
4710.51
5191.41
9661.27
10433.5
25238.2
25951.7
19591.4
425.403
77.6405
3807.87
3067.34
7499.41
6365.61
188.119
164.826
175.464
2432.94
1939.79
1683.7
4985.07
4288.28
4034.15
27008.8
26447.3
30265.2
26412.6
20772.1
21244.2
23472.3
22136.1
111.672
82.6219
1419.97
1133.91
1566.8
1843.1
14899.2
21245.7
8723.98
106.949
178.761
1014.19
951.741
1892.01
2005.24
76.7655
78.2311
91.8394
1086.55
1145.71
1154.63
2584.27
2904.68
2991.92
9640.6
10168
10866.2
11344.8
10895.7
10117.9
10120.4
10180.4
10360.5
11628.9
11717.8
11850.3
11655.9
10894.3
10099.1
10130.9
10160.5
10352.4
20965.4
15742.8
1996.38
1388.44
939.906
543.835
177.821
2002.27
1397.89
945.206
546.445
178.606
23696.8
25357.9
26090
23995.7
25213
25867.5
2339.03
1549.93
1026.59
586.53
190.652
2290.02
1538.63
1021.33
584.006
189.9
9379.22
8851.03
7925.28
6619.94
4824.52
26489.3
26422.1
24467.4
24313.6
19641.7
18002.7
25236.9
22840.1
21200
23386.5
21096.9
19522.9
15403.9
13371.7
12261.2
20371.5
19567.7
16191
15002.7
11645.7
9999.59
5729.63
4306.24
14256.9
10660.2
14877.5
10542.7
6593.43
4047.87
2769.77
2251.6
6503.55
3951.09
2673.22
2200.24
1975.2
1481.03
1003.88
577.414
188.126
1924.2
1451.54
987.689
569.461
185.752
191.304
216.095
265.456
344.885
456.101
592.488
512.242
751.625
944.665
1079.92
1149.55
578.51
848.598
1066.22
1218.6
1297.01
710.334
1041.23
1307.36
1493.41
1589.06
922.177
1350.15
1693.33
1932.71
2055.6
1218.12
1780.22
2229.03
2541.16
2701.18
1579.84
2303.28
2877.85
3276.21
3480.29
1125.25
2969.62
4265.54
5266.7
5955.83
6312.43
23009.1
21030.6
19476.1
17037.6
14690.4
13354.9
11111.5
8929.81
8040.54
5447.68
3780.34
3041.61
14877.7
10617.8
15078.9
10534.7
20638
19723.6
14716.5
13234.1
7506.92
7191.53
18545.5
17394.1
16522.6
12376.7
12123.4
11840.3
7545.09
7683.43
7650.24
6172.35
3673.45
2497.34
2049.32
6362.06
3820.68
2581.12
2129.77
1826.29
1389.85
952.416
551.721
180.378
1869.36
1417.1
968.15
559.685
182.8
1026.22
2682.87
3794.45
4611.48
5148.37
5417.57
188.569
207.665
250.49
321.876
423.931
546.978
504.897
740.785
930.949
1064.15
1132.72
555.831
815.063
1023.73
1169.7
1244.76
670.017
981.471
1231.46
1405.9
1495.45
860.018
1257.6
1575.23
1796.02
1909.09
1130.71
1648.89
2059.92
2344.02
2489.04
1455.36
2114.29
2632.03
2987.37
3168.08
26089.3
23995.7
25220.4
25870.9
2339.07
1549.96
1026.61
586.535
190.652
2290.09
1538.67
1021.35
584.015
189.901
9379.62
8851.39
7925.6
6620.19
4824.69
20966.2
15742.7
1996.24
1388.37
939.866
543.819
177.817
2002.11
1397.81
945.164
546.427
178.602
23693.9
25355.3
44021.8
56666.6
29321.7
31999.3
14557.3
16173.2
1998.58
2127.99
0
0
0
0
0
0
0
0
0
0
0
0
0
0
0
20683.1
19215.7
23069.3
19732.7
23156.8
24027.2
15375.9
9796.48
15315.2
9730.54
5492.36
3351.32
2343.31
1948.51
5613.35
3420.71
2388.93
1970.32
-766.691
1347.79
1221.63
442.301
-454.69
1438.76
1249.62
451.919
72.7906
1591.96
1291.23
457.331
630.178
1760.76
1350.26
477.284
767.012
1886.51
1404.88
494.657
417.572
2014.7
1505.36
524.979
384.043
1955
1454.77
507.003
349.932
2066.54
1540.13
528.311
454.138
2124.97
1582.48
541.711
1739.34
1340.82
926.099
538.853
176.52
1765.88
1354.58
933.135
542.199
177.507
1990.72
1410.99
953.814
550.911
179.995
1988.03
1402.79
948.54
548.182
179.151
2026.91
1427.11
962.799
555.453
181.386
2071.91
1450.68
975.618
561.876
183.348
1902.21
1357.93
925.552
537.221
175.924
1918.33
1364.31
928.533
538.578
176.315
1953.83
1375.94
933.84
541.012
177.015
14975.7
15269.9
15650.7
15848.4
15237.1
11429.5
11955.1
11344.9
11490.2
9589.71
2727.41
662.013
150.062
26.5816
9676.95
2718.16
656.95
148.221
26.0646
9747.17
2708.24
650.977
146.323
25.693
9642.25
2653.98
635.55
142.603
25.0149
9139.79
2520.37
605.497
136.242
23.9355
7561.24
2186.42
539.037
123.259
21.8494
8007.11
2311.35
564.896
128.167
22.602
7412.99
2130.92
525.796
120.603
21.4369
7422.68
2118.53
521.427
119.829
21.2722
43284.2
57491.9
24415.1
28685
13573.4
15544.3
1576.15
1934.55
747.904
3871.93
2107.71
1314.67
1979.39
2851.88
3523.18
3977.1
4206.44
8364.39
8862.93
8617.15
8411.75
8417.01
5075.56
6382.13
7066.82
7443.25
7641.89
3371
4633.14
5495.08
6036.35
6304.94
0
0
0
0
0
0
0
0
0
0
22056.6
17535.1
22147
17760.1
21808.9
23551
14076.8
10304.6
14256.4
10152.1
6600.67
4205.09
2899.45
2337.82
6538.99
4159.5
2869.07
2308.12
1689.2
2778.89
1898.82
635.462
1857.02
2782.71
1895.96
637.807
2089.89
2770.58
1871.11
622.963
2118.66
2724.76
1850.67
622.586
1595.97
2612.9
1813.35
618.447
565.459
2328.81
1722.95
600.044
753.239
2451.3
1762.44
605.396
400.952
2237.35
1667.95
574.371
462.998
2178.37
1623.88
556.909
2029.56
1522.02
1028.31
589.807
191.876
2022.07
1512.87
1022.32
586.661
190.908
2179.81
1516.76
1011.82
579.637
188.642
2231.85
1529.83
1017.69
582.355
189.43
2149.45
1498.82
1002.41
575.124
187.313
2114.02
1475.66
989.474
568.78
185.438
2319.9
1569.01
1038.87
592.959
192.663
2321.34
1565.74
1036.55
591.705
192.271
2328.43
1559.36
1032.11
589.36
191.539
15423.2
15433.2
15435.2
15212.3
14459
11341.4
11789.3
11294.6
11473.8
9721.45
2751.43
663.497
149.586
26.4024
9681.18
2719.51
654.918
147.236
25.8251
9571.02
2677.22
643.919
144.61
25.3656
9331.29
2598.05
624.564
140.321
24.6209
8827.98
2461.18
593.749
133.847
23.5335
7490.44
2162.82
532.898
121.832
21.5961
7872.94
2271.46
555.523
126.126
22.2529
7375.93
2118.55
522.43
119.789
21.2886
7410.86
2114.7
520.37
119.567
21.2239
217.865
234.768
272.239
332.502
418.763
534.9
684.903
871.77
1097.55
1353.41
1599.7
1759.8
583.091
854.889
1073.55
1226.46
1305.09
628.03
920.103
1154.64
1318.4
1402.53
727.654
1064.65
1334.36
1522.19
1618.54
887.544
1295.94
1621.19
1846.94
1962.56
1115.58
1624.03
2026.29
2304.4
2446.68
1420.75
2059.32
2560.11
2905.07
3081.71
1811.13
2608.6
3227.03
3652.27
3871.33
2290.24
3268.91
4017.53
4534.1
4804.72
2856.38
4025.67
4906.17
5522.18
5856.86
3478.17
4821.93
5817.84
6535.47
6951.04
4054.47
5522.29
6596.65
7403.75
7910.59
4420.91
5955.01
7072.19
7938.21
8512.05
220.569
242.989
286.419
353.255
446.673
570.115
726.245
915.983
1139.46
1386.94
1620.56
1766.75
590.362
865.654
1087.22
1242.22
1321.94
650.198
953.005
1196.48
1366.69
1454.21
765.936
1121.58
1406.91
1606.08
1708.41
943.688
1379.72
1728.36
1971.21
2095.9
1191.33
1737.69
2172.45
2474.61
2629.75
1516.8
2204.55
2748.29
3125.55
3319.65
1924.72
2782.26
3454.45
3920.97
4162.68
2413.03
3459.63
4270.96
4836.95
5135.21
2974.7
4213.64
5160.91
5831.23
6197.13
3575.15
4980.74
6038.34
6808
7254.68
4116.69
5627.59
6746.24
7592.03
8123.09
4442.11
5991.69
7125.04
8005.49
8588.61
820.838
3574.22
1385.93
2181.56
3165.18
3938.67
4472.63
4746.36
8559.24
10354
11346.7
12377.3
13282.6
3623.66
5138.32
6284.3
7073.13
7487.75
44073.2
56692
29376.9
32000.8
14566.4
16218.7
1363.91
1452.4
0
0
0
0
0
0
0
0
0
0
0
0
0
0
0
20475.2
19151.2
23035.1
19705.2
23155
24026.2
15373.9
9803.41
15299.1
9726.8
5490.74
3349.48
2342.39
1947.46
5612.65
3420.43
2388.71
1970.14
-765.881
1346.3
1221.25
442.126
-455.335
1438.81
1249.62
451.944
72.5296
1591.79
1291.13
457.305
629.954
1760.51
1350.1
477.236
766.793
1886.22
1404.7
494.599
417.422
2014.4
1505.17
524.918
383.874
1954.69
1454.58
506.941
349.811
2066.27
1539.95
528.254
454.033
2124.74
1582.32
541.66
1737.8
1340.01
925.725
538.683
176.47
1765.78
1354.51
933.096
542.185
177.506
1990.56
1410.91
953.77
550.891
179.99
1987.87
1402.71
948.498
548.163
179.146
2026.75
1427.02
962.754
555.432
181.38
2071.75
1450.6
975.573
561.855
183.342
1900.87
1357.47
925.371
537.147
175.905
1918.32
1364.24
928.49
538.566
176.316
1953.73
1375.87
933.801
540.999
177.014
14918.4
15271.8
15651.6
15849.1
15237.7
11430.1
11955.7
11345.5
11490.8
9574.64
2721.58
660.326
149.656
26.5076
9675.23
2717.51
656.724
148.157
26.052
9746.73
2708.02
650.894
146.296
25.6872
9642.3
2653.94
635.522
142.593
25.0123
9140.04
2520.4
605.496
136.239
23.9345
7561.62
2186.52
539.058
123.263
21.8501
8007.46
2311.43
564.91
128.168
22.6021
7413.37
2131.03
525.822
120.608
21.4378
7423.08
2118.65
521.454
119.835
21.2732
43334.4
57534.4
24459.7
28731.8
13528.6
15492.4
1059.54
1304.25
747.866
3871.91
2107.67
1314.62
1979.28
2851.72
3522.98
3976.87
4206.19
8364.31
8862.76
8616.93
8411.52
8416.77
5075.44
6381.94
7066.56
7442.95
7641.56
3370.88
4632.95
5494.83
6036.05
6304.62
0
0
0
0
0
0
0
0
0
0
22084.8
17550.1
22146
17758.4
21805.9
23549.2
14089.9
10316.9
14255.2
10153.9
6606.9
4208.67
2901.88
2338.9
6539.77
4159.8
2869.14
2308.06
1706.75
2781.48
1899.7
635.568
1855.95
2783.16
1896.16
637.893
2089.46
2770.71
1871.19
622.995
2118.43
2724.76
1850.69
622.593
1595.82
2612.84
1813.32
618.438
565.364
2328.67
1722.87
600.017
753.132
2451.2
1762.38
605.377
400.867
2237.18
1667.84
574.337
462.903
2178.17
1623.74
556.866
2029.4
1522.18
1028.52
589.933
191.915
2022.02
1512.81
1022.29
586.655
190.909
2179.71
1516.7
1011.79
579.623
188.638
2231.77
1529.79
1017.67
582.345
189.427
2149.33
1498.76
1002.37
575.107
187.309
2113.88
1475.58
989.433
568.761
185.432
2318.91
1568.97
1038.95
593.018
192.685
2321.44
1565.69
1036.53
591.705
192.276
2328.44
1559.33
1032.09
589.359
191.541
15395.6
15435.1
15436.3
15213.2
14459.8
11342.1
11790
11295.3
11474.5
9715.9
2746.94
662.003
149.209
26.3323
9680.71
2719.22
654.759
147.183
25.8141
9571.16
2677.23
643.887
144.594
25.3615
9331.66
2598.13
624.572
140.318
24.6197
8828.43
2461.3
593.771
133.85
23.5335
7490.9
2162.94
532.927
121.838
21.5971
7873.41
2271.58
555.551
126.131
22.2536
7376.36
2118.68
522.46
119.795
21.2897
7411.27
2114.82
520.399
119.574
21.225
217.851
234.753
272.222
332.481
418.738
534.87
684.867
871.728
1097.5
1353.35
1599.64
1759.73
583.052
854.832
1073.47
1226.37
1305
627.988
920.041
1154.56
1318.31
1402.43
727.607
1064.58
1334.27
1522.09
1618.43
887.488
1295.85
1621.09
1846.82
1962.43
1115.51
1623.93
2026.16
2304.25
2446.52
1420.67
2059.2
2559.96
2904.89
3081.52
1811.03
2608.46
3226.84
3652.05
3871.09
2290.13
3268.73
4017.3
4533.82
4804.42
2856.24
4025.46
4905.89
5521.85
5856.5
3478.02
4821.69
5817.52
6535.08
6950.61
4054.3
5522.03
6596.29
7403.31
7910.1
4420.73
5954.73
7071.82
7937.75
8511.53
220.555
242.973
286.402
353.234
446.648
570.085
726.208
915.939
1139.41
1386.88
1620.5
1766.69
590.323
865.596
1087.15
1242.14
1321.85
650.156
952.944
1196.4
1366.6
1454.11
765.888
1121.51
1406.82
1605.98
1708.3
943.633
1379.64
1728.25
1971.09
2095.77
1191.27
1737.59
2172.32
2474.47
2629.6
1516.72
2204.43
2748.14
3125.38
3319.47
1924.62
2782.11
3454.26
3920.76
4162.45
2412.91
3459.45
4270.74
4836.68
5134.93
2974.56
4213.43
5160.64
5830.92
6196.78
3574.99
4980.5
6038.02
6807.63
7254.27
4116.51
5627.32
6745.89
7591.6
8122.62
4441.93
5991.41
7124.67
8005.03
8588.1
820.798
3574.15
1385.87
2181.46
3165.02
3938.47
4472.41
4746.12
8559.03
10353.7
11346.3
12376.9
13282.1
3623.51
5138.1
6284.03
7072.81
7487.41
23008.8
21030.1
19475.4
17037.2
14689.8
13354.2
11110.9
8929.19
8039.87
5447.21
3779.88
3041.21
14883.7
10621.4
15081.9
10536.9
20637.7
19723.7
14716.7
13234.5
7507
7191.82
18545.6
17394.2
16522.6
12377.1
12123.8
11840.6
7545.58
7683.95
7650.68
6173.65
3673.94
2497.61
2049.5
6363.06
3821.1
2581.35
2129.93
1826.42
1389.92
952.458
551.739
180.382
1869.48
1417.18
968.192
559.704
182.805
1026.27
2682.99
3794.63
4611.72
5148.65
5417.86
188.582
207.679
250.507
321.897
423.956
547.009
504.932
740.837
931.014
1064.23
1132.8
555.87
815.12
1023.81
1169.79
1244.85
670.062
981.537
1231.54
1405.99
1495.55
860.073
1257.68
1575.34
1796.13
1909.21
1130.78
1648.99
2060.05
2344.16
2489.2
1455.44
2114.41
2632.19
2987.55
3168.28
26489.5
26422.1
24467.1
24313.4
19640.8
18002.1
25237
22840.4
21200.4
23386.6
21097.4
19523.6
15404
13372.2
12261.9
20371.4
19567.6
16191
15002.6
11645.9
9999.59
5729.79
4306.3
14255.5
10659.5
14875.8
10541.4
6593.21
4047.76
2769.68
2251.51
6502.94
3950.81
2673.05
2200.11
1975.12
1480.97
1003.85
577.402
188.123
1924.1
1451.47
987.651
569.444
185.748
191.291
216.081
265.439
344.865
456.075
592.457
512.207
751.573
944.6
1079.85
1149.47
578.472
848.542
1066.15
1218.52
1296.92
710.289
1041.16
1307.28
1493.32
1588.96
922.123
1350.07
1693.23
1932.59
2055.48
1218.05
1780.12
2228.9
2541.01
2701.03
1579.75
2303.16
2877.7
3276.04
3480.09
1125.2
2969.48
4265.35
5266.46
5955.55
6312.12
)
;
    }
    patch2
    {
        type            calculated;
        value           nonuniform List<scalar> 
348
(
9532.6
9532.2
10087.2
6180.46
5090.52
6590.28
11335.3
6901.53
5745.99
7466.64
10086.5
6180.08
5090.21
6589.88
11334.7
6901.18
5745.7
7466.27
18994.6
12841.7
4820.58
3835.05
4264.23
3790.74
4513.92
16672.6
12033
10151.4
9284.73
8471.88
7345.93
8420.74
7702.36
6608.34
6977.12
6373.74
17048.2
9748.45
7127.72
6672.26
7862.41
7279.68
6110.91
5818.35
5486.06
4975.23
6203.51
5824.12
18250.4
11474.5
13591.6
9310.57
8047.01
1243.1
1339.86
1555.22
1901.61
2399.21
3066.62
1325.03
1423.85
1642.95
1991.83
2482.71
3126.57
1180.93
1150.19
1284.09
1263.88
1514.13
1518.24
1887.12
1937.82
2416.38
2525.84
3091.03
3213.87
3916.01
4946.88
6184.81
7663.78
9144.22
10142.5
3927.42
4875.43
5948.02
7072.51
8071.93
8704.24
1259.56
1390.54
1644.16
2035.83
2589.16
3326.3
1342.16
1476.4
1734.35
2127.51
2669.12
3369.06
1197.44
1167.21
1335.2
1316.89
1604.82
1613.31
2026.44
2086.74
2617.47
2741.71
3378.23
3531.98
4253.89
5352.28
6630.57
8087.69
9456.73
10258.6
4224.72
5213.29
6296.81
7384.98
8291.69
8783.67
19308
13028.2
5316.69
4219.51
4815.89
4221.73
5049.45
20197.3
16311.8
12598.7
13661.7
8991.35
10762.8
7969.98
8613.63
7596.66
19468.9
11373.7
8427.91
7689.32
9103.19
8177.81
6713.42
6561.64
6404.23
5720.96
7284.58
6695.11
19213.2
11979.1
14938.1
9975.46
8836.28
18993.2
12840.8
4820.28
3834.82
4263.97
3790.51
4513.65
16671.1
12032.2
10150.7
9284.3
8471.64
7345.53
8420.29
7702.02
6607.99
6976.78
6373.41
17046.7
9747.78
7127.31
6671.86
7861.91
7279.22
6110.53
5818
5485.76
4974.94
6203.16
5823.79
18248.9
11473.7
13590.5
9309.94
8046.48
1243.01
1339.77
1555.11
1901.49
2399.06
3066.42
1324.94
1423.75
1642.84
1991.7
2482.55
3126.37
1180.85
1150.11
1284
1263.79
1514.03
1518.13
1886.99
1937.69
2416.23
2525.68
3090.84
3213.67
3915.77
4946.58
6184.42
7663.29
9143.62
10141.9
3927.18
4875.13
5947.65
7072.07
8071.42
8703.7
1259.47
1390.44
1644.05
2035.71
2589.01
3326.11
1342.07
1476.3
1734.24
2127.38
2668.96
3368.87
1197.36
1167.13
1335.12
1316.8
1604.72
1613.2
2026.32
2086.61
2617.32
2741.56
3378.04
3531.79
4253.65
5351.99
6630.21
8087.24
9456.18
10257.9
4224.49
5213
6296.46
7384.56
8291.2
8783.14
19306.7
13027.4
5316.41
4219.29
4815.64
4221.51
5049.19
20196.5
16311.2
12598.2
13661.2
8990.96
10762.4
7969.62
8613.25
7596.31
19468
11373.2
8427.52
7688.95
9102.76
8177.4
6713.07
6561.31
6403.92
5720.67
7284.24
6694.78
19212.1
11978.4
14937.3
9974.91
8835.82
9484.66
5585.18
4436.5
10265.7
6375.07
5203.37
11486.9
7586.1
6438.6
12960.2
8850.5
7626.13
14605.4
9715.51
8304.47
26732.6
23142.8
25850.9
22058
24518.2
20449
23293.1
18757.1
21643.4
17081
9460.74
5552.13
4401.41
10261.8
6376.2
5204.48
11485.4
7586.2
6439.01
12959.1
8850.27
7626.21
14604.2
9715.11
8304.36
26767.5
23170.3
25844.7
22059.8
24516.1
20448.4
23292
18756.4
21642.5
17080.4
)
;
    }
    patch3
    {
        type            calculated;
        value           uniform 0;
    }
    patch4
    {
        type            calculated;
        value           nonuniform List<scalar> 
384
(
6365.97
12370.7
15325.2
40357.4
52196.2
23821.3
13991
5656.23
12174
13638
35321.4
34811
6124.07
12377.5
15312.4
40371.2
52221.3
23821.5
14017.3
5336.26
12094.5
13661.8
35284.4
34871.5
11250.1
12752.8
38036.1
39254
11051.7
12716.2
37493.9
39137.3
11251
12754.3
38043.1
39258.8
11052.9
12717.5
37493.5
39140.2
7776.3
7981.69
8439.13
8141.93
2563.87
6530.4
2137.46
4876.09
2986.05
7275.82
2222.61
5022.06
8433.9
8139.98
7777.45
7982.79
4669.26
3468.89
6013.9
4862.14
15361.3
12952.3
3334.18
4011.95
5195.5
6062.66
6981.15
5953.75
8000.75
6529.51
15949.3
13077.1
5844.9
6373.75
7283.23
8046.84
4513.1
3365.09
6012.33
4875.74
15362.2
12953.8
3245.14
3913.47
5209.7
6079.39
6901.02
5872.24
8025.32
6558.8
15953.7
13079.3
5761.94
6281.76
7306.7
8069.37
2982.85
7271.2
2221.77
5020.58
2565.25
6533.44
2137.95
4877.26
48713
53471.3
51828
54542.8
48719.2
53475.9
51834.3
54548.3
9943.17
4299.95
13263
6431.27
18772.5
11747.1
6960.92
5198.67
22709.6
38079.4
27792.2
43361.9
19489.5
35669.2
18069.4
35013.8
16200.8
6607.27
18631.3
8408.61
22918.2
13894.5
7742.88
5358.89
24006.5
38409.5
29941
44033.9
20123.7
35810.4
18247.5
35049.1
9792.62
4196.53
13277.6
6449.86
18780.6
11756.1
6964.39
5200.01
22713.9
38082.5
27797
43365.6
19492.6
35671.9
18071.9
35016.4
16092.2
6509.62
18648.8
8433.21
22928.4
13907.1
7747.83
5360.54
24012.3
38413.4
29947.1
44038.6
20127.7
35813.6
18250.3
35051.9
16490.4
33419.2
20947.8
37983.2
27192.2
42371.9
37739.1
26421.3
45420.5
29054
47499.5
32857.1
48497.8
40423.3
16291.1
33156.1
20965.8
38010.2
27201.4
42382.3
37744.4
26307.2
45277.6
29070.7
47524.8
32865.9
48507.1
40429.1
8577.27
8667.29
8752.76
8680.34
8240.41
7347.72
7606.61
7248.71
7222.71
8980.58
8943.45
8829.78
8580.53
8092.09
7295.11
7522.17
7218.91
7212.98
8566.53
8664.72
8752.18
8680.4
8240.69
7348.1
7606.97
7249.1
7223.1
8978.22
8942.22
8829.79
8580.88
8092.54
7295.56
7522.63
7219.34
7213.39
1467.69
1456.33
1450.43
1407.54
1302.48
1207.55
1230.06
1202.79
1193.64
1495.65
1471.22
1445.07
1385.76
1278.11
1197.34
1213.64
1197.11
1191.8
1457.96
1456.96
1450.49
1407.56
1302.51
1207.61
1230.11
1202.86
1193.71
1486.61
1472.04
1445.25
1385.84
1278.18
1197.41
1213.71
1197.18
1191.87
313.292
308.595
304.715
293.03
270.564
259.008
260.726
259.19
257.02
314.658
308.347
301.964
288.357
265.749
256.567
257.031
257.804
256.569
310.779
308.714
304.725
293.028
270.568
259.019
260.734
259.203
257.034
312.233
308.495
301.997
288.371
265.762
256.581
257.045
257.818
256.583
70.1981
68.8797
67.7137
64.9476
60.1472
58.5151
58.5337
58.6965
58.2291
69.982
68.4465
66.9406
63.9264
59.1344
57.938
57.7053
58.3592
58.1182
69.6197
68.8985
67.712
64.9453
60.147
58.5174
58.5351
58.6992
58.2321
69.4184
68.4698
66.9434
63.9275
59.1364
57.9411
57.708
58.3624
58.1213
12.4204
12.154
11.9225
11.4275
10.6063
10.3973
10.3669
10.4396
10.3477
12.3337
12.0422
11.7706
11.2482
10.4331
10.2933
10.2219
10.3777
10.3271
12.318
12.1564
11.9217
11.4267
10.6061
10.3976
10.3671
10.4401
10.3482
12.2336
12.0452
11.7705
11.248
10.4333
10.2938
10.2223
10.3782
10.3276
)
;
    }
}


// ************************************************************************* //
