/*--------------------------------*- C++ -*----------------------------------*\
  =========                 |
  \\      /  F ield         | OpenFOAM: The Open Source CFD Toolbox
   \\    /   O peration     | Website:  https://openfoam.org
    \\  /    A nd           | Version:  11
     \\/     M anipulation  |
\*---------------------------------------------------------------------------*/
FoamFile
{
    format      ascii;
    class       volScalarField;
    location    "0.4";
    object      gradTy;
}
// * * * * * * * * * * * * * * * * * * * * * * * * * * * * * * * * * * * * * //

dimensions      [0 -1 0 1 0 0 0];

internalField   nonuniform List<scalar> 
5712
(
15618.9
8997.45
24526.2
16397.5
26877.8
20219.1
40320.2
52480.2
53830.2
68474.2
35692.5
31712.3
22621.9
18442.3
11668.8
7953.77
23787.1
22470.1
21169.1
23644.3
31588
25995.5
38626.7
28706.5
10669.8
7600.73
6133.76
4840.2
12035.6
10113.2
7621.02
6714.51
25458.5
24845.1
23728.4
17637.9
17580.4
14883.5
13867.4
16227.6
21886.6
22224
50156
52377.7
32595
34256.4
22558.4
18897.9
22113.9
15013.5
10480.4
11223.7
10410.1
17318.4
5515.09
7514.07
13969.8
22645.8
8602.87
11112.7
14457.3
29869
10339.1
19607.3
3706.26
11508.9
3093.02
8576.79
18811.2
23287.3
20766.4
23932.1
21715.4
20952.5
23531
21333.3
19379
27024.9
18779.9
25989.9
21023.4
24199
21291.3
24321.8
24580.8
21432.3
24864.1
21356.5
18252.9
27539.3
17810.7
27825.3
27169.4
36500.2
34270
56001.6
28693.4
43022.3
33699.5
61657.4
25861.2
31739.2
34576.9
53566.5
25730.9
29537.7
35134.5
53232
10838.7
14717.9
28282.8
51700.2
12828.8
14970.2
35105.1
56665.9
14926.5
15023.9
42658.6
59919.1
27192.2
24488.7
27450.2
30953.1
53925.4
23767.1
26249.7
27388.8
27059.8
63160.6
21927.6
24595
25779.4
31756.6
70922.1
3496.68
4135.74
7543.12
20048.2
4803.71
5402.93
9876.71
21089.8
6627.48
5328.49
12681
22305.8
21336.2
17813.1
22291.7
18258.8
23304.6
17550.5
19609.8
15057.4
15617.9
24338.2
20170.7
16785.9
23155
19817.2
23516.3
19393.4
22821.3
18622
16185
23516.2
23737.5
25104.1
23730.8
25988.7
20513.7
19619.7
20215.6
20241.5
24683
24060.4
24694.2
23413.2
23489.3
26171.8
23469.1
26273.1
19678.6
20711
19585.3
20763.6
24534.4
23806.2
24581.6
23822.1
23765.5
22021.2
16063
19583.4
23944.3
21746.4
15914.4
20068.3
23799.2
21704.7
16389
19489.6
23779.9
21358.4
16867.9
19391
2247.23
1072.29
532.958
1138
472.917
353.05
3202.85
1204.94
633.737
2049.01
1145.48
645.761
3092.92
1477.35
1015.58
3395.56
1849.29
1189.88
12876.6
7810.12
5053.19
13427.6
8433.14
5597.34
10966.7
6768.65
4594.8
9084.09
5004.6
3210.45
5219.78
2353.2
1341.66
12515.9
7711.5
4848.25
14746.9
8849.49
5483.41
12814
6958.77
4108.62
9742.28
4745.89
2733.71
5465.34
2247.87
1145.81
28872.4
26315.8
33155.5
27621.9
34947.6
27989.1
44888.5
31115.6
19970.9
17971.6
20188.8
16788.6
22830.4
19226.7
23139.5
17759.3
22654
21430.7
20715.4
21067.3
24565.2
23227.1
30258.3
31370.6
35241.3
37219.2
23584.3
25162.4
21212.1
21001.6
23879.5
24910.6
12576.7
5853.19
12060
6558.3
13063.5
5887.18
12245
6469.71
13272.4
5880.74
12701.3
6830.6
12620.7
7193.29
12931.3
7028.95
19223.7
14749.1
20073.2
15137.7
22633.5
18925.6
24104.2
19278.9
18333.4
11258.4
18279.3
10817.8
21215.9
15272.3
21764.5
15091.8
25640.8
19434.7
26001
19235.6
18675.3
11406.9
18802
11285.5
10339.5
5649.7
7762.02
4338.93
9174.71
4885.58
7270.57
3987.33
10839.1
6078.3
7941.08
4471.09
10900.3
6266.9
7859.21
4445.3
1649.72
722.681
2760.98
1375.47
1713.76
849.03
2887.97
1593.18
2058.8
1272.97
3160.33
2050.34
9133.26
16226.1
6110.4
5525.36
3558.81
15002.4
9016.75
4517.84
4423.81
2738.96
16796
11843.3
8463.74
5850.81
3330.98
294.864
122.631
731.105
456.197
387.562
153.761
940.847
603.767
685.057
316.097
1326.62
872.553
13879.9
11181.8
7928.81
6052.77
4308.28
3284.19
3336.36
2152.79
2043.43
1340.28
13789
10458
9248.16
6388.3
6247.95
4098.8
4165.01
2627.56
2596.32
1853.8
10286.2
6401.77
10712
6645.29
14146.7
9910.18
14548.7
10370.9
7710.2
4610.5
7228.57
4343.27
10903.1
6725.29
10825.6
6703.15
14666.9
10841.6
14550.6
10839
7974.96
4658.63
7920.41
4674.53
5132.18
3027.87
3104.47
2289.85
4801.66
2806.58
2945.45
2088.36
5397.6
3125.94
3183.63
2405.54
5476.47
3113.03
3305.35
2419.21
148.975
93.2027
57.1196
723.247
248.612
145.131
143.082
109.691
72.3167
839.451
313.953
192.154
257.217
207.904
154.376
1039.23
436.911
278.399
7704.2
4783.4
3215.07
4077.93
2558.3
1768.68
2256.9
1411.61
999.466
1409.76
856.092
587.737
1355.39
608.446
383.441
7094.16
4200.24
2631.18
4003.71
2283.19
1439.29
2467.04
1357.17
857.34
1701.69
904.7
549.984
1842.35
727.576
422.122
2247.96
800.383
277.004
86.8685
2592.47
901.217
303.518
92.9508
2247.92
796.878
276.286
86.6756
2632.89
921.675
315.619
97.9499
2230.58
781.343
285.391
92.9088
2688.28
928.531
336.736
109.02
2906.63
986.025
326.867
99.3259
2928
1004.63
322.48
96.5105
2319.26
831.441
304.918
98.7013
1817.88
685.411
261.389
87.1016
1999.36
732.721
281.019
96.1356
1676.29
641.85
249.556
85.0982
2516.28
897.26
314.769
98.1493
1889.76
712.285
266.025
87.4886
2594.55
929.542
319.683
99.4804
1903.87
725.459
270.156
89.696
1570.9
636.348
239.825
79.8768
989.266
464.354
195.812
69.4028
1568.77
631.541
239.607
80.2022
1034.27
473.946
198.08
70.1116
1612.37
631.632
245.122
83.162
1174.14
505.299
206.809
72.2826
1578.51
608.026
240.037
84.4316
1298.82
528.181
218.463
75.9452
1471.49
583.817
233.359
82.3666
583.29
346.635
143.171
35.4191
301.001
290.035
123.182
31.433
651.102
366.96
149.655
37.6779
357.386
310.16
128.626
32.6711
796.021
405.561
158.548
38.6347
471.861
347.023
136.692
34.0002
995.05
455.126
174.31
42.9363
626.571
392.697
148.632
36.6481
1160.34
504.002
193.864
49.7563
735.855
434.056
160.026
39.1284
1295.68
557.729
202.371
49.4235
803.991
486.415
179.099
43.2393
1247.27
536.792
197.924
48.9532
754.193
465.026
170.224
41.1829
1315.38
568.107
200.626
46.8713
819.091
499.304
182.127
43.5218
1339.03
575.291
202.854
47.2511
843.087
506.833
184.844
44.1165
26.8292
9.42481
3.10118
0.944509
0.204705
27.6741
9.57799
3.13154
0.9508
0.205789
27.1872
9.60966
3.15007
0.956728
0.207048
28.6812
9.8186
3.19161
0.966044
0.208759
28.3908
9.82476
3.20175
0.970032
0.209669
30.2339
10.0328
3.24797
0.981324
0.211835
29.6903
10.2242
3.31759
1.0011
0.215861
29.9123
10.4113
3.38781
1.02236
0.220348
29.554
10.0875
3.27377
0.989248
0.213501
28.9369
10.1091
3.29601
0.996779
0.215125
29.2714
9.93056
3.23135
0.978242
0.211335
28.72
9.9976
3.26034
0.98686
0.213116
29.5336
10.2443
3.3321
1.00615
0.216975
29.3768
10.2501
3.34393
1.01085
0.218056
30.2495
10.4369
3.39544
1.02516
0.221006
30.074
10.4261
3.39705
1.02654
0.221388
25.9328
9.24675
3.06644
0.937606
0.203555
24.8799
9.11154
3.0428
0.933071
0.202811
26.3302
9.39452
3.10564
0.947294
0.20539
25.2924
9.23859
3.07562
0.941057
0.204307
27.2431
9.62834
3.1618
0.961101
0.208033
26.2155
9.47557
3.13166
0.95445
0.206823
27.9002
9.80682
3.20797
0.973058
0.210384
27.2104
9.72193
3.18928
0.968515
0.209514
28.3008
9.90072
3.23396
0.979918
0.211742
21571.2
32989.4
21997.4
32805.6
22469.2
32318.7
22285.8
31450.6
20681.7
29383.8
18776.7
21450.9
18880.9
22706.8
18875.1
21186
19256.6
21372.7
20359.3
3633.25
855.579
232.602
52.5755
22228.3
6733.09
1807.1
498.518
113.582
20262.8
3570.56
839.253
228.31
51.6165
22040.9
6642.91
1785.41
492.66
112.061
19947.4
3501.32
824.166
225.063
51.0403
21613.9
6522.71
1759.31
487.297
111.227
19276.4
3351
791.317
217.73
49.6545
20820.5
6311.95
1714.19
478.331
109.73
18061.8
3088.98
736.19
205.111
47.1237
19472.6
5972.63
1641.43
462.909
106.835
16153.2
2910.71
726.868
207.937
48.1742
16188
5283.77
1512.26
439.491
103.216
16690.2
2940.01
720.688
203.986
47.1126
17124.1
5524.67
1554.95
445.256
103.624
15972.3
2916.39
734.81
211.317
49.0089
15893.1
5191.91
1496.34
438.43
103.567
15953.1
2904.91
732.967
211.187
48.9574
15901.6
5184.03
1495.76
440.208
104.082
39820.3
61665.6
59602
37947.4
19891.8
21385.9
29852.7
32251.4
25196.5
29534.4
42411.5
61185.3
54750.1
75724.7
34571.7
40860.4
25915.2
28571.2
13568.7
15231
3219.67
1736.65
74.9322
32.1414
31.4154
24.1246
47.6548
2678.4
2006.94
1029.09
1125.12
726.749
279.94
525.818
301.195
161.883
191.632
124.955
2564.97
845.702
258.105
216.78
414.988
317.931
183.015
130.134
72.5665
56.5754
134.997
117.09
2907.27
1327.82
1657.63
720.418
458.652
917.518
177.453
76.2187
217.877
5772.89
4439.12
3317.03
2614.37
3215.03
3361.59
2931.85
2324.68
1871.05
1739.32
176.019
205.142
199.24
180.705
167.262
77.0011
92.6863
92.931
86.4677
81.1411
75.5501
91.4567
92.1129
85.9207
80.6839
58.2156
70.9071
71.9196
67.5265
63.6735
113.454
135.075
133.808
123.154
114.795
4951.86
3963.18
2905.94
2184.16
2657.36
3702.63
2869.68
2019.45
1485.43
1391.8
2066.21
1884.62
1496.06
1172.04
1037.06
2072.34
1645.54
1160.86
841.265
704.652
1324.12
1060.26
752.496
535.963
433.876
612.098
635.258
553.411
459.908
406.157
1091.08
1043.07
850.225
673.321
582.792
636.89
627.27
522.322
417.091
357.972
365.183
397.91
361.319
309.352
276.68
423.881
447.744
395.239
330.433
291.12
285.378
316.909
292.401
253.075
227.298
4823.74
3977.2
2992.02
2312.18
2814.42
1750.24
1680
1393.47
1131
1018.18
574.099
612.511
547.36
464.811
416.327
488.051
531.231
483.956
417.596
377.351
901.289
929.384
811.278
680.498
611.375
708.298
758.981
683.259
585.839
529.435
418.023
465.977
434.508
382.321
349.05
301.123
342.107
323.719
287.288
262.737
170.435
198.205
191.428
172.202
158.261
133.925
157.871
154.705
140.988
130.615
309.24
345.474
321.338
280.803
254.356
270.746
307.204
290.199
256.976
234.595
5322.29
4236.4
3197.67
2514.23
3076.92
2639.8
2398.48
1947.51
1585.99
1463.65
3371.83
3071.36
2430.73
1945.18
1904.61
1529.64
1530.44
1315.22
1099.8
997.777
1004.98
1051.39
930.467
790.373
714.594
1907.43
1848.22
1548.14
1267.35
1147.25
405.472
451.952
420.927
369.659
336.897
178.873
207.964
201.214
181.696
167.624
492.424
539.371
494.387
428.929
388.807
24149.8
16666.6
24487.5
18313.1
30352.2
48080
32487.2
48308.6
24455.4
24611.8
21765.2
24801.3
25813.9
22992.5
36415.4
27165.1
20107.7
21245
9895.56
9456.38
21527.3
21825.1
11184.8
10021.4
28340.9
29283.9
26935.3
22934.7
29139.8
19104.1
14005.6
16370.3
22415.9
22420.8
50711
52728.9
32254.5
34251.4
24158.8
19297.7
24012.7
15416.8
12003.8
11635.8
24931.4
29377.5
10315.2
11950.8
26793.3
33079.1
12677.3
14941.8
24220.6
38109.3
13968.3
23938.6
4581.7
13055.8
3281.85
8895.96
21255.4
23237.3
21525.9
23978.8
20597.7
19924.4
22764.9
20808.4
22012.6
27749.3
25096.9
27082.4
21291.2
24244.3
21352.2
24337.2
24256.9
21190.2
24784.3
21285.2
19268.4
27933.4
18050.8
27946.1
29536.5
39524.5
35565
57720.1
32342.2
47773.9
35728.2
64479
27059.8
33290
35272.7
54499.4
26074.8
29992.5
35347.5
53529.3
34513.1
36481.3
46801.2
72073.3
33715.5
33374.2
49825.7
72458.4
31562.7
29887.8
53001.8
70550.1
20980
18952.4
26112.4
33345.9
59588.5
17730.7
18559.6
26832.9
28963.9
69455.9
18418.9
21876.6
25547.3
33967.4
74912.3
14525.2
11670.4
16485
24314.1
16241.4
13147.4
16940
24564.5
18392.2
13900
17509.4
24518.1
15751.4
13033.2
16555.6
13840.1
23049.5
18406.3
21376.6
16955.6
18046.5
25156
16943.8
14563.2
20375.1
18077.8
22875.3
19229.9
24257.6
19832.4
17508.5
23806.5
22795.1
24073.3
23398.1
25513.3
19079.5
18385.3
19572
19618.2
24854.6
24078.4
24761.9
23310.8
23355.9
25969.3
23434.6
26217.7
19393.6
20415.1
19503.7
20678.6
24637.8
23840.1
24610.5
23832.1
24317.3
22380.2
16580.6
19997.2
24823.3
22310.9
16803.1
20684.4
24090.4
21903.7
16664
19723.3
23871.7
21421.6
16961.4
19467.6
9622.77
9794.21
4879.38
4141.03
10871.4
10004.6
5525.25
4950.17
10349.8
8657.93
6189.6
5504.71
10800.1
8942.3
11946.5
10506.3
13899.4
11569.4
12315.2
9333.17
7671.52
5386.18
12126.1
9683.25
15030.4
11997.1
14223
10672.8
12040.5
8216.92
6825.7
3833.02
22281.5
19630.1
30598.1
24411.5
27457.2
22471.6
42254.6
28607.1
18972.8
13514.8
22197.1
15126.9
18633.8
13903.2
22308.2
15613.5
20277.7
16261.5
17725.4
15068.3
17404.6
20237.4
28780.5
30954
34282.1
36993.9
22274.2
24764.9
19769.2
20601.8
22115.4
24314.8
9383.25
5642.76
10289.6
6018.48
9773.05
5620.56
10645.4
5963.84
10019.1
5580.31
11154.1
6306.23
11625.7
6777.77
12568.8
6875.51
15038.4
13285.7
17984.3
14216.6
18966.4
17008.3
22232
18230.7
16111.2
10621.8
14082.5
10012.1
20188.3
14781.1
21464.1
14941.4
24811.2
18922.3
25777.2
19084.7
17502
11030.4
18436.5
11165.7
9472.1
5416.96
7446.12
4255.42
8335.01
4914.1
7040.53
4028.05
10288.7
5860.97
7718.61
4390.88
10723.7
6184.64
7784.66
4415.91
8089.41
7080.55
4831.79
3948.47
8287.03
7295.44
4736.71
3925.4
8357.79
7136.1
4633.5
3976.05
11784.6
15584.6
11203.2
7072.19
4354.44
13918
11812.3
11468.1
6703.1
3983.38
15698.8
12162.4
9304.16
6612.68
3762.72
5929.66
4706.89
3274.09
2741.79
6076.56
4783.48
3313.64
2778.56
5855.55
4560.75
3332.47
2709.54
12567.3
10048.9
10024.1
7869.72
8668.78
7055.33
5700.07
4556.97
3330.7
2640.68
12818
9801.7
9879.69
7092.19
7458.09
5314.13
5259.91
3749.99
3156.97
2458.07
9917.71
6448.96
10295.6
6499.03
13218.1
9404.59
13947.3
10010.2
7493.46
4596.84
7250.15
4645.24
10645.4
6600.9
10742.2
6659.18
14357.6
10634.8
14457.2
10775.4
7799.97
4593.87
7859.76
4647.04
5070.73
3082.15
3113.22
2349.89
4993.71
3145.73
3112.99
2347.42
5308.46
3104.07
3155.85
2406.31
5441.28
3099.58
3290.65
2413.89
4079.11
3597.91
3826.67
3164.68
4167.27
3635.12
3707.94
3018.49
3860.28
3391.66
3468.44
2763.13
7995.97
6518.2
6072.07
4874.96
5588.57
4693.59
3736.55
3016.61
3190.56
2367.7
7232.82
5555.86
4962.01
3831.97
3768.82
3028.96
2894.41
2240
2906.51
1907.74
2449.42
904.915
315.644
99.0373
2620.59
963.067
332.898
103.295
2417.66
890.954
310.763
97.3468
2626.86
967.092
339.244
106.647
2361.47
860.42
315.701
102.558
2658.16
959.883
355.457
116.439
2846.37
996.471
336.673
103.502
2900.03
1006.36
325.363
97.8363
2327.96
858.457
319.794
104.594
1831.8
704.741
271.767
91.3153
2115.62
793.82
306.529
105.07
1751.15
685.369
267.474
91.3848
2490.86
906.092
322.109
101.385
1884.12
719.433
271.232
89.8663
2580.93
931.121
321.827
100.505
1899.91
727.102
271.704
90.4484
2142.86
808.956
292.952
95.1312
1761.12
690.072
262.683
87.7068
2094.01
792.089
288.894
94.2276
1740.77
683.232
260.092
87.1085
2040.72
767.354
288.305
95.6622
1752.57
679.234
259.369
86.6388
1868.32
713.248
275.455
95.1378
1708.42
664.747
261.306
87.6472
1657.49
661.796
260.943
90.9246
1376.73
590.512
207.948
47.9609
979.601
534.62
190.993
45.3635
1390.69
593.442
210.425
49.7998
999.979
537.34
192.086
45.7991
1428.71
596.526
209.672
48.6578
1039.64
539.973
190.824
45.2161
1422.78
595.586
215.256
51.3529
1035.65
538.888
191.665
45.8221
1375.51
588.663
222.583
56.5016
950.042
529.29
190.807
46.0393
1318.98
576.841
212.233
52.1569
830.955
509.698
189.377
45.927
1331.05
579.761
215.531
53.3672
844.035
516.32
189.084
45.7183
1317.22
575.306
205.349
48.2426
822.42
507.737
186.73
44.8172
1337.5
576.983
204.203
47.6605
842.149
508.723
186.094
44.4875
30.6768
10.7097
3.49777
1.05832
0.228431
31.0598
10.7613
3.50513
1.05927
0.228517
30.5754
10.7472
3.5039
1.05883
0.228404
31.5369
10.8197
3.50993
1.05903
0.228316
31.3806
10.802
3.50599
1.05819
0.228164
32.5943
10.8396
3.50545
1.05693
0.22779
31.1706
10.7543
3.49021
1.05244
0.226772
30.4258
10.6027
3.45129
1.04145
0.224429
31.5874
10.7989
3.49989
1.05566
0.227536
30.6762
10.7162
3.48958
1.05386
0.227223
32.0288
10.8092
3.50379
1.05731
0.227953
31.1307
10.7607
3.49775
1.05604
0.2277
30.7649
10.7034
3.48213
1.0509
0.226504
30.4106
10.6365
3.47079
1.04888
0.22618
30.6508
10.5884
3.44598
1.04043
0.22428
30.4081
10.5546
3.44007
1.0396
0.224194
30.5696
10.6673
3.48929
1.05699
0.228277
30.5239
10.6459
3.48395
1.05606
0.228162
30.5934
10.6962
3.49529
1.0578
0.228337
30.5482
10.6692
3.48947
1.05695
0.228256
31.005
10.7578
3.50183
1.05817
0.228275
30.7797
10.7273
3.49794
1.05787
0.228295
31.2184
10.7814
3.50241
1.0576
0.228081
31.0753
10.7733
3.5022
1.05784
0.228164
31.32
10.7748
3.50074
1.05698
0.227923
24369.2
32923
24334.1
32695.6
24231.3
32203.3
23332
31234
21334.8
29166.6
19123
21786.1
19412
23119.9
19070.4
21384.5
19318.6
21434.6
21085.9
3724.45
873.552
236.509
53.2346
22409.1
6854.9
1842.37
506.756
114.992
20893.9
3651.81
855.634
231.904
52.2244
22183.3
6752.17
1817.73
500.253
113.357
20427
3567.08
838.056
228.163
51.567
21703.7
6613.22
1787.15
493.926
112.361
19607.7
3400.98
802.346
220.22
50.0784
20876.8
6384.83
1737.17
483.838
110.674
18322.5
3128.34
744.57
206.952
47.4328
19557.4
6036.36
1660.33
467.331
107.588
16335.5
2936.51
731.681
208.892
48.3268
16381.8
5334.03
1523.56
441.82
103.589
16940.2
2974.72
727.327
205.351
47.3346
17355.8
5588.55
1570.4
448.6
104.176
16080.6
2932.01
737.714
211.885
49.0987
16010.8
5222.45
1503.05
439.786
103.783
15988.8
2910.01
733.912
211.369
48.9855
15940.1
5194.06
1497.94
440.646
104.151
39466.2
61781.4
59532.5
36721.4
26195.4
33897.9
24822.2
33662.9
32084
57330.8
34885.7
59171.1
0.387637
0.695145
1.53308
3.50261
8.03022
18.3415
0.645292
1.12141
2.37954
5.1961
11.1892
23.4732
0.242028
0.180659
0.470713
0.383107
1.12601
0.994889
2.74919
2.61342
6.56363
6.45311
14.849
13.6104
41.5812
91.2324
191.822
384.295
664.321
881.008
47.567
91.815
166.737
278.473
408.272
499.18
0.96667
1.2489
1.35509
1.3542
1.32773
1.7258
2.2116
2.37682
2.35397
2.29491
3.78616
4.80601
5.1083
5.00724
4.85001
8.59886
10.7997
11.341
10.9936
10.5747
19.5687
24.26
25.1109
24.0267
22.927
44.2653
53.968
54.8647
51.6749
48.8464
1.60267
2.05541
2.21112
2.19196
2.13826
2.77139
3.5226
3.7504
3.68215
3.5702
5.84655
7.35427
7.73702
7.513
7.23463
12.6863
15.7802
16.3944
15.7393
15.05
27.1193
33.3049
34.1206
32.3535
30.705
56.397
68.2282
68.7917
64.3363
60.5647
0.60565
0.787527
0.861078
0.86679
0.853751
0.453196
0.591979
0.650778
0.658453
0.650638
1.17259
1.51219
1.63739
1.63311
1.59916
0.956529
1.23872
1.34791
1.3506
1.32634
2.79061
3.56523
3.81824
3.76906
3.66663
2.47108
3.1697
3.41042
3.38088
3.29766
6.77427
8.56545
9.06412
8.84811
8.5475
6.45333
8.19024
8.70319
8.52726
8.25594
16.0603
20.0537
20.9207
20.1564
19.3136
15.8254
19.8356
20.7752
20.0826
19.2796
36.0123
44.2701
45.3925
43.061
40.8716
33.1326
40.983
42.2824
40.3099
38.3651
99.057
118.151
117.425
108.514
101.464
213.644
247.775
239.609
216.696
200.342
439.072
491.202
459.803
406.094
371.538
852.319
909.003
818.422
704.721
640.108
1416.55
1425.7
1232.18
1037.56
942.483
1838.78
1792.2
1515.12
1260.9
1146.62
113.08
134.379
133.026
122.528
114.356
215.477
250.691
243.058
220.224
203.762
385.244
437.116
414.09
368.793
338.48
631.625
696.382
643.579
563.58
513.942
908.559
973.35
879.373
759.39
690.052
1098.46
1157.15
1032.1
884.596
802.708
0.387397
0.694522
1.53276
3.50518
8.04182
18.3681
0.644606
1.11893
2.37363
5.18236
11.1541
23.3782
0.242012
0.18075
0.471151
0.384189
1.12946
1.00174
2.76576
2.64839
6.62569
6.58879
15.0755
14.2426
41.5345
90.7148
190.024
379.914
658.392
878.136
47.3053
91.1616
165.38
276.248
405.855
498.1
0.966378
1.24929
1.35657
1.35676
1.33096
1.72552
2.21436
2.38409
2.36558
2.30911
3.78896
4.81838
5.13357
5.04437
4.8941
8.615
10.844
11.4203
11.1036
10.7024
19.624
24.394
25.3378
24.3328
23.2776
44.4029
54.311
55.4459
52.4545
49.7358
1.60149
2.05519
2.21268
2.19532
2.14273
2.76729
3.52243
3.75717
3.69591
3.58823
5.83736
7.35585
7.75682
7.55077
7.28325
12.6658
15.7867
16.4451
15.8329
15.1692
27.0647
33.3125
34.2305
32.5614
30.9712
56.2363
68.1982
68.9846
64.7432
61.098
0.605817
0.788251
0.862561
0.868985
0.856373
0.453584
0.592878
0.652304
0.660543
0.653061
1.17456
1.51691
1.64551
1.64428
1.6121
0.959963
1.24499
1.35724
1.36252
1.33972
2.80195
3.58662
3.85062
3.81064
3.71339
2.4907
3.20128
3.45321
3.43225
3.35363
6.82381
8.64937
9.18179
8.99214
8.70575
6.54885
8.3338
8.88605
8.737
8.47904
16.24
20.345
21.3138
20.6242
19.8202
16.1902
20.3698
21.4371
20.8248
20.0592
36.648
45.2541
46.6644
44.5262
42.4311
34.7665
43.2261
44.886
43.0785
41.1887
99.1323
118.681
118.526
110.101
103.322
212.836
247.787
240.853
219.039
203.307
435.716
489.221
460.249
408.769
375.499
843.652
902.23
815.599
705.651
643.267
1404.62
1415.55
1226.13
1035.51
942.892
1832.96
1787.09
1511.8
1259.33
1146.14
112.595
134.135
133.234
123.175
115.263
214.19
249.788
242.985
220.976
205.004
382.485
434.897
413.224
369.291
339.796
627.028
692.406
641.408
563.262
514.744
903.528
968.825
876.523
758.284
690.011
1096.21
1155.09
1030.73
883.949
802.506
3203.28
1729.12
75.2003
32.5871
34.818
25.6281
49.2979
2537.93
1971.39
1022.53
1230.06
307.07
567.795
186.555
236.215
149.005
2463.11
830.939
270.185
221.183
414.465
316.218
181.684
132.215
84.6523
63.1653
146.839
122.519
2860.7
1311.22
1613.03
708.565
451.83
898.115
177.712
78.7023
219.259
5742.22
4415.38
3302.67
2608.1
3214.65
3346.93
2919.68
2316.96
1867.51
1738.38
177.266
208.002
203.776
186.495
173.697
78.3043
94.8006
95.7469
89.7608
84.6657
84.0909
102.636
104.46
98.5007
93.1871
62.0735
76.1425
77.9192
73.8287
70.0481
117.91
141.62
141.837
132.007
123.974
4823.5
4076.25
3152.74
2490.73
3037.81
3821.89
3271.84
2557.8
2054.14
1963.34
2103.57
2016.01
1693.04
1397.38
1270.69
2503.1
2274.87
1822.37
1484.42
1318.05
686.285
741.823
676.959
588.002
533.739
1216.02
1234.37
1076.08
907.843
815.143
428.809
483.377
456.206
405.351
371.36
538.046
597.769
556.696
489.544
445.955
346.478
397.463
380.684
341.729
314.492
4677.6
3946
3053.16
2427.46
2983.46
1740.46
1712.39
1463.55
1223.87
1121.72
609.401
667.58
615.535
538.898
492.107
502.789
557.494
519.418
458.333
420.237
909.8
958.071
857.944
738.197
674.015
708.805
768.856
702.979
612.541
559.603
416.481
467.623
440.177
391.227
359.692
307.816
353.865
339.818
306.146
282.831
200.59
237.197
233.811
214.711
200.101
150.529
179.705
178.873
165.608
155.067
340.63
389.54
372.459
334.366
308.233
285.816
329.756
317.857
287.175
265.658
5238.82
4177.32
3167.41
2508.52
3092.1
2608.07
2373.51
1933.56
1582.13
1466.12
3296.88
3034.16
2434.62
1979.66
1961.25
1507.66
1515.68
1311.7
1106.03
1009.75
993.823
1048.09
937.623
805.956
734.794
1878.93
1845.78
1574.34
1314.08
1205.01
408.2
459.698
433.758
386.101
355.118
185.841
218.6
214.559
196.563
183.097
499.059
554.22
516.789
456.269
418.428
581.099
642.476
742.892
817.497
758.992
340.254
23439.1
23421.9
24644.5
26173.3
21332.9
21448.1
22385.7
20342.6
20797.5
31887.4
20936.9
31698.5
24033.3
20406.1
38699.4
21386.6
21154.1
22087.7
23209.4
18894.2
19060.5
20359.4
18811.2
20042.3
38254
19996.8
36559.2
23646.1
26231.7
40922.5
18622.6
18215.2
18559.1
19259.6
16446.3
17304.2
17426
16682.2
22056.1
30918.7
22541.9
30061.9
24735.3
28690.3
33832.1
15629.7
15270.2
14740.7
15157.3
14149.3
15235.8
13922.7
13633.6
18470.2
24373.1
18861.9
22789.5
19983.7
22678.5
25479.4
12831.8
12531.1
11782.3
12048
12225.5
13335
11203.8
11152.4
15578.5
17179.1
15958.9
15487.2
15870.7
15556.7
17444.3
11255.4
11039.3
9688.2
9882.58
10621.9
11161.1
9340.87
9223.54
13359.8
12439.2
13394.5
11382.5
12858.2
10907.6
13317.3
21167.2
19701.3
23978.5
26059.6
18161.9
17187
21081
18912.9
16470.4
9843.49
16140.6
9894.96
13599.6
11915.9
12844.6
18717
17625.3
20755.1
22201.3
16557.3
15892.5
18706.6
16912.6
13787.2
8192.75
13535.3
8284.19
11038.1
9206.79
10175.6
15245.7
14559.6
16586.9
17390.5
13853.6
13257.5
15413.3
14183.9
11150.1
6637.87
10682.3
6484.37
8831.22
6705.26
8358.9
11374.8
10968.2
12647.8
13089.7
10457.5
9867.77
12067
11103.3
8214.02
5134.2
7914.28
5068.68
6625.28
5343
6593.14
8685.04
8422.21
9904.79
10178.5
7895.71
7386.33
9595.66
8882.5
6244.91
4492.11
6025.35
4459.52
5299.3
4750.98
5537.42
6752.3
6554.21
8058.18
8255.74
6246.35
6066.42
7787.47
7370.42
5055.99
4045.14
4945.86
4066.14
4487.08
4447.93
4998.35
15399.9
8723.01
24511.2
16402.9
26904
20195.8
40354.1
52493.4
53894.7
68501.9
35759.2
31708.7
22635.8
18482.6
11351.6
7602.58
23788.1
22471
21163.7
23643.5
31602.7
26001.2
38634.6
28710.4
10460.9
7438.07
5930.39
4691.94
11993.1
10098.3
7615.11
6734.64
25448.4
24835.5
23724.2
17636.6
17572.8
14887.1
13867.4
16229.1
21887.5
22225.6
50163.7
52383.2
32598.2
34258.7
22558.9
18899.8
22115.3
15015
10481.6
11225.1
10221.8
17063.8
5368.08
7336.24
13974.3
22669.1
8627.33
11143.4
14459.9
29880.8
10349.5
19621.5
3708.46
11514.3
3093.74
8578.82
18811.3
23287.7
20767.1
23932.8
21717.8
20953.4
23532.9
21334
19381.1
27026.1
18779.3
25990.6
21024.2
24199.7
21292.1
24322.4
24582.2
21432.7
24864.8
21356.6
18254.2
27540.6
17811.9
27826.7
27172.3
36506.8
34272.5
56005.6
28695.7
43029.4
33702
61662.4
25863.9
31743.8
34579.2
53570
25733.4
29541.3
35136.8
53235.3
10690.2
14578.6
27961.9
51367.2
12838.1
14975.3
35134.4
56703
14930.9
15027.3
42671.8
59933.1
27191
24488.6
27448.7
30954.8
53933
23766.6
26248.2
27386.3
27060.5
63168.7
21927.8
24594.7
25779.4
31759
70928.4
3439.45
4098.48
7395.05
19886.6
4810.41
5410.83
9899.68
21109.5
6630.82
5330.06
12688.2
22309.9
21335.4
17812.2
22290.3
18257.7
23302.6
17549.3
19610.8
15058.3
15621.4
24340.7
20170.3
16785.3
23154.4
19816.6
23516.2
19393.4
22822.9
18623.2
16187.1
23517.8
23737.4
25103.7
23730.9
25988.4
20513.6
19619.1
20215.6
20241
24683.6
24060.7
24694.7
23413.6
23489.4
26171.5
23469.2
26272.9
19678.5
20710.5
19585
20763.1
24535
23806.6
24582.3
23822.4
23766.8
22022.1
16064.2
19584.4
23945.7
21747.5
15915.9
20069.6
23800.3
21705.5
16390
19490.4
23781
21359.2
16868.9
19391.8
2224.5
1058.81
524.518
1138.51
470.057
349.341
3216.29
1210.89
635.002
2059.58
1150.59
647.174
3093.16
1477.75
1016.02
3396.22
1850.42
1190.8
12876
7809.93
5053.22
13427.1
8433.24
5597.64
10966.7
6769.18
4595.39
9084.59
5005.24
3211.12
5220.32
2353.78
1342.14
12515.4
7711.27
4848.25
14746.4
8849.44
5483.59
12814
6958.99
4108.95
9742.78
4746.27
2734.1
5465.82
2248.2
1146.05
28876.7
26316.5
33158.3
27622.6
34963.7
27994.9
44902.3
31120.5
19773.1
17905.6
19946.5
16708.2
22791.6
19193.8
23097.4
17727.6
22646.9
21424.1
20714.7
21064.6
24545.1
23209.2
30258.7
31370.2
35244.8
37221
23581.6
25160.6
21210.5
20999.9
23870.3
24905.8
12573.5
5858.25
12050.4
6564.76
13043
5881.43
12227.2
6464.75
13258.4
5875.41
12689
6825.02
12613.5
7189.01
12927.4
7026.27
19221.2
14748.2
20071.4
15136.9
22635.1
18926
24105.6
19279
18326.7
11256.6
18270.9
10815.7
21214.7
15271.5
21763.3
15090.9
25641.7
19434.6
26001.1
19235.2
18671.1
11405.4
18799.3
11284.2
10335.6
5646.78
7759.9
4337.42
9170.57
4882.72
7268.16
3985.66
10836.2
6075.82
7939.33
4469.8
10898.1
6265.01
7857.75
4444.21
1643.99
716.418
2754.26
1368.11
1713.25
849.21
2886.94
1593.19
2057.45
1272.42
3158.31
2049.39
9133.75
16226.9
6109.83
5523.43
3556.99
15002.8
9016.91
4517.71
4422.39
2737.7
16796.2
11842.9
8462.31
5848.87
3329.52
290.398
119.013
725.214
452.356
387.885
153.611
940.794
603.569
684.929
316.137
1326.18
872.349
13879.7
11181.3
7928.43
6052.31
4307.87
3283.75
3335.47
2152.33
2042.66
1339.88
13788.8
10457.6
9247.73
6387.87
6247.06
4098.23
4163.89
2626.97
2595.35
1853.2
10285.6
6401.27
10711.4
6644.81
14146.6
9909.87
14548.6
10370.6
7709.21
4609.88
7227.48
4342.6
10902.5
6724.84
10824.9
6702.67
14666.6
10841.3
14550.2
10838.6
7974.08
4658.08
7919.57
4673.99
5131.1
3027.27
3103.57
2289.2
4800.46
2805.94
2944.45
2087.69
5396.66
3125.4
3182.85
2404.94
5475.61
3112.54
3304.66
2418.68
145.973
91.47
56.0459
718.444
245.988
143.241
142.669
109.553
72.3079
839
313.92
192.166
257.239
207.902
154.369
1038.96
436.851
278.375
7703.78
4783.18
3214.98
4077.57
2558.09
1768.56
2256.55
1411.42
999.347
1409.48
855.938
587.642
1354.97
608.313
383.374
7093.76
4200.02
2631.09
4003.37
2282.99
1439.18
2466.69
1356.98
857.235
1701.31
904.523
549.891
1841.7
727.387
422.033
2248.88
800.381
276.873
86.8096
2593.01
900.779
303.276
92.8712
2246.74
796.573
276.189
86.6494
2631.88
921.414
315.535
97.9242
2229.2
780.968
285.269
92.872
2686.76
928.128
336.604
108.98
2905.14
985.595
326.735
99.287
2926.86
1004.25
322.363
96.4756
2318.1
831.044
304.779
98.6578
1817.13
685.101
261.267
87.0603
1998.28
732.349
280.884
96.0915
1675.51
641.534
249.433
85.0562
2515.19
896.871
314.634
98.1074
1889.08
711.998
265.912
87.4497
2593.64
929.203
319.564
99.4428
1903.28
725.206
270.055
89.6608
1570.66
636.387
239.789
79.8441
988.077
464.118
195.759
69.4084
1568.08
631.301
239.523
80.1769
1033.91
473.785
198.019
70.0901
1611.5
631.334
245.016
83.1282
1173.58
505.072
206.722
72.2528
1577.69
607.716
239.918
84.3909
1298.18
527.92
218.358
75.9093
1470.77
583.52
233.241
82.3243
582.493
346.446
143.159
35.4365
300.347
289.646
123.07
31.4099
650.9
366.848
149.603
37.6622
357.261
310.096
128.597
32.6634
795.689
405.386
158.479
38.6177
471.685
346.881
136.636
33.986
994.593
454.901
174.223
42.915
626.315
392.506
148.557
36.6295
1159.81
503.746
193.762
49.7301
735.553
433.837
159.94
39.107
1295.21
557.483
202.274
49.399
803.723
486.198
179.01
43.2169
1246.75
536.532
197.822
48.9278
753.906
464.798
170.134
41.1604
1314.96
567.885
200.538
46.85
818.856
499.107
182.046
43.5015
1338.66
575.095
202.777
47.2324
842.879
506.661
184.773
44.0986
26.8126
9.41757
3.09893
0.943893
0.204582
27.6489
9.56753
3.12849
0.949978
0.205625
27.1805
9.6072
3.14924
0.956474
0.206993
28.674
9.81604
3.19072
0.965772
0.208701
28.3806
9.82143
3.2007
0.969717
0.209602
30.2234
10.0294
3.24687
0.980997
0.211766
29.6788
10.2203
3.31635
1.00073
0.215783
29.9014
10.4075
3.38659
1.02199
0.220271
29.5414
10.0836
3.27252
0.98888
0.213423
28.9229
10.1047
3.29464
0.996379
0.21504
29.2588
9.92671
3.23015
0.977891
0.211261
28.7059
9.99328
3.25902
0.986474
0.213035
29.521
10.2401
3.33078
1.00576
0.216892
29.3633
10.2456
3.34254
1.01045
0.217969
30.2379
10.4329
3.39418
1.02478
0.220926
30.0617
10.4221
3.39575
1.02616
0.221306
25.9186
9.24079
3.06457
0.937095
0.203454
24.8719
9.10628
3.04113
0.932617
0.202721
26.3231
9.39229
3.1049
0.947067
0.205341
25.2862
9.23678
3.07499
0.940856
0.204263
27.2328
9.6251
3.16079
0.9608
0.207969
26.2054
9.47251
3.1307
0.954165
0.206762
27.8875
9.80291
3.20678
0.972708
0.21031
27.1979
9.71813
3.18812
0.968176
0.209442
28.2868
9.89653
3.23269
0.979547
0.211664
21488.9
32901.9
22002.4
32810.6
22472.4
32321
22287.9
31452.1
20683.1
29385.1
18777.6
21451.8
18882
22707.9
18875.9
21186.8
19257.4
21373.5
20351.9
3610.81
848.887
230.697
52.1421
22211.6
6721.42
1802.83
497.201
113.269
20257.2
3572.27
839.614
228.383
51.6297
22037.9
6641.73
1784.89
492.466
112.013
19946.2
3501.57
824.216
225.063
51.0375
21613.3
6522.39
1759.13
487.215
111.202
19276.6
3351.07
791.322
217.724
49.6512
20820.8
6311.92
1714.13
478.296
109.718
18062.4
3089.05
736.198
205.109
47.1222
19473.1
5972.71
1641.42
462.896
106.829
16153.7
2910.79
726.883
207.939
48.1744
16188.6
5283.91
1512.29
439.494
103.216
16690.7
2940.09
720.701
203.987
47.1123
17124.7
5524.8
1554.97
445.255
103.622
15972.8
2916.47
734.826
211.32
49.0093
15893.6
5192.05
1496.37
438.436
103.568
15953.6
2904.99
732.982
211.19
48.9578
15902.1
5184.17
1495.79
440.215
104.083
39821.1
61671.2
59611.7
37949.5
19570.3
20977.5
29852.9
32242.9
25231.6
29567.6
42448.1
61216.9
54810.2
75772.2
34620.9
40908.4
25882.9
28529.1
13047.9
14619.6
3219.56
1736.57
74.9246
32.1377
31.4113
24.1216
47.6493
2678.3
2006.83
1029.03
1125.05
726.708
279.915
525.778
301.169
161.867
191.613
124.941
2564.88
845.652
258.083
216.761
414.958
317.907
183
130.121
72.5579
56.5687
134.983
117.078
2907.18
1327.76
1657.57
720.376
458.62
917.468
177.438
76.2106
217.858
5772.61
4438.75
3316.62
2613.91
3214.24
3361.39
2931.6
2324.4
1870.73
1738.94
176
205.116
199.209
180.671
167.228
76.9916
92.6735
92.9161
86.4517
81.1247
75.5398
91.4429
92.097
85.9038
80.6666
58.2078
70.8966
71.9074
67.5135
63.6602
113.44
135.056
133.786
123.131
114.771
4951.6
3962.81
2905.5
2183.65
2656.42
3702.38
2869.39
2019.14
1485.09
1391.37
2066.06
1884.43
1495.83
1171.79
1036.77
2072.19
1645.37
1160.69
841.091
704.465
1324.03
1060.16
752.393
535.864
433.776
612.037
635.179
553.322
459.813
406.058
1090.98
1042.95
850.094
673.181
582.642
636.828
627.193
522.24
417.007
357.887
365.142
397.857
361.259
309.289
276.614
423.834
447.685
395.175
330.365
291.05
285.344
316.865
292.352
253.023
227.245
4823.51
3976.85
2991.59
2311.67
2813.5
1750.12
1679.84
1393.27
1130.76
1017.91
574.043
612.437
547.274
464.717
416.228
488.003
531.166
483.88
417.513
377.264
901.213
929.281
811.156
680.361
611.225
708.235
758.896
683.159
585.727
529.315
417.983
465.923
434.444
382.251
348.976
301.091
342.064
323.668
287.233
262.679
170.413
198.176
191.395
172.167
158.225
133.908
157.849
154.679
140.96
130.587
309.205
345.428
321.285
280.747
254.297
270.716
307.163
290.152
256.926
234.542
5322.04
4236.05
3197.27
2513.76
3076.08
2639.65
2398.28
1947.27
1585.71
1463.32
3371.65
3071.09
2430.41
1944.8
1904.11
1529.54
1530.29
1315.05
1099.6
997.555
1004.9
1051.29
930.337
790.226
714.434
1907.3
1848.05
1547.93
1267.1
1146.96
405.432
451.898
420.863
369.589
336.824
178.852
207.936
201.182
181.661
167.587
492.377
539.307
494.312
428.846
388.719
24117.1
16572.3
24492.4
18342.7
30330.3
48018.7
32580.9
48445.1
24454.6
24610.7
21768.8
24801.2
25804.1
22987.8
36392.8
27158.8
20031.5
21154.7
9786.25
9331.89
21539.4
21834.9
11218.9
10068
28347.3
29286
26933.6
22935.4
29148.3
19126.8
14006.5
16371.7
22416.4
22422.2
50709.4
52732.3
32252
34252
24165.2
19300.8
24017.1
15419.2
12011.8
11638.7
24808.7
29200
10173.1
11781.2
26804.9
33106.3
12718
14983
24231
38124.3
13989.7
23959.6
4586.97
13064
3283.17
8898.52
21256.4
23237.4
21528.1
23979.3
20595.2
19922.9
22762.5
20807.3
22021.2
27751.5
25102.1
27084.5
21292.3
24244.8
21353
24337.8
24255.8
21189.7
24784.3
21285.1
19272.5
27935.2
18052.6
27947.7
29542.5
39533.9
35568.9
57725.4
32347.3
47783
35732.3
64485.4
27064.2
33296.4
35275.8
54503.6
26077.9
29996.7
35350
53532.9
34441.2
36466.1
46645.8
71945.5
33709.2
33355.3
49848.9
72487.5
31565.3
29886.2
53012.6
70559.7
20980
18950.3
26114.5
33349
59596
17728.8
18559.8
26833.2
28965.6
69462.8
18417.4
21876.6
25548.8
33970.8
74919.1
14558.7
11682.8
16440.6
24248.8
16230.3
13141.5
16956.9
24578.1
18390
13898.3
17513
24520.6
15750.1
13032.4
16555.3
13839.5
23048.4
18404.7
21377.5
16955.7
18048.8
25157.6
16942.5
14562.3
20374.8
18077.3
22876
19230.1
24259.5
19833.4
17510.6
23807.9
22795
24072.8
23398
25512.9
19078.3
18384.3
19571.1
19617.2
24855.6
24079
24763
23311.4
23355.9
25968.9
23434.7
26217.5
19393
20414.4
19503.3
20678
24638.6
23840.5
24611.2
23832.4
24319.1
22381.4
16582.1
19998.4
24825.3
22312.2
16804.9
20685.9
24091.8
21904.7
16665.3
19724.3
23872.9
21422.4
16962.4
19468.4
9626.71
9814.69
4937.99
4190.94
10865.6
9995.17
5530.74
4951.18
10348.3
8656.83
6189.66
5505.15
10799.7
8942.02
11945.9
10505.8
13898.2
11568.4
12314.9
9332.91
7671.67
5386.34
12125.5
9682.87
15029.9
11996.7
14222.8
10672.5
12040.7
8216.87
6825.97
3833.13
22273.4
19624.6
30585.5
24404.5
27443.4
22465
42224.9
28597.5
19025.8
13540.2
22246.9
15147.8
18631.2
13901
22307
15613.3
20272
16256.9
17720.4
15064.4
17400.7
20233.6
28775.8
30951.9
34278
36993.4
22269.6
24762
19765.7
20599.6
22111.3
24310.9
9398.6
5651.21
10302.2
6027.76
9772.62
5622.11
10645.8
5965.7
10018
5580.26
11153
6306.12
11624
6776.92
12566.4
6873.92
15035
13283.3
17980.5
14214.4
18962.3
17005.6
22227.4
18228.4
16108.3
10620
14079.8
10010.3
20185.4
14779.5
21462.3
14940.2
24808.6
18920.8
25776.3
19083.8
17499.3
11028.8
18434.1
11164.3
9470.34
5416.26
7444.85
4254.67
8333.48
4913.58
7039.33
4027.43
10286.9
5859.94
7717.31
4390.03
10721.8
6183.21
7783.33
4414.97
8101.04
7088.89
4838.63
3954.37
8285.99
7294.55
4737.46
3925.89
8356.73
7135.25
4633.37
3975.88
11782.3
15581.9
11201.2
7070.99
4354
13915.8
11810.2
11466.3
6702.02
3983.01
15696.2
12160.2
9302.47
6611.61
3762.24
5936.42
4715.54
3283
2753.66
6075.59
4780.38
3313.86
2777.76
5854.99
4560.46
3332.32
2709.47
12565.8
10048.1
10022.7
7869.06
8667.68
7054.77
5699.31
4556.55
3330.37
2640.45
12816.4
9800.77
9878.14
7091.31
7456.86
5313.41
5259.11
3749.49
3156.53
2457.72
9916.18
6448.05
10294.3
6498.2
13216.6
9403.66
13946
10009.3
7492.31
4596.13
7248.92
4644.5
10644.4
6600.23
10741.4
6658.62
14356.6
10634.1
14456.6
10774.9
7798.95
4593.25
7858.86
4646.48
5069.88
3081.62
3112.67
2349.46
4992.86
3145.2
3112.48
2347.03
5307.62
3103.56
3155.26
2405.85
5440.45
3099.1
3290.01
2413.41
4087.72
3604.67
3835.54
3174.48
4161.73
3630.99
3706.51
3017.72
3860.07
3391.52
3468.35
2763.08
7995.64
6518.05
6071.78
4874.85
5588.29
4693.45
3736.32
3016.46
3190.36
2367.57
7232.3
5555.59
4961.55
3831.74
3768.43
3028.75
2894.1
2239.8
2906.18
1907.55
2452.1
905.572
315.718
99.0394
2622.69
963.405
332.934
103.303
2417.94
890.995
310.761
97.3461
2627.37
967.191
339.258
106.647
2361.53
860.417
315.689
102.553
2658.2
959.863
355.437
116.429
2846.06
996.343
336.623
103.485
2899.31
1006.11
325.277
97.8095
2327.7
858.351
319.751
104.58
1831.47
704.608
271.714
91.297
2115.47
793.761
306.502
105.06
1750.91
685.277
267.436
91.3709
2490.41
905.913
322.042
101.363
1883.71
719.26
271.163
89.8428
2580.25
930.859
321.732
100.475
1899.41
726.887
271.618
90.4186
2145.74
809.731
293.108
95.1497
1763.54
690.662
262.84
87.7741
2094.22
792.123
288.895
94.2271
1740.91
683.275
260.101
87.109
2040.77
767.362
288.299
95.6589
1752.6
679.248
259.37
86.637
1868.21
713.214
275.438
95.13
1708.34
664.73
261.295
87.6416
1657.32
661.735
260.915
90.9133
1379.68
591.137
208.108
48.0151
982.875
535.08
191.065
45.3742
1390.73
593.507
210.435
49.797
999.847
537.425
192.109
45.8033
1428.7
596.544
209.676
48.6569
1039.58
539.993
190.832
45.2173
1422.7
595.566
215.248
51.3502
1035.57
538.871
191.661
45.8207
1375.36
588.607
222.562
56.4959
949.931
529.243
190.792
46.0355
1318.74
576.726
212.191
52.1465
830.801
509.6
189.339
45.9177
1330.84
579.674
215.5
53.3595
843.903
516.246
189.057
45.7119
1316.94
575.164
205.296
48.23
822.254
507.615
186.681
44.8052
1337.18
576.814
204.137
47.6448
841.962
508.575
186.034
44.4725
30.6787
10.7088
3.4975
1.05827
0.228424
31.0608
10.7595
3.50478
1.05922
0.228513
30.576
10.7469
3.50368
1.05875
0.228383
31.5365
10.8192
3.50961
1.05892
0.228289
31.3789
10.8011
3.50563
1.05806
0.228134
32.5913
10.8384
3.50496
1.05677
0.227753
31.165
10.7522
3.48949
1.05221
0.226722
30.4173
10.5996
3.45029
1.04115
0.224363
31.5828
10.7973
3.49929
1.05547
0.227493
30.6702
10.7141
3.48888
1.05363
0.227174
32.0255
10.8079
3.50332
1.05715
0.227917
31.126
10.759
3.49717
1.05585
0.227658
30.758
10.701
3.48133
1.05065
0.22645
30.4026
10.6338
3.4699
1.04861
0.226121
30.6413
10.5851
3.44491
1.04011
0.22421
30.3978
10.5512
3.43896
1.03926
0.224122
30.5701
10.6666
3.48905
1.05693
0.228269
30.5317
10.6456
3.48373
1.05601
0.228153
30.5939
10.6961
3.49515
1.05773
0.228321
30.5495
10.6694
3.48939
1.0569
0.228243
31.0039
10.7571
3.50155
1.05807
0.22825
30.7792
10.7269
3.49772
1.05778
0.228274
31.2157
10.7803
3.50199
1.05746
0.228048
31.0733
10.7723
3.50183
1.05771
0.228135
31.3163
10.7734
3.50024
1.05681
0.227886
24321.5
32867.6
24338.6
32699.9
24233.9
32205.3
23333.8
31235.5
21336.2
29167.8
19124.1
21787.2
19413.2
23121.1
19071.3
21385.4
19319.4
21435.4
21087.2
3702.2
866.804
234.586
52.7977
22401.1
6844.1
1838.17
505.443
114.679
20889.7
3653.77
856.029
231.982
52.2382
22181.6
6751.35
1817.26
500.066
113.309
20426.3
3567.45
838.127
228.166
51.5647
21703.5
6613.08
1787.02
493.851
112.337
19608
3401.09
802.363
220.215
50.0754
20877.2
6384.89
1737.15
483.808
110.663
18323.1
3128.43
744.583
206.951
47.4315
19558
6036.49
1660.34
467.321
107.583
16336.1
2936.6
731.697
208.895
48.327
16382.4
5334.19
1523.6
441.825
103.589
16940.8
2974.81
727.343
205.353
47.3344
17356.5
5588.71
1570.43
448.6
104.174
16081.2
2932.1
737.731
211.888
49.0991
16011.4
5222.6
1503.08
439.792
103.784
15989.3
2910.1
733.928
211.372
48.986
15940.7
5194.2
1497.97
440.652
104.152
39464.2
61783.2
59527
36714.6
26300.2
34033.4
24811.4
33640.6
32055.7
57238.8
35038.6
59444.9
0.387577
0.695047
1.53287
3.50216
8.02923
18.3393
0.645194
1.12126
2.37923
5.19546
11.1879
23.4706
0.241989
0.18063
0.470645
0.383051
1.12586
0.994748
2.74882
2.61306
6.56278
6.45224
14.8471
13.6086
41.5768
91.2237
191.806
384.267
664.28
880.954
47.5621
91.8063
166.722
278.45
408.242
499.143
0.966515
1.24869
1.35484
1.35393
1.32747
1.72555
2.21126
2.37642
2.35355
2.29447
3.78564
4.80529
5.10747
5.00635
4.8491
8.5977
10.7981
11.3392
10.9916
10.5727
19.5662
24.2565
25.1068
24.0224
22.9226
44.2598
53.9606
54.8561
51.6657
48.8369
1.60242
2.05507
2.21073
2.19154
2.13783
2.77099
3.52207
3.74978
3.68149
3.56952
5.84576
7.3532
7.73577
7.51167
7.23327
12.6847
15.778
16.3918
15.7366
15.0472
27.116
33.3003
34.1153
32.3478
30.6992
56.3903
68.2191
68.7812
64.3251
60.5531
0.605551
0.787392
0.860921
0.866622
0.85358
0.453121
0.591876
0.650659
0.658326
0.650508
1.17242
1.51195
1.63711
1.63282
1.59886
0.956385
1.23852
1.34768
1.35036
1.32609
2.79021
3.56468
3.8176
3.76838
3.66594
2.47072
3.16921
3.40985
3.38026
3.29704
6.77332
8.56416
9.06262
8.84651
8.54587
6.4524
8.18898
8.70172
8.5257
8.25435
16.0581
20.0507
20.9173
20.1527
19.3099
15.8231
19.8325
20.7717
20.0788
19.2758
36.0075
44.2637
45.3851
43.053
40.8634
33.128
40.9768
42.2752
40.3022
38.3572
99.0456
118.136
117.407
108.494
101.444
213.622
247.745
239.573
216.658
200.302
439.031
491.146
459.738
406.022
371.463
852.249
908.909
818.312
704.598
639.976
1416.44
1425.56
1232.02
1037.38
942.289
1838.65
1792.03
1514.93
1260.68
1146.39
113.067
134.362
133.006
122.506
114.334
215.455
250.66
243.023
220.186
203.723
385.206
437.065
414.032
368.729
338.414
631.569
696.306
643.49
563.484
513.841
908.482
973.247
879.255
759.262
689.917
1098.37
1157.03
1031.97
884.446
802.551
0.387328
0.694393
1.53248
3.50457
8.04046
18.3651
0.644496
1.11873
2.37322
5.1815
11.1523
23.3748
0.241968
0.180716
0.47106
0.384113
1.12925
1.00154
2.76524
2.64787
6.62448
6.58753
15.0729
14.2399
41.5284
90.7029
190.002
379.877
658.34
878.077
47.2989
91.1502
165.361
276.22
405.819
498.061
0.966202
1.24905
1.3563
1.35647
1.33066
1.72519
2.21391
2.38358
2.36504
2.30857
3.78825
4.81742
5.13248
5.04322
4.89294
8.61343
10.8419
11.4179
11.1011
10.6999
19.6206
24.3895
25.3327
24.3274
23.2722
44.3955
54.3012
55.435
52.4433
49.7245
1.6012
2.05481
2.21224
2.19486
2.14226
2.76678
3.52175
3.7564
3.6951
3.5874
5.83631
7.35445
7.75523
7.54911
7.28158
12.6636
15.7838
16.4418
15.8295
15.1658
27.0603
33.3066
34.2238
32.5545
30.9642
56.2277
68.1867
68.9718
64.7299
61.0847
0.605703
0.788095
0.862381
0.868794
0.856179
0.453496
0.592758
0.652166
0.660396
0.652911
1.17433
1.51659
1.64515
1.6439
1.61172
0.959766
1.24472
1.35694
1.3622
1.33939
2.8014
3.58588
3.84977
3.80975
3.71249
2.49019
3.2006
3.45243
3.43143
3.3528
6.8225
8.6476
9.17979
8.99004
8.70364
6.54753
8.33204
8.88405
8.73491
8.47693
16.237
20.3409
21.3092
20.6194
19.8154
16.187
20.3656
21.4323
20.8198
20.0542
36.6414
45.2453
46.6546
44.516
42.4209
34.7597
43.2172
44.876
43.0683
41.1784
99.117
118.661
118.504
110.078
103.299
212.806
247.748
240.811
218.996
203.264
435.661
489.152
460.173
408.692
375.422
843.561
902.116
815.474
705.524
643.138
1404.49
1415.39
1225.95
1035.33
942.705
1832.82
1786.91
1511.6
1259.12
1145.91
112.579
134.114
133.21
123.151
115.239
214.162
249.751
242.944
220.933
204.962
382.439
434.837
413.158
369.223
339.728
626.96
692.318
641.311
563.161
514.642
903.44
968.712
876.397
758.153
689.877
1096.11
1154.96
1030.59
883.799
802.35
3203.13
1729.03
75.1892
32.5818
34.8116
25.6235
49.2896
2537.69
1971.22
1022.42
1229.96
307.03
567.733
186.528
236.182
148.982
2462.9
830.849
270.148
221.153
414.415
316.179
181.661
132.196
84.6379
63.1544
146.817
122.5
2860.53
1311.13
1612.9
708.501
451.781
898.027
177.689
78.6898
219.23
5741.88
4414.97
3302.25
2607.65
3213.92
3346.71
2919.41
2316.67
1867.19
1738.02
177.239
207.967
203.737
186.456
173.658
78.291
94.7831
95.7275
89.741
84.6459
84.0749
102.615
104.437
98.4772
93.1639
62.0618
76.1271
77.9022
73.8113
70.0308
117.889
141.594
141.808
131.977
123.945
4822.98
4075.69
3152.24
2490.31
3037.31
3821.53
3271.46
2557.46
2053.84
1963.06
2103.32
2015.73
1692.78
1397.14
1270.46
2502.89
2274.64
1822.15
1484.23
1317.87
686.189
741.707
676.841
587.888
533.63
1215.87
1234.2
1075.91
907.686
814.993
428.743
483.295
456.12
405.267
371.279
537.966
597.671
556.594
489.446
445.861
346.422
397.393
380.61
341.655
314.421
4677.12
3945.46
3052.68
2427.03
2982.9
1740.25
1712.14
1463.31
1223.64
1121.49
609.313
667.472
615.423
538.789
492.001
502.716
557.403
519.322
458.239
420.145
909.678
957.924
857.793
738.052
673.874
708.711
768.739
702.856
612.421
559.484
416.424
467.551
440.1
391.149
359.615
307.769
353.804
339.754
306.081
282.767
200.555
237.151
233.762
214.662
200.053
150.502
179.67
178.835
165.57
155.029
340.575
389.471
372.386
334.294
308.162
285.77
329.697
317.794
287.112
265.597
5238.43
4176.88
3166.97
2508.09
3091.46
2607.86
2373.26
1933.3
1581.86
1465.83
3296.56
3033.78
2434.25
1979.3
1960.86
1507.51
1515.49
1311.5
1105.83
1009.55
993.705
1047.95
937.469
805.804
734.642
1878.72
1845.53
1574.09
1313.84
1204.76
408.142
459.624
433.679
386.023
355.041
185.81
218.56
214.516
196.52
183.055
498.988
554.131
516.695
456.176
418.337
580.983
642.355
742.765
817.372
758.889
340.21
23441.2
23424.4
24636.4
26234.3
21333.3
21448.1
22380.4
20339.4
20747.2
31857.1
20947.9
31688
24037.6
20406.8
38699.2
21391.1
21157.7
22083.7
23256.7
18895.2
19061.1
20356
18808.8
19997.1
38264.1
20007.2
36548.2
23648.9
26229.8
40918.6
18634.6
18217.6
18558.5
19290.7
16446.8
17304.3
17424.7
16680.8
22046.4
30942.7
22542
30056.6
24733.9
28687.5
33826.3
15641.7
15271.7
14741.3
15176.6
14149.2
15235.4
13922.5
13633
18456
24372
18860.9
22789.7
19982.3
22676.6
25474.4
12842.5
12532.4
11783.3
12060.9
12225.4
13334.5
11204
11152.1
15584.4
17194.2
15957.9
15493.3
15869.8
15555.7
17440.9
11267.3
11040.9
9689.26
9892.29
10622
11160.9
9341.24
9223.48
13378.6
12466.1
13394.7
11386.5
12858.1
10907.1
13315
21233.3
19697.7
23968.1
26147.1
18157.3
17183.1
21074
18908.5
16514.2
9860.63
16139.1
9892.38
13596.7
11913.4
12841.8
18769.4
17624
20750
22264.9
16554.2
15889.4
18702
16909.3
13818.7
8207.98
13534.3
8282.56
11036.3
9205.25
10173.6
15279.9
14560.3
16586.2
17427.6
13852.3
13255.8
15411.5
14182.2
11172.4
6650.99
10682.7
6485.41
8830.47
6704.66
8357.71
11395.3
10969.4
12648.5
13110.4
10457.4
9867.14
12066.7
11102.6
8229.88
5140.88
7915.04
5070.09
6625.18
5342.9
6592.58
8698.31
8423.37
9905.67
10191.5
7895.98
7386.23
9595.83
8882.29
6253.29
4498.28
6026.23
4462.18
5299.44
4751.01
5537.05
6761.24
6555.13
8059.02
8265.1
6246.71
6066.49
7787.82
7370.42
5061.64
4052.82
4946.46
4067.81
4487.23
4447.98
4998.08
)
;

boundaryField
{
    patch1
    {
        type            calculated;
        value           nonuniform List<scalar> 
2440
(
17580.4
24565.2
0
0
0
0
0
0
0
0
17572.8
24545.1
0
0
0
0
0
0
0
0
15618.9
24526.2
26877.8
40320.2
53830.2
35692.5
22621.9
11668.8
61652.7
19891.8
29852.7
25196.5
42411.5
54750.1
34571.7
25915.2
13568.7
0
0
0
0
0
0
0
0
0
0
0
0
0
0
0
0
0
0
0
0
0
0
0
0
0
0
0
0
0
0
0
0
0
0
0
61767.7
0
0
0
0
0
0
0
0
0
0
0
0
0
0
0
0
0
0
0
0
0
0
0
0
0
0
0
0
0
0
0
0
0
0
0
0
0
0
0
0
0
0
0
0
0
0
0
0
0
0
0
0
0
0
0
0
0
15399.9
24511.2
26904
40354.1
53894.7
35759.2
22635.8
11351.6
61658.2
19570.3
29852.9
25231.6
42448.1
54810.2
34620.9
25882.9
13047.9
0
0
0
0
0
0
0
0
0
0
0
0
0
0
0
0
0
0
0
0
0
0
0
0
0
0
0
0
0
0
0
0
0
0
0
61769.6
0
0
0
0
0
0
0
0
0
0
0
0
0
0
0
0
0
0
0
0
0
0
0
0
0
0
0
0
0
0
0
0
0
0
0
0
0
0
0
0
0
0
0
0
0
0
0
0
0
0
0
0
0
0
0
0
0
17637.9
21067.3
0
0
0
0
0
10907.6
13317.3
4447.93
4998.35
17636.6
21064.6
0
0
0
0
0
10907.1
13315
4447.98
4998.08
24845.1
25278.8
26265.3
24334.6
23576.4
26538.1
26651.5
24174.1
24199.4
22314.8
19784.3
21940.4
20227.3
22031.4
19712.2
21716.7
19679.8
532.958
353.05
633.737
645.761
1015.58
1189.88
5053.19
5597.34
4594.8
3210.45
1341.66
4848.25
5483.41
4108.62
2733.71
1145.81
21430.7
57.1196
145.131
72.3167
192.154
154.376
278.399
3215.07
1768.68
999.466
587.737
383.441
2631.18
1439.29
857.34
549.984
422.122
0
0
0
0
0
0
0
0
0
0
0
0
0
0
0
0
0
0
0
0
0
0
0
0
0
0
0
0
0
0
0
0
0
0
0
0
0
0
0
0
0
18.5964
-8.28601
18.6886
-8.90946
18.684
-8.95849
18.5825
-8.8467
18.6238
-8.90214
6.17511
-3.55275
12.5951
-6.83232
2.29916
-1.33322
0.468854
-0.242488
39819.1
59612.9
37949.1
21330.4
32280.1
29541.6
61180.4
75706.6
40899.8
28557.3
15214.6
24235.3
25778.4
24344.8
23464.7
26329
26594.1
24204.1
24208.3
22671
20199.4
22502
20848.7
22229.4
19946.6
21779.6
19756.9
9794.31
4140.98
10004.6
4950.17
8657.93
5504.71
8942.3
10506.3
11569.4
9333.17
5386.18
9683.25
11997.1
10672.8
8216.92
3833.02
3597.9
3164.68
3635.12
3018.49
3391.66
2763.13
6518.2
4874.96
4693.59
3016.61
2367.7
5555.86
3831.97
3028.96
2240
1907.74
0
0
0
0
0
0
0
0
0
0
0
0
0
0
0
0
0
0
0
0
0
0
0
0
0
0
0
0
0
0
0
0
0
0
0
0
0
0
0
0
0
18.6324
-8.29941
18.7234
-8.92585
18.7158
-8.97237
18.6082
-8.85776
18.6433
-8.91104
6.1785
-3.55355
12.6049
-6.83559
2.30011
-1.33329
0.468987
-0.242439
39464.4
59545.3
36724.3
33866
33694.5
57398.7
59089.3
11255.6
11039.3
9688.25
9882.73
10621.9
11161.1
9340.87
9223.54
13359.8
12439.2
13394.5
11382.5
12858.2
6752.22
6554.18
8058.13
8255.62
6246.35
6066.42
7787.47
7370.42
5055.99
4045.14
4945.86
4066.14
4487.08
24835.5
25278.3
26265
24334.9
23576.7
26537.8
26651.3
24174.5
24199.7
22315.7
19785.3
21941.4
20228.6
22032.1
19713.1
21717.4
19680.6
524.518
349.341
635.002
647.174
1016.02
1190.8
5053.22
5597.64
4595.39
3211.12
1342.14
4848.25
5483.59
4108.95
2734.1
1146.05
21424.1
56.0459
143.241
72.3079
192.166
154.369
278.375
3214.98
1768.56
999.347
587.642
383.374
2631.09
1439.18
857.235
549.891
422.033
0
0
0
0
0
0
0
0
0
0
0
0
0
0
0
0
0
0
0
0
0
0
0
0
0
0
0
0
0
0
0
0
0
0
0
0
0
0
0
0
0
18.5717
-8.32844
18.6826
-8.89636
18.6776
-8.95399
18.5787
-8.84484
18.6218
-8.90137
6.17496
-3.55279
12.5944
-6.83235
2.29914
-1.33324
0.468853
-0.242489
39819.9
59622.7
37951.2
20908.9
32271.7
29574.9
61212.1
75754.1
40948.1
28515.3
14591
24234.8
25777.9
24345.4
23465.3
26328.6
26593.8
24204.6
24208.7
22672.2
20200.6
22503.3
20850.2
22230.4
19947.7
21780.4
19757.8
9814.79
4190.89
9995.17
4951.18
8656.83
5505.15
8942.02
10505.8
11568.4
9332.91
5386.34
9682.87
11996.7
10672.5
8216.87
3833.13
3604.66
3174.48
3630.99
3017.72
3391.52
2763.08
6518.05
4874.85
4693.45
3016.46
2367.57
5555.59
3831.74
3028.75
2239.8
1907.55
0
0
0
0
0
0
0
0
0
0
0
0
0
0
0
0
0
0
0
0
0
0
0
0
0
0
0
0
0
0
0
0
0
0
0
0
0
0
0
0
0
18.6078
-8.34197
18.7175
-8.91274
18.7095
-8.96789
18.6044
-8.85591
18.6413
-8.91027
6.17835
-3.55359
12.6042
-6.83563
2.30009
-1.3333
0.468986
-0.24244
39462.4
59539.8
36717.5
33998.6
33672.5
57307
59356.5
11267.4
11041
9689.31
9892.45
10622
11160.9
9341.24
9223.48
13378.6
12466.1
13394.7
11386.5
12858.1
6761.16
6555.1
8058.98
8264.98
6246.71
6066.49
7787.82
7370.42
5061.64
4052.82
4946.46
4067.81
4487.23
25107.7
4049.33
340.254
25105.3
4049.2
340.21
23787.1
22470.1
31588
25995.5
10669.8
7600.73
12035.6
10113.2
1002.3
1292.19
8433.97
9378.31
16913.4
17691.7
27564.7
24003.2
25938.5
813.929
52.6766
5887.99
4112.1
11121.6
8126.78
268.735
184.917
147.806
2658.75
1463.34
845.48
4762.4
2691.3
1884.65
28872.4
26315.8
34947.6
27989.1
19970.9
17971.6
22830.4
19226.7
64.7536
44.2088
776.72
535.26
763.85
794.091
10460.8
17098.6
5503.12
38.3624
38.0875
349.139
219.26
669.82
496.923
9.76681
6.15774
5.39234
124.121
84.262
64.3944
350.728
249.884
181.624
21571.2
21997.4
22469.2
22285.8
20681.7
18776.7
18880.9
18875.1
19256.6
24369.2
24334.1
24231.3
23332
21334.8
19123
19412
19070.4
19318.6
23788.1
22471
31602.7
26001.2
10460.9
7438.07
11993.1
10098.3
864.517
1108.82
8403.27
9353.27
16907.7
17685.2
27563.4
24003.2
25936.5
677.374
-75.1924
5912.92
4132.49
11116.8
8125.73
210.983
146.964
126.739
2681.07
1472.59
847.593
4763.49
2692.75
1885.63
28876.7
26316.5
34963.7
27994.9
19773.1
17905.6
22791.6
19193.8
56.1832
37.4598
770.592
530.34
763.124
793.502
10461.2
17099.2
5502.93
33.5638
36.3429
345.639
217.317
669.316
496.488
8.3419
5.17048
4.46212
122.918
83.7869
64.1726
350.457
249.728
181.538
21488.9
22002.4
22472.4
22287.9
20683.1
18777.6
18882
18875.9
19257.4
24321.5
24338.6
24233.9
23333.8
21336.2
19124.1
19413.2
19071.3
19319.4
15985.7
10578.8
27.2104
9.72193
3.18928
0.968515
0.209514
28.3008
9.90072
3.23396
0.979918
0.211742
22106.4
24308.4
23195.9
24392.7
23861.6
24899.6
31.0733
10.7723
3.50183
1.05771
0.228135
31.3163
10.7734
3.50024
1.05681
0.227886
580.983
642.355
742.765
817.372
758.889
21546.2
18233.8
22785
19350.3
23246.6
18179.1
13144.6
7940.03
5158.73
14220.2
8471.96
5510.28
11459.2
6377.19
3996.96
15030.4
11997.1
14223
10672.8
12040.5
8216.92
6825.7
3833.02
11636.7
6780.73
12599
6880.34
2846.37
996.471
336.673
103.502
2900.03
1006.36
325.363
97.8363
31.1706
10.7543
3.49021
1.05244
0.226772
30.4258
10.6027
3.45129
1.04145
0.224429
0.18075
0.384189
1.00174
2.64839
6.58879
14.2426
0.453584
0.592878
0.652304
0.660543
0.653061
0.959963
1.24499
1.35724
1.36252
1.33972
2.4907
3.20128
3.45321
3.43225
3.35363
6.54885
8.3338
8.88605
8.737
8.47904
16.1902
20.3698
21.4371
20.8248
20.0592
34.7665
43.2261
44.886
43.0785
41.1887
84.6523
200.59
237.197
233.811
214.711
200.101
14746.4
8849.44
5483.59
12814
6958.99
4108.95
9742.78
4746.27
2734.1
5465.82
2248.2
1146.05
12625.1
7192.19
12958.3
7031.19
14121.5
11111.4
8507.22
5933.96
3454.58
2430.17
7590.29
4720.59
3160.93
3763.62
2413.61
1671.18
1655.92
1091.64
786.206
2905.14
985.595
326.735
99.287
2926.86
1004.25
322.363
96.4756
29.6788
10.2203
3.31635
1.00073
0.215783
29.9014
10.4075
3.38659
1.02199
0.220271
72.5579
170.413
198.176
191.395
172.167
158.225
0.18063
0.383051
0.994748
2.61306
6.45224
13.6086
0.453121
0.591876
0.650659
0.658326
0.650508
0.956385
1.23852
1.34768
1.35036
1.32609
2.47072
3.16921
3.40985
3.38026
3.29704
6.4524
8.18898
8.70172
8.5257
8.25435
15.8231
19.8325
20.7717
20.0788
19.2758
33.128
40.9768
42.2752
40.3022
38.3572
23196.2
24394.1
23870.8
24904.3
31.0753
10.7733
3.5022
1.05784
0.228164
31.32
10.7748
3.50074
1.05698
0.227923
581.099
642.476
742.892
817.497
758.992
15985.9
10578.4
27.1979
9.71813
3.18812
0.968176
0.209442
28.2868
9.89653
3.23269
0.979547
0.211664
22102.3
24304.6
55719.1
74569.7
38893.6
43657.4
19488.2
22442.4
2759.47
3007.56
0
0
0
0
0
0
0
0
0
0
0
0
0
0
0
20189.7
16790.3
23139.5
17759.8
23587.5
25167.4
12060
6558.34
12234.4
6467.96
2592.47
901.217
303.518
92.9508
2632.89
921.675
315.619
97.9499
301.001
290.035
123.182
31.433
357.386
310.16
128.626
32.6711
471.861
347.023
136.692
34.0002
626.571
392.697
148.632
36.6481
735.855
434.056
160.026
39.1284
803.991
486.415
179.099
43.2393
754.193
465.026
170.224
41.1829
819.091
499.304
182.127
43.5218
843.087
506.833
184.844
44.1165
27.6741
9.57799
3.13154
0.9508
0.205789
28.6812
9.8186
3.19161
0.966044
0.208759
28.9369
10.1091
3.29601
0.996779
0.215125
28.72
9.9976
3.26034
0.98686
0.213116
29.3768
10.2501
3.34393
1.01085
0.218056
30.074
10.4261
3.39705
1.02654
0.221388
24.8799
9.11154
3.0428
0.933071
0.202811
25.2924
9.23859
3.07562
0.941057
0.204307
26.2155
9.47557
3.13166
0.95445
0.206823
33175.7
32989.3
32494.8
31537.3
29451.4
21509.4
22752.5
21252
21443.2
22369
6778.76
1824.35
506.439
118.552
22184.5
6693.1
1803.3
500.911
117.387
21756
6572.61
1777.21
495.588
116.591
20965.7
6363.25
1732.66
486.916
115.271
19611
6022.97
1659.87
471.587
112.466
16300.1
5325.38
1527.76
446.901
108.109
17237.7
5567.29
1570.83
452.822
108.579
16003.6
5232.74
1511.53
445.71
108.402
16013.4
5225.58
1511.34
447.493
109.003
52996.4
73615.5
28882
35266
15569.6
18398.7
1801.24
2262.17
31.4154
726.749
301.195
124.955
75.5501
91.4567
92.1129
85.9207
80.6839
1324.12
1060.26
752.496
535.963
433.876
636.89
627.27
522.322
417.091
357.972
285.378
316.909
292.401
253.075
227.298
0
0
0
0
0
0
0
0
0
0
22203
15130.6
22308.2
15614.1
22275.8
24769.5
10289.5
6018.52
10638.3
5962.79
2620.59
963.067
332.898
103.295
2626.86
967.092
339.244
106.647
979.601
534.62
190.993
45.3635
999.979
537.34
192.086
45.7991
1039.64
539.973
190.824
45.2161
1035.65
538.888
191.665
45.8221
950.042
529.29
190.807
46.0393
830.955
509.698
189.377
45.927
844.035
516.32
189.084
45.7183
822.42
507.737
186.73
44.8172
842.149
508.723
186.094
44.4875
31.0598
10.7613
3.50513
1.05927
0.228517
31.5369
10.8197
3.50993
1.05903
0.228316
30.6762
10.7162
3.48958
1.05386
0.227223
31.1307
10.7607
3.49775
1.05604
0.2277
30.4106
10.6365
3.47079
1.04888
0.22618
30.4081
10.5546
3.44007
1.0396
0.224194
30.5239
10.6459
3.48395
1.05606
0.228162
30.5482
10.6692
3.48947
1.05695
0.228256
30.7797
10.7273
3.49794
1.05787
0.228295
33082.6
32855
32360.1
31313.4
29229.9
21845.5
23168.1
21450.9
21505.1
22551.5
6901.27
1859.85
514.721
119.973
22328.5
6803.13
1835.82
508.549
118.692
21847
6663.83
1805.21
502.254
117.73
21023
6436.72
1755.79
492.452
116.221
19696.9
6087.16
1678.88
476.026
113.231
16494.5
5375.84
1539.1
449.241
108.483
17470.6
5631.48
1586.34
456.172
109.136
16121.7
5263.4
1518.26
447.071
108.619
16052.1
5235.65
1513.53
447.932
109.072
0.645292
1.12141
2.37954
5.1961
11.1892
23.4732
47.567
91.815
166.737
278.473
408.272
499.18
1.60267
2.05541
2.21112
2.19196
2.13826
2.77139
3.5226
3.7504
3.68215
3.5702
5.84655
7.35427
7.73702
7.513
7.23463
12.6863
15.7802
16.3944
15.7393
15.05
27.1193
33.3049
34.1206
32.3535
30.705
56.397
68.2282
68.7917
64.3363
60.5647
113.08
134.379
133.026
122.528
114.356
215.477
250.691
243.058
220.224
203.762
385.244
437.116
414.09
368.793
338.48
631.625
696.382
643.579
563.58
513.942
908.559
973.35
879.373
759.39
690.052
1098.46
1157.15
1032.1
884.596
802.708
0.644606
1.11893
2.37363
5.18236
11.1541
23.3782
47.3053
91.1616
165.38
276.248
405.855
498.1
1.60149
2.05519
2.21268
2.19532
2.14273
2.76729
3.52243
3.75717
3.69591
3.58823
5.83736
7.35585
7.75682
7.55077
7.28325
12.6658
15.7867
16.4451
15.8329
15.1692
27.0647
33.3125
34.2305
32.5614
30.9712
56.2363
68.1982
68.9846
64.7432
61.098
112.595
134.135
133.234
123.175
115.263
214.19
249.788
242.985
220.976
205.004
382.485
434.897
413.224
369.291
339.796
627.028
692.406
641.408
563.262
514.744
903.528
968.825
876.523
758.284
690.011
1096.21
1155.09
1030.73
883.949
802.506
34.818
1230.06
149.005
84.0909
102.636
104.46
98.5007
93.1871
2503.1
2274.87
1822.37
1484.42
1318.05
346.478
397.463
380.684
341.729
314.492
55784.6
74597.6
38968.9
43655.8
19507.8
22515.5
1882.8
2052.56
0
0
0
0
0
0
0
0
0
0
0
0
0
0
0
19947.5
16710
23097.4
17728
23584.7
25165.6
12050.4
6564.8
12216.6
6462.99
2593.01
900.779
303.276
92.8712
2631.88
921.414
315.535
97.9242
300.347
289.646
123.07
31.4099
357.261
310.096
128.597
32.6634
471.685
346.881
136.636
33.986
626.315
392.506
148.557
36.6295
735.553
433.837
159.94
39.107
803.723
486.198
179.01
43.2169
753.906
464.798
170.134
41.1604
818.856
499.107
182.046
43.5015
842.879
506.661
184.773
44.0986
27.6489
9.56753
3.12849
0.949978
0.205625
28.674
9.81604
3.19072
0.965772
0.208701
28.9229
10.1047
3.29464
0.996379
0.21504
28.7059
9.99328
3.25902
0.986474
0.213035
29.3633
10.2456
3.34254
1.01045
0.217969
30.0617
10.4221
3.39575
1.02616
0.221306
24.8719
9.10628
3.04113
0.932617
0.202721
25.2862
9.23678
3.07499
0.940856
0.204263
26.2054
9.47251
3.1307
0.954165
0.206762
33087.4
32994.5
32497.2
31538.9
29452.6
21510.4
22753.6
21252.8
21444
22353.5
6767.42
1820.18
505.164
118.265
22181.4
6691.88
1802.75
500.706
117.33
21755.3
6572.27
1777.02
495.502
116.563
20965.9
6363.21
1732.6
486.879
115.258
19611.5
6023.06
1659.87
471.573
112.46
16300.6
5325.52
1527.79
446.905
108.108
17238.3
5567.42
1570.85
452.821
108.577
16004.1
5232.88
1511.56
445.715
108.403
16013.9
5225.72
1511.37
447.5
109.004
53057.6
73665.2
28935.8
35321.6
15521
18339.5
1211.1
1525.94
31.4113
726.708
301.169
124.941
75.5398
91.4429
92.097
85.9038
80.6666
1324.03
1060.16
752.393
535.864
433.776
636.828
627.193
522.24
417.007
357.887
285.344
316.865
292.352
253.023
227.245
0
0
0
0
0
0
0
0
0
0
22253.2
15151.9
22307.1
15614
22271.2
24766.6
10302.1
6027.79
10638.6
5964.64
2622.69
963.405
332.934
103.303
2627.37
967.191
339.258
106.647
982.875
535.08
191.065
45.3742
999.847
537.425
192.109
45.8033
1039.58
539.993
190.832
45.2173
1035.57
538.871
191.661
45.8207
949.931
529.243
190.792
46.0355
830.801
509.6
189.339
45.9177
843.903
516.246
189.057
45.7119
822.254
507.615
186.681
44.8052
841.962
508.575
186.034
44.4725
31.0608
10.7595
3.50478
1.05922
0.228513
31.5365
10.8192
3.50961
1.05892
0.228289
30.6702
10.7141
3.48888
1.05363
0.227174
31.126
10.759
3.49717
1.05585
0.227658
30.4026
10.6338
3.4699
1.04861
0.226121
30.3978
10.5512
3.43896
1.03926
0.224122
30.5317
10.6456
3.48373
1.05601
0.228153
30.5495
10.6694
3.48939
1.0569
0.228243
30.7792
10.7269
3.49772
1.05778
0.228274
33026.5
32859.4
32362.1
31314.8
29231.1
21846.6
23169.2
21451.8
21506
22544.7
6890.81
1855.75
513.451
119.686
22326.6
6802.26
1835.32
508.351
118.637
21846.7
6663.68
1805.07
502.176
117.704
21023.4
6436.78
1755.76
492.42
116.208
19697.5
6087.29
1678.89
476.015
113.225
16495.2
5376.01
1539.13
449.246
108.483
17471.2
5631.64
1586.37
456.172
109.134
16122.3
5263.55
1518.29
447.078
108.619
16052.6
5235.79
1513.56
447.938
109.073
0.645194
1.12126
2.37923
5.19546
11.1879
23.4706
47.5621
91.8063
166.722
278.45
408.242
499.143
1.60242
2.05507
2.21073
2.19154
2.13783
2.77099
3.52207
3.74978
3.68149
3.56952
5.84576
7.3532
7.73577
7.51167
7.23327
12.6847
15.778
16.3918
15.7366
15.0472
27.116
33.3003
34.1153
32.3478
30.6992
56.3903
68.2191
68.7812
64.3251
60.5531
113.067
134.362
133.006
122.506
114.334
215.455
250.66
243.023
220.186
203.723
385.206
437.065
414.032
368.729
338.414
631.569
696.306
643.49
563.484
513.841
908.482
973.247
879.255
759.262
689.917
1098.37
1157.03
1031.97
884.446
802.551
0.644496
1.11873
2.37322
5.1815
11.1523
23.3748
47.2989
91.1502
165.361
276.22
405.819
498.061
1.6012
2.05481
2.21224
2.19486
2.14226
2.76678
3.52175
3.7564
3.6951
3.5874
5.83631
7.35445
7.75523
7.54911
7.28158
12.6636
15.7838
16.4418
15.8295
15.1658
27.0603
33.3066
34.2238
32.5545
30.9642
56.2277
68.1867
68.9718
64.7299
61.0847
112.579
134.114
133.21
123.151
115.239
214.162
249.751
242.944
220.933
204.962
382.439
434.837
413.158
369.223
339.728
626.96
692.318
641.311
563.161
514.642
903.44
968.712
876.397
758.153
689.877
1096.11
1154.96
1030.59
883.799
802.35
34.8116
1229.96
148.982
84.0749
102.615
104.437
98.4772
93.1639
2502.89
2274.64
1822.15
1484.23
1317.87
346.422
397.393
380.61
341.655
314.421
14746.9
8849.49
5483.41
12814
6958.77
4108.62
9742.28
4745.89
2733.71
5465.34
2247.87
1145.81
12632.3
7196.47
12962.2
7033.88
14121.8
11111.9
8507.68
5934.37
3454.65
2430.36
7590.7
4720.8
3161.02
3763.91
2413.8
1671.29
1656.14
1091.79
786.303
2906.63
986.025
326.867
99.3259
2928
1004.63
322.48
96.5105
29.6903
10.2242
3.31759
1.0011
0.215861
29.9123
10.4113
3.38781
1.02236
0.220348
72.5665
170.435
198.205
191.428
172.202
158.261
0.180659
0.383107
0.994889
2.61342
6.45311
13.6104
0.453196
0.591979
0.650778
0.658453
0.650638
0.956529
1.23872
1.34791
1.3506
1.32634
2.47108
3.1697
3.41042
3.38088
3.29766
6.45333
8.19024
8.70319
8.52726
8.25594
15.8254
19.8356
20.7752
20.0826
19.2796
33.1326
40.983
42.2824
40.3099
38.3651
21545.3
18232.8
22783.4
19349
23244.2
18177.5
13144
7939.84
5158.76
14219.7
8472.06
5510.59
11458.8
6377.62
3997.51
15029.9
11996.7
14222.8
10672.5
12040.7
8216.87
6825.97
3833.13
11635
6779.88
12596.6
6878.75
2846.06
996.343
336.623
103.485
2899.31
1006.11
325.277
97.8095
31.165
10.7522
3.48949
1.05221
0.226722
30.4173
10.5996
3.45029
1.04115
0.224363
0.180716
0.384113
1.00154
2.64787
6.58753
14.2399
0.453496
0.592758
0.652166
0.660396
0.652911
0.959766
1.24472
1.35694
1.3622
1.33939
2.49019
3.2006
3.45243
3.43143
3.3528
6.54753
8.33204
8.88405
8.73491
8.47693
16.187
20.3656
21.4323
20.8198
20.0542
34.7597
43.2172
44.876
43.0683
41.1784
84.6379
200.555
237.151
233.762
214.662
200.053
)
;
    }
    patch2
    {
        type            calculated;
        value           nonuniform List<scalar> 
348
(
565.512
565.398
1139.47
328.464
163.663
378.883
1200.61
347.129
179.264
409.057
1139.16
328.389
163.626
378.793
1200.36
347.051
179.221
408.966
3067.07
1772.07
163.485
79.5558
79.1084
62.5007
112.345
2475.47
1397.17
1027.13
682.244
411.917
393.12
563.773
343.256
268.071
280.86
220.277
2639.21
1010.38
404.718
367.502
598.142
516.484
340.534
256.099
154.3
127.621
247.319
228.541
2940.06
1477.35
1964.52
983.967
699.245
1.31752
2.27362
4.79628
10.4373
22.5793
47.9839
2.11877
3.53165
7.14278
14.8301
30.1949
59.4314
0.848268
0.647044
1.58626
1.31669
3.63034
3.26739
8.44627
8.16309
19.0418
19.0178
40.1926
37.7536
99.3989
195.782
362.591
625.66
927.261
1132.86
111.975
199.135
330.337
501.421
673.944
784.694
1.32092
2.28853
4.84225
10.5697
22.9416
48.9022
2.12355
3.55084
7.19436
14.9563
30.4767
59.9988
0.851008
0.649557
1.59968
1.33046
3.67847
3.32454
8.6082
8.38949
19.5582
19.8063
41.7755
40.5878
101.327
198.912
366.898
629.444
928.37
1132.69
112.953
200.509
331.876
502.532
674.196
784.612
3067.6
1771.91
170.083
83.1369
91.5675
68.8829
121.594
2846.19
1962.26
1262.76
1284.26
520.177
794.464
362.185
434.335
306.914
2816.07
1117.07
480.76
410.87
662.05
547.544
351.631
276.48
195.885
151.979
301.152
259.763
2956.82
1481.77
2027.62
997.662
720.725
3066.29
1771.66
163.45
79.5392
79.091
62.4873
112.321
2474.57
1396.69
1026.82
682.047
411.816
393.019
563.618
343.169
268.005
280.791
220.224
2638.32
1010.09
404.616
367.412
597.987
516.36
340.458
256.04
154.264
127.591
247.259
228.488
2939.23
1476.99
1963.96
983.734
699.079
1.31725
2.27318
4.79536
10.4353
22.5749
47.9744
2.11834
3.53097
7.14141
14.8273
30.189
59.4197
0.848096
0.646914
1.58596
1.31644
3.62965
3.26676
8.44463
8.16148
19.0381
19.014
40.1844
37.7457
99.3788
195.741
362.514
625.525
927.058
1132.62
111.953
199.095
330.27
501.319
673.805
784.534
1.32062
2.28799
4.84109
10.5672
22.9362
48.8909
2.12308
3.55002
7.19268
14.9529
30.4698
59.9855
0.850813
0.649407
1.59929
1.33013
3.67756
3.3237
8.60609
8.38738
19.5534
19.8013
41.7653
40.5775
101.305
198.868
366.82
629.314
928.179
1132.45
112.928
200.467
331.807
502.429
674.06
784.453
3066.89
1771.53
170.044
83.1172
91.5444
68.8656
121.564
2845.72
1961.98
1262.53
1284.07
520.069
794.317
362.104
434.242
306.844
2815.55
1116.85
480.656
410.779
661.91
547.426
351.554
276.417
195.837
151.942
301.082
259.702
2956.19
1481.46
2027.21
997.455
720.572
806.494
318.326
178.163
921.251
381.645
220.199
1133.75
491.207
292.98
1431.03
624.931
367.37
1794.57
725.079
399.025
3745.99
3128.33
3608.96
2931
3414.1
2611.87
3196.54
2250.73
2876.51
1875.59
803.724
316.235
176.451
920.762
381.672
220.241
1133.33
491.096
292.941
1430.5
624.752
367.291
1793.87
724.857
398.931
3754.77
3135.91
3608.09
2931.08
3413.8
2611.71
3196.28
2250.55
2876.19
1875.39
)
;
    }
    patch3
    {
        type            calculated;
        value           uniform 0;
    }
    patch4
    {
        type            calculated;
        value           nonuniform List<scalar> 
384
(
8394.01
16244.3
20155.2
52429.4
68153.6
31346.7
18501.5
7481.89
16553.8
18418.2
48287.9
48022.6
8081.02
16249.2
20131.6
52442.6
68181.2
31342.5
18541.9
7060.86
16453.6
18448.6
48227.3
48141
13877.4
16203.9
50189.9
52320.3
14016.9
16345.7
50746.6
52670.5
13877.3
16205.3
50197.5
52325.8
14017.8
16347.1
50744.9
52673.9
10463.9
11204.7
11993.5
11619
3711.66
11514.6
3106.25
8585.43
4594.97
13071.6
3298.25
8908.04
11985.5
11616.1
10465
11206.1
6156.48
4855.96
7621.08
6716.48
22549.6
18887.4
5515.09
7514.03
8592.67
11111.8
9920.94
9474.06
11184.9
10023.4
24147.5
19286.3
10315
11950.8
12664.2
14939.8
5954.06
4708.37
7615.17
6736.63
22550.1
18889.3
5368.08
7336.2
8616.88
11142.4
9812.46
9349.98
11218.9
10070
24153.8
19289.4
10172.8
11781.2
12704.6
14980.9
4589.68
13063.4
3296.91
8905.47
3713.87
11520.1
3106.98
8587.46
98432.3
105250
105826
110005
98444.5
105258
105837
110014
19964.9
8270.96
26035.2
12056.5
36014.1
21690.2
12664.2
9417.22
41771.4
72213.6
52591.2
83499.8
35288.7
67170.4
32552
65929.5
31386.7
12587
35994
15865.9
44073.1
26009.2
14292.3
9769.02
44970.5
74229.2
57630.8
86809.3
36944.3
68257.2
33042.2
66273.4
19685
8080.49
26063.2
12091.2
36029.6
21706.8
12670.5
9419.6
41779.1
72218.6
52600.1
83506.1
35294
67174.5
32556.1
65933.4
31177.5
12403.4
36026.7
15911.5
44091.5
26032.1
14301.2
9771.93
44980.8
74235.5
57641.5
86817.1
36951.3
68262.2
33046.9
66277.6
35487.7
75375.8
43816.8
83270.9
54945
88809.9
74069.3
52739.4
95137.9
58028.5
99251.5
65415
100096
80403.5
35114
74890.5
43852.3
83327.8
54962.9
88830.8
74079.5
52509.4
94838.1
58061.4
99304.6
65431.3
100113
80413.7
20359.3
20262.8
19947.4
19276.4
18061.8
16153.2
16690.2
15972.3
15953.1
21085.9
20893.9
20427
19607.7
18322.5
16335.5
16940.2
16080.6
15988.8
20351.9
20257.2
19946.2
19276.6
18062.4
16153.7
16690.7
15972.8
15953.6
21087.2
20889.7
20426.3
19608
18323.1
16336.1
16940.8
16081.2
15989.3
3633.25
3570.56
3501.32
3351
3088.98
2910.71
2940.01
2916.39
2904.91
3724.45
3651.81
3567.08
3400.98
3128.34
2936.51
2974.72
2932.01
2910.01
3610.81
3572.27
3501.57
3351.07
3089.05
2910.79
2940.09
2916.47
2904.99
3702.2
3653.77
3567.45
3401.09
3128.43
2936.6
2974.81
2932.1
2910.1
855.579
839.253
824.166
791.317
736.19
726.868
720.688
734.81
732.967
873.552
855.634
838.056
802.346
744.57
731.681
727.327
737.714
733.912
848.887
839.614
824.216
791.322
736.198
726.883
720.701
734.826
732.982
866.804
856.029
838.127
802.363
744.583
731.697
727.343
737.731
733.928
232.602
228.31
225.063
217.73
205.111
207.937
203.986
211.317
211.187
236.509
231.904
228.163
220.22
206.952
208.892
205.351
211.885
211.369
230.697
228.383
225.063
217.724
205.109
207.939
203.987
211.32
211.19
234.586
231.982
228.166
220.215
206.951
208.895
205.353
211.888
211.372
52.5755
51.6165
51.0403
49.6545
47.1237
48.1742
47.1126
49.0089
48.9574
53.2346
52.2244
51.567
50.0784
47.4328
48.3268
47.3346
49.0987
48.9855
52.1421
51.6297
51.0375
49.6512
47.1222
48.1744
47.1123
49.0093
48.9578
52.7977
52.2382
51.5647
50.0754
47.4315
48.327
47.3344
49.0991
48.986
)
;
    }
}


// ************************************************************************* //
