/*--------------------------------*- C++ -*----------------------------------*\
  =========                 |
  \\      /  F ield         | OpenFOAM: The Open Source CFD Toolbox
   \\    /   O peration     | Website:  https://openfoam.org
    \\  /    A nd           | Version:  11
     \\/     M anipulation  |
\*---------------------------------------------------------------------------*/
FoamFile
{
    format      ascii;
    class       volScalarField;
    location    "0.4";
    object      gradTz;
}
// * * * * * * * * * * * * * * * * * * * * * * * * * * * * * * * * * * * * * //

dimensions      [0 -1 0 1 0 0 0];

internalField   nonuniform List<scalar> 
5712
(
11254.9
36608.2
9116.94
37362.1
6594.96
37730.9
9832.33
55143
11964.2
74987.6
12234
56463.1
12153.1
47903.8
12679.6
43405
7560.4
4883.33
20516.8
12311.1
7121.16
3750.73
21171.2
10271.4
8982.37
7086.14
28543
21645.6
6788.15
5465.04
27938.4
21826.3
16037.5
6921.57
13891
6358.31
6927.17
15634.6
50609.9
13322.6
18253
5550.93
62005.5
16286.1
16023.6
4792.93
38032.3
11578.8
19408.7
6435.98
34691.6
10852.2
13226.2
6552.02
16681.9
6772.81
14317.2
7678.51
16125.6
6487.82
17131
10026.7
13695.3
6315.12
19227.2
7246.22
6477.72
2366.84
19767.1
13660.9
11683.5
8238.67
18568.9
14653.3
9924.77
7853.24
12524.1
8695.83
18936.2
13085.1
7283.97
5079.83
3154.19
2504.9
6017.27
4750.12
2488.11
2376.32
7929.45
5237.32
3634.18
2295.05
12259.3
7133.6
9841.27
12445.1
17595.1
13165.9
14837.8
21444.3
7725.24
3955.66
5548.44
6993.34
3523.95
1605.77
2149.98
2461.86
18823.2
32716.1
12470.2
36624.3
21350.3
31434.2
15046
37720.5
23232.7
27538.9
18777.1
35869.3
20142.4
19689.4
18646.8
19127.6
21218.1
18862.1
21797.7
25485.1
28996.9
43092.7
15766.1
15185.8
15511.8
18827.1
30049.9
37345.9
32049.6
43256.1
39954.6
33826.2
30045.4
42244
38686.1
28521.7
26764.7
38903.7
36664.6
13513.5
10262.3
16418.9
14163
20524.3
18742.3
24621.3
23572.7
34855.9
34667
12400.2
10769.1
14842
15178.8
17844
19805.7
22069.7
25120.3
30052
34062.9
11816.9
8527.58
7428.83
8110.09
12887.1
13304.5
8289.26
11410.1
7621.92
8393.3
12179.7
9300.12
2005.95
5014.42
467.99
1430.41
3865.79
7224.49
932.508
2132.47
1691.03
5019.44
330.314
1424.31
8540.76
7497.39
10689.1
6230.36
14138.9
10615.1
17814.5
11686.3
2704.99
3905.24
5296.51
2774.39
2235.44
2525.72
3223.4
2216.67
24661.4
14371.3
4509.55
27908.6
15413.9
4913.56
23496.6
14063.7
4696.04
27073.5
15235.5
4850.65
21041.4
12601.3
4044.69
25818.3
14899.9
4790.22
7048.16
4153.33
1280.94
11241.1
7129.91
2333.6
15453.4
9895.37
3264.52
19539.4
12055.8
3874.06
25120.8
14902.4
4906.4
7955.67
4752.11
1643.46
11618.2
8014.85
2947.03
15547.7
10722.2
3839.29
20039.1
13253.7
4595.32
25438.1
15246.9
5209.11
289.473
1968.39
2848.85
4049.06
2893.74
2937.1
6984.79
6245.77
534.175
697.769
569.117
724.215
324.67
981.724
658.374
1318.83
2456.59
1249.02
3357.3
2005.28
1556.17
2571.07
3309.37
-179.488
7514.8
986.011
-3142.3
-982.266
927.581
-19.7219
-41.9959
-611.288
6485.07
2264.29
1696.01
821.288
6658.56
2320.81
2148.69
1003.74
6743.92
2456.06
2942.61
1473.74
1778.74
875.422
-24.0923
105.138
12278.2
10030.5
5481.27
5134.93
15561.6
13573.6
7457.44
6761.77
3952.51
3692.24
8951.47
6670.96
2833.84
2814.07
957.353
1374.39
4195.68
3833.81
1661.94
1903.65
1843.57
2022.36
438.657
1031.73
2803.5
1304.84
2509.18
1146.29
4837.04
1868.14
4032.82
1714.35
1251.11
750.844
1392.06
622.165
166.026
198.932
689.8
239.515
7119.58
3683.64
2672.05
2061.07
7248.76
3985.63
2662.89
2069.92
7970.5
4662.24
2719.91
2115.79
13288.3
16943.4
10133.9
5440.76
2004.83
15230.1
11762.1
8996.6
5932.2
2435.3
14350.4
10833.7
7142.13
4313.39
1704.19
2098.18
1227.21
1478.75
1091.52
2444.47
1406.11
1595.78
1177.58
3113.45
1850.32
1801.56
1346.94
10824.4
7135.3
8237.63
5052.53
5208.02
3468
3742.48
2474.71
1829.79
1499.38
9090.08
7257.74
6630.33
5046.54
4536.7
3425.29
2966.97
2298.91
1373.5
1399.31
5987.07
3706.94
3717.66
2186.5
9292.55
6441.92
6020.91
4535
2425.73
1375.84
3763.97
2404.76
3280.77
1486.86
796.647
382.32
4144.52
2842.5
975.964
782.854
2312.2
947.804
594.935
246.596
1397.78
1018.24
678.409
789.677
2137.16
1547.23
921.633
1012.44
1385.21
685.987
474.252
522.543
231.399
79.4881
-202.06
-23.9731
652.836
251.959
67.7238
594.807
165.579
41.9106
779.849
315.525
89.3298
657.523
193.086
50.5961
1000.35
426.408
115.378
764.952
234.786
59.1507
4366.56
2362.16
683.997
2837.55
1401.48
403.412
1958.79
914.12
264.543
1340.11
578.489
152.702
872.275
267.685
60.553
5062.68
2616.09
817.995
3338.85
1571.39
462.988
2223.05
1007.1
288.685
1459.86
611.745
165.062
956.788
269.092
67.1828
622.785
157.62
33.6412
4.44573
255.939
66.2664
15.0248
2.61573
638.755
163.671
36.8337
6.35888
296.167
78.1243
23.5894
6.90116
657.225
170.005
44.6808
11.0135
429.777
116.841
22.6404
3.24606
209.873
63.8108
0.705987
-4.55357
67.7789
30.5449
4.84825
0.724472
447.71
123.954
23.0293
-0.984546
331.553
88.9334
24.9208
2.34487
596.216
157.056
39.0667
6.74427
473.896
122.278
34.5858
2.98321
275.472
81.408
15.8839
0.451879
200.789
56.8178
17.4611
3.08822
102.113
35.4376
8.85657
2.44186
74.5621
24.2976
8.77541
2.7608
746.131
189.865
42.395
4.96384
647.183
167.907
49.1334
6.90757
733.81
186.68
41.8221
4.62465
629.702
162.135
48.3461
6.46921
705.373
178.862
46.3784
7.65645
598.897
151.744
49.5594
7.91847
577.592
148.725
45.5096
12.5301
648.105
162.222
59.9747
10.6828
475.076
121.179
39.3263
6.91212
435.034
110.157
37.4776
7.39472
157.305
38.4913
11.4501
3.3042
461.458
115.673
38.5025
7.42207
169.212
41.0589
12.3805
3.67307
490.017
120.627
40.5875
7.79515
181.811
43.4232
13.1024
3.99396
455.934
111.309
41.1144
7.95876
184.887
43.5641
14.4952
4.40698
413.513
102.212
38.2097
7.76141
167.169
41.1076
15.3152
4.62106
237.904
59.1814
17.5865
3.42935
122.104
32.8718
10.2332
3.17216
314.258
76.5467
25.953
5.2866
145.817
37.6668
13.1156
4.07207
151.127
39.0827
11.1354
2.38352
79.2004
22.5349
6.40562
2.13793
58.9119
17.363
6.03763
1.8614
32.9557
10.9753
3.63734
1.36179
0.909097
0.179895
0.0370907
0.00812548
0.00221144
0.428237
0.0857756
0.0181561
0.00407979
0.00113378
1.12334
0.23229
0.0520917
0.0123593
0.00358666
0.707532
0.152681
0.0368734
0.00923909
0.00278192
1.23204
0.273191
0.0666837
0.0168057
0.00508357
1.20105
0.345943
0.0943258
0.0251444
0.00786252
0.879687
0.305143
0.0889156
0.0246011
0.00790059
0.830846
0.289569
0.0881511
0.0252961
0.00837259
0.913328
0.271315
0.0742786
0.0198699
0.0062399
0.751063
0.225473
0.0635047
0.0173217
0.00551064
1.10717
0.270461
0.069148
0.0178903
0.00550179
0.878863
0.259813
0.0714098
0.0191169
0.00599042
0.795159
0.253652
0.072634
0.0200213
0.00643333
0.70131
0.213768
0.0622666
0.0174789
0.00569122
0.6973
0.226441
0.0685203
0.0197485
0.00657358
0.593326
0.18399
0.0552836
0.0159805
0.00534266
0.855367
0.160584
0.0319994
0.00681883
0.00181381
0.369025
0.0653078
0.0127783
0.00269943
0.000713535
0.975658
0.197047
0.0421972
0.00961973
0.0027086
0.414326
0.0798195
0.016763
0.00376937
0.00104994
1.01829
0.210832
0.0484592
0.0117606
0.00347162
0.588095
0.124382
0.029058
0.00711997
0.00211173
1.2017
0.279352
0.070031
0.0179104
0.0054618
0.811049
0.183987
0.0454701
0.0115305
0.00349463
1.09795
0.300227
0.0800929
0.0211006
0.00654005
3514.9
8438.39
3643.71
8358.98
4029.55
8212.35
4531.23
8213.9
4379.12
8060.46
1439.89
2592.87
2632.69
4621.3
649.806
1193.94
110.303
313.443
22530.8
6368.15
2121.05
964.438
625.288
6285.14
2015.82
747.448
334.547
205.085
22117.9
6230.68
2082.06
946.541
616.427
6397.15
2198.74
766.052
345.231
217.515
20881.8
5888.9
1974.34
900.445
587.215
6179.54
2115.56
736.762
331.947
209.629
18913.6
5345.08
1803.13
826.441
539.837
5907.24
1993.93
689.549
309.344
194.451
15778.5
4485.87
1528.72
705.942
462.491
5465.34
1817.56
627.088
281.389
176.785
7608.75
2290.4
802.568
375.425
246.631
2620.17
888.534
306.979
137.996
87.3621
11226
3310.54
1145.27
532.067
349.079
3885.69
1303.71
453.66
205.473
130.242
4493.36
1370.5
484.49
228.023
150.033
1457.21
511.514
176.258
79.5149
50.8255
1532.94
467.991
166.561
78.8445
52.006
531.457
171.949
56.4315
27.839
16.0945
-1545.52
-541.807
5790.67
-1602.31
866.417
926.909
2567.82
3351.09
2173.49
4184.78
3876.04
5998.29
5065.06
6253.51
2538.01
3377.15
2497.96
2971.75
1300.11
1351.08
1530.82
797.942
261.158
37.6063
9.77032
9.08452
110.242
11764
4074.07
3849.95
3075.42
728.286
523.074
2222.83
250.731
292.927
244.331
60.6597
6256.04
3031.27
1311.41
813.363
1964.9
1112.34
385.296
608.256
-15.1479
110.526
579.366
474.939
6782.6
2486.33
3951.15
1619.67
1844.34
3492.91
742.486
83.6844
720.668
843.918
523.112
343.637
226.29
120.122
520.255
339.529
211.651
120.114
43.6912
212.582
159.005
106.388
60.0628
19.3665
31.7556
24.6733
17.0652
9.8487
3.19819
7.74567
5.63503
3.69166
2.06541
0.663891
7.18185
5.2189
3.42561
1.92517
0.622645
91.2239
69.5416
47.3932
27.1309
8.80627
7058.71
4719.93
2990.4
1828.95
1033.66
2749.89
1782.49
1164.42
675.792
264.071
2583.62
1719.93
1099.22
625.053
235.675
1980.91
1219.58
760.435
425.537
145.77
487.014
294.713
187.708
105.754
35.9039
423.045
314.912
210.658
119.687
39.2178
1632.08
1124.91
707.787
390.108
131.675
234.955
188.936
129.742
75.3084
25.2581
234.499
173.803
116.331
66.2966
21.7625
211.88
166.036
115.45
67.3806
22.3755
42.9211
28.3352
17.3612
9.42773
3.06736
3815.16
2636.72
1704.22
1058.87
600.035
2061.99
1381.76
893.625
509.856
187.969
1029.13
749.054
493.462
278.394
91.9331
636.531
461.741
303.061
170.251
55.7973
1473.11
1032.35
660.5
366.521
122.02
881.522
645.149
425.908
239.794
77.9007
303.762
221.664
146.139
82.2345
26.7816
488.415
360.829
239.231
134.483
43.4259
-11.5723
-7.55852
-3.99129
-1.58575
-0.323771
89.4024
66.6224
44.6128
25.3097
8.21151
460.401
337.08
222.071
124.549
40.3832
381.485
282.202
187.475
105.623
34.1957
3772.94
2231.44
1448.17
901.005
495.566
1642.54
1072.26
668.442
376.844
137.115
2499.76
1681.95
1062.34
610.943
229.589
1121.98
764.638
483.648
273.236
96.9561
1399.58
990.756
639.841
357.335
117.811
2391.45
1563.28
998.711
564.011
194.244
590.876
433.167
285.644
160.207
51.8103
67.5238
50.1794
33.5129
18.973
6.14533
569.108
415.3
273.559
153.799
50.0527
-47070.9
-74284.7
-39372.7
-59981.1
-40039.7
-79262.6
-47629.5
-100758
-30356
-21194.3
-32931.6
-21208.2
-26908.7
-17446.2
-32084
-17646.7
-41127.7
-32784.3
-57923.5
-43883.1
-35492.7
-29960.9
-48091.5
-37933.6
-27735.6
-29352.8
-23014.5
-23044.1
-28615.2
-25843.4
-60921.8
-16840
-24319.4
-9363.86
-71145.9
-20038.8
-21208.3
-8444.78
-47524.5
-14983.9
-25290.2
-9948.09
-43918.2
-13519.8
-23355.4
-9708.75
-28563.3
-10609.2
-22354.8
-10219.3
-24782.1
-9258.1
-22918.5
-11858.1
-19711.5
-8203.63
-24478.8
-8969.34
-8563.51
-3113.27
-17594.8
-12554.2
-15190.4
-9681.68
-14341.1
-11594.2
-12559.7
-8790.98
-16364.5
-10225
-19557.3
-13547.1
-10525.6
-6610.04
-5868.49
-3965.17
-8742.6
-6009.8
-4910.73
-3671.59
-11199.8
-6702.36
-6261.87
-3647.3
-15239
-8218.31
-11051.7
-13041.2
-19786.7
-14161
-15834.8
-22106.3
-10206.1
-4835.55
-6644.99
-7476.68
-5487.74
-2322.41
-3139
-2874.15
-24423.1
-31284.1
-14398.8
-36941.2
-25310.3
-29664.4
-16625
-37707.4
-25300.5
-26379.8
-19853.1
-35646.1
-14963.9
-11463.2
-17899.5
-21121.7
-22351.4
-15070.8
-19169.5
-24351
-28690.2
-43034.3
-10849.5
-12749.9
-15135.4
-19306.6
-30481.9
-30391.6
-21090
-39733
-30467.4
-27987.9
-20524.9
-39121.1
-30350
-24321.9
-19164.8
-36430.7
-30023.7
-12107.6
-9462.25
-14749.8
-11978
-17908.2
-14984.3
-21459.9
-18625.7
-33034.8
-30003.9
-10586.9
-9439.41
-12945.5
-12620.3
-16064
-16498.5
-20642.8
-21534.1
-29333.2
-30470.9
-10654.2
-7933.84
-7579.31
-8121.66
-10799.9
-12086.2
-7952.74
-10868.5
-8085.51
-8681.36
-11854.2
-9075.11
-2653.95
-5360.48
-1254.54
-1907.1
-4267.91
-7261.23
-1566.34
-2420.91
-2406.89
-5480.85
-1128.47
-1939.82
-9063.15
-7832.03
-11117.6
-6471.19
-14280.5
-10558.3
-18115.9
-11570.7
-3315.78
-4328.89
-5717.39
-3072.76
-2891.6
-2978.23
-3646.18
-2534.39
-12874.4
-4400.18
-17821.9
-5993.89
-13076.1
-4602
-18176.2
-6411.57
-12816
-4448.36
-18839
-7003.12
-5884.66
-1905.09
-8270.13
-2999.28
-10525.3
-3920.69
-13583.1
-4941.09
-19832.5
-7596.78
-6598.28
-2313.6
-8756.78
-3748.58
-11632.8
-4874.59
-15579.8
-6280.04
-20881.3
-7744.95
-9855.96
-8839.23
-8046.76
-7560.19
-16870.8
-12701.1
-14172
-11520.4
-6011.14
-4195.95
-2567.73
-1588.34
-5887.89
-4630.2
-2627.03
-2206.99
-4999.96
-6638.52
-5551.03
-6922.92
-5082.33
-3991.23
-6068.41
-2472.89
-11329.8
-4211.98
808.561
-1594.72
-2913.53
-2128.45
-1418.15
-1322.84
-2388.72
-1076.98
-973.559
-404.384
-2666.73
-1185.7
-1495.6
-568.549
-3210.1
-1426.34
-2607.04
-1057.1
-2269.69
-815.704
-995.181
-272.703
-7220.45
-6806.17
-6034.08
-4917.98
-10476.8
-9700.15
-9016.99
-7028.93
-3825.32
-3277.05
-4897.94
-4543.21
-4196.58
-3243.16
-2478.27
-2012.98
-6233.14
-4663.42
-3659.28
-2884.8
-2623.78
-2156.53
-1487.77
-1369.97
-2214.42
-962.964
-2117.87
-934.31
-2771.7
-1209.57
-2892.38
-1292.72
-1459.8
-675.67
-1376.23
-554.027
-693.567
-264.043
-829.811
-241.307
-2961.12
-2969.39
-1480.83
-1583.02
-3099.14
-3179.2
-1511.58
-1586.28
-3519.71
-3338.2
-1606.9
-1560.21
-5113
-8050.59
-3775.63
-2408.17
-1128.31
-11024.6
-7396.34
-5516.44
-3804.14
-1798.62
-8629.79
-6284.04
-4283.86
-2832.77
-1198.64
-2666.53
-2030.49
-1643.27
-1841.09
-2831.25
-2126.91
-1654.11
-1839.98
-3113.1
-2470.34
-1646.32
-1837.87
-9634.2
-7169.71
-7372.22
-5335.64
-5133.16
-3758.13
-3499.55
-2653.9
-1605.6
-1733.06
-7462.8
-6621.73
-5303.22
-4686.74
-3606.45
-3158.13
-2394.74
-2137.91
-1038.76
-1384.47
-4327.37
-2962.84
-3163.13
-1735.31
-7085.71
-5485.99
-5422.7
-3982.37
-1997.94
-1035.07
-2716.16
-1880.69
-3273.28
-1382.71
-1050.39
-442.991
-4288.49
-2772.24
-1411.78
-926.434
-2239.27
-846.906
-713.099
-260.997
-1131.61
-809.135
-554.331
-695.031
-1578.55
-1234.04
-699.588
-887.92
-1303.46
-610.598
-419.673
-479.816
-259.358
-70.0173
212.594
37.1962
-1271.21
-408.129
-1136.39
-148.083
-1383.39
-482.455
-1164.65
-166.501
-1521.35
-499.664
-1128.75
-144.407
-4228.89
-1292.99
-3168.84
-988.447
-2422.62
-815.042
-1595.46
-475.587
-1074.35
-179.311
-4588.13
-1338.75
-3175.89
-833.116
-2172.67
-565.71
-1442.8
-329.973
-1064.8
-184.454
-364.127
-100.699
-20.5105
-0.962943
-146.374
-40.79
-9.37244
-1.29807
-386.214
-105.54
-23.0022
-2.69533
-168.997
-45.2421
-16.008
-5.20974
-424.411
-113.039
-30.387
-7.23673
-273.988
-67.8197
-7.9387
1.25639
-128.23
-26.6717
12.9362
9.16647
-24.7335
2.9635
8.99986
4.0268
-324.622
-84.4868
-10.2465
5.38994
-244.604
-58.3071
-14.4785
1.57975
-422.741
-110.04
-25.8119
-2.62966
-335.125
-80.3454
-21.586
1.9625
-209.376
-52.169
-5.08642
3.34684
-153.524
-35.5981
-9.13353
0.193992
-69.3558
-12.3745
1.07919
1.23509
-47.9394
-8.15521
-1.59593
0.214093
-476.136
-127.972
-26.6971
-0.132496
-484.201
-122.213
-38.4352
-2.21019
-471.736
-125.176
-25.8669
0.353819
-472.47
-117.998
-37.8374
-1.81299
-461.162
-119.737
-31.5359
-3.25701
-446.79
-110.049
-39.9853
-3.55236
-356.488
-90.8871
-30.1651
-7.94626
-480.771
-115.784
-48.5847
-5.45583
-319.867
-75.912
-25.6634
-1.42938
-375.01
-83.871
-31.1424
-4.08898
-147.706
-30.1305
-8.36621
-2.1171
-371.02
-82.6192
-30.5881
-3.8107
-147.84
-30.0243
-8.65748
-2.30688
-353.874
-78.1423
-31.163
-4.01727
-139.862
-28.0613
-8.24519
-2.2538
-317.876
-70.4884
-32.3616
-4.49812
-128.609
-25.8045
-9.18784
-2.45771
-276.739
-61.3918
-28.5908
-4.33458
-99.3633
-20.0182
-9.28927
-2.40369
-180.795
-38.3872
-10.3718
-0.352467
-65.9918
-12.3684
-3.53328
-0.596264
-231.044
-50.0198
-18.0471
-2.06395
-75.4184
-14.59
-6.13928
-1.47574
-115.216
-23.1402
-4.84311
0.392224
-44.8573
-7.54405
-0.857339
0.121736
-36.3778
-4.67997
-0.559629
0.620401
-12.5406
0.188375
0.942952
0.596556
-0.252914
-0.0421835
-0.00594338
-0.00056659
6.08318e-05
-0.139904
-0.0196364
-0.00242664
-0.00015496
6.49483e-05
-0.308732
-0.035233
-0.00240702
0.000569425
0.000470384
-0.1919
-0.0106132
0.00154375
0.00113687
0.000542499
-0.221449
-0.00593058
0.00494437
0.00253881
0.00112741
0.135174
0.049256
0.0180963
0.00616508
0.00236281
0.467133
0.115214
0.0349202
0.0106601
0.00379094
0.728917
0.214298
0.0636398
0.0185558
0.00631342
0.213402
0.0540211
0.0179297
0.00586366
0.00219519
0.258721
0.0651414
0.0189711
0.00576391
0.00208013
-0.0444133
0.0158041
0.0090668
0.00349689
0.0014192
0.240484
0.0473227
0.0136538
0.00432179
0.0016272
0.340985
0.0957486
0.0298398
0.00916212
0.00326064
0.297646
0.0952363
0.0288142
0.00856702
0.00298987
0.530451
0.172369
0.0521507
0.0152507
0.00518883
0.395997
0.138399
0.04267
0.012536
0.00427213
-0.173593
-0.0370164
-0.00595001
-0.000720856
-1.74801e-05
-0.0590147
-0.0144095
-0.00245337
-0.000319953
-1.80732e-05
-0.199895
-0.0364598
-0.004565
-0.000186775
0.000189107
-0.0698449
-0.0150631
-0.00215624
-0.000170277
4.5147e-05
-0.199868
-0.0200427
-8.93112e-05
0.000946935
0.000544998
-0.108207
-0.0119251
-0.00034779
0.000438118
0.000275005
-0.0914251
0.0033417
0.00531077
0.00240126
0.00104679
-0.0970204
-0.00490079
0.00195098
0.00118965
0.000564369
0.124966
0.0290581
0.00988339
0.00344515
0.00137367
-3439.02
-7371.44
-3636.96
-7436.1
-4112.11
-7540.45
-4572.56
-7719.25
-4362.82
-7651.18
-1654.47
-2742.26
-2755.01
-4605.68
-899.322
-1389.29
-370.557
-520.589
-22958.8
-6481.04
-2147.18
-969.892
-626.465
-6353.5
-2049.56
-756.903
-336.593
-205.473
-22515.3
-6335.19
-2106.36
-951.604
-617.542
-6474.43
-2235.76
-775.735
-347.374
-217.988
-21209.8
-5977.11
-1995.06
-904.802
-588.193
-6257.86
-2150.18
-745.737
-333.938
-210.082
-19162
-5413.6
-1819.39
-829.882
-540.622
-5975.51
-2023.76
-697.318
-311.063
-194.842
-15959.8
-4534.6
-1540.13
-708.337
-463.037
-5516.96
-1841.51
-633.408
-282.793
-177.109
-7704.56
-2310.92
-806.882
-376.289
-246.827
-2681.36
-904.609
-310.622
-138.743
-87.532
-11362
-3342.72
-1152.39
-533.521
-349.41
-3935.03
-1321.6
-458.155
-206.444
-130.467
-4557.36
-1383.29
-487.083
-228.542
-150.155
-1523.25
-526.712
-179.442
-80.14
-50.9603
-1579.54
-476.735
-168.277
-79.1763
-52.08
-598.363
-186.638
-59.3994
-28.4265
-16.229
-1972.5
-3548.65
-10135
-1572.44
-10380.7
-4645.78
-10046.3
-4882.32
-18819.7
-10078
-20959.1
-11002.9
-2.19852
-6.90764
-11.9014
-14.8116
-6.15582
43.9399
-5.14712
-16.6675
-30.5966
-43.4236
-40.9011
9.70684
-1.26445
-1.03843
-3.86865
-3.46748
-5.78463
-6.27006
-2.82867
-6.60109
6.39287
-5.92343
33.5938
5.31733
210.415
533.873
1055.1
764.641
648.885
218.283
158.553
452.923
862.509
1125.8
968.677
376.873
-1.88903
-1.50002
-1.06074
-0.62287
-0.204348
-5.93006
-4.7042
-3.32344
-1.95022
-0.639597
-10.1933
-8.06341
-5.68031
-3.32558
-1.08928
-12.6605
-9.99204
-7.02287
-4.10419
-1.34295
-5.36795
-4.33763
-3.11961
-1.85516
-0.612554
36.4006
27.6806
18.7503
10.6507
3.43412
-4.40445
-3.47973
-2.44757
-1.43093
-0.468286
-14.2399
-11.2295
-7.88449
-4.60339
-1.50548
-26.0422
-20.4442
-14.2892
-8.31296
-2.7134
-36.7757
-28.7009
-19.9434
-11.5501
-3.7611
-34.4576
-26.7316
-18.47
-10.652
-3.46148
7.89555
5.86855
3.88218
2.16398
0.690806
-1.09021
-0.869544
-0.617824
-0.364229
-0.119755
-0.897457
-0.717955
-0.511764
-0.302518
-0.0996167
-3.33289
-2.65583
-1.8853
-1.11069
-0.365047
-2.99218
-2.38918
-1.69962
-1.00305
-0.329992
-4.97796
-3.96145
-2.80822
-1.65249
-0.542742
-5.39499
-4.29207
-3.04139
-1.78903
-0.587472
-2.48123
-2.0202
-1.46485
-0.877121
-0.290678
-5.67469
-4.50885
-3.19009
-1.87383
-0.614779
5.24386
3.93212
2.61995
1.4664
0.468776
-5.10672
-4.06762
-2.88203
-1.69337
-0.555464
27.8487
21.1991
14.3773
8.17566
2.63782
4.29247
3.16541
2.08015
1.15505
0.368316
173.243
131.025
88.4303
50.1589
16.1789
432.499
322.055
214.715
120.964
38.988
831.957
605.464
397.323
222.416
72.0116
589.56
422.236
275.651
154.616
50.1469
524.635
379.289
246.295
136.236
41.3809
189.172
139.9
91.8497
50.8052
14.6533
130.4
98.4813
66.3706
37.6046
12.1219
368.273
275.027
183.706
103.556
33.3471
690.976
509.005
336.567
188.777
60.8056
888.849
646.515
423.931
236.979
76.4257
764.753
554.406
362.139
201.818
64.7044
299.139
217.418
142.35
79.4878
25.4251
2.2208
6.96494
12.0662
15.2666
7.36776
-40.6253
5.17452
16.7233
30.7194
43.666
41.3974
-8.45906
1.28362
1.05614
3.92287
3.52462
5.94586
6.44823
3.27999
7.00472
-4.96584
5.52212
-28.2513
-3.26622
-202.832
-520.707
-1033.07
-756.165
-666.129
-252.827
-155.529
-447.34
-854.432
-1122.23
-977.551
-395.854
1.91228
1.52288
1.0805
0.636389
0.20916
5.98605
4.7558
3.36575
1.97813
0.649358
10.3476
8.19936
5.78724
3.394
1.11282
13.0748
10.3452
7.29183
4.27206
1.39996
6.44735
5.23337
3.78326
2.26031
0.748492
-33.517
-25.3558
-17.0793
-9.65562
-3.10477
4.43709
3.51536
2.4807
1.45457
0.476869
14.3028
11.2951
7.94373
4.64488
1.5204
26.1748
20.5778
14.4063
8.39347
2.74212
37.0273
28.9455
20.1518
11.6908
3.81081
34.9372
27.1666
18.8199
10.8791
3.54017
-6.79357
-4.96369
-3.21924
-1.76297
-0.556936
1.10892
0.886799
0.631999
0.373601
0.123037
0.914241
0.732966
0.523766
0.310303
0.102317
3.38344
2.70018
1.92009
1.13292
0.372696
3.04467
2.43447
1.7346
1.02513
0.337542
5.12391
4.08515
2.90199
1.71084
0.562525
5.55563
4.42759
3.14364
1.85243
0.60893
2.87928
2.34701
1.70454
1.02233
0.339187
6.03332
4.80599
3.41013
2.0082
0.659875
-3.99751
-2.92168
-1.88892
-1.02855
-0.323422
4.79969
3.86159
2.76523
1.63922
0.540465
-23.2329
-17.5088
-11.7472
-6.62001
-2.12485
-2.4971
-1.70741
-1.02395
-0.521901
-0.157906
-166.788
-125.956
-84.8868
-48.0982
-15.5065
-421.439
-313.491
-208.811
-117.571
-37.8897
-813.152
-590.548
-386.769
-216.223
-69.9861
-578.429
-410.207
-264.986
-147.348
-47.54
-532.828
-380.601
-243.737
-133.05
-39.9711
-211.418
-151.528
-95.9959
-51.2757
-14.4119
-127.856
-96.5124
-65.0167
-36.8286
-11.8707
-363.646
-271.508
-181.329
-102.217
-32.9183
-684.053
-503.5
-332.665
-186.483
-60.0523
-884.742
-642.297
-420.262
-234.495
-75.5425
-769.774
-556.106
-361.728
-200.792
-64.2103
-311.857
-224.344
-145.001
-79.9527
-25.3701
-1659.27
-862.003
-240.911
-24.5009
11.0303
18.2024
-78.5409
-10673.8
-3077.49
-3269.36
-1619.94
-304.096
-2085.72
-91.2355
409.879
65.7161
-5822.06
-2695.41
-1010.87
-685.352
-1855.73
-992.234
-351.33
-550.479
156.678
-28.037
-462.338
-382.911
-6702.84
-2482.98
-3806.08
-1573.49
-1770.5
-3245.35
-685.909
-25.5791
-623.165
-911.368
-549.823
-347.96
-221.643
-116.946
-558.96
-358.239
-217.071
-119.525
-42.67
-195.287
-145.353
-96.7864
-54.45
-17.5306
-20.2545
-15.3111
-10.2769
-5.7813
-1.84849
10.1242
8.55588
6.35128
3.8399
1.27597
16.144
13.2084
9.55432
5.68134
1.87158
-63.6986
-47.431
-31.5881
-17.7757
-5.72485
-6453.7
-4362.12
-2793.87
-1752.32
-1055.23
-1990.31
-1225.87
-800.586
-477.937
-200.037
-2163.94
-1420.61
-906.456
-520.769
-204.452
-1030.53
-622.065
-399.845
-231.715
-81.4276
-236.712
-170.562
-111.589
-62.9188
-20.8449
-1541.85
-1076.04
-684.073
-380.202
-129.269
-65.0104
-43.4587
-27.1065
-15.0733
-5.1006
320.826
230.89
149.194
81.9558
25.9524
58.7246
47.1718
32.9927
18.944
6.05652
-3448.45
-2366.43
-1528.18
-967.229
-580.329
-1784.92
-1167.14
-746.135
-426.318
-161.824
-779.073
-557.886
-363.369
-204.461
-68.2273
-530.175
-380.292
-247.461
-138.548
-45.6077
-1395.36
-982.028
-631.648
-352.486
-118.095
-775.15
-558.61
-363.777
-203.069
-65.8234
-274.068
-197.564
-128.73
-71.8516
-23.3525
-439.829
-323.215
-213.325
-119.612
-38.6167
130.543
99.6658
67.5927
38.3006
12.2718
-19.7409
-12.3855
-6.96591
-3.50098
-1.10368
-363.671
-263.851
-172.745
-96.6834
-31.4422
-304.253
-222.563
-146.476
-82.0943
-26.5813
-3697.07
-2165.07
-1395.36
-868.615
-486.512
-1632.88
-1058.72
-654.838
-366.971
-133.462
-2342.7
-1543.42
-956.927
-546.461
-205.677
-1074.44
-720.495
-448.533
-250.949
-89.3311
-1336.15
-940.326
-604.321
-336.659
-111.095
-2185.12
-1400.44
-885.153
-498.771
-173.591
-543.283
-396.22
-260.093
-145.487
-47.0435
-18.0537
-11.3027
-6.28688
-3.09789
-0.955714
-485.786
-349.608
-227.519
-127.014
-41.3294
-15.1501
-45.1638
-84.0012
-140.663
-224.075
-342.122
-34600.9
-30732.7
-27839.3
-31658.5
-25565
-20211
-21849.1
-16409.7
-31983.6
-29503.1
-29551
-29015.7
-26111.1
-22306.4
-28036.6
-29227.6
-26270.1
-22893
-25753.4
-22142.3
-18536.6
-18676.2
-14717.3
-29399.5
-27750.7
-27169
-26128.6
-23622.5
-21631.3
-23813.4
-23621.2
-21703.3
-18409.5
-20175.9
-18813.8
-16067.4
-15712.6
-13078.4
-25155.1
-24747.6
-23412
-23111.1
-20390
-18543.9
-20782.6
-17047.1
-16016.5
-13168.8
-14062.4
-14287.9
-12658.8
-11731.1
-10246.4
-18980.9
-19894.3
-17861.3
-18771.6
-15927.5
-14325.4
-16677.9
-11082.4
-10550.6
-8497.01
-8951.2
-9606.82
-8581.29
-7741.14
-6867.35
-12680.6
-13191.2
-12032.7
-12443
-10916.7
-9807.54
-11206.9
-4011.94
-3846.32
-3070.19
-3212.84
-3546.11
-3232.21
-2831.62
-2545.67
-4680.77
-4935.84
-4421.53
-4512.23
-4068.12
-3686.93
-4163.53
-11667.5
-11298.4
-18259.5
-19804.1
-10565.2
-9145.53
-15794.9
-12504.8
-7755.64
-4940.56
-7733.25
-5129.27
-7606.48
-7364.43
-5469.89
-11451.5
-10751.9
-16350.8
-17910.6
-9798.72
-8610.92
-14028.2
-11604.1
-7711.28
-4122.56
-7571.52
-4422.35
-6839.48
-6656.78
-4941.87
-10168
-9550.85
-13776.5
-14899.7
-8733.09
-7791.07
-12068.3
-10209.1
-6256.08
-3751.4
-6168.78
-4083.39
-5575.2
-5572.46
-4441.55
-7815.73
-7382.59
-10154.5
-10807.4
-6790.8
-6075.14
-9132.71
-7935.71
-5233.83
-2952.98
-5105.34
-3211.13
-4627.17
-4568.14
-3484.07
-5144.9
-4885.88
-6583.92
-6938.04
-4453.55
-3933.7
-6018.09
-5269.76
-3423.45
-1959.15
-3342.11
-2140.95
-3043.88
-2969.99
-2285.83
-1863.83
-1774.49
-2376.84
-2492.34
-1618.37
-1427.86
-2190.7
-1935.09
-1168.46
-701.148
-1180.01
-768.911
-1101.83
-1067.15
-813.891
11208.4
35879.4
9070.48
37363.2
6571.48
37735.2
9825.68
55152.9
11956.4
75000.6
12209.6
56457
12103.3
47879.1
12651.5
42515.2
7549.84
4880.87
20518.5
12311.4
7118.46
3750.27
21175
10272.7
8928.22
7038.77
27984.6
21247.8
6756.73
5451.17
27965.5
21858.8
16048.7
6911.92
13892.3
6354.89
6920.42
15649.3
50623.8
13324.2
18256
5550.57
62018.5
16288.3
16026.2
4793.11
38053.4
11582.5
19414.6
6436.79
34720.5
10857.4
13118
6497.47
16404.2
6665.38
14318
7680.01
16152
6498.06
17129.6
10027.2
13704.2
6319.42
19243.6
7252.56
6481.66
2368.42
19765.6
13660.1
11683.3
8238.42
18566.6
14651.6
9924.74
7852.89
12524.6
8695.96
18935.2
13084.9
7284.42
5079.77
3153.28
2504.4
6017.79
4750.08
2487.63
2375.97
7930.88
5237.49
3633.69
2294.65
12261.1
7134.71
9841.75
12445.6
17595
13166.6
14838.2
21445.1
7727.77
3956.77
5548.82
6993.69
3524.22
1605.97
2149.79
2461.88
18742.3
32735.4
12407.3
36633.9
21353.5
31426.6
15053.6
37715.2
23232.8
27537
18779
35868.5
20141.1
19686.7
18646.3
19128.6
21219.8
18859.7
21796
25483.9
28996.4
43093.1
15764.1
15184.7
15511.5
18827.4
30050.9
37428.4
32153.6
43307.4
39950
33811.7
30036.3
42227.6
38677.8
28516.6
26758.2
38901.9
36662.4
13511.7
10261.1
16417.5
14161.6
20522.5
18740.2
24618.6
23569.6
34855.1
34665.9
12398.8
10767.8
14840.9
15177.5
17843
19804.4
22069
25119.1
30052.4
34062.6
11816.2
8527.29
7428.55
8110.03
12885.8
13303.4
8288.64
11409.5
7621.93
8393.52
12179.4
9300.11
2005.77
5014.4
467.739
1430.28
3865.5
7224.12
932.315
2132.3
1690.97
5019.57
330.097
1424.24
8541.02
7497.7
10689.6
6230.64
14139.1
10615.3
17815
11686.6
2705.09
3905.42
5296.75
2774.55
2235.42
2525.76
3223.48
2216.72
24735.2
14413.1
4532.04
27945.2
15446
4924.26
23490.7
14063.3
4696.42
27069.1
15233.8
4850.97
21037.4
12599.8
4044.49
25816.1
14898.4
4789.96
7047.26
4152.8
1280.77
11239.9
7129.12
2333.35
15451.5
9894.27
3264.19
19536.8
12054.4
3873.71
25119.4
14901.3
4906.04
7954.7
4751.51
1643.26
11617.1
8013.99
2946.72
15546.3
10721.2
3838.92
20037.7
13252.6
4594.92
25437.3
15245.9
5208.73
295.632
1970.7
2865.65
4054.11
2896.2
2938.22
6994.04
6248.61
518.404
689.31
551.426
712.948
328.766
980.825
662.748
1317.65
2470.39
1254.49
3362.4
2006.56
1559.37
2579.72
3314.67
-175.333
7517.88
987.809
-3128.37
-972.799
934.071
-13.9967
-30.8446
-602.493
6494.76
2266.47
1690.85
819.952
6649.51
2319.76
2146.34
1003.14
6738.13
2454.58
2944.14
1473.26
1783.36
876.055
-18.5432
107.011
12273.7
10028
5482.21
5134.84
15558.3
13571.2
7457.86
6761.57
3953.53
3692.13
8947.13
6668.85
2836.13
2814.56
959.039
1374.8
4196.95
3834.02
1662.45
1903.67
1846.24
2022.88
441.042
1032.31
2803.82
1304.74
2509.01
1146.17
4834.28
1867.26
4031.39
1713.71
1253.04
751.379
1392.45
622.37
168.282
199.916
690.351
239.891
7137.79
3682.32
2675.42
2061.29
7240.19
3984
2661.14
2069.1
7962.07
4658.51
2717.86
2114.41
13282.3
16938.9
10127.9
5436.9
2003.59
15226.6
11757.4
8991.7
5928.29
2433.78
14347.4
10830.3
7139.26
4311.41
1703.39
2093.39
1222.88
1478.31
1090.34
2443.52
1406.18
1594.57
1177.07
3111.55
1849.5
1800.53
1346.34
10822.1
7133.97
8234.78
5051.05
5205.39
3466.59
3740.27
2473.52
1828.73
1498.61
9088.18
7256.38
6628.09
5045.06
4534.64
3423.94
2965.41
2297.84
1372.74
1398.6
5985.16
3705.84
3716.99
2185.99
9290.75
6440.79
6020.19
4534.41
2425.19
1375.45
3762.44
2403.86
3280.61
1486.66
796.779
382.347
4144.28
2842.24
975.932
782.796
2312.08
947.673
595.149
246.666
1397.43
1017.91
678.226
789.413
2136.16
1546.57
921.185
1011.98
1385.16
685.882
474.273
522.455
231.647
79.5824
-201.82
-23.8829
650.48
251.068
67.5816
594.523
165.87
41.9491
779.863
315.645
89.3709
657.22
192.939
50.5929
1000.02
426.321
115.365
764.633
234.674
59.127
4365.8
2361.77
683.883
2836.82
1401.17
403.324
1958.11
913.854
264.473
1339.57
578.303
152.658
871.866
267.565
60.5258
5061.79
2615.64
817.857
3337.99
1571.02
462.883
2222.29
1006.79
288.604
1459.26
611.52
165.007
956.339
268.976
67.1561
621.503
157.159
33.5195
4.41401
254.11
65.7142
14.9082
2.58769
638.709
163.663
36.8312
6.35748
296.061
78.0977
23.5717
6.8937
656.991
169.958
44.6695
11.0095
429.553
116.78
22.6241
3.24022
209.912
63.8059
0.708791
-4.5518
68.1986
30.6453
4.87466
0.731188
447.641
123.937
23.0299
-0.981967
331.542
88.9391
24.9246
2.34881
595.98
157.005
39.0565
6.74257
473.749
122.249
34.5794
2.98492
275.591
81.4398
15.8961
0.456616
200.881
56.8532
17.4735
3.09306
102.411
35.5234
8.88212
2.44885
74.7299
24.3572
8.79592
2.7676
746.455
189.913
42.3454
4.92429
647.944
168.159
49.1806
6.88383
733.486
186.599
41.8072
4.62292
629.468
162.073
48.3364
6.46652
705.001
178.78
46.361
7.65442
598.582
151.672
49.5404
7.9154
577.279
148.648
45.4871
12.5234
647.755
162.144
59.9489
10.6792
474.875
121.133
39.3109
6.90803
436.473
110.616
37.6358
7.40885
158.065
38.7194
11.5179
3.32206
460.764
115.478
38.4478
7.4101
168.943
40.9829
12.3555
3.66775
489.693
120.535
40.5618
7.78936
181.673
43.3823
13.0888
3.98946
455.669
111.243
41.0928
7.95478
184.769
43.5325
14.4843
4.40309
413.31
102.165
38.1931
7.75867
167.085
41.0862
15.3067
4.61807
237.878
59.1856
17.5893
3.43193
122.113
32.8808
10.2363
3.1735
314.147
76.5269
25.9469
5.28663
145.777
37.6588
13.1121
4.07088
151.178
39.1097
11.1458
2.38829
79.2555
22.561
6.41514
2.14164
59.0169
17.4071
6.05357
1.86777
33.0403
11.0132
3.65099
1.36707
0.896414
0.176553
0.0362004
0.00788625
0.00213565
0.418963
0.0834542
0.0175521
0.00391969
0.00108352
1.12205
0.231801
0.0519509
0.0123206
0.003574
0.706488
0.15234
0.0367742
0.00921094
0.00277244
1.23079
0.272751
0.0665516
0.0167682
0.00507104
1.19887
0.34529
0.0941345
0.0250889
0.0078435
0.879265
0.304991
0.0888647
0.0245841
0.00789406
0.832521
0.290035
0.0882746
0.0253275
0.00838174
0.912868
0.271091
0.0742038
0.0198471
0.00623184
0.751206
0.225406
0.0634714
0.0173102
0.00550633
1.10608
0.270062
0.0690259
0.017855
0.00548981
0.877741
0.259392
0.0712815
0.01908
0.00597793
0.795765
0.253753
0.07265
0.0200232
0.00643313
0.702155
0.213943
0.0623033
0.0174865
0.00569294
0.699175
0.226963
0.0686597
0.0197847
0.00658444
0.595147
0.184497
0.0554192
0.0160159
0.00535334
0.849738
0.158959
0.0315352
0.00668929
0.00177186
0.367108
0.0647623
0.0126138
0.00265231
0.000698085
0.973739
0.196484
0.0420486
0.00958068
0.00269623
0.413155
0.079531
0.0166916
0.00375106
0.00104423
1.01715
0.210442
0.0483477
0.0117302
0.00346184
0.586999
0.124055
0.0289689
0.00709595
0.002104
1.19985
0.278762
0.0698609
0.0178629
0.00544621
0.809408
0.183498
0.0453339
0.0114931
0.0034824
1.09563
0.299504
0.0798862
0.0210429
0.00652095
3453.76
8405.4
3642.36
8355.42
4028.59
8211.61
4530.68
8213.33
4378.97
8060.23
1440.01
2592.97
2632.76
4621.33
649.878
1194.02
110.288
313.439
22557.5
6365.85
2119.56
963.68
624.801
6334.78
2030.68
751.869
336.447
206.28
22106.9
6226.26
2080.27
945.613
615.776
6384.28
2194.11
764.339
344.367
216.925
20882.4
5888.61
1974.03
900.217
587.032
6177.25
2114.57
736.326
331.712
209.462
18913.6
5344.87
1802.93
826.289
539.713
5906.54
1993.57
689.357
309.226
194.364
15778.6
4485.79
1528.62
705.861
462.424
5465.12
1817.42
626.993
281.323
176.734
7608.93
2290.42
802.559
375.413
246.62
2620.2
888.52
306.96
137.98
87.3481
11226.2
3310.54
1145.23
532.034
349.05
3885.66
1303.66
453.618
205.44
130.215
4493.47
1370.52
484.49
228.019
150.029
1457.24
511.512
176.25
79.5071
50.8189
1532.97
467.998
166.561
78.8436
52.005
531.464
171.949
56.4292
27.8369
16.0926
-1536.8
-537.433
5799.95
-1586.58
822.888
880.053
2570.53
3354.4
2182.76
4195.94
3878.33
6001.55
5063.7
6252.33
2539.35
3379.26
2496.12
2969.9
1224.86
1272.04
1530.69
797.85
261.127
37.6037
9.77132
9.08608
110.232
11762.9
4073.58
3849.52
3075.03
728.174
523.004
2222.55
250.679
292.89
244.291
60.6553
6255.57
3030.98
1311.25
813.268
1964.67
1112.22
385.258
608.183
-15.1408
110.516
579.291
474.881
6782.14
2486.12
3950.88
1619.54
1844.15
3492.6
742.401
83.6781
720.59
843.837
523.075
343.626
226.286
120.115
520.191
339.49
211.633
120.109
43.6903
212.555
158.982
106.371
60.0521
19.3628
31.7532
24.6714
17.0638
9.8478
3.19789
7.74645
5.63556
3.69195
2.06554
0.663924
7.18312
5.21985
3.42623
1.9255
0.622744
91.2142
69.5333
47.3868
27.1269
8.8049
7057.62
4718.92
2989.54
1828.29
1033.23
2749.43
1782.09
1164.09
675.56
263.967
2583.23
1719.58
1098.93
624.858
235.59
1980.57
1219.31
760.225
425.396
145.714
486.924
294.643
187.655
105.719
35.8907
422.981
314.857
210.614
119.658
39.2077
1631.83
1124.69
707.616
389.995
131.632
234.907
188.893
129.708
75.2854
25.2496
234.464
173.772
116.307
66.2808
21.7569
211.843
166.003
115.423
67.3629
22.3692
42.9171
28.3316
17.3581
9.42562
3.06656
3814.68
2636.27
1703.84
1058.56
599.821
2061.72
1381.52
893.432
509.724
187.912
1028.99
748.927
493.362
278.328
91.9093
636.445
461.667
303.003
170.214
55.7838
1472.9
1032.17
660.362
366.43
121.986
881.419
645.061
425.84
239.751
77.8856
303.728
221.635
146.117
82.2204
26.7767
488.349
360.773
239.189
134.457
43.4166
-11.5668
-7.55471
-3.98906
-1.58472
-0.323508
89.3932
66.6142
44.6062
25.3053
8.20998
460.333
337.023
222.027
124.52
40.3732
381.432
282.157
187.441
105.601
34.188
3772.52
2231.11
1447.9
900.794
495.42
1642.36
1072.12
668.335
376.774
137.086
2499.52
1681.75
1062.18
610.83
229.541
1121.87
764.546
483.579
273.191
96.9378
1399.41
990.613
639.732
357.264
117.785
2391.16
1563.04
998.519
563.879
194.191
590.799
433.102
285.594
160.176
51.7993
67.5179
50.1742
33.5087
18.9702
6.14434
569.037
415.24
273.512
153.769
50.042
-47232
-73829.3
-39302.2
-60058.9
-39960
-79342.1
-47889.4
-100375
-30333.8
-21186
-32962.1
-21213.5
-26889.9
-17440.1
-32110.9
-17650
-41222.5
-32847
-57534.3
-43585.8
-35432.9
-29919.3
-48156.1
-37981.4
-27759.8
-29332.1
-23019.7
-23032.6
-28594.7
-25867.3
-60977.7
-16853.4
-24332
-9370.59
-71190.6
-20050.1
-21216
-8449.16
-47572.4
-14997
-25305.9
-9956.09
-43970.9
-13531.6
-23362.8
-9682.37
-28358.3
-10522.7
-22343.8
-10217.8
-24813.2
-9270.18
-22908.6
-11856.3
-19722.4
-8208.6
-24503.8
-8978.17
-8571.16
-3116.01
-17590.3
-12552.3
-15191.3
-9681.87
-14337.4
-11592.1
-12560
-8790.8
-16365.9
-10225.5
-19552.9
-13545.7
-10529.9
-6611.3
-5871.2
-3966.1
-8745.3
-6010.58
-4912.34
-3672.13
-11204.9
-6703.69
-6264.98
-3648.23
-15240.9
-8219.46
-11052.3
-13041.9
-19783.7
-14160.9
-15834.1
-22106.8
-10210.9
-4837.34
-6646.11
-7477.31
-5490.35
-2323.37
-3139.7
-2874.49
-24428.5
-31303
-14359.1
-36971.6
-25302.8
-29656.6
-16630.5
-37701.9
-25292.3
-26376
-19852.9
-35645.1
-14959.3
-11459.4
-17894.6
-21118.4
-22351.9
-15065.8
-19163.7
-24345.2
-28686.6
-43034.2
-10846.9
-12747.1
-15133.1
-19305.4
-30482.5
-30429.8
-21128.9
-39807.9
-30452.6
-27983
-20515.8
-39107.2
-30344.2
-24319.3
-19161.6
-36429.5
-30022.2
-12104
-9460.1
-14745.6
-11975.5
-17904.5
-14981.9
-21457.1
-18623.6
-33034.1
-30003.2
-10584.5
-9437.51
-12942.9
-12618.2
-16061.8
-16496.6
-20641.5
-21532.9
-29333.4
-30470.8
-10652.6
-7933.14
-7578.94
-8121.57
-10798.1
-12084.7
-7952.06
-10867.7
-8085.46
-8681.59
-11853.1
-9074.77
-2654.25
-5360.69
-1254.96
-1907.36
-4267.93
-7260.97
-1566.57
-2420.97
-2407.26
-5481.23
-1128.91
-1940.12
-9063.41
-7832.36
-11118.1
-6471.51
-14280.2
-10558.3
-18116.4
-11571
-3316.18
-4329.26
-5717.82
-3073.03
-2892.05
-2978.56
-3646.52
-2534.62
-12892.8
-4404.5
-17821.4
-5995.31
-13071.4
-4600.5
-18173
-6409.58
-12813.8
-4447.58
-18837.7
-7002.35
-5883.6
-1904.77
-8268.87
-2998.88
-10524
-3920.22
-13581.6
-4940.53
-19831.8
-7596.38
-6597.05
-2313.16
-8755.38
-3748.05
-11631.5
-4874.09
-15578.9
-6279.64
-20880.9
-7744.68
-9853.17
-8836.83
-8042.87
-7558.77
-16862.8
-12697.2
-14173.4
-11520.5
-6003.73
-4190.38
-2555.62
-1579.3
-5888.81
-4628.56
-2625.1
-2203.07
-4996.5
-6637.52
-5549.29
-6921.51
-5081.75
-3987.66
-6067.72
-2471.14
-11332
-4213.06
811.348
-1589.8
-2911.64
-2125.04
-1414.19
-1317.52
-2385.07
-1076.88
-969.773
-403.671
-2666.29
-1186.15
-1493.44
-568.412
-3209.76
-1426.27
-2604.31
-1055.83
-2266
-813.836
-990.799
-270.597
-7218.74
-6804.71
-6032.99
-4917.14
-10474.2
-9698.28
-9016.46
-7028.34
-3824.07
-3276.15
-4896.8
-4542.1
-4195.85
-3242.63
-2477.07
-2012.38
-6233.91
-4663.48
-3659.43
-2884.73
-2622.31
-2155.74
-1485.8
-1369.12
-2213.21
-962.235
-2117.08
-933.808
-2771.1
-1209.22
-2891.58
-1292.28
-1458.05
-674.62
-1375.44
-553.508
-691.445
-262.898
-828.985
-240.802
-2962.11
-2973.18
-1481.25
-1581.53
-3100.84
-3181.37
-1511.87
-1586.92
-3519.92
-3338.19
-1606.95
-1560.33
-5111.39
-8047.95
-3774.57
-2407.67
-1128.05
-11021
-7394.2
-5515.16
-3803.57
-1798.47
-8627.64
-6282.47
-4282.79
-2832.08
-1198.3
-2670.59
-2031.35
-1639.24
-1838.88
-2831.34
-2128.95
-1653.62
-1839.91
-3112.96
-2470.27
-1646.42
-1838
-9631.5
-7168.07
-7370.45
-5334.51
-5132.24
-3757.47
-3499.19
-2653.61
-1605.52
-1732.98
-7461.04
-6620.29
-5302.05
-4685.77
-3605.76
-3157.54
-2394.37
-2137.58
-1038.59
-1384.3
-4326.45
-2962.22
-3162.56
-1734.96
-7084.3
-5485
-5422.01
-3981.85
-1997.48
-1034.82
-2715.58
-1880.29
-3272.81
-1382.47
-1050.16
-442.876
-4288.21
-2772
-1411.77
-926.397
-2238.76
-846.683
-712.759
-260.853
-1131.26
-808.912
-554.095
-694.827
-1578.21
-1233.78
-699.411
-887.733
-1303.02
-610.39
-419.397
-479.624
-259.054
-69.8901
212.783
37.3059
-1273.15
-409.573
-1137.26
-148.556
-1383.01
-482.311
-1164.04
-166.121
-1521.19
-499.561
-1128.75
-144.348
-4228.08
-1292.74
-3168.26
-988.274
-2422.25
-814.919
-1595.27
-475.513
-1074.3
-179.287
-4587.21
-1338.44
-3175.26
-832.909
-2172.28
-565.582
-1442.58
-329.901
-1064.67
-184.43
-363.057
-100.438
-20.4763
-0.96431
-145.177
-40.4721
-9.33459
-1.29472
-386.346
-105.558
-23.0011
-2.69246
-168.983
-45.2316
-15.9931
-5.20232
-424.346
-113.004
-30.3718
-7.22983
-273.584
-67.7006
-7.90169
1.26876
-127.662
-26.51
12.9798
9.17812
-24.1144
3.13504
9.04558
4.03906
-324.336
-84.3924
-10.2167
5.39864
-244.392
-58.2305
-14.4515
1.58786
-422.582
-109.981
-25.7907
-2.62193
-334.947
-80.2794
-21.5612
1.97102
-208.991
-52.0481
-5.0514
3.35616
-153.298
-35.5176
-9.10516
0.202956
-68.9609
-12.2548
1.11454
1.2454
-47.7264
-8.07987
-1.56927
0.223071
-476.18
-128.042
-26.6681
-0.0985367
-484.854
-122.449
-38.4935
-2.17947
-471.729
-125.153
-25.8621
0.355674
-472.434
-117.966
-37.8365
-1.81019
-461.109
-119.704
-31.5242
-3.25271
-446.756
-110.021
-39.9768
-3.54813
-356.357
-90.8351
-30.145
-7.93767
-480.698
-115.748
-48.5692
-5.44896
-319.724
-75.8574
-25.6405
-1.4191
-376.076
-84.2451
-31.3028
-4.09566
-148.358
-30.3195
-8.42085
-2.13088
-370.528
-82.4863
-30.5522
-3.80217
-147.64
-29.9727
-8.63827
-2.30382
-353.774
-78.0973
-31.1521
-4.01276
-139.811
-28.0394
-8.2371
-2.25109
-317.796
-70.452
-32.3493
-4.49343
-128.568
-25.7869
-9.18092
-2.45471
-276.637
-61.3503
-28.5751
-4.32894
-99.3135
-19.9974
-9.28076
-2.4
-180.671
-38.3399
-10.3541
-0.345687
-65.9067
-12.3317
-3.51943
-0.590631
-230.946
-49.982
-18.0321
-2.05805
-75.3506
-14.5614
-6.12805
-1.47101
-115.077
-23.0861
-4.82336
0.399684
-44.7624
-7.50223
-0.841927
0.127872
-36.2431
-4.62639
-0.540048
0.627931
-12.4439
0.231245
0.958577
0.60265
-0.25
-0.0419094
-0.00596334
-0.000585546
5.1839e-05
-0.137516
-0.0194199
-0.00243289
-0.000165823
5.94117e-05
-0.307332
-0.0347154
-0.0022549
0.000612121
0.000484616
-0.190671
-0.0102188
0.00165934
0.00116992
0.000553669
-0.21921
-0.00523385
0.00514474
0.00259467
0.00114576
0.138948
0.0503289
0.0184
0.00625051
0.00239114
0.470824
0.116279
0.0352195
0.010743
0.00381784
0.73258
0.215364
0.0639359
0.018636
0.00633873
0.216262
0.0548789
0.0181732
0.00593099
0.00221699
0.261301
0.0659304
0.0191959
0.00582574
0.00209995
-0.0418646
0.0165674
0.00928433
0.00355742
0.00143902
0.243388
0.0481845
0.0138968
0.00438888
0.001649
0.343908
0.0966306
0.03009
0.00923085
0.0032826
0.300364
0.0960585
0.0290476
0.00863091
0.00301019
0.533447
0.173251
0.0523965
0.015317
0.00520962
0.398556
0.139156
0.0428818
0.0125932
0.00429003
-0.171877
-0.036888
-0.00596586
-0.000731798
-2.22489e-05
-0.0579232
-0.0143489
-0.00245673
-0.000322891
-1.9356e-05
-0.198625
-0.0360617
-0.00445415
-0.000156525
0.000199014
-0.0692046
-0.0149012
-0.00211399
-0.000158992
4.88033e-05
-0.198361
-0.019575
4.2928e-05
0.000983158
0.000556698
-0.107212
-0.0116367
-0.000268154
0.000459967
0.000282154
-0.0888187
0.00410302
0.00552462
0.00246039
0.00106608
-0.0953183
-0.00441384
0.00208662
0.00122729
0.00057675
0.128206
0.029991
0.0101436
0.00351709
0.00139725
-3392.18
-7343.35
-3635.89
-7433.1
-4111.43
-7539.9
-4572.17
-7718.84
-4362.72
-7651.02
-1654.64
-2742.4
-2755.11
-4605.73
-899.494
-1389.44
-370.669
-520.684
-22990.5
-6479.24
-2145.76
-969.144
-625.979
-6404.6
-2064.79
-761.406
-338.509
-206.672
-22505.4
-6330.88
-2104.58
-950.675
-616.891
-6461.85
-2231.14
-774.014
-346.507
-217.398
-21211.1
-5976.96
-1994.77
-904.578
-588.01
-6255.89
-2149.24
-745.309
-333.703
-209.915
-19162.4
-5413.47
-1819.2
-829.732
-540.499
-5975.01
-2023.45
-697.134
-310.947
-194.755
-15960
-4534.55
-1540.04
-708.257
-462.97
-5516.85
-1841.39
-633.318
-282.728
-177.058
-7704.77
-2310.95
-806.875
-376.278
-246.815
-2681.41
-904.603
-310.604
-138.726
-87.5181
-11362.3
-3342.74
-1152.36
-533.489
-349.381
-3935.04
-1321.56
-458.116
-206.412
-130.441
-4557.49
-1383.31
-487.083
-228.538
-150.151
-1523.3
-526.715
-179.435
-80.1325
-50.9537
-1579.59
-476.744
-168.278
-79.1755
-52.0791
-598.397
-186.643
-59.398
-28.4246
-16.2271
-1969.71
-3551.56
-10142.7
-1571.3
-10391.9
-4639.12
-10044.4
-4879.99
-18803
-10066.2
-21020.2
-11005.6
-2.19828
-6.90658
-11.8995
-14.8091
-6.15433
43.9348
-5.14654
-16.665
-30.5918
-43.4169
-40.8948
9.70605
-1.26431
-1.03831
-3.86804
-3.46691
-5.78365
-6.269
-2.82803
-6.5999
6.39247
-5.92215
33.5902
5.31724
210.388
533.807
1054.98
764.562
648.807
218.235
158.532
452.865
862.404
1125.66
968.556
376.811
-1.88883
-1.49985
-1.06061
-0.62279
-0.204321
-5.92913
-4.70342
-3.32286
-1.94987
-0.63948
-10.1916
-8.06201
-5.67928
-3.32495
-1.08906
-12.6583
-9.99022
-7.02152
-4.10337
-1.34268
-5.36663
-4.33655
-3.11881
-1.85468
-0.612391
36.3961
27.6768
18.7475
10.649
3.43354
-4.40393
-3.4793
-2.44725
-1.43073
-0.468219
-14.2377
-11.2276
-7.88313
-4.60256
-1.5052
-26.038
-20.4408
-14.2867
-8.3114
-2.71288
-36.7698
-28.696
-19.9398
-11.5479
-3.76036
-34.452
-26.7271
-18.4666
-10.6499
-3.46078
7.89485
5.86797
3.88175
2.16371
0.690716
-1.09009
-0.869442
-0.617748
-0.364182
-0.119739
-0.897344
-0.717861
-0.511694
-0.302475
-0.0996023
-3.33235
-2.65539
-1.88497
-1.11048
-0.364979
-2.99168
-2.38876
-1.69932
-1.00286
-0.32993
-4.9771
-3.96074
-2.80769
-1.65217
-0.542634
-5.39405
-4.2913
-3.04082
-1.78868
-0.587356
-2.48067
-2.01974
-1.46451
-0.876915
-0.290609
-5.67364
-4.50799
-3.18946
-1.87344
-0.61465
5.2435
3.93182
2.61972
1.46625
0.468726
-5.10559
-4.0667
-2.88135
-1.69296
-0.555326
27.8455
21.1964
14.3753
8.17442
2.6374
4.29237
3.16531
2.08006
1.15499
0.368293
173.219
131.005
88.4157
50.1498
16.1758
432.44
322.006
214.678
120.941
38.9804
831.85
605.375
397.257
222.375
71.9971
589.493
422.183
275.613
154.593
50.1392
524.572
379.242
246.265
136.22
41.3771
189.138
139.88
91.8408
50.8036
14.6543
130.382
98.4663
66.3594
37.5978
12.1196
368.222
274.986
183.674
103.537
33.3405
690.883
508.928
336.51
188.742
60.7936
888.732
646.419
423.86
236.936
76.411
764.649
554.323
362.08
201.782
64.6926
299.089
217.381
142.326
79.4746
25.4211
2.2202
6.9634
12.0636
15.2631
7.36507
-40.6212
5.17324
16.7198
30.7134
43.6577
41.3894
-8.45906
1.28326
1.05586
3.92196
3.5238
5.94446
6.44674
3.27888
7.00299
-4.96615
5.52033
-28.2491
-3.26702
-202.804
-520.639
-1032.95
-756.107
-666.092
-252.833
-155.508
-447.28
-854.327
-1122.1
-977.457
-395.831
1.91176
1.52245
1.08019
0.636202
0.209098
5.98469
4.75469
3.36494
1.97764
0.649195
10.3453
8.19748
5.78586
3.39317
1.11255
13.0717
10.3427
7.29002
4.27097
1.3996
6.445
5.23147
3.78188
2.25949
0.748219
-33.5134
-25.3528
-17.0771
-9.6543
-3.10432
4.43597
3.51444
2.48003
1.45417
0.476735
14.2997
11.2927
7.94192
4.64379
1.52004
26.1694
20.5734
14.4032
8.39157
2.74148
37.02
28.9395
20.1475
11.6882
3.80994
34.9302
27.161
18.8158
10.8766
3.53935
-6.79356
-4.96367
-3.21921
-1.76294
-0.556925
1.10861
0.886543
0.631812
0.373489
0.123
0.913989
0.73276
0.523615
0.310211
0.102286
3.38264
2.69952
1.91961
1.13263
0.372599
3.04395
2.43388
1.73416
1.02487
0.337455
5.12268
4.08414
2.90125
1.7104
0.562377
5.55432
4.42651
3.14286
1.85196
0.608772
2.8783
2.34621
1.70395
1.02198
0.33907
6.03181
4.80475
3.40923
2.00766
0.659694
-3.99778
-2.92189
-1.88907
-1.02864
-0.32345
4.79813
3.86032
2.76431
1.63868
0.540284
-23.231
-17.5072
-11.746
-6.6193
-2.12461
-2.4978
-1.70797
-1.02434
-0.522132
-0.157981
-166.764
-125.936
-84.8727
-48.0896
-15.5036
-421.38
-313.443
-208.776
-117.55
-37.8826
-813.048
-590.464
-386.707
-216.185
-69.9729
-578.376
-410.16
-264.949
-147.324
-47.5312
-532.789
-380.563
-243.704
-133.026
-39.9629
-211.415
-151.518
-95.9819
-51.2635
-14.4072
-127.837
-96.4972
-65.0056
-36.8219
-11.8685
-363.593
-271.466
-181.298
-102.198
-32.912
-683.961
-503.425
-332.61
-186.449
-60.0408
-884.633
-642.207
-420.195
-234.453
-75.5281
-769.689
-556.033
-361.672
-200.756
-64.1978
-311.833
-224.32
-144.98
-79.938
-25.3646
-1659.28
-861.992
-240.882
-24.5027
11.024
18.1936
-78.5363
-10672.4
-3076.94
-3268.88
-1619.7
-304.047
-2085.43
-91.2259
409.826
65.6991
-5821.5
-2695.08
-1010.71
-685.258
-1855.48
-992.124
-351.298
-550.405
156.646
-28.0416
-462.27
-382.859
-6702.41
-2482.81
-3805.83
-1573.38
-1770.31
-3245.03
-685.823
-25.5846
-623.091
-911.325
-549.749
-347.874
-221.563
-116.895
-558.934
-358.201
-217.029
-119.49
-42.6537
-195.262
-145.332
-96.7715
-54.441
-17.5275
-20.2558
-15.3121
-10.2774
-5.78153
-1.84855
10.1187
8.55155
6.34821
3.8381
1.27538
16.1364
13.2024
9.55003
5.67883
1.87075
-63.6943
-47.4273
-31.5852
-17.7738
-5.72419
-6452.64
-4361.36
-2793.37
-1752.01
-1055.06
-1989.89
-1225.58
-800.392
-477.826
-199.995
-2163.57
-1420.34
-906.274
-520.664
-204.413
-1030.36
-621.949
-399.771
-231.674
-81.4144
-236.67
-170.528
-111.565
-62.9046
-20.8401
-1541.62
-1075.86
-683.955
-380.135
-129.246
-65.0025
-43.4524
-27.1019
-15.0705
-5.0996
320.783
230.857
149.172
81.9434
25.9485
58.7099
47.1601
32.9844
18.9391
6.05494
-3447.97
-2366.05
-1527.9
-967.034
-580.209
-1784.65
-1166.94
-745.991
-426.229
-161.79
-778.94
-557.782
-363.295
-204.417
-68.2122
-530.096
-380.229
-247.416
-138.521
-45.5985
-1395.15
-981.868
-631.536
-352.42
-118.072
-775.052
-558.529
-363.716
-203.031
-65.8102
-274.04
-197.54
-128.712
-71.8404
-23.3486
-439.765
-323.164
-213.289
-119.59
-38.6092
130.515
99.6441
67.5775
38.2918
12.2689
-19.7447
-12.3884
-6.96787
-3.50203
-1.104
-363.612
-263.805
-172.712
-96.6643
-31.4358
-304.208
-222.527
-146.451
-82.0789
-26.5761
-3696.69
-2164.77
-1395.11
-868.426
-486.393
-1632.73
-1058.59
-654.732
-366.897
-133.431
-2342.47
-1543.22
-956.763
-546.345
-205.625
-1074.35
-720.414
-448.467
-250.904
-89.3124
-1335.98
-940.19
-604.221
-336.596
-111.073
-2184.84
-1400.24
-885
-498.674
-173.555
-543.209
-396.161
-260.05
-145.461
-47.0347
-18.0584
-11.3063
-6.28936
-3.09926
-0.95614
-485.722
-349.556
-227.48
-126.99
-41.3214
-15.1489
-45.1605
-83.995
-140.653
-224.059
-342.1
-34734.6
-30697.1
-27805.4
-31803.9
-25546.9
-20201.7
-21834.1
-16402.7
-32076.4
-29572.9
-29517.9
-28988.7
-26094.4
-22295.5
-28021.4
-29343.4
-26249.5
-22874.2
-25868.2
-22129.1
-18528.6
-18665
-14711.1
-29473.3
-27790.4
-27151.9
-26117.9
-23611.4
-21622.9
-23806.6
-23702.3
-21693.9
-18401.2
-20252.1
-18805.9
-16061.8
-15705.7
-13073.8
-25218.2
-24782.1
-23406.4
-23113.3
-20384.5
-18538.9
-20779.9
-17092.9
-16014.2
-13166.9
-14103
-14284.8
-12656
-11728.3
-10243.9
-19024.2
-19907.7
-17860.3
-18765
-15925.2
-14323
-16676.3
-11106.4
-10550.1
-8496.74
-8972.11
-9605.61
-8579.96
-7740.1
-6866.14
-12706.3
-13199.5
-12032.4
-12442
-10915.5
-9806.27
-11205.5
-4019.48
-3846.24
-3070.2
-3219.45
-3545.77
-3231.8
-2831.35
-2545.3
-4698.35
-4947.18
-4421.28
-4511.42
-4067.66
-3686.49
-4162.91
-11697.4
-11297.4
-18249.6
-19872
-10562.4
-9142.87
-15787.2
-12500.2
-7766.12
-4945.13
-7734.73
-5130.78
-7605.54
-7362.9
-5469.76
-11482
-10749.9
-16343.2
-17976.6
-9795.92
-8608.36
-14021.8
-11599.8
-7730.87
-4129.56
-7571.02
-4424.2
-6838.31
-6655.32
-4941.4
-10195.5
-9549.46
-13772.6
-14949.4
-8730.98
-7788.98
-12064
-10205.8
-6270.35
-3760.86
-6167.97
-4083.42
-5574.25
-5571.3
-4441.06
-7835.43
-7382.09
-10153.5
-10837.3
-6789.68
-6073.87
-9130.8
-7933.81
-5244.19
-2961.24
-5104.78
-3213.11
-4626.54
-4567.38
-3483.76
-5156.72
-4885.78
-6583.82
-6954.4
-4453.06
-3933.07
-6017.33
-5268.82
-3429.48
-1963.98
-3341.85
-2140.8
-3043.55
-2969.59
-2285.61
-1867.87
-1774.47
-2376.87
-2497.68
-1618.23
-1427.67
-2190.5
-1934.81
-1171.18
-702.649
-1179.86
-768.668
-1101.71
-1067.02
-813.774
)
;

boundaryField
{
    patch1
    {
        type            calculated;
        value           nonuniform List<scalar> 
2440
(
0
0
3492.91
742.486
83.6844
720.668
-3245.35
-685.909
-25.5791
-623.165
0
0
3492.6
742.401
83.6781
720.59
-3245.03
-685.823
-25.5846
-623.091
0
0
0
0
0
0
0
0
-2586.55
0
0
0
0
0
0
0
0
1530.82
797.942
261.158
37.6063
9.77032
9.08452
110.242
11764
4074.07
3849.95
3075.42
728.286
523.074
2222.83
250.731
292.927
244.331
60.6597
6256.04
3031.27
1311.41
813.363
1964.9
1112.34
385.296
608.256
-15.1479
110.526
579.366
474.939
6782.6
2486.33
3951.15
1619.67
1844.34
-1393.73
-1.26445
-1.03843
-3.86865
-3.46748
-5.78463
-6.27006
-2.82867
-6.60109
6.39287
-5.92343
33.5938
5.31733
1.28362
1.05614
3.92287
3.52462
5.94586
6.44823
3.27999
7.00472
-4.96584
5.52212
-28.2513
-3.26622
-1659.27
-862.003
-240.911
-24.5009
11.0303
18.2024
-78.5409
-10673.8
-3077.49
-3269.36
-1619.94
-304.096
-2085.72
-91.2355
409.879
65.7161
-5822.06
-2695.41
-1010.87
-685.352
-1855.73
-992.234
-351.33
-550.479
156.678
-28.037
-462.338
-382.911
-6702.84
-2482.98
-3806.08
-1573.49
-1770.5
0
0
0
0
0
0
0
0
-2582.07
0
0
0
0
0
0
0
0
1530.69
797.85
261.127
37.6037
9.77132
9.08608
110.232
11762.9
4073.58
3849.52
3075.03
728.174
523.004
2222.55
250.679
292.89
244.291
60.6553
6255.57
3030.98
1311.25
813.268
1964.67
1112.22
385.258
608.183
-15.1408
110.516
579.291
474.881
6782.14
2486.12
3950.88
1619.54
1844.15
-1396.71
-1.26431
-1.03831
-3.86804
-3.46691
-5.78365
-6.269
-2.82803
-6.5999
6.39247
-5.92215
33.5902
5.31724
1.28326
1.05586
3.92196
3.5238
5.94446
6.44674
3.27888
7.00299
-4.96615
5.52033
-28.2491
-3.26702
-1659.28
-861.992
-240.882
-24.5027
11.024
18.1936
-78.5363
-10672.4
-3076.94
-3268.88
-1619.7
-304.047
-2085.43
-91.2259
409.826
65.6991
-5821.5
-2695.08
-1010.71
-685.258
-1855.48
-992.124
-351.298
-550.405
156.646
-28.0416
-462.27
-382.859
-6702.41
-2482.81
-3805.83
-1573.38
-1770.31
0
0
0.00349463
0.00654005
0.000564369
0.00137367
-342.122
0
0
0
0
0
0
0.0034824
0.00652095
0.00057675
0.00139725
-342.1
0
0
0
0
0
3457.45
2427.63
2754.84
4557.69
427.392
-122.114
408.081
-123.936
2136.67
1494.57
5652.76
6392.16
-24.5034
-136.026
1056.32
1031.43
0
0
0
0
0
0
0
0
0
0
0
0
0
0
0
0
0
0
0
0
0
0
0
0
0
0
0
0
0
0
0
0
0
7.39472
3.3042
7.42207
3.67307
7.79515
3.99396
7.95876
4.40698
7.76141
4.62106
3.42935
3.17216
5.2866
4.07207
2.38352
2.13793
1.8614
1.36179
0.00221144
0.00113378
0.00358666
0.00278192
0.00508357
0.00786252
0.00790059
0.00837259
0.0062399
0.00551064
0.00550179
0.00599042
0.00643333
0.00569122
0.00657358
0.00534266
0.00181381
0.000713535
0.0027086
0.00104994
0.00347162
0.00211173
0.0054618
626.292
200.074
617.375
212.685
588.1
205.065
540.616
190.284
463.113
173.209
246.982
86.8042
349.663
128.286
150.197
50.8294
52.0472
16.1475
-1739.23
-474.555
-2589.66
-307.377
5970.25
5749.73
2673.71
3136.72
6258.06
7342.09
748.046
-3229.82
-2677.07
-3198.57
-4607.29
-857.375
-362.928
-915.462
-396.017
-2522.24
-1705.57
-5661.84
-6098.48
-412.403
-152.969
-1509.75
-1346.92
-0.245423
0.00998685
0
0
0
0
0
0
0
0
0
0
0
0
0
0
0.077843
-0.0287692
0
0
0
0
0
0
0
0
0
0
0
0
0
0
-4.08898
-2.1171
-3.8107
-2.30688
-4.01727
-2.2538
-4.49812
-2.45771
-4.33458
-2.40369
-0.352467
-0.596264
-2.06395
-1.47574
0.392224
0.121736
0.620401
0.596556
6.08318e-05
6.49483e-05
0.000470384
0.000542499
0.00112741
0.00236281
0.00379094
0.00631342
0.00219519
0.00208013
0.0014192
0.0016272
0.00326064
0.00298987
0.00518883
0.00427213
-1.74801e-05
-1.80732e-05
0.000189107
4.5147e-05
0.000544998
0.000275005
0.00104679
-627.487
-200.404
-618.507
-213.107
-589.092
-205.474
-541.411
-190.642
-463.665
-173.509
-247.179
-86.9721
-349.998
-128.502
-150.319
-50.9641
-52.1213
-16.282
-1687.45
-2842.57
112.161
182.357
-440.822
412.655
570.422
-0.476299
-0.116582
-0.0961023
-0.443405
0
0
0
0
0
0
0
0
0
0.299659
0.0975887
0.197108
0.41748
0
0
0
0
0
0
0
0
0
0
3457.54
2427.9
2755.22
4557.93
427.554
-122.176
408.275
-123.99
2137
1494.74
5653.09
6392.3
-24.3349
-135.937
1056.35
1031.45
0
0
0
0
0
0
0
0
0
0
0
0
0
0
0
0
0
0
0
0
0
0
0
0
0
0
0
0
0
0
0
0
0
7.40885
3.32206
7.4101
3.66775
7.78936
3.98946
7.95478
4.40309
7.75867
4.61807
3.43193
3.1735
5.28663
4.07088
2.38829
2.14164
1.86777
1.36707
0.00213565
0.00108352
0.003574
0.00277244
0.00507104
0.0078435
0.00789406
0.00838174
0.00623184
0.00550633
0.00548981
0.00597793
0.00643313
0.00569294
0.00658444
0.00535334
0.00177186
0.000698085
0.00269623
0.00104423
0.00346184
0.002104
0.00544621
625.793
201.277
616.725
212.099
587.917
204.899
540.493
190.197
463.046
173.158
246.97
86.7902
349.634
128.26
150.193
50.8227
52.0463
16.1456
-1730.38
-466.358
-2575.73
-507.372
5979.89
5785.19
2688.13
3144.99
6276.67
7308.86
387.148
-3229.72
-2677.46
-3199.03
-4607.29
-857.844
-363.256
-915.933
-396.342
-2522.6
-1705.75
-5661.96
-6098.58
-412.761
-153.167
-1510.07
-1347.12
-0.240761
0.0138766
0
0
0
0
0
0
0
0
0
0
0
0
0
0
0.078345
-0.0286757
0
0
0
0
0
0
0
0
0
0
0
0
0
0
-4.09566
-2.13088
-3.80217
-2.30382
-4.01276
-2.25109
-4.49343
-2.45471
-4.32894
-2.4
-0.345687
-0.590631
-2.05805
-1.47101
0.399684
0.127872
0.627931
0.60265
5.1839e-05
5.94117e-05
0.000484616
0.000553669
0.00114576
0.00239114
0.00381784
0.00633873
0.00221699
0.00209995
0.00143902
0.001649
0.0032826
0.00301019
0.00520962
0.00429003
-2.22489e-05
-1.9356e-05
0.000199014
4.88033e-05
0.000556698
0.000282154
0.00106608
-626.989
-201.61
-617.857
-212.52
-588.909
-205.308
-541.289
-190.555
-463.598
-173.458
-247.167
-86.9582
-349.97
-128.476
-150.315
-50.9575
-52.1203
-16.2801
-1684.9
-2849.1
112.971
199.307
-402.494
472.681
566.025
-0.478688
-0.116577
-0.0960647
-0.448229
0
0
0
0
0
0
0
0
0
0.299028
0.0976089
0.197159
0.414337
0
0
0
0
0
0
0
0
0
25474.7
8998.73
0
25473.5
8993.84
0
0
0
0
0
0
0
0
0
18823.2
32764.9
21350.3
31530.8
23236.3
27518.6
20142.4
19689.4
18639.9
37345.8
31988.9
33826.2
30036
28521.8
26755.3
24661.4
14371.3
4511.32
23496.6
14063.7
4697.37
21040.1
12600.3
4044.01
0
0
0
0
0
0
0
0
7119.58
3681.17
7248.76
3980.21
7972.8
4658.6
13288.3
16943.4
10136.6
2098.19
1228.46
2444.47
1405.63
3113.45
1850.92
652.836
251.959
67.4858
779.849
315.525
89.3797
1000.42
426.441
115.4
13.5128
194.887
760.044
1939.98
3158.77
972.572
2404.58
276.46
-47.4527
-28.8496
-304.63
-978.537
-2152.73
-3251.48
-1193.64
-2517.71
-529.075
-213.032
0
0
0
0
0
0
0
0
18742.3
32780.3
21353.5
31523.7
23236.3
27516.8
20141.1
19686.7
18639.4
37428.3
32087.9
33811.7
30027
28516.7
26748.8
24735.2
14413.1
4534.04
23490.7
14063.3
4697.76
21036.1
12598.9
4043.8
0
0
0
0
0
0
0
0
7137.79
3680.06
7240.19
3978.49
7964.37
4654.87
13282.3
16938.9
10130.7
2093.4
1224.18
2443.52
1405.72
3111.55
1850.1
650.48
251.068
67.3217
779.863
315.645
89.4222
1000.09
426.354
115.386
14.5642
185.701
756.49
1938.43
3158.26
972.641
2404.52
276.513
-47.4751
-26.6548
-297.184
-975.954
-2151.6
-3251.08
-1193.75
-2517.67
-529.224
-213.135
15230.1
11762.1
0.687351
0.159039
0.0393607
0.00997252
0.00301742
0.821483
0.225024
0.0600485
0.0158186
0.00490187
1940.1
-250.783
18859.7
21796
-3310.3
-1653.17
-0.101818
-0.00722974
0.00112429
0.000894103
0.000446012
0.089092
0.0212207
0.0072927
0.00254912
0.00101725
0
0
0
0
0
13513.5
10257.4
16419
14169.9
20524.3
18741.3
7048.16
4153.33
1280.94
11241.1
7129.91
2333.6
15452.9
9895.75
3265.11
-8756.78
-3748.58
-11632.8
-4874.59
-15579.8
-6280.04
-20881.3
-7744.95
2047.84
442.608
991.317
238.349
-27.8903
-2.02472
14.0968
7.87808
5.02738
10.1223
9.39915
3.6473
0.430568
0.100877
0.0296759
0.00895366
0.00317358
0.72046
0.21176
0.0626275
0.0182166
0.00619266
1.19111
4.31921
9.55745
17.3997
29.8369
56.6002
1.0309
0.826307
0.590313
0.34965
0.115276
3.72883
2.97921
2.12097
1.2526
0.41228
8.21989
6.53625
4.62981
2.72282
0.894075
14.8899
11.7666
8.28034
4.84382
1.58587
25.3903
19.9267
13.9238
8.09912
2.6436
47.804
37.1838
25.7517
14.8753
4.83744
215.621
174.91
130.287
86.7646
48.7464
15.6563
11617.1
8013.99
2946.72
15546.3
10721.2
3838.92
20037.7
13252.6
4594.92
25437.3
15245.9
5208.73
-2827.3
-474.572
-2047.24
-414.367
10822.1
7133.15
8234.77
5051.79
5205.41
3465.23
4365.8
2361.77
683.883
2836.82
1401.17
403.324
1957.52
913.537
264.263
98.0063
34.9328
-1.98514
-3.83755
38.0737
23.2634
4.37138
1.06996
0.743909
0.265545
0.0782017
0.0217314
0.00698854
0.829195
0.288612
0.088055
0.0253017
0.00837766
-164.239
-129.656
-93.4714
-60.1627
-32.8636
-10.3925
-1.17297
-4.2564
-9.34217
-16.8255
-29.8902
-54.0946
-1.0137
-0.810914
-0.578001
-0.341662
-0.112505
-3.67091
-2.92901
-2.08203
-1.22793
-0.403831
-8.02446
-6.37006
-4.50341
-2.64396
-0.867293
-14.3716
-11.3291
-7.95038
-4.63937
-1.51669
-25.365
-19.8351
-13.8036
-8.0004
-2.6057
-45.4842
-35.1753
-24.2049
-13.9042
-4.50694
18862.1
21797.7
-3320.64
-1662.1
-0.103311
-0.00765044
0.00100774
0.000861567
0.000435157
0.086655
0.0205238
0.00709879
0.00249554
0.000999675
0
0
0
0
0
15226.6
11757.4
0.68556
0.158532
0.0392221
0.00993459
0.00300502
0.819617
0.224455
0.0598872
0.0157737
0.00488705
1942.66
-245.811
11964.2
75060
12233.9
56450.9
12153.2
47897.1
12679.8
43407.1
27908.6
15413.9
4913.56
27073.5
15235.5
4850.65
25818.3
14899.9
4790.22
25120.8
14902.4
4906.4
25438.1
15246.9
5209.11
179.671
31.0488
-479.858
3.92364
-2104.51
-162.552
-87.2498
-50.0142
416.512
381.72
21.2932
5.73758
1.98102
0.702655
120.052
31.8666
15.4633
6.24451
3.19445
0.87922
0.231892
0.0709408
26.1872
7.15035
1.74537
0.535688
61.7001
16.7997
4.18014
1.28979
85.4126
24.5351
6.52723
2.03126
80.5333
26.817
7.61353
2.4706
46.0825
18.9265
5.84515
2.05342
54.1712
22.1213
7.08292
2.46035
31.1476
13.4894
3.97606
1.52209
16.4391
7.78433
2.81964
1.15701
0.120824
0.0302718
0.00778169
0.00200967
0.000614307
0.654859
0.166052
0.0440217
0.011601
0.00359491
0.624131
0.199139
0.0571412
0.0156945
0.00500604
0.676668
0.208098
0.0578719
0.0155621
0.00488431
0.650821
0.203682
0.0600137
0.0169249
0.00552044
0.585524
0.182585
0.0550521
0.0159421
0.00533415
0.0262102
0.00688565
0.00171378
0.000423983
0.000124827
0.217009
0.0528606
0.0128776
0.00317832
0.000938786
0.51075
0.120228
0.0294737
0.00738542
0.00221358
828.282
1018.15
1487.31
2014.66
3717.54
1387.68
3360.41
367.184
24.6512
550.885
158.809
44.5827
12.196
2.66572
630.586
185.392
48.8295
14.2817
3.95985
732.524
199.69
51.2117
14.2183
4.25625
911.263
229.113
56.2774
15.6658
5.27516
1216.24
269.027
59.8656
14.4048
3.14015
319.209
34.7174
-9.81174
-13.0205
-11.9899
755.848
130.352
17.7634
-1.68795
-5.37724
56.8342
-4.68734
-15.1718
-12.0194
-9.75804
72.7797
1.66877
-7.46098
-2.026
-4.09052
5065.06
6278.51
2537.82
3371.48
2497.65
2954.62
1299.83
1345.46
-92.1808
-748.39
-415.136
-235.829
-75.8741
-57.259
-38.4748
-21.7046
-6.97184
-274.946
-138.004
-61.9358
-27.4652
-9.86141
-232.118
-119.901
-60.6171
-27.6163
-8.16505
-179.65
-125.076
-78.0969
-41.7481
-13.0742
-17821.9
-5993.89
-18176.2
-6411.57
-18839
-7003.12
-19832.5
-7596.78
-20881.3
-7744.95
-88.8245
-67.9938
254.185
-371.774
276.238
-2344.11
89.0924
71.951
-335.856
-196.693
-7.01628
-1.44355
-0.811405
-0.399748
-42.0295
-7.80597
-9.23506
-4.70446
-0.336228
-0.0536926
-0.0237601
-0.00942481
-2.34998
-0.372139
0.00729787
-0.0214544
-0.66301
-0.0214947
0.052203
-0.0576432
12.0213
1.83626
-0.0347308
-0.137611
27.9517
4.114
0.365686
3.07409e-06
17.1655
3.91095
1.39483
0.597472
36.1511
6.54192
1.06335
0.299231
5.05366
2.23068
1.74528
0.756979
4.09729
3.43652
1.7754
0.80305
-0.0272216
-0.0022007
0.000161826
0.000176102
8.99171e-05
-0.0992709
0.00278914
0.00420538
0.0017761
0.000745296
0.271385
0.060616
0.0167685
0.00499539
0.00179097
0.210354
0.0382821
0.0106481
0.00333007
0.00125145
0.309551
0.0935356
0.0275556
0.00809984
0.00281436
0.398816
0.138158
0.0423899
0.0124223
0.0042284
-0.00457715
-0.00107998
-0.000170653
-1.55351e-05
3.23638e-06
-0.0466652
-0.00784856
-0.000955993
-1.85899e-05
5.52342e-05
-0.102682
-0.0118997
-0.000556842
0.000343928
0.000237383
-828.901
-1049.63
-1544.97
-2038.33
-3592.37
-1521.24
-3281.84
-558.616
-231.461
-558.001
-161.906
-45.6062
-12.4128
-2.70178
-649.566
-191.554
-50.3591
-14.6121
-4.01388
-763.234
-209.186
-53.4394
-14.6843
-4.3333
-939.985
-239.757
-58.9665
-16.2584
-5.40656
-1230.51
-279.434
-62.796
-15.0439
-3.27724
-365.302
-46.6751
7.06045
12.4509
11.8557
-773.929
-139.993
-20.4277
1.09368
5.24094
-117.789
-9.10665
12.2789
11.45
9.63723
-139.13
-16.1939
4.52982
1.44555
3.9588
-5.58774
-18.7411
-36.929
-59.4167
-74.6202
-48.4546
86.2588
414.269
961.283
1500.22
1497.72
635.326
-4.78301
-3.78034
-2.66017
-1.55579
-0.509257
-16.013
-12.6291
-8.8682
-5.17819
-1.69354
-31.4246
-24.6622
-17.2316
-10.0218
-3.27061
-50.2791
-39.1988
-27.2078
-15.7426
-5.12357
-62.7033
-48.4891
-33.3915
-19.2055
-6.23167
-40.3626
-30.909
-21.0914
-12.0512
-3.8982
71.0766
53.7987
36.3333
20.6162
6.6503
336.713
251.367
167.834
94.5757
30.4536
767.875
564.058
372.048
208.354
67.1147
1173.64
847.083
552.2
307.877
99.5489
1150.34
818.264
528.671
294.061
95.5491
483.558
341.912
220.405
122.761
40.0596
5.61526
18.7973
37.0454
59.5895
74.7837
48.4733
-86.0489
-412.487
-955.807
-1493.9
-1501.23
-653.245
4.81588
3.81626
2.69361
1.57967
0.517925
16.0774
12.6973
8.93028
5.22189
1.7093
31.5561
24.7996
17.3552
10.1081
3.30163
50.4829
39.4179
27.4081
15.8835
5.17433
62.9197
48.7384
33.6282
19.3753
6.29333
40.4317
31.0169
21.2083
12.1403
3.93137
-70.9949
-53.8299
-36.4273
-20.707
-6.68688
-335.637
-250.941
-167.844
-94.7342
-30.5347
-764.049
-561.799
-370.996
-207.998
-67.0483
-1168.75
-843.596
-549.976
-306.681
-99.1776
-1152.05
-818.367
-527.816
-293.102
-95.1451
-495.573
-348.441
-222.881
-123.174
-39.9979
105.765
0
340.492
87.9603
67.2511
45.8293
26.163
8.46074
0
0
0
0
0
271.458
198.883
130.675
72.7856
23.3037
11956.4
75073
12209.5
56444.9
12103.4
47872.4
12651.8
42518
27945.2
15446
4924.26
27069.1
15233.8
4850.97
25816.1
14898.4
4789.96
25119.4
14901.3
4906.04
25437.3
15245.9
5208.73
151.272
38.7858
-475.192
-26.5025
-2092.06
-153.07
-68.4798
-41.2725
395.403
376.624
17.9229
4.81575
1.68019
0.598804
119.016
31.6062
15.3421
6.19438
2.8105
0.76959
0.20272
0.0618487
25.9574
7.08506
1.7254
0.529366
61.5978
16.759
4.16655
1.2845
85.3303
24.5009
6.51535
2.02637
80.4886
26.796
7.60552
2.46704
46.1305
18.9424
5.84971
2.05478
54.1797
22.1195
7.08083
2.45901
31.2248
13.5197
3.98645
1.52583
16.5298
7.82341
2.83356
1.16232
0.100775
0.0250219
0.00639972
0.00164735
0.000502294
0.649083
0.164767
0.0436827
0.0115077
0.00356428
0.6239
0.198991
0.0570892
0.0156784
0.0050003
0.675406
0.207676
0.0577479
0.0155269
0.00487252
0.651464
0.203806
0.0600373
0.0169291
0.00552111
0.587294
0.183079
0.055184
0.0159764
0.00534451
0.0217902
0.00565147
0.00139173
0.000341449
9.9865e-05
0.214798
0.0523678
0.012751
0.00314353
0.000927264
0.508692
0.119682
0.0293282
0.00734552
0.00220042
827.727
1007.98
1484.96
2013.53
3717.07
1387.73
3360.3
367.232
24.6387
553.197
160.641
44.892
12.3853
2.81754
622.99
182.669
47.904
13.839
3.67956
731.446
199.227
51.0209
14.1232
4.192
910.754
228.878
56.1628
15.6007
5.22846
1215.97
268.892
59.7902
14.3573
3.10477
319.182
34.6884
-9.83392
-13.0372
-12.0034
755.733
130.282
17.7192
-1.71847
-5.40096
56.8324
-4.69788
-15.1816
-12.0274
-9.76464
72.776
1.66526
-7.4639
-2.02823
-4.09242
5063.7
6277.3
2539.16
3373.59
2495.82
2952.75
1224.57
1265.37
-92.1652
-748.384
-415.106
-235.795
-75.8604
-57.2478
-38.4665
-21.6996
-6.97014
-274.94
-137.997
-61.9317
-27.4631
-9.85979
-232.095
-119.886
-60.6071
-27.6107
-8.1631
-179.621
-125.053
-78.0801
-41.7379
-13.0707
-17821.4
-5995.31
-18173
-6409.58
-18837.7
-7002.35
-19831.8
-7596.38
-20880.9
-7744.68
-94.555
-76.5019
283.125
-333.385
278.697
-2339.3
67.8366
59.1798
-316.559
-193.231
-6.04868
-1.23712
-0.706475
-0.347303
-41.4292
-7.64568
-9.14015
-4.66262
-0.380781
-0.0654845
-0.0253834
-0.00954875
-2.11585
-0.329666
0.0181664
-0.0186721
-0.585142
0.0034213
0.0588335
-0.0552292
12.0918
1.86342
-0.0266225
-0.134491
28.0212
4.14362
0.375548
0.00390513
17.2432
3.94792
1.40855
0.603012
36.2212
6.5743
1.0751
0.303996
5.13914
2.27127
1.76036
0.763012
4.18919
3.47851
1.79082
0.809105
-0.0228868
-0.00167025
0.000206245
0.000170533
8.36535e-05
-0.0964103
0.00330943
0.00434868
0.00181855
0.000760079
0.273792
0.0613388
0.0169731
0.00505166
0.00180907
0.21277
0.0389859
0.0108452
0.00338452
0.0012692
0.312229
0.0943405
0.0277834
0.00816218
0.0028342
0.401391
0.138918
0.0426025
0.0124797
0.00424637
-0.00397729
-0.000896664
-0.000131829
-8.41408e-06
4.53678e-06
-0.0459312
-0.00768771
-0.000909782
-4.10433e-06
6.06044e-05
-0.101503
-0.0115819
-0.000468205
0.000369529
0.000246287
-827.439
-1041.67
-1543.25
-2037.49
-3592.01
-1521.32
-3281.76
-558.733
-231.547
-560.17
-163.72
-45.908
-12.6012
-2.85379
-642.085
-188.804
-49.423
-14.1667
-3.73301
-762.36
-208.748
-53.2503
-14.5892
-4.26901
-939.622
-239.551
-58.8562
-16.1938
-5.35991
-1230.32
-279.322
-62.7249
-14.997
-3.24198
-365.295
-46.6528
7.08096
12.4673
11.8691
-773.852
-139.936
-20.3864
1.12366
5.26456
-117.809
-9.10126
12.2877
11.4578
9.64378
-139.153
-16.1956
4.53179
1.44761
3.96067
-5.58708
-18.7382
-36.9233
-59.4076
-74.6092
-48.4476
86.2469
414.215
961.163
1500.04
1497.55
635.238
-4.78243
-3.77985
-2.65981
-1.55557
-0.509182
-16.0104
-12.627
-8.86666
-5.17725
-1.69322
-31.4195
-24.658
-17.2285
-10.0199
-3.26998
-50.2711
-39.1922
-27.2029
-15.7396
-5.12257
-62.6935
-48.4811
-33.3855
-19.2018
-6.23044
-40.3565
-30.9039
-21.0876
-12.0489
-3.89742
71.0661
53.79
36.3268
20.6123
6.64895
336.665
251.328
167.804
94.5573
30.4474
767.769
563.971
371.982
208.313
67.1008
1173.48
846.954
552.104
307.817
99.5281
1150.18
818.14
528.58
294.005
95.5297
483.486
341.856
220.367
122.739
40.0522
5.61389
18.7934
37.0381
59.5783
74.7703
48.4651
-86.0353
-412.427
-955.68
-1493.72
-1501.08
-653.196
4.81468
3.81529
2.6929
1.57924
0.517782
16.074
12.6945
8.92826
5.22067
1.70889
31.5498
24.7944
17.3514
10.1059
3.30087
50.4731
39.4099
27.4023
15.88
5.17317
62.908
48.7289
33.6213
19.3712
6.29195
40.4246
31.0111
21.2041
12.1378
3.93052
-70.983
-53.8203
-36.4203
-20.7029
-6.68549
-335.585
-250.899
-167.814
-94.7157
-30.5285
-763.939
-561.71
-370.932
-207.959
-67.035
-1168.6
-843.47
-549.883
-306.624
-99.158
-1151.91
-818.254
-527.73
-293.048
-95.126
-495.527
-348.399
-222.846
-123.15
-39.9892
105.743
0
340.44
87.9416
67.2362
45.8187
26.1567
8.45867
0
0
0
0
0
271.414
198.849
130.651
72.772
23.2992
11618.2
8014.85
2947.03
15547.7
10722.2
3839.29
20039.1
13253.7
4595.32
25438.1
15246.9
5209.11
-2834.13
-475.921
-2053.42
-416.433
10824.4
7134.48
8237.61
5053.27
5208.04
3466.64
4366.56
2362.16
683.997
2837.55
1401.48
403.412
1958.2
913.803
264.332
97.9496
34.9385
-1.98454
-3.83759
37.6525
23.1647
4.34628
1.06384
0.744651
0.265776
0.0782721
0.0217532
0.00699651
0.827648
0.288181
0.0879411
0.0252729
0.00836935
-164.265
-129.678
-93.4896
-60.176
-32.8717
-10.3952
-1.17312
-4.2571
-9.34373
-16.8283
-29.8953
-54.1037
-1.01383
-0.811025
-0.578084
-0.341712
-0.112522
-3.67152
-2.92952
-2.08241
-1.22816
-0.403908
-8.02584
-6.3712
-4.50425
-2.64447
-0.867464
-14.3741
-11.3312
-7.9519
-4.64029
-1.517
-25.3695
-19.8388
-13.8063
-8.00205
-2.60625
-45.4922
-35.1819
-24.2098
-13.9072
-4.50794
13511.7
10256.1
16417.5
14168.4
20522.5
18739.2
7047.26
4152.8
1280.77
11239.9
7129.12
2333.35
15451
9894.66
3264.78
-8755.38
-3748.05
-11631.5
-4874.09
-15578.9
-6279.64
-20880.9
-7744.68
2050.45
444.14
995.211
240.314
-27.3818
-1.87929
14.1369
7.889
5.63857
10.2929
9.44524
3.65985
0.433926
0.101835
0.0299442
0.00902799
0.00319777
0.724174
0.212839
0.062927
0.0182977
0.0062183
1.1908
4.31823
9.55531
17.3958
29.8303
56.5881
1.03063
0.826081
0.590148
0.34955
0.115242
3.72796
2.9785
2.12045
1.25228
0.412174
8.21801
6.53471
4.62869
2.72215
0.893849
14.8865
11.7638
8.27834
4.84262
1.58546
25.3845
19.922
13.9205
8.09711
2.64293
47.7934
37.1753
25.7456
14.8717
4.83623
215.584
174.879
130.262
86.7472
48.7363
15.6529
)
;
    }
    patch2
    {
        type            calculated;
        value           nonuniform List<scalar> 
348
(
-15.1501
-15.1489
194.244
51.8103
6.14533
50.0527
-173.591
-47.0435
-0.955714
-41.3294
194.191
51.7993
6.14434
50.042
-173.555
-47.0347
-0.95614
-41.3214
120.122
43.6912
19.3665
3.19819
0.663891
0.622645
8.80627
1033.66
264.071
235.675
145.77
35.9039
39.2178
131.675
25.2581
21.7625
22.3755
3.06736
600.035
187.969
91.9331
55.7973
122.02
77.9007
26.7816
43.4259
-0.323771
8.21151
40.3832
34.1957
495.566
137.115
229.589
96.9561
117.811
-0.204348
-0.639597
-1.08928
-1.34295
-0.612554
3.43412
-0.468286
-1.50548
-2.7134
-3.7611
-3.46148
0.690806
-0.119755
-0.0996167
-0.365047
-0.329992
-0.542742
-0.587472
-0.290678
-0.614779
0.468776
-0.555464
2.63782
0.368316
16.1789
38.988
72.0116
50.1469
41.3809
14.6533
12.1219
33.3471
60.8056
76.4257
64.7044
25.4251
0.20916
0.649358
1.11282
1.39996
0.748492
-3.10477
0.476869
1.5204
2.74212
3.81081
3.54017
-0.556936
0.123037
0.102317
0.372696
0.337542
0.562525
0.60893
0.339187
0.659875
-0.323422
0.540465
-2.12485
-0.157906
-15.5065
-37.8897
-69.9861
-47.54
-39.9711
-14.4119
-11.8707
-32.9183
-60.0523
-75.5425
-64.2103
-25.3701
-116.946
-42.67
-17.5306
-1.84849
1.27597
1.87158
-5.72485
-1055.23
-200.037
-204.452
-81.4276
-20.8449
-129.269
-5.1006
25.9524
6.05652
-580.329
-161.824
-68.2273
-45.6077
-118.095
-65.8234
-23.3525
-38.6167
12.2718
-1.10368
-31.4422
-26.5813
-486.512
-133.462
-205.677
-89.3311
-111.095
120.115
43.6903
19.3628
3.19789
0.663924
0.622744
8.8049
1033.23
263.967
235.59
145.714
35.8907
39.2077
131.632
25.2496
21.7569
22.3692
3.06656
599.821
187.912
91.9093
55.7838
121.986
77.8856
26.7767
43.4166
-0.323508
8.20998
40.3732
34.188
495.42
137.086
229.541
96.9378
117.785
-0.204321
-0.63948
-1.08906
-1.34268
-0.612391
3.43354
-0.468219
-1.5052
-2.71288
-3.76036
-3.46078
0.690716
-0.119739
-0.0996023
-0.364979
-0.32993
-0.542634
-0.587356
-0.290609
-0.61465
0.468726
-0.555326
2.6374
0.368293
16.1758
38.9804
71.9971
50.1392
41.3771
14.6543
12.1196
33.3405
60.7936
76.411
64.6926
25.4211
0.209098
0.649195
1.11255
1.3996
0.748219
-3.10432
0.476735
1.52004
2.74148
3.80994
3.53935
-0.556925
0.123
0.102286
0.372599
0.337455
0.562377
0.608772
0.33907
0.659694
-0.32345
0.540284
-2.12461
-0.157981
-15.5036
-37.8826
-69.9729
-47.5312
-39.9629
-14.4072
-11.8685
-32.912
-60.0408
-75.5281
-64.1978
-25.3646
-116.895
-42.6537
-17.5275
-1.84855
1.27538
1.87075
-5.72419
-1055.06
-199.995
-204.413
-81.4144
-20.8401
-129.246
-5.0996
25.9485
6.05494
-580.209
-161.79
-68.2122
-45.5985
-118.072
-65.8102
-23.3486
-38.6092
12.2689
-1.104
-31.4358
-26.5761
-486.393
-133.431
-205.625
-89.3124
-111.073
594.807
165.579
41.9106
657.523
193.086
50.5961
764.952
234.786
59.1507
872.275
267.685
60.553
956.788
269.092
67.1828
-1136.39
-148.083
-1164.65
-166.501
-1128.75
-144.407
-1074.35
-179.311
-1064.8
-184.454
594.523
165.87
41.9491
657.22
192.939
50.5929
764.633
234.674
59.127
871.866
267.565
60.5258
956.339
268.976
67.1561
-1137.26
-148.556
-1164.04
-166.121
-1128.75
-144.348
-1074.3
-179.287
-1064.67
-184.43
)
;
    }
    patch3
    {
        type            calculated;
        value           nonuniform List<scalar> 
96
(
-2.19852
-6.90764
-11.9014
-14.8116
-6.15582
43.9399
-5.14712
-16.6675
-30.5966
-43.4236
-40.9011
9.70684
210.415
533.873
1055.1
764.641
648.885
218.283
158.553
452.923
862.509
1125.8
968.677
376.873
2.2208
6.96494
12.0662
15.2666
7.36776
-40.6253
5.17452
16.7233
30.7194
43.666
41.3974
-8.45906
-202.832
-520.707
-1033.07
-756.165
-666.129
-252.827
-155.529
-447.34
-854.432
-1122.23
-977.551
-395.854
-2.19828
-6.90658
-11.8995
-14.8091
-6.15433
43.9348
-5.14654
-16.665
-30.5918
-43.4169
-40.8948
9.70605
210.388
533.807
1054.98
764.562
648.807
218.235
158.532
452.865
862.404
1125.66
968.556
376.811
2.2202
6.9634
12.0636
15.2631
7.36507
-40.6212
5.17324
16.7198
30.7134
43.6577
41.3894
-8.45906
-202.804
-520.639
-1032.95
-756.107
-666.092
-252.833
-155.508
-447.28
-854.327
-1122.1
-977.457
-395.831
)
;
    }
    patch4
    {
        type            calculated;
        value           nonuniform List<scalar> 
384
(
50019.2
51333.5
51756.7
89894.8
130106
83151.8
66514.9
60723.1
-91375.2
-74764.6
-111369
-141228
48859.8
51386.7
51808.6
89929.2
130151
83185.6
66525.6
59303.2
-90360.6
-74961.3
-111562
-140186
56422
17112.9
81386.8
25325.6
-67500
-20773.2
-91499.8
-29247.8
56438.5
17115.6
81404.1
25329.4
-67562.4
-20788.1
-91551.4
-29261.1
40943.7
14045.3
-50796.1
-16855.4
21370
8613.79
7346.23
2889.74
-27637.4
-10798.8
-9561.19
-3692.58
-50740
-16842.4
40974.1
14051.3
37944.7
28154.2
36490.8
27369.1
40928.5
13297.9
19850
7679.03
17796.1
6662.14
-68631.2
-51007
-57420.7
-44006.6
-51265.6
-16840.3
-32673.3
-11870.2
-26936.1
-9624.43
37060.2
27537.9
36590.1
27464.5
40952.9
13302.5
19434.8
7519.83
17865
6687.78
-67764.8
-50352.7
-57583.6
-44135.3
-51320.4
-16854.8
-32246.4
-11703.7
-27022
-9656.15
-27605.8
-10787.2
-9552.48
-3689.36
21390.2
8622.05
7350.94
2891.7
43092.7
30049.9
-43034.3
-30481.9
43093.1
30050.9
-43034.2
-30482.5
6552.02
6772.81
7678.51
6487.82
10026.7
6315.12
7246.22
2366.84
7133.6
12445.1
13165.9
21444.3
3955.66
6993.34
1605.77
2461.86
-9708.75
-10609.2
-10219.3
-9258.1
-11858.1
-8203.63
-8969.34
-3113.27
-8218.31
-13041.2
-14161
-22106.3
-4835.55
-7476.68
-2322.41
-2874.15
6497.47
6665.38
7680.01
6498.06
10027.2
6319.42
7252.56
2368.42
7134.71
12445.6
13166.6
21445.1
3956.77
6993.69
1605.97
2461.88
-9682.37
-10522.7
-10217.8
-9270.18
-11856.3
-8208.6
-8978.17
-3116.01
-8219.46
-13041.9
-14160.9
-22106.8
-4837.34
-7477.31
-2323.37
-2874.49
12470.2
36624.3
15046
37720.5
18777.1
35869.3
21218.1
-14398.8
-36941.2
-16625
-37707.4
-19853.1
-35646.1
-22351.4
12407.3
36633.9
15053.6
37715.2
18779
35868.5
21219.8
-14359.1
-36971.6
-16630.5
-37701.9
-19852.9
-35645.1
-22351.9
32725.9
31809.8
29886.4
26778.5
21954.9
11118.9
16142.8
6624.48
2225.15
-33514.6
-32517.1
-30451.1
-27187.6
-22236.9
-11247
-16342
-6700.24
-2272.9
32623.7
31809.8
29889.6
26779
21955.2
11119.1
16143.1
6624.65
2225.2
-33416.1
-32519
-30455.5
-27188.6
-22237.4
-11247.3
-16342.5
-6700.44
-2272.97
8326.67
8082.61
7608.2
6843.63
5652.46
3016.92
4279.09
1823.07
616.021
-8482.41
-8224.91
-7726.46
-6933.51
-5714.33
-3041.52
-4319.27
-1837.37
-624.904
8287.96
8081.18
7608.73
6843.54
5652.4
3016.96
4279.11
1823.09
616.03
-8443.65
-8223.69
-7727.18
-6933.54
-5714.32
-3041.57
-4319.31
-1837.4
-624.916
2753.74
2676.05
2528.12
2289.1
1911.2
1050.61
1470.43
640.335
217.501
-2787.6
-2707.26
-2554.45
-2309.43
-1925.05
-1055.64
-1478.98
-643.201
-219.238
2740.01
2675.14
2528.03
2288.92
1911.09
1050.6
1470.39
640.336
217.501
-2773.8
-2706.37
-2554.39
-2309.27
-1924.96
-1055.63
-1478.95
-643.203
-219.239
1268.67
1234.62
1169.87
1064.29
894.898
499.797
694.264
306.444
104.574
-1275.64
-1241.09
-1175.36
-1068.56
-897.79
-500.803
-696.004
-307.019
-104.907
1262.24
1234.05
1169.71
1064.12
894.807
499.783
694.227
306.44
104.574
-1269.19
-1240.51
-1175.21
-1068.4
-897.7
-500.79
-695.967
-307.016
-104.907
834.986
813.671
772.002
703.4
592.899
334.109
462.003
205.614
70.366
-836.497
-815.099
-773.225
-704.372
-593.557
-334.34
-462.399
-205.753
-70.4383
830.714
813.23
771.849
703.262
592.822
334.096
461.971
205.61
70.365
-832.22
-814.657
-773.073
-704.234
-593.479
-334.327
-462.366
-205.749
-70.4373
)
;
    }
}


// ************************************************************************* //
