/*--------------------------------*- C++ -*----------------------------------*\
  =========                 |
  \\      /  F ield         | OpenFOAM: The Open Source CFD Toolbox
   \\    /   O peration     | Website:  https://openfoam.org
    \\  /    A nd           | Version:  11
     \\/     M anipulation  |
\*---------------------------------------------------------------------------*/
FoamFile
{
    format      ascii;
    class       volScalarField;
    location    "5";
    object      epsilon;
}
// * * * * * * * * * * * * * * * * * * * * * * * * * * * * * * * * * * * * * //

dimensions      [0 2 -3 0 0 0 0];

internalField   nonuniform List<scalar> 
4000
(
0.00019586
0.000184826
0.000184808
0.000184808
0.000184808
0.000184808
0.000184808
0.000184808
0.000184808
0.000184808
0.000184808
0.000184808
0.000184808
0.000184808
0.000184808
0.000184808
0.000184808
0.000184808
0.000184826
0.00019586
9.54435e-05
6.62498e-05
6.55297e-05
6.55297e-05
6.55297e-05
6.55297e-05
6.55297e-05
6.55297e-05
6.55297e-05
6.55297e-05
6.55297e-05
6.55297e-05
6.55297e-05
6.55297e-05
6.55297e-05
6.55297e-05
6.55297e-05
6.55297e-05
6.62499e-05
9.54429e-05
6.26352e-05
6.13867e-05
6.00868e-05
6.00867e-05
6.00867e-05
6.00867e-05
6.00867e-05
6.00867e-05
6.00867e-05
6.00867e-05
6.00867e-05
6.00867e-05
6.00867e-05
6.00867e-05
6.00867e-05
6.00867e-05
6.00867e-05
6.00868e-05
6.13868e-05
6.26347e-05
6.32368e-05
6.13838e-05
6.00782e-05
6.00781e-05
6.00781e-05
6.00781e-05
6.00781e-05
6.00781e-05
6.00781e-05
6.00781e-05
6.00781e-05
6.00781e-05
6.00781e-05
6.00781e-05
6.00781e-05
6.00781e-05
6.00781e-05
6.00782e-05
6.13839e-05
6.32363e-05
6.32978e-05
6.13841e-05
6.00782e-05
6.00781e-05
6.00781e-05
6.00781e-05
6.00781e-05
6.00781e-05
6.00781e-05
6.00781e-05
6.00781e-05
6.00781e-05
6.00781e-05
6.00781e-05
6.00781e-05
6.00781e-05
6.00781e-05
6.00782e-05
6.13842e-05
6.32972e-05
6.33026e-05
6.13841e-05
6.00782e-05
6.00781e-05
6.00781e-05
6.00781e-05
6.00781e-05
6.00781e-05
6.00781e-05
6.00781e-05
6.00781e-05
6.00781e-05
6.00781e-05
6.00781e-05
6.00781e-05
6.00781e-05
6.00781e-05
6.00782e-05
6.13842e-05
6.3302e-05
6.33029e-05
6.13841e-05
6.00782e-05
6.00781e-05
6.00781e-05
6.00781e-05
6.00781e-05
6.00781e-05
6.00781e-05
6.00781e-05
6.00781e-05
6.00781e-05
6.00781e-05
6.00781e-05
6.00781e-05
6.00781e-05
6.00781e-05
6.00782e-05
6.13842e-05
6.33023e-05
6.33029e-05
6.13841e-05
6.00782e-05
6.00781e-05
6.00781e-05
6.00781e-05
6.00781e-05
6.00781e-05
6.00781e-05
6.00781e-05
6.00781e-05
6.00781e-05
6.00781e-05
6.00781e-05
6.00781e-05
6.00781e-05
6.00781e-05
6.00782e-05
6.13842e-05
6.33023e-05
6.33029e-05
6.13841e-05
6.00782e-05
6.00781e-05
6.00781e-05
6.00781e-05
6.00781e-05
6.00781e-05
6.00781e-05
6.00781e-05
6.00781e-05
6.00781e-05
6.00781e-05
6.00781e-05
6.00781e-05
6.00781e-05
6.00781e-05
6.00782e-05
6.13842e-05
6.33023e-05
6.33029e-05
6.13841e-05
6.00782e-05
6.00781e-05
6.00781e-05
6.00781e-05
6.00781e-05
6.00781e-05
6.00781e-05
6.00781e-05
6.00781e-05
6.00781e-05
6.00781e-05
6.00781e-05
6.00781e-05
6.00781e-05
6.00781e-05
6.00782e-05
6.13842e-05
6.33023e-05
6.33029e-05
6.13841e-05
6.00782e-05
6.00781e-05
6.00781e-05
6.00781e-05
6.00781e-05
6.00781e-05
6.00781e-05
6.00781e-05
6.00781e-05
6.00781e-05
6.00781e-05
6.00781e-05
6.00781e-05
6.00781e-05
6.00781e-05
6.00782e-05
6.13842e-05
6.33023e-05
6.33029e-05
6.13841e-05
6.00782e-05
6.00781e-05
6.00781e-05
6.00781e-05
6.00781e-05
6.00781e-05
6.00781e-05
6.00781e-05
6.00781e-05
6.00781e-05
6.00781e-05
6.00781e-05
6.00781e-05
6.00781e-05
6.00781e-05
6.00782e-05
6.13842e-05
6.33023e-05
6.33029e-05
6.13841e-05
6.00782e-05
6.00781e-05
6.00781e-05
6.00781e-05
6.00781e-05
6.00781e-05
6.00781e-05
6.00781e-05
6.00781e-05
6.00781e-05
6.00781e-05
6.00781e-05
6.00781e-05
6.00781e-05
6.00781e-05
6.00782e-05
6.13842e-05
6.33023e-05
6.33029e-05
6.13841e-05
6.00782e-05
6.00781e-05
6.00781e-05
6.00781e-05
6.00781e-05
6.00781e-05
6.00781e-05
6.00781e-05
6.00781e-05
6.00781e-05
6.00781e-05
6.00781e-05
6.00781e-05
6.00781e-05
6.00781e-05
6.00782e-05
6.13842e-05
6.33023e-05
6.33026e-05
6.13841e-05
6.00782e-05
6.00781e-05
6.00781e-05
6.00781e-05
6.00781e-05
6.00781e-05
6.00781e-05
6.00781e-05
6.00781e-05
6.00781e-05
6.00781e-05
6.00781e-05
6.00781e-05
6.00781e-05
6.00781e-05
6.00782e-05
6.13842e-05
6.3302e-05
6.32984e-05
6.13841e-05
6.00782e-05
6.00781e-05
6.00781e-05
6.00781e-05
6.00781e-05
6.00781e-05
6.00781e-05
6.00781e-05
6.00781e-05
6.00781e-05
6.00781e-05
6.00781e-05
6.00781e-05
6.00781e-05
6.00781e-05
6.00782e-05
6.13842e-05
6.32978e-05
6.3246e-05
6.13838e-05
6.00782e-05
6.00781e-05
6.00781e-05
6.00781e-05
6.00781e-05
6.00781e-05
6.00781e-05
6.00781e-05
6.00781e-05
6.00781e-05
6.00781e-05
6.00781e-05
6.00781e-05
6.00781e-05
6.00781e-05
6.00782e-05
6.13839e-05
6.32454e-05
6.27467e-05
6.13924e-05
6.00918e-05
6.00917e-05
6.00917e-05
6.00917e-05
6.00917e-05
6.00917e-05
6.00917e-05
6.00917e-05
6.00917e-05
6.00917e-05
6.00917e-05
6.00917e-05
6.00917e-05
6.00917e-05
6.00917e-05
6.00918e-05
6.13926e-05
6.27462e-05
9.76121e-05
7.07274e-05
7.00248e-05
7.00247e-05
7.00247e-05
7.00247e-05
7.00247e-05
7.00247e-05
7.00247e-05
7.00247e-05
7.00247e-05
7.00247e-05
7.00247e-05
7.00247e-05
7.00247e-05
7.00247e-05
7.00247e-05
7.00248e-05
7.07275e-05
9.76116e-05
0.000298664
0.000444639
0.00044484
0.00044484
0.00044484
0.00044484
0.00044484
0.00044484
0.00044484
0.00044484
0.00044484
0.00044484
0.00044484
0.00044484
0.00044484
0.00044484
0.00044484
0.00044484
0.000444639
0.000298664
6.00785e-05
6.00785e-05
6.00785e-05
6.00785e-05
6.00785e-05
6.00785e-05
6.00785e-05
6.00785e-05
6.00785e-05
6.00785e-05
6.00785e-05
6.00785e-05
6.00785e-05
6.00785e-05
6.00785e-05
6.00785e-05
6.00785e-05
6.00785e-05
6.00785e-05
6.00781e-05
6.00785e-05
6.00785e-05
6.00785e-05
6.00785e-05
6.00785e-05
6.00785e-05
6.00785e-05
6.00785e-05
6.00785e-05
6.00785e-05
6.00785e-05
6.00785e-05
6.00785e-05
6.00785e-05
6.00785e-05
6.00785e-05
6.00785e-05
6.00785e-05
6.00785e-05
6.00781e-05
6.00785e-05
6.00785e-05
6.00785e-05
6.00785e-05
6.00785e-05
6.00785e-05
6.00785e-05
6.00785e-05
6.00785e-05
6.00785e-05
6.00785e-05
6.00785e-05
6.00785e-05
6.00785e-05
6.00785e-05
6.00785e-05
6.00785e-05
6.00785e-05
6.00785e-05
6.00781e-05
6.00785e-05
6.00785e-05
6.00785e-05
6.00785e-05
6.00785e-05
6.00785e-05
6.00785e-05
6.00785e-05
6.00785e-05
6.00785e-05
6.00785e-05
6.00785e-05
6.00785e-05
6.00785e-05
6.00785e-05
6.00785e-05
6.00785e-05
6.00785e-05
6.00785e-05
6.00781e-05
6.00785e-05
6.00785e-05
6.00785e-05
6.00785e-05
6.00785e-05
6.00785e-05
6.00785e-05
6.00785e-05
6.00785e-05
6.00785e-05
6.00785e-05
6.00785e-05
6.00785e-05
6.00785e-05
6.00785e-05
6.00785e-05
6.00785e-05
6.00785e-05
6.00785e-05
6.00781e-05
6.00785e-05
6.00785e-05
6.00785e-05
6.00785e-05
6.00785e-05
6.00785e-05
6.00785e-05
6.00785e-05
6.00785e-05
6.00785e-05
6.00785e-05
6.00785e-05
6.00785e-05
6.00785e-05
6.00785e-05
6.00785e-05
6.00785e-05
6.00785e-05
6.00785e-05
6.00781e-05
6.00785e-05
6.00785e-05
6.00785e-05
6.00785e-05
6.00785e-05
6.00785e-05
6.00785e-05
6.00785e-05
6.00785e-05
6.00785e-05
6.00785e-05
6.00785e-05
6.00785e-05
6.00785e-05
6.00785e-05
6.00785e-05
6.00785e-05
6.00785e-05
6.00785e-05
6.00781e-05
6.00785e-05
6.00785e-05
6.00785e-05
6.00785e-05
6.00785e-05
6.00785e-05
6.00785e-05
6.00785e-05
6.00785e-05
6.00785e-05
6.00785e-05
6.00785e-05
6.00785e-05
6.00785e-05
6.00785e-05
6.00785e-05
6.00785e-05
6.00785e-05
6.00785e-05
6.00781e-05
6.00785e-05
6.00785e-05
6.00785e-05
6.00785e-05
6.00785e-05
6.00785e-05
6.00785e-05
6.00785e-05
6.00785e-05
6.00785e-05
6.00785e-05
6.00785e-05
6.00785e-05
6.00785e-05
6.00785e-05
6.00785e-05
6.00785e-05
6.00785e-05
6.00785e-05
6.00781e-05
6.00785e-05
6.00785e-05
6.00785e-05
6.00785e-05
6.00785e-05
6.00785e-05
6.00785e-05
6.00785e-05
6.00785e-05
6.00785e-05
6.00785e-05
6.00785e-05
6.00785e-05
6.00785e-05
6.00785e-05
6.00785e-05
6.00785e-05
6.00785e-05
6.00785e-05
6.00781e-05
6.00785e-05
6.00785e-05
6.00785e-05
6.00785e-05
6.00785e-05
6.00785e-05
6.00785e-05
6.00785e-05
6.00785e-05
6.00785e-05
6.00785e-05
6.00785e-05
6.00785e-05
6.00785e-05
6.00785e-05
6.00785e-05
6.00785e-05
6.00785e-05
6.00785e-05
6.00781e-05
6.00785e-05
6.00785e-05
6.00785e-05
6.00785e-05
6.00785e-05
6.00785e-05
6.00785e-05
6.00785e-05
6.00785e-05
6.00785e-05
6.00785e-05
6.00785e-05
6.00785e-05
6.00785e-05
6.00785e-05
6.00785e-05
6.00785e-05
6.00785e-05
6.00785e-05
6.00781e-05
6.00785e-05
6.00785e-05
6.00785e-05
6.00785e-05
6.00785e-05
6.00785e-05
6.00785e-05
6.00785e-05
6.00785e-05
6.00785e-05
6.00785e-05
6.00785e-05
6.00785e-05
6.00785e-05
6.00785e-05
6.00785e-05
6.00785e-05
6.00785e-05
6.00785e-05
6.00781e-05
6.00785e-05
6.00785e-05
6.00785e-05
6.00785e-05
6.00785e-05
6.00785e-05
6.00785e-05
6.00785e-05
6.00785e-05
6.00785e-05
6.00785e-05
6.00785e-05
6.00785e-05
6.00785e-05
6.00785e-05
6.00785e-05
6.00785e-05
6.00785e-05
6.00785e-05
6.00781e-05
6.00785e-05
6.00785e-05
6.00785e-05
6.00785e-05
6.00785e-05
6.00785e-05
6.00785e-05
6.00785e-05
6.00785e-05
6.00785e-05
6.00785e-05
6.00785e-05
6.00785e-05
6.00785e-05
6.00785e-05
6.00785e-05
6.00785e-05
6.00785e-05
6.00785e-05
6.00781e-05
6.00785e-05
6.00785e-05
6.00785e-05
6.00785e-05
6.00785e-05
6.00785e-05
6.00785e-05
6.00785e-05
6.00785e-05
6.00785e-05
6.00785e-05
6.00785e-05
6.00785e-05
6.00785e-05
6.00785e-05
6.00785e-05
6.00785e-05
6.00785e-05
6.00785e-05
6.00781e-05
6.00785e-05
6.00785e-05
6.00785e-05
6.00785e-05
6.00785e-05
6.00785e-05
6.00785e-05
6.00785e-05
6.00785e-05
6.00785e-05
6.00785e-05
6.00785e-05
6.00785e-05
6.00785e-05
6.00785e-05
6.00785e-05
6.00785e-05
6.00785e-05
6.00785e-05
6.00781e-05
6.00785e-05
6.00785e-05
6.00785e-05
6.00785e-05
6.00785e-05
6.00785e-05
6.00785e-05
6.00785e-05
6.00785e-05
6.00785e-05
6.00785e-05
6.00785e-05
6.00785e-05
6.00785e-05
6.00785e-05
6.00785e-05
6.00785e-05
6.00785e-05
6.00785e-05
6.00781e-05
6.00785e-05
6.00785e-05
6.00785e-05
6.00785e-05
6.00785e-05
6.00785e-05
6.00785e-05
6.00785e-05
6.00785e-05
6.00785e-05
6.00785e-05
6.00785e-05
6.00785e-05
6.00785e-05
6.00785e-05
6.00785e-05
6.00785e-05
6.00785e-05
6.00785e-05
6.00781e-05
6.00781e-05
6.00781e-05
6.00781e-05
6.00781e-05
6.00781e-05
6.00781e-05
6.00781e-05
6.00781e-05
6.00781e-05
6.00781e-05
6.00781e-05
6.00781e-05
6.00781e-05
6.00781e-05
6.00781e-05
6.00781e-05
6.00781e-05
6.00781e-05
6.00781e-05
6.00777e-05
6.00785e-05
6.00785e-05
6.00785e-05
6.00785e-05
6.00785e-05
6.00785e-05
6.00785e-05
6.00785e-05
6.00785e-05
6.00785e-05
6.00785e-05
6.00785e-05
6.00785e-05
6.00785e-05
6.00785e-05
6.00785e-05
6.00785e-05
6.00785e-05
6.00785e-05
6.00781e-05
6.00785e-05
6.00785e-05
6.00785e-05
6.00785e-05
6.00785e-05
6.00785e-05
6.00785e-05
6.00785e-05
6.00785e-05
6.00785e-05
6.00785e-05
6.00785e-05
6.00785e-05
6.00785e-05
6.00785e-05
6.00785e-05
6.00785e-05
6.00785e-05
6.00785e-05
6.00781e-05
6.00785e-05
6.00785e-05
6.00785e-05
6.00785e-05
6.00785e-05
6.00785e-05
6.00785e-05
6.00785e-05
6.00785e-05
6.00785e-05
6.00785e-05
6.00785e-05
6.00785e-05
6.00785e-05
6.00785e-05
6.00785e-05
6.00785e-05
6.00785e-05
6.00785e-05
6.00781e-05
6.00785e-05
6.00785e-05
6.00785e-05
6.00785e-05
6.00785e-05
6.00785e-05
6.00785e-05
6.00785e-05
6.00785e-05
6.00785e-05
6.00785e-05
6.00785e-05
6.00785e-05
6.00785e-05
6.00785e-05
6.00785e-05
6.00785e-05
6.00785e-05
6.00785e-05
6.00781e-05
6.00785e-05
6.00785e-05
6.00785e-05
6.00785e-05
6.00785e-05
6.00785e-05
6.00785e-05
6.00785e-05
6.00785e-05
6.00785e-05
6.00785e-05
6.00785e-05
6.00785e-05
6.00785e-05
6.00785e-05
6.00785e-05
6.00785e-05
6.00785e-05
6.00785e-05
6.00781e-05
6.00785e-05
6.00785e-05
6.00785e-05
6.00785e-05
6.00785e-05
6.00785e-05
6.00785e-05
6.00785e-05
6.00785e-05
6.00785e-05
6.00785e-05
6.00785e-05
6.00785e-05
6.00785e-05
6.00785e-05
6.00785e-05
6.00785e-05
6.00785e-05
6.00785e-05
6.00781e-05
6.00785e-05
6.00785e-05
6.00785e-05
6.00785e-05
6.00785e-05
6.00785e-05
6.00785e-05
6.00785e-05
6.00785e-05
6.00785e-05
6.00785e-05
6.00785e-05
6.00785e-05
6.00785e-05
6.00785e-05
6.00785e-05
6.00785e-05
6.00785e-05
6.00785e-05
6.00781e-05
6.00785e-05
6.00785e-05
6.00785e-05
6.00785e-05
6.00785e-05
6.00785e-05
6.00785e-05
6.00785e-05
6.00785e-05
6.00785e-05
6.00785e-05
6.00785e-05
6.00785e-05
6.00785e-05
6.00785e-05
6.00785e-05
6.00785e-05
6.00785e-05
6.00785e-05
6.00781e-05
6.00785e-05
6.00785e-05
6.00785e-05
6.00785e-05
6.00785e-05
6.00785e-05
6.00785e-05
6.00785e-05
6.00785e-05
6.00785e-05
6.00785e-05
6.00785e-05
6.00785e-05
6.00785e-05
6.00785e-05
6.00785e-05
6.00785e-05
6.00785e-05
6.00785e-05
6.00781e-05
6.00785e-05
6.00785e-05
6.00785e-05
6.00785e-05
6.00785e-05
6.00785e-05
6.00785e-05
6.00785e-05
6.00785e-05
6.00785e-05
6.00785e-05
6.00785e-05
6.00785e-05
6.00785e-05
6.00785e-05
6.00785e-05
6.00785e-05
6.00785e-05
6.00785e-05
6.00781e-05
6.00785e-05
6.00785e-05
6.00785e-05
6.00785e-05
6.00785e-05
6.00785e-05
6.00785e-05
6.00785e-05
6.00785e-05
6.00785e-05
6.00785e-05
6.00785e-05
6.00785e-05
6.00785e-05
6.00785e-05
6.00785e-05
6.00785e-05
6.00785e-05
6.00785e-05
6.00781e-05
6.00785e-05
6.00785e-05
6.00785e-05
6.00785e-05
6.00785e-05
6.00785e-05
6.00785e-05
6.00785e-05
6.00785e-05
6.00785e-05
6.00785e-05
6.00785e-05
6.00785e-05
6.00785e-05
6.00785e-05
6.00785e-05
6.00785e-05
6.00785e-05
6.00785e-05
6.00781e-05
6.00785e-05
6.00785e-05
6.00785e-05
6.00785e-05
6.00785e-05
6.00785e-05
6.00785e-05
6.00785e-05
6.00785e-05
6.00785e-05
6.00785e-05
6.00785e-05
6.00785e-05
6.00785e-05
6.00785e-05
6.00785e-05
6.00785e-05
6.00785e-05
6.00785e-05
6.00781e-05
6.00785e-05
6.00785e-05
6.00785e-05
6.00785e-05
6.00785e-05
6.00785e-05
6.00785e-05
6.00785e-05
6.00785e-05
6.00785e-05
6.00785e-05
6.00785e-05
6.00785e-05
6.00785e-05
6.00785e-05
6.00785e-05
6.00785e-05
6.00785e-05
6.00785e-05
6.00781e-05
6.00785e-05
6.00785e-05
6.00785e-05
6.00785e-05
6.00785e-05
6.00785e-05
6.00785e-05
6.00785e-05
6.00785e-05
6.00785e-05
6.00785e-05
6.00785e-05
6.00785e-05
6.00785e-05
6.00785e-05
6.00785e-05
6.00785e-05
6.00785e-05
6.00785e-05
6.00781e-05
6.00785e-05
6.00785e-05
6.00785e-05
6.00785e-05
6.00785e-05
6.00785e-05
6.00785e-05
6.00785e-05
6.00785e-05
6.00785e-05
6.00785e-05
6.00785e-05
6.00785e-05
6.00785e-05
6.00785e-05
6.00785e-05
6.00785e-05
6.00785e-05
6.00785e-05
6.00781e-05
6.00785e-05
6.00785e-05
6.00785e-05
6.00785e-05
6.00785e-05
6.00785e-05
6.00785e-05
6.00785e-05
6.00785e-05
6.00785e-05
6.00785e-05
6.00785e-05
6.00785e-05
6.00785e-05
6.00785e-05
6.00785e-05
6.00785e-05
6.00785e-05
6.00785e-05
6.00781e-05
6.00785e-05
6.00785e-05
6.00785e-05
6.00785e-05
6.00785e-05
6.00785e-05
6.00785e-05
6.00785e-05
6.00785e-05
6.00785e-05
6.00785e-05
6.00785e-05
6.00785e-05
6.00785e-05
6.00785e-05
6.00785e-05
6.00785e-05
6.00785e-05
6.00785e-05
6.00781e-05
6.00785e-05
6.00785e-05
6.00785e-05
6.00785e-05
6.00785e-05
6.00785e-05
6.00785e-05
6.00785e-05
6.00785e-05
6.00785e-05
6.00785e-05
6.00785e-05
6.00785e-05
6.00785e-05
6.00785e-05
6.00785e-05
6.00785e-05
6.00785e-05
6.00785e-05
6.00781e-05
6.00781e-05
6.00781e-05
6.00781e-05
6.00781e-05
6.00781e-05
6.00781e-05
6.00781e-05
6.00781e-05
6.00781e-05
6.00781e-05
6.00781e-05
6.00781e-05
6.00781e-05
6.00781e-05
6.00781e-05
6.00781e-05
6.00781e-05
6.00781e-05
6.00781e-05
6.00777e-05
6.00785e-05
6.00785e-05
6.00785e-05
6.00785e-05
6.00785e-05
6.00785e-05
6.00785e-05
6.00785e-05
6.00785e-05
6.00785e-05
6.00785e-05
6.00785e-05
6.00785e-05
6.00785e-05
6.00785e-05
6.00785e-05
6.00785e-05
6.00785e-05
6.00785e-05
6.00781e-05
6.00785e-05
6.00785e-05
6.00785e-05
6.00785e-05
6.00785e-05
6.00785e-05
6.00785e-05
6.00785e-05
6.00785e-05
6.00785e-05
6.00785e-05
6.00785e-05
6.00785e-05
6.00785e-05
6.00785e-05
6.00785e-05
6.00785e-05
6.00785e-05
6.00785e-05
6.00781e-05
6.00785e-05
6.00785e-05
6.00785e-05
6.00785e-05
6.00785e-05
6.00785e-05
6.00785e-05
6.00785e-05
6.00785e-05
6.00785e-05
6.00785e-05
6.00785e-05
6.00785e-05
6.00785e-05
6.00785e-05
6.00785e-05
6.00785e-05
6.00785e-05
6.00785e-05
6.00781e-05
6.00785e-05
6.00785e-05
6.00785e-05
6.00785e-05
6.00785e-05
6.00785e-05
6.00785e-05
6.00785e-05
6.00785e-05
6.00785e-05
6.00785e-05
6.00785e-05
6.00785e-05
6.00785e-05
6.00785e-05
6.00785e-05
6.00785e-05
6.00785e-05
6.00785e-05
6.00781e-05
6.00785e-05
6.00785e-05
6.00785e-05
6.00785e-05
6.00785e-05
6.00785e-05
6.00785e-05
6.00785e-05
6.00785e-05
6.00785e-05
6.00785e-05
6.00785e-05
6.00785e-05
6.00785e-05
6.00785e-05
6.00785e-05
6.00785e-05
6.00785e-05
6.00785e-05
6.00781e-05
6.00785e-05
6.00785e-05
6.00785e-05
6.00785e-05
6.00785e-05
6.00785e-05
6.00785e-05
6.00785e-05
6.00785e-05
6.00785e-05
6.00785e-05
6.00785e-05
6.00785e-05
6.00785e-05
6.00785e-05
6.00785e-05
6.00785e-05
6.00785e-05
6.00785e-05
6.00781e-05
6.00785e-05
6.00785e-05
6.00785e-05
6.00785e-05
6.00785e-05
6.00785e-05
6.00785e-05
6.00785e-05
6.00785e-05
6.00785e-05
6.00785e-05
6.00785e-05
6.00785e-05
6.00785e-05
6.00785e-05
6.00785e-05
6.00785e-05
6.00785e-05
6.00785e-05
6.00781e-05
6.00785e-05
6.00785e-05
6.00785e-05
6.00785e-05
6.00785e-05
6.00785e-05
6.00785e-05
6.00785e-05
6.00785e-05
6.00785e-05
6.00785e-05
6.00785e-05
6.00785e-05
6.00785e-05
6.00785e-05
6.00785e-05
6.00785e-05
6.00785e-05
6.00785e-05
6.00781e-05
6.00785e-05
6.00785e-05
6.00785e-05
6.00785e-05
6.00785e-05
6.00785e-05
6.00785e-05
6.00785e-05
6.00785e-05
6.00785e-05
6.00785e-05
6.00785e-05
6.00785e-05
6.00785e-05
6.00785e-05
6.00785e-05
6.00785e-05
6.00785e-05
6.00785e-05
6.00781e-05
6.00785e-05
6.00785e-05
6.00785e-05
6.00785e-05
6.00785e-05
6.00785e-05
6.00785e-05
6.00785e-05
6.00785e-05
6.00785e-05
6.00785e-05
6.00785e-05
6.00785e-05
6.00785e-05
6.00785e-05
6.00785e-05
6.00785e-05
6.00785e-05
6.00785e-05
6.00781e-05
6.00785e-05
6.00785e-05
6.00785e-05
6.00785e-05
6.00785e-05
6.00785e-05
6.00785e-05
6.00785e-05
6.00785e-05
6.00785e-05
6.00785e-05
6.00785e-05
6.00785e-05
6.00785e-05
6.00785e-05
6.00785e-05
6.00785e-05
6.00785e-05
6.00785e-05
6.00781e-05
6.00785e-05
6.00785e-05
6.00785e-05
6.00785e-05
6.00785e-05
6.00785e-05
6.00785e-05
6.00785e-05
6.00785e-05
6.00785e-05
6.00785e-05
6.00785e-05
6.00785e-05
6.00785e-05
6.00785e-05
6.00785e-05
6.00785e-05
6.00785e-05
6.00785e-05
6.00781e-05
6.00785e-05
6.00785e-05
6.00785e-05
6.00785e-05
6.00785e-05
6.00785e-05
6.00785e-05
6.00785e-05
6.00785e-05
6.00785e-05
6.00785e-05
6.00785e-05
6.00785e-05
6.00785e-05
6.00785e-05
6.00785e-05
6.00785e-05
6.00785e-05
6.00785e-05
6.00781e-05
6.00785e-05
6.00785e-05
6.00785e-05
6.00785e-05
6.00785e-05
6.00785e-05
6.00785e-05
6.00785e-05
6.00785e-05
6.00785e-05
6.00785e-05
6.00785e-05
6.00785e-05
6.00785e-05
6.00785e-05
6.00785e-05
6.00785e-05
6.00785e-05
6.00785e-05
6.00781e-05
6.00785e-05
6.00785e-05
6.00785e-05
6.00785e-05
6.00785e-05
6.00785e-05
6.00785e-05
6.00785e-05
6.00785e-05
6.00785e-05
6.00785e-05
6.00785e-05
6.00785e-05
6.00785e-05
6.00785e-05
6.00785e-05
6.00785e-05
6.00785e-05
6.00785e-05
6.00781e-05
6.00785e-05
6.00785e-05
6.00785e-05
6.00785e-05
6.00785e-05
6.00785e-05
6.00785e-05
6.00785e-05
6.00785e-05
6.00785e-05
6.00785e-05
6.00785e-05
6.00785e-05
6.00785e-05
6.00785e-05
6.00785e-05
6.00785e-05
6.00785e-05
6.00785e-05
6.00781e-05
6.00785e-05
6.00785e-05
6.00785e-05
6.00785e-05
6.00785e-05
6.00785e-05
6.00785e-05
6.00785e-05
6.00785e-05
6.00785e-05
6.00785e-05
6.00785e-05
6.00785e-05
6.00785e-05
6.00785e-05
6.00785e-05
6.00785e-05
6.00785e-05
6.00785e-05
6.00781e-05
6.00785e-05
6.00785e-05
6.00785e-05
6.00785e-05
6.00785e-05
6.00785e-05
6.00785e-05
6.00785e-05
6.00785e-05
6.00785e-05
6.00785e-05
6.00785e-05
6.00785e-05
6.00785e-05
6.00785e-05
6.00785e-05
6.00785e-05
6.00785e-05
6.00785e-05
6.00781e-05
6.00785e-05
6.00785e-05
6.00785e-05
6.00785e-05
6.00785e-05
6.00785e-05
6.00785e-05
6.00785e-05
6.00785e-05
6.00785e-05
6.00785e-05
6.00785e-05
6.00785e-05
6.00785e-05
6.00785e-05
6.00785e-05
6.00785e-05
6.00785e-05
6.00785e-05
6.00781e-05
6.00781e-05
6.00781e-05
6.00781e-05
6.00781e-05
6.00781e-05
6.00781e-05
6.00781e-05
6.00781e-05
6.00781e-05
6.00781e-05
6.00781e-05
6.00781e-05
6.00781e-05
6.00781e-05
6.00781e-05
6.00781e-05
6.00781e-05
6.00781e-05
6.00781e-05
6.00777e-05
6.00781e-05
6.00781e-05
6.00781e-05
6.00781e-05
6.00781e-05
6.00781e-05
6.00781e-05
6.00781e-05
6.00781e-05
6.00781e-05
6.00781e-05
6.00781e-05
6.00781e-05
6.00781e-05
6.00781e-05
6.00781e-05
6.00781e-05
6.00781e-05
6.00781e-05
6.00781e-05
6.00781e-05
6.00781e-05
6.00781e-05
6.00781e-05
6.00781e-05
6.00781e-05
6.00781e-05
6.00781e-05
6.00781e-05
6.00781e-05
6.00781e-05
6.00781e-05
6.00781e-05
6.00781e-05
6.00781e-05
6.00781e-05
6.00781e-05
6.00781e-05
6.00781e-05
6.00781e-05
6.00781e-05
6.00781e-05
6.00781e-05
6.00781e-05
6.00781e-05
6.00781e-05
6.00781e-05
6.00781e-05
6.00781e-05
6.00781e-05
6.00781e-05
6.00781e-05
6.00781e-05
6.00781e-05
6.00781e-05
6.00781e-05
6.00781e-05
6.00781e-05
6.00781e-05
6.00781e-05
6.00781e-05
6.00781e-05
6.00781e-05
6.00781e-05
6.00781e-05
6.00781e-05
6.00781e-05
6.00781e-05
6.00781e-05
6.00781e-05
6.00781e-05
6.00781e-05
6.00781e-05
6.00781e-05
6.00781e-05
6.00781e-05
6.00781e-05
6.00781e-05
6.00781e-05
6.00781e-05
6.00781e-05
6.00781e-05
6.00781e-05
6.00781e-05
6.00781e-05
6.00781e-05
6.00781e-05
6.00781e-05
6.00781e-05
6.00781e-05
6.00781e-05
6.00781e-05
6.00781e-05
6.00781e-05
6.00781e-05
6.00781e-05
6.00781e-05
6.00781e-05
6.00781e-05
6.00781e-05
6.00781e-05
6.00781e-05
6.00781e-05
6.00781e-05
6.00781e-05
6.00781e-05
6.00781e-05
6.00781e-05
6.00781e-05
6.00781e-05
6.00781e-05
6.00781e-05
6.00781e-05
6.00781e-05
6.00781e-05
6.00781e-05
6.00781e-05
6.00781e-05
6.00781e-05
6.00781e-05
6.00781e-05
6.00781e-05
6.00781e-05
6.00781e-05
6.00781e-05
6.00781e-05
6.00781e-05
6.00781e-05
6.00781e-05
6.00781e-05
6.00781e-05
6.00781e-05
6.00781e-05
6.00781e-05
6.00781e-05
6.00781e-05
6.00781e-05
6.00781e-05
6.00781e-05
6.00781e-05
6.00781e-05
6.00781e-05
6.00781e-05
6.00781e-05
6.00781e-05
6.00781e-05
6.00781e-05
6.00781e-05
6.00781e-05
6.00781e-05
6.00781e-05
6.00781e-05
6.00781e-05
6.00781e-05
6.00781e-05
6.00781e-05
6.00781e-05
6.00781e-05
6.00781e-05
6.00781e-05
6.00781e-05
6.00781e-05
6.00781e-05
6.00781e-05
6.00781e-05
6.00781e-05
6.00781e-05
6.00781e-05
6.00781e-05
6.00781e-05
6.00781e-05
6.00781e-05
6.00781e-05
6.00781e-05
6.00781e-05
6.00781e-05
6.00781e-05
6.00781e-05
6.00781e-05
6.00781e-05
6.00781e-05
6.00781e-05
6.00781e-05
6.00781e-05
6.00781e-05
6.00781e-05
6.00781e-05
6.00781e-05
6.00781e-05
6.00781e-05
6.00781e-05
6.00781e-05
6.00781e-05
6.00781e-05
6.00781e-05
6.00781e-05
6.00781e-05
6.00781e-05
6.00781e-05
6.00781e-05
6.00781e-05
6.00781e-05
6.00781e-05
6.00781e-05
6.00781e-05
6.00781e-05
6.00781e-05
6.00781e-05
6.00781e-05
6.00781e-05
6.00781e-05
6.00781e-05
6.00781e-05
6.00781e-05
6.00781e-05
6.00781e-05
6.00781e-05
6.00781e-05
6.00781e-05
6.00781e-05
6.00781e-05
6.00781e-05
6.00781e-05
6.00781e-05
6.00781e-05
6.00781e-05
6.00781e-05
6.00781e-05
6.00781e-05
6.00781e-05
6.00781e-05
6.00781e-05
6.00781e-05
6.00781e-05
6.00781e-05
6.00781e-05
6.00781e-05
6.00781e-05
6.00781e-05
6.00781e-05
6.00781e-05
6.00781e-05
6.00781e-05
6.00781e-05
6.00781e-05
6.00781e-05
6.00781e-05
6.00781e-05
6.00781e-05
6.00781e-05
6.00781e-05
6.00781e-05
6.00781e-05
6.00781e-05
6.00781e-05
6.00781e-05
6.00781e-05
6.00781e-05
6.00781e-05
6.00781e-05
6.00781e-05
6.00781e-05
6.00781e-05
6.00781e-05
6.00781e-05
6.00781e-05
6.00781e-05
6.00781e-05
6.00781e-05
6.00781e-05
6.00781e-05
6.00781e-05
6.00781e-05
6.00781e-05
6.00781e-05
6.00781e-05
6.00781e-05
6.00781e-05
6.00781e-05
6.00781e-05
6.00781e-05
6.00781e-05
6.00781e-05
6.00781e-05
6.00781e-05
6.00781e-05
6.00781e-05
6.00781e-05
6.00781e-05
6.00781e-05
6.00781e-05
6.00781e-05
6.00781e-05
6.00781e-05
6.00781e-05
6.00781e-05
6.00781e-05
6.00781e-05
6.00781e-05
6.00781e-05
6.00781e-05
6.00781e-05
6.00781e-05
6.00781e-05
6.00781e-05
6.00781e-05
6.00781e-05
6.00781e-05
6.00781e-05
6.00781e-05
6.00781e-05
6.00781e-05
6.00781e-05
6.00781e-05
6.00781e-05
6.00781e-05
6.00781e-05
6.00781e-05
6.00781e-05
6.00781e-05
6.00781e-05
6.00781e-05
6.00781e-05
6.00781e-05
6.00781e-05
6.00781e-05
6.00781e-05
6.00781e-05
6.00781e-05
6.00781e-05
6.00781e-05
6.00781e-05
6.00781e-05
6.00781e-05
6.00781e-05
6.00781e-05
6.00781e-05
6.00781e-05
6.00781e-05
6.00781e-05
6.00781e-05
6.00781e-05
6.00781e-05
6.00781e-05
6.00781e-05
6.00781e-05
6.00781e-05
6.00781e-05
6.00781e-05
6.00781e-05
6.00781e-05
6.00781e-05
6.00781e-05
6.00781e-05
6.00781e-05
6.00781e-05
6.00781e-05
6.00781e-05
6.00781e-05
6.00781e-05
6.00781e-05
6.00781e-05
6.00781e-05
6.00781e-05
6.00781e-05
6.00781e-05
6.00781e-05
6.00781e-05
6.00781e-05
6.00781e-05
6.00781e-05
6.00781e-05
6.00781e-05
6.00781e-05
6.00781e-05
6.00781e-05
6.00781e-05
6.00781e-05
6.00781e-05
6.00781e-05
6.00777e-05
6.00777e-05
6.00777e-05
6.00777e-05
6.00777e-05
6.00777e-05
6.00777e-05
6.00777e-05
6.00777e-05
6.00777e-05
6.00777e-05
6.00777e-05
6.00777e-05
6.00777e-05
6.00777e-05
6.00777e-05
6.00777e-05
6.00777e-05
6.00777e-05
6.00777e-05
6.00777e-05
6.00777e-05
6.00777e-05
6.00777e-05
6.00777e-05
6.00777e-05
6.00777e-05
6.00777e-05
6.00777e-05
6.00777e-05
6.00777e-05
6.00777e-05
6.00777e-05
6.00777e-05
6.00777e-05
6.00777e-05
6.00777e-05
6.00777e-05
6.00777e-05
6.00777e-05
6.00777e-05
6.00777e-05
6.00777e-05
6.00777e-05
6.00777e-05
6.00777e-05
6.00777e-05
6.00777e-05
6.00777e-05
6.00777e-05
6.00777e-05
6.00777e-05
6.00777e-05
6.00777e-05
6.00777e-05
6.00777e-05
6.00777e-05
6.00777e-05
6.00777e-05
6.00777e-05
6.00777e-05
6.00777e-05
6.00777e-05
6.00777e-05
6.00777e-05
6.00777e-05
6.00777e-05
6.00777e-05
6.00777e-05
6.00777e-05
6.00777e-05
6.00777e-05
6.00777e-05
6.00777e-05
6.00777e-05
6.00777e-05
6.00777e-05
6.00777e-05
6.00777e-05
6.00777e-05
6.00777e-05
6.00777e-05
6.00777e-05
6.00777e-05
6.00777e-05
6.00777e-05
6.00777e-05
6.00777e-05
6.00777e-05
6.00777e-05
6.00777e-05
6.00777e-05
6.00777e-05
6.00777e-05
6.00777e-05
6.00777e-05
6.00777e-05
6.00777e-05
6.00777e-05
6.00777e-05
6.00777e-05
6.00777e-05
6.00777e-05
6.00777e-05
6.00777e-05
6.00777e-05
6.00777e-05
6.00777e-05
6.00777e-05
6.00777e-05
6.00777e-05
6.00777e-05
6.00777e-05
6.00777e-05
6.00777e-05
6.00777e-05
6.00777e-05
6.00777e-05
6.00777e-05
6.00777e-05
6.00777e-05
6.00777e-05
6.00777e-05
6.00777e-05
6.00777e-05
6.00777e-05
6.00777e-05
6.00777e-05
6.00777e-05
6.00777e-05
6.00777e-05
6.00777e-05
6.00777e-05
6.00777e-05
6.00777e-05
6.00777e-05
6.00777e-05
6.00777e-05
6.00777e-05
6.00777e-05
6.00777e-05
6.00777e-05
6.00777e-05
6.00777e-05
6.00777e-05
6.00777e-05
6.00777e-05
6.00777e-05
6.00777e-05
6.00777e-05
6.00777e-05
6.00777e-05
6.00777e-05
6.00777e-05
6.00777e-05
6.00777e-05
6.00777e-05
6.00777e-05
6.00777e-05
6.00777e-05
6.00777e-05
6.00777e-05
6.00777e-05
6.00777e-05
6.00777e-05
6.00777e-05
6.00777e-05
6.00777e-05
6.00777e-05
6.00777e-05
6.00777e-05
6.00777e-05
6.00777e-05
6.00777e-05
6.00777e-05
6.00777e-05
6.00777e-05
6.00777e-05
6.00777e-05
6.00777e-05
6.00777e-05
6.00777e-05
6.00777e-05
6.00777e-05
6.00777e-05
6.00777e-05
6.00777e-05
6.00777e-05
6.00777e-05
6.00777e-05
6.00777e-05
6.00777e-05
6.00777e-05
6.00777e-05
6.00777e-05
6.00777e-05
6.00777e-05
6.00777e-05
6.00777e-05
6.00777e-05
6.00777e-05
6.00777e-05
6.00777e-05
6.00777e-05
6.00777e-05
6.00777e-05
6.00777e-05
6.00777e-05
6.00777e-05
6.00777e-05
6.00777e-05
6.00777e-05
6.00777e-05
6.00777e-05
6.00777e-05
6.00777e-05
6.00777e-05
6.00777e-05
6.00777e-05
6.00777e-05
6.00777e-05
6.00777e-05
6.00777e-05
6.00777e-05
6.00777e-05
6.00777e-05
6.00777e-05
6.00777e-05
6.00777e-05
6.00777e-05
6.00777e-05
6.00777e-05
6.00777e-05
6.00777e-05
6.00777e-05
6.00777e-05
6.00777e-05
6.00777e-05
6.00777e-05
6.00777e-05
6.00777e-05
6.00777e-05
6.00777e-05
6.00777e-05
6.00777e-05
6.00777e-05
6.00777e-05
6.00777e-05
6.00777e-05
6.00777e-05
6.00777e-05
6.00777e-05
6.00777e-05
6.00777e-05
6.00777e-05
6.00777e-05
6.00777e-05
6.00777e-05
6.00777e-05
6.00777e-05
6.00777e-05
6.00777e-05
6.00777e-05
6.00777e-05
6.00777e-05
6.00777e-05
6.00777e-05
6.00777e-05
6.00777e-05
6.00777e-05
6.00777e-05
6.00777e-05
6.00777e-05
6.00777e-05
6.00777e-05
6.00777e-05
6.00777e-05
6.00777e-05
6.00777e-05
6.00777e-05
6.00777e-05
6.00777e-05
6.00777e-05
6.00777e-05
6.00777e-05
6.00777e-05
6.00777e-05
6.00777e-05
6.00777e-05
6.00777e-05
6.00777e-05
6.00777e-05
6.00777e-05
6.00777e-05
6.00777e-05
6.00777e-05
6.00777e-05
6.00777e-05
6.00777e-05
6.00777e-05
6.00777e-05
6.00777e-05
6.00777e-05
6.00777e-05
6.00777e-05
6.00777e-05
6.00777e-05
6.00777e-05
6.00777e-05
6.00777e-05
6.00777e-05
6.00777e-05
6.00777e-05
6.00777e-05
6.00777e-05
6.00777e-05
6.00777e-05
6.00777e-05
6.00777e-05
6.00777e-05
6.00777e-05
6.00777e-05
6.00777e-05
6.00777e-05
6.00777e-05
6.00777e-05
6.00777e-05
6.00777e-05
6.00777e-05
6.00777e-05
6.00777e-05
6.00777e-05
6.00777e-05
6.00777e-05
6.00777e-05
6.00777e-05
6.00777e-05
6.00777e-05
6.00777e-05
6.00777e-05
6.00777e-05
6.00777e-05
6.00777e-05
6.00777e-05
6.00777e-05
6.00777e-05
6.00777e-05
6.00777e-05
6.00777e-05
6.00777e-05
6.00777e-05
6.00777e-05
6.00777e-05
6.00777e-05
6.00777e-05
6.00777e-05
6.00777e-05
6.00777e-05
6.00777e-05
6.00777e-05
6.00777e-05
6.00777e-05
6.00777e-05
6.00777e-05
6.00777e-05
6.00777e-05
6.00777e-05
6.00777e-05
6.00777e-05
6.00777e-05
6.00777e-05
6.00777e-05
6.00777e-05
6.00777e-05
6.00777e-05
6.00777e-05
6.00777e-05
6.00777e-05
6.00777e-05
6.00777e-05
6.00777e-05
6.00777e-05
6.00777e-05
6.00777e-05
6.00777e-05
6.00777e-05
6.00777e-05
6.00777e-05
6.00777e-05
6.00777e-05
6.00777e-05
6.00777e-05
6.00777e-05
6.00777e-05
6.00777e-05
6.00777e-05
6.00777e-05
6.00777e-05
6.00777e-05
6.00777e-05
6.00777e-05
6.00777e-05
6.00777e-05
6.00777e-05
6.00777e-05
6.00777e-05
6.00777e-05
6.00777e-05
6.00777e-05
6.00777e-05
6.00777e-05
6.00777e-05
6.00777e-05
6.00777e-05
6.00777e-05
6.00777e-05
6.00777e-05
6.00777e-05
6.00777e-05
6.00777e-05
6.00781e-05
6.00781e-05
6.00781e-05
6.00781e-05
6.00781e-05
6.00781e-05
6.00781e-05
6.00781e-05
6.00781e-05
6.00781e-05
6.00781e-05
6.00781e-05
6.00781e-05
6.00781e-05
6.00781e-05
6.00781e-05
6.00781e-05
6.00781e-05
6.00781e-05
6.00777e-05
6.00781e-05
6.00781e-05
6.00781e-05
6.00781e-05
6.00781e-05
6.00781e-05
6.00781e-05
6.00781e-05
6.00781e-05
6.00781e-05
6.00781e-05
6.00781e-05
6.00781e-05
6.00781e-05
6.00781e-05
6.00781e-05
6.00781e-05
6.00781e-05
6.00781e-05
6.00777e-05
6.00781e-05
6.00781e-05
6.00781e-05
6.00781e-05
6.00781e-05
6.00781e-05
6.00781e-05
6.00781e-05
6.00781e-05
6.00781e-05
6.00781e-05
6.00781e-05
6.00781e-05
6.00781e-05
6.00781e-05
6.00781e-05
6.00781e-05
6.00781e-05
6.00781e-05
6.00777e-05
6.00781e-05
6.00781e-05
6.00781e-05
6.00781e-05
6.00781e-05
6.00781e-05
6.00781e-05
6.00781e-05
6.00781e-05
6.00781e-05
6.00781e-05
6.00781e-05
6.00781e-05
6.00781e-05
6.00781e-05
6.00781e-05
6.00781e-05
6.00781e-05
6.00781e-05
6.00777e-05
6.00781e-05
6.00781e-05
6.00781e-05
6.00781e-05
6.00781e-05
6.00781e-05
6.00781e-05
6.00781e-05
6.00781e-05
6.00781e-05
6.00781e-05
6.00781e-05
6.00781e-05
6.00781e-05
6.00781e-05
6.00781e-05
6.00781e-05
6.00781e-05
6.00781e-05
6.00777e-05
6.00781e-05
6.00781e-05
6.00781e-05
6.00781e-05
6.00781e-05
6.00781e-05
6.00781e-05
6.00781e-05
6.00781e-05
6.00781e-05
6.00781e-05
6.00781e-05
6.00781e-05
6.00781e-05
6.00781e-05
6.00781e-05
6.00781e-05
6.00781e-05
6.00781e-05
6.00777e-05
6.00781e-05
6.00781e-05
6.00781e-05
6.00781e-05
6.00781e-05
6.00781e-05
6.00781e-05
6.00781e-05
6.00781e-05
6.00781e-05
6.00781e-05
6.00781e-05
6.00781e-05
6.00781e-05
6.00781e-05
6.00781e-05
6.00781e-05
6.00781e-05
6.00781e-05
6.00777e-05
6.00781e-05
6.00781e-05
6.00781e-05
6.00781e-05
6.00781e-05
6.00781e-05
6.00781e-05
6.00781e-05
6.00781e-05
6.00781e-05
6.00781e-05
6.00781e-05
6.00781e-05
6.00781e-05
6.00781e-05
6.00781e-05
6.00781e-05
6.00781e-05
6.00781e-05
6.00777e-05
6.00781e-05
6.00781e-05
6.00781e-05
6.00781e-05
6.00781e-05
6.00781e-05
6.00781e-05
6.00781e-05
6.00781e-05
6.00781e-05
6.00781e-05
6.00781e-05
6.00781e-05
6.00781e-05
6.00781e-05
6.00781e-05
6.00781e-05
6.00781e-05
6.00781e-05
6.00777e-05
6.00781e-05
6.00781e-05
6.00781e-05
6.00781e-05
6.00781e-05
6.00781e-05
6.00781e-05
6.00781e-05
6.00781e-05
6.00781e-05
6.00781e-05
6.00781e-05
6.00781e-05
6.00781e-05
6.00781e-05
6.00781e-05
6.00781e-05
6.00781e-05
6.00781e-05
6.00777e-05
6.00781e-05
6.00781e-05
6.00781e-05
6.00781e-05
6.00781e-05
6.00781e-05
6.00781e-05
6.00781e-05
6.00781e-05
6.00781e-05
6.00781e-05
6.00781e-05
6.00781e-05
6.00781e-05
6.00781e-05
6.00781e-05
6.00781e-05
6.00781e-05
6.00781e-05
6.00777e-05
6.00781e-05
6.00781e-05
6.00781e-05
6.00781e-05
6.00781e-05
6.00781e-05
6.00781e-05
6.00781e-05
6.00781e-05
6.00781e-05
6.00781e-05
6.00781e-05
6.00781e-05
6.00781e-05
6.00781e-05
6.00781e-05
6.00781e-05
6.00781e-05
6.00781e-05
6.00777e-05
6.00781e-05
6.00781e-05
6.00781e-05
6.00781e-05
6.00781e-05
6.00781e-05
6.00781e-05
6.00781e-05
6.00781e-05
6.00781e-05
6.00781e-05
6.00781e-05
6.00781e-05
6.00781e-05
6.00781e-05
6.00781e-05
6.00781e-05
6.00781e-05
6.00781e-05
6.00777e-05
6.00781e-05
6.00781e-05
6.00781e-05
6.00781e-05
6.00781e-05
6.00781e-05
6.00781e-05
6.00781e-05
6.00781e-05
6.00781e-05
6.00781e-05
6.00781e-05
6.00781e-05
6.00781e-05
6.00781e-05
6.00781e-05
6.00781e-05
6.00781e-05
6.00781e-05
6.00777e-05
6.00781e-05
6.00781e-05
6.00781e-05
6.00781e-05
6.00781e-05
6.00781e-05
6.00781e-05
6.00781e-05
6.00781e-05
6.00781e-05
6.00781e-05
6.00781e-05
6.00781e-05
6.00781e-05
6.00781e-05
6.00781e-05
6.00781e-05
6.00781e-05
6.00781e-05
6.00777e-05
6.00781e-05
6.00781e-05
6.00781e-05
6.00781e-05
6.00781e-05
6.00781e-05
6.00781e-05
6.00781e-05
6.00781e-05
6.00781e-05
6.00781e-05
6.00781e-05
6.00781e-05
6.00781e-05
6.00781e-05
6.00781e-05
6.00781e-05
6.00781e-05
6.00781e-05
6.00777e-05
6.00781e-05
6.00781e-05
6.00781e-05
6.00781e-05
6.00781e-05
6.00781e-05
6.00781e-05
6.00781e-05
6.00781e-05
6.00781e-05
6.00781e-05
6.00781e-05
6.00781e-05
6.00781e-05
6.00781e-05
6.00781e-05
6.00781e-05
6.00781e-05
6.00781e-05
6.00777e-05
6.00781e-05
6.00781e-05
6.00781e-05
6.00781e-05
6.00781e-05
6.00781e-05
6.00781e-05
6.00781e-05
6.00781e-05
6.00781e-05
6.00781e-05
6.00781e-05
6.00781e-05
6.00781e-05
6.00781e-05
6.00781e-05
6.00781e-05
6.00781e-05
6.00781e-05
6.00777e-05
6.00781e-05
6.00781e-05
6.00781e-05
6.00781e-05
6.00781e-05
6.00781e-05
6.00781e-05
6.00781e-05
6.00781e-05
6.00781e-05
6.00781e-05
6.00781e-05
6.00781e-05
6.00781e-05
6.00781e-05
6.00781e-05
6.00781e-05
6.00781e-05
6.00781e-05
6.00777e-05
6.00781e-05
6.00781e-05
6.00781e-05
6.00781e-05
6.00781e-05
6.00781e-05
6.00781e-05
6.00781e-05
6.00781e-05
6.00781e-05
6.00781e-05
6.00781e-05
6.00781e-05
6.00781e-05
6.00781e-05
6.00781e-05
6.00781e-05
6.00781e-05
6.00781e-05
6.00777e-05
6.00781e-05
6.00781e-05
6.00781e-05
6.00781e-05
6.00781e-05
6.00781e-05
6.00781e-05
6.00781e-05
6.00781e-05
6.00781e-05
6.00781e-05
6.00781e-05
6.00781e-05
6.00781e-05
6.00781e-05
6.00781e-05
6.00781e-05
6.00781e-05
6.00781e-05
6.00777e-05
6.00781e-05
6.00781e-05
6.00781e-05
6.00781e-05
6.00781e-05
6.00781e-05
6.00781e-05
6.00781e-05
6.00781e-05
6.00781e-05
6.00781e-05
6.00781e-05
6.00781e-05
6.00781e-05
6.00781e-05
6.00781e-05
6.00781e-05
6.00781e-05
6.00781e-05
6.00777e-05
6.00781e-05
6.00781e-05
6.00781e-05
6.00781e-05
6.00781e-05
6.00781e-05
6.00781e-05
6.00781e-05
6.00781e-05
6.00781e-05
6.00781e-05
6.00781e-05
6.00781e-05
6.00781e-05
6.00781e-05
6.00781e-05
6.00781e-05
6.00781e-05
6.00781e-05
6.00777e-05
6.00781e-05
6.00781e-05
6.00781e-05
6.00781e-05
6.00781e-05
6.00781e-05
6.00781e-05
6.00781e-05
6.00781e-05
6.00781e-05
6.00781e-05
6.00781e-05
6.00781e-05
6.00781e-05
6.00781e-05
6.00781e-05
6.00781e-05
6.00781e-05
6.00781e-05
6.00777e-05
6.00781e-05
6.00781e-05
6.00781e-05
6.00781e-05
6.00781e-05
6.00781e-05
6.00781e-05
6.00781e-05
6.00781e-05
6.00781e-05
6.00781e-05
6.00781e-05
6.00781e-05
6.00781e-05
6.00781e-05
6.00781e-05
6.00781e-05
6.00781e-05
6.00781e-05
6.00777e-05
6.00781e-05
6.00781e-05
6.00781e-05
6.00781e-05
6.00781e-05
6.00781e-05
6.00781e-05
6.00781e-05
6.00781e-05
6.00781e-05
6.00781e-05
6.00781e-05
6.00781e-05
6.00781e-05
6.00781e-05
6.00781e-05
6.00781e-05
6.00781e-05
6.00781e-05
6.00777e-05
6.00781e-05
6.00781e-05
6.00781e-05
6.00781e-05
6.00781e-05
6.00781e-05
6.00781e-05
6.00781e-05
6.00781e-05
6.00781e-05
6.00781e-05
6.00781e-05
6.00781e-05
6.00781e-05
6.00781e-05
6.00781e-05
6.00781e-05
6.00781e-05
6.00781e-05
6.00777e-05
6.00781e-05
6.00781e-05
6.00781e-05
6.00781e-05
6.00781e-05
6.00781e-05
6.00781e-05
6.00781e-05
6.00781e-05
6.00781e-05
6.00781e-05
6.00781e-05
6.00781e-05
6.00781e-05
6.00781e-05
6.00781e-05
6.00781e-05
6.00781e-05
6.00781e-05
6.00777e-05
6.00781e-05
6.00781e-05
6.00781e-05
6.00781e-05
6.00781e-05
6.00781e-05
6.00781e-05
6.00781e-05
6.00781e-05
6.00781e-05
6.00781e-05
6.00781e-05
6.00781e-05
6.00781e-05
6.00781e-05
6.00781e-05
6.00781e-05
6.00781e-05
6.00781e-05
6.00777e-05
6.00781e-05
6.00781e-05
6.00781e-05
6.00781e-05
6.00781e-05
6.00781e-05
6.00781e-05
6.00781e-05
6.00781e-05
6.00781e-05
6.00781e-05
6.00781e-05
6.00781e-05
6.00781e-05
6.00781e-05
6.00781e-05
6.00781e-05
6.00781e-05
6.00781e-05
6.00777e-05
6.00781e-05
6.00781e-05
6.00781e-05
6.00781e-05
6.00781e-05
6.00781e-05
6.00781e-05
6.00781e-05
6.00781e-05
6.00781e-05
6.00781e-05
6.00781e-05
6.00781e-05
6.00781e-05
6.00781e-05
6.00781e-05
6.00781e-05
6.00781e-05
6.00781e-05
6.00777e-05
6.00781e-05
6.00781e-05
6.00781e-05
6.00781e-05
6.00781e-05
6.00781e-05
6.00781e-05
6.00781e-05
6.00781e-05
6.00781e-05
6.00781e-05
6.00781e-05
6.00781e-05
6.00781e-05
6.00781e-05
6.00781e-05
6.00781e-05
6.00781e-05
6.00781e-05
6.00777e-05
6.00781e-05
6.00781e-05
6.00781e-05
6.00781e-05
6.00781e-05
6.00781e-05
6.00781e-05
6.00781e-05
6.00781e-05
6.00781e-05
6.00781e-05
6.00781e-05
6.00781e-05
6.00781e-05
6.00781e-05
6.00781e-05
6.00781e-05
6.00781e-05
6.00781e-05
6.00777e-05
6.00781e-05
6.00781e-05
6.00781e-05
6.00781e-05
6.00781e-05
6.00781e-05
6.00781e-05
6.00781e-05
6.00781e-05
6.00781e-05
6.00781e-05
6.00781e-05
6.00781e-05
6.00781e-05
6.00781e-05
6.00781e-05
6.00781e-05
6.00781e-05
6.00781e-05
6.00777e-05
6.00781e-05
6.00781e-05
6.00781e-05
6.00781e-05
6.00781e-05
6.00781e-05
6.00781e-05
6.00781e-05
6.00781e-05
6.00781e-05
6.00781e-05
6.00781e-05
6.00781e-05
6.00781e-05
6.00781e-05
6.00781e-05
6.00781e-05
6.00781e-05
6.00781e-05
6.00777e-05
6.00781e-05
6.00781e-05
6.00781e-05
6.00781e-05
6.00781e-05
6.00781e-05
6.00781e-05
6.00781e-05
6.00781e-05
6.00781e-05
6.00781e-05
6.00781e-05
6.00781e-05
6.00781e-05
6.00781e-05
6.00781e-05
6.00781e-05
6.00781e-05
6.00781e-05
6.00777e-05
6.00781e-05
6.00781e-05
6.00781e-05
6.00781e-05
6.00781e-05
6.00781e-05
6.00781e-05
6.00781e-05
6.00781e-05
6.00781e-05
6.00781e-05
6.00781e-05
6.00781e-05
6.00781e-05
6.00781e-05
6.00781e-05
6.00781e-05
6.00781e-05
6.00781e-05
6.00777e-05
6.00781e-05
6.00781e-05
6.00781e-05
6.00781e-05
6.00781e-05
6.00781e-05
6.00781e-05
6.00781e-05
6.00781e-05
6.00781e-05
6.00781e-05
6.00781e-05
6.00781e-05
6.00781e-05
6.00781e-05
6.00781e-05
6.00781e-05
6.00781e-05
6.00781e-05
6.00777e-05
6.00781e-05
6.00781e-05
6.00781e-05
6.00781e-05
6.00781e-05
6.00781e-05
6.00781e-05
6.00781e-05
6.00781e-05
6.00781e-05
6.00781e-05
6.00781e-05
6.00781e-05
6.00781e-05
6.00781e-05
6.00781e-05
6.00781e-05
6.00781e-05
6.00781e-05
6.00777e-05
6.00781e-05
6.00781e-05
6.00781e-05
6.00781e-05
6.00781e-05
6.00781e-05
6.00781e-05
6.00781e-05
6.00781e-05
6.00781e-05
6.00781e-05
6.00781e-05
6.00781e-05
6.00781e-05
6.00781e-05
6.00781e-05
6.00781e-05
6.00781e-05
6.00781e-05
6.00777e-05
6.00781e-05
6.00781e-05
6.00781e-05
6.00781e-05
6.00781e-05
6.00781e-05
6.00781e-05
6.00781e-05
6.00781e-05
6.00781e-05
6.00781e-05
6.00781e-05
6.00781e-05
6.00781e-05
6.00781e-05
6.00781e-05
6.00781e-05
6.00781e-05
6.00781e-05
6.00777e-05
6.00781e-05
6.00781e-05
6.00781e-05
6.00781e-05
6.00781e-05
6.00781e-05
6.00781e-05
6.00781e-05
6.00781e-05
6.00781e-05
6.00781e-05
6.00781e-05
6.00781e-05
6.00781e-05
6.00781e-05
6.00781e-05
6.00781e-05
6.00781e-05
6.00781e-05
6.00777e-05
6.00781e-05
6.00781e-05
6.00781e-05
6.00781e-05
6.00781e-05
6.00781e-05
6.00781e-05
6.00781e-05
6.00781e-05
6.00781e-05
6.00781e-05
6.00781e-05
6.00781e-05
6.00781e-05
6.00781e-05
6.00781e-05
6.00781e-05
6.00781e-05
6.00781e-05
6.00777e-05
6.00781e-05
6.00781e-05
6.00781e-05
6.00781e-05
6.00781e-05
6.00781e-05
6.00781e-05
6.00781e-05
6.00781e-05
6.00781e-05
6.00781e-05
6.00781e-05
6.00781e-05
6.00781e-05
6.00781e-05
6.00781e-05
6.00781e-05
6.00781e-05
6.00781e-05
6.00777e-05
6.00781e-05
6.00781e-05
6.00781e-05
6.00781e-05
6.00781e-05
6.00781e-05
6.00781e-05
6.00781e-05
6.00781e-05
6.00781e-05
6.00781e-05
6.00781e-05
6.00781e-05
6.00781e-05
6.00781e-05
6.00781e-05
6.00781e-05
6.00781e-05
6.00781e-05
6.00777e-05
6.00781e-05
6.00781e-05
6.00781e-05
6.00781e-05
6.00781e-05
6.00781e-05
6.00781e-05
6.00781e-05
6.00781e-05
6.00781e-05
6.00781e-05
6.00781e-05
6.00781e-05
6.00781e-05
6.00781e-05
6.00781e-05
6.00781e-05
6.00781e-05
6.00781e-05
6.00777e-05
6.00781e-05
6.00781e-05
6.00781e-05
6.00781e-05
6.00781e-05
6.00781e-05
6.00781e-05
6.00781e-05
6.00781e-05
6.00781e-05
6.00781e-05
6.00781e-05
6.00781e-05
6.00781e-05
6.00781e-05
6.00781e-05
6.00781e-05
6.00781e-05
6.00781e-05
6.00777e-05
6.00781e-05
6.00781e-05
6.00781e-05
6.00781e-05
6.00781e-05
6.00781e-05
6.00781e-05
6.00781e-05
6.00781e-05
6.00781e-05
6.00781e-05
6.00781e-05
6.00781e-05
6.00781e-05
6.00781e-05
6.00781e-05
6.00781e-05
6.00781e-05
6.00781e-05
6.00777e-05
6.00781e-05
6.00781e-05
6.00781e-05
6.00781e-05
6.00781e-05
6.00781e-05
6.00781e-05
6.00781e-05
6.00781e-05
6.00781e-05
6.00781e-05
6.00781e-05
6.00781e-05
6.00781e-05
6.00781e-05
6.00781e-05
6.00781e-05
6.00781e-05
6.00781e-05
6.00777e-05
6.00781e-05
6.00781e-05
6.00781e-05
6.00781e-05
6.00781e-05
6.00781e-05
6.00781e-05
6.00781e-05
6.00781e-05
6.00781e-05
6.00781e-05
6.00781e-05
6.00781e-05
6.00781e-05
6.00781e-05
6.00781e-05
6.00781e-05
6.00781e-05
6.00781e-05
6.00777e-05
6.00781e-05
6.00781e-05
6.00781e-05
6.00781e-05
6.00781e-05
6.00781e-05
6.00781e-05
6.00781e-05
6.00781e-05
6.00781e-05
6.00781e-05
6.00781e-05
6.00781e-05
6.00781e-05
6.00781e-05
6.00781e-05
6.00781e-05
6.00781e-05
6.00781e-05
6.00777e-05
6.00781e-05
6.00781e-05
6.00781e-05
6.00781e-05
6.00781e-05
6.00781e-05
6.00781e-05
6.00781e-05
6.00781e-05
6.00781e-05
6.00781e-05
6.00781e-05
6.00781e-05
6.00781e-05
6.00781e-05
6.00781e-05
6.00781e-05
6.00781e-05
6.00781e-05
6.00777e-05
6.00781e-05
6.00781e-05
6.00781e-05
6.00781e-05
6.00781e-05
6.00781e-05
6.00781e-05
6.00781e-05
6.00781e-05
6.00781e-05
6.00781e-05
6.00781e-05
6.00781e-05
6.00781e-05
6.00781e-05
6.00781e-05
6.00781e-05
6.00781e-05
6.00781e-05
6.00777e-05
6.00781e-05
6.00781e-05
6.00781e-05
6.00781e-05
6.00781e-05
6.00781e-05
6.00781e-05
6.00781e-05
6.00781e-05
6.00781e-05
6.00781e-05
6.00781e-05
6.00781e-05
6.00781e-05
6.00781e-05
6.00781e-05
6.00781e-05
6.00781e-05
6.00781e-05
6.00777e-05
6.00781e-05
6.00781e-05
6.00781e-05
6.00781e-05
6.00781e-05
6.00781e-05
6.00781e-05
6.00781e-05
6.00781e-05
6.00781e-05
6.00781e-05
6.00781e-05
6.00781e-05
6.00781e-05
6.00781e-05
6.00781e-05
6.00781e-05
6.00781e-05
6.00781e-05
6.00777e-05
6.00781e-05
6.00781e-05
6.00781e-05
6.00781e-05
6.00781e-05
6.00781e-05
6.00781e-05
6.00781e-05
6.00781e-05
6.00781e-05
6.00781e-05
6.00781e-05
6.00781e-05
6.00781e-05
6.00781e-05
6.00781e-05
6.00781e-05
6.00781e-05
6.00781e-05
6.00777e-05
6.00781e-05
6.00781e-05
6.00781e-05
6.00781e-05
6.00781e-05
6.00781e-05
6.00781e-05
6.00781e-05
6.00781e-05
6.00781e-05
6.00781e-05
6.00781e-05
6.00781e-05
6.00781e-05
6.00781e-05
6.00781e-05
6.00781e-05
6.00781e-05
6.00781e-05
6.00777e-05
6.00781e-05
6.00781e-05
6.00781e-05
6.00781e-05
6.00781e-05
6.00781e-05
6.00781e-05
6.00781e-05
6.00781e-05
6.00781e-05
6.00781e-05
6.00781e-05
6.00781e-05
6.00781e-05
6.00781e-05
6.00781e-05
6.00781e-05
6.00781e-05
6.00781e-05
6.00777e-05
6.00781e-05
6.00781e-05
6.00781e-05
6.00781e-05
6.00781e-05
6.00781e-05
6.00781e-05
6.00781e-05
6.00781e-05
6.00781e-05
6.00781e-05
6.00781e-05
6.00781e-05
6.00781e-05
6.00781e-05
6.00781e-05
6.00781e-05
6.00781e-05
6.00781e-05
6.00777e-05
6.00781e-05
6.00781e-05
6.00781e-05
6.00781e-05
6.00781e-05
6.00781e-05
6.00781e-05
6.00781e-05
6.00781e-05
6.00781e-05
6.00781e-05
6.00781e-05
6.00781e-05
6.00781e-05
6.00781e-05
6.00781e-05
6.00781e-05
6.00781e-05
6.00781e-05
6.00777e-05
6.00781e-05
6.00781e-05
6.00781e-05
6.00781e-05
6.00781e-05
6.00781e-05
6.00781e-05
6.00781e-05
6.00781e-05
6.00781e-05
6.00781e-05
6.00781e-05
6.00781e-05
6.00781e-05
6.00781e-05
6.00781e-05
6.00781e-05
6.00781e-05
6.00781e-05
6.00777e-05
6.00781e-05
6.00781e-05
6.00781e-05
6.00781e-05
6.00781e-05
6.00781e-05
6.00781e-05
6.00781e-05
6.00781e-05
6.00781e-05
6.00781e-05
6.00781e-05
6.00781e-05
6.00781e-05
6.00781e-05
6.00781e-05
6.00781e-05
6.00781e-05
6.00781e-05
6.00777e-05
6.00781e-05
6.00781e-05
6.00781e-05
6.00781e-05
6.00781e-05
6.00781e-05
6.00781e-05
6.00781e-05
6.00781e-05
6.00781e-05
6.00781e-05
6.00781e-05
6.00781e-05
6.00781e-05
6.00781e-05
6.00781e-05
6.00781e-05
6.00781e-05
6.00781e-05
6.00777e-05
6.00781e-05
6.00781e-05
6.00781e-05
6.00781e-05
6.00781e-05
6.00781e-05
6.00781e-05
6.00781e-05
6.00781e-05
6.00781e-05
6.00781e-05
6.00781e-05
6.00781e-05
6.00781e-05
6.00781e-05
6.00781e-05
6.00781e-05
6.00781e-05
6.00781e-05
6.00777e-05
6.00781e-05
6.00781e-05
6.00781e-05
6.00781e-05
6.00781e-05
6.00781e-05
6.00781e-05
6.00781e-05
6.00781e-05
6.00781e-05
6.00781e-05
6.00781e-05
6.00781e-05
6.00781e-05
6.00781e-05
6.00781e-05
6.00781e-05
6.00781e-05
6.00781e-05
6.00777e-05
6.00781e-05
6.00781e-05
6.00781e-05
6.00781e-05
6.00781e-05
6.00781e-05
6.00781e-05
6.00781e-05
6.00781e-05
6.00781e-05
6.00781e-05
6.00781e-05
6.00781e-05
6.00781e-05
6.00781e-05
6.00781e-05
6.00781e-05
6.00781e-05
6.00781e-05
6.00777e-05
6.00781e-05
6.00781e-05
6.00781e-05
6.00781e-05
6.00781e-05
6.00781e-05
6.00781e-05
6.00781e-05
6.00781e-05
6.00781e-05
6.00781e-05
6.00781e-05
6.00781e-05
6.00781e-05
6.00781e-05
6.00781e-05
6.00781e-05
6.00781e-05
6.00781e-05
6.00777e-05
6.00781e-05
6.00781e-05
6.00781e-05
6.00781e-05
6.00781e-05
6.00781e-05
6.00781e-05
6.00781e-05
6.00781e-05
6.00781e-05
6.00781e-05
6.00781e-05
6.00781e-05
6.00781e-05
6.00781e-05
6.00781e-05
6.00781e-05
6.00781e-05
6.00781e-05
6.00777e-05
6.00781e-05
6.00781e-05
6.00781e-05
6.00781e-05
6.00781e-05
6.00781e-05
6.00781e-05
6.00781e-05
6.00781e-05
6.00781e-05
6.00781e-05
6.00781e-05
6.00781e-05
6.00781e-05
6.00781e-05
6.00781e-05
6.00781e-05
6.00781e-05
6.00781e-05
6.00777e-05
6.00781e-05
6.00781e-05
6.00781e-05
6.00781e-05
6.00781e-05
6.00781e-05
6.00781e-05
6.00781e-05
6.00781e-05
6.00781e-05
6.00781e-05
6.00781e-05
6.00781e-05
6.00781e-05
6.00781e-05
6.00781e-05
6.00781e-05
6.00781e-05
6.00781e-05
6.00777e-05
6.00781e-05
6.00781e-05
6.00781e-05
6.00781e-05
6.00781e-05
6.00781e-05
6.00781e-05
6.00781e-05
6.00781e-05
6.00781e-05
6.00781e-05
6.00781e-05
6.00781e-05
6.00781e-05
6.00781e-05
6.00781e-05
6.00781e-05
6.00781e-05
6.00781e-05
6.00777e-05
6.00781e-05
6.00781e-05
6.00781e-05
6.00781e-05
6.00781e-05
6.00781e-05
6.00781e-05
6.00781e-05
6.00781e-05
6.00781e-05
6.00781e-05
6.00781e-05
6.00781e-05
6.00781e-05
6.00781e-05
6.00781e-05
6.00781e-05
6.00781e-05
6.00781e-05
6.00777e-05
6.00781e-05
6.00781e-05
6.00781e-05
6.00781e-05
6.00781e-05
6.00781e-05
6.00781e-05
6.00781e-05
6.00781e-05
6.00781e-05
6.00781e-05
6.00781e-05
6.00781e-05
6.00781e-05
6.00781e-05
6.00781e-05
6.00781e-05
6.00781e-05
6.00781e-05
6.00777e-05
6.00781e-05
6.00781e-05
6.00781e-05
6.00781e-05
6.00781e-05
6.00781e-05
6.00781e-05
6.00781e-05
6.00781e-05
6.00781e-05
6.00781e-05
6.00781e-05
6.00781e-05
6.00781e-05
6.00781e-05
6.00781e-05
6.00781e-05
6.00781e-05
6.00781e-05
6.00777e-05
6.00781e-05
6.00781e-05
6.00781e-05
6.00781e-05
6.00781e-05
6.00781e-05
6.00781e-05
6.00781e-05
6.00781e-05
6.00781e-05
6.00781e-05
6.00781e-05
6.00781e-05
6.00781e-05
6.00781e-05
6.00781e-05
6.00781e-05
6.00781e-05
6.00781e-05
6.00777e-05
6.00781e-05
6.00781e-05
6.00781e-05
6.00781e-05
6.00781e-05
6.00781e-05
6.00781e-05
6.00781e-05
6.00781e-05
6.00781e-05
6.00781e-05
6.00781e-05
6.00781e-05
6.00781e-05
6.00781e-05
6.00781e-05
6.00781e-05
6.00781e-05
6.00781e-05
6.00777e-05
6.00781e-05
6.00781e-05
6.00781e-05
6.00781e-05
6.00781e-05
6.00781e-05
6.00781e-05
6.00781e-05
6.00781e-05
6.00781e-05
6.00781e-05
6.00781e-05
6.00781e-05
6.00781e-05
6.00781e-05
6.00781e-05
6.00781e-05
6.00781e-05
6.00781e-05
6.00777e-05
6.00781e-05
6.00781e-05
6.00781e-05
6.00781e-05
6.00781e-05
6.00781e-05
6.00781e-05
6.00781e-05
6.00781e-05
6.00781e-05
6.00781e-05
6.00781e-05
6.00781e-05
6.00781e-05
6.00781e-05
6.00781e-05
6.00781e-05
6.00781e-05
6.00781e-05
6.00777e-05
6.00781e-05
6.00781e-05
6.00781e-05
6.00781e-05
6.00781e-05
6.00781e-05
6.00781e-05
6.00781e-05
6.00781e-05
6.00781e-05
6.00781e-05
6.00781e-05
6.00781e-05
6.00781e-05
6.00781e-05
6.00781e-05
6.00781e-05
6.00781e-05
6.00781e-05
6.00777e-05
6.00781e-05
6.00781e-05
6.00781e-05
6.00781e-05
6.00781e-05
6.00781e-05
6.00781e-05
6.00781e-05
6.00781e-05
6.00781e-05
6.00781e-05
6.00781e-05
6.00781e-05
6.00781e-05
6.00781e-05
6.00781e-05
6.00781e-05
6.00781e-05
6.00781e-05
6.00777e-05
)
;

boundaryField
{
    movingWall
    {
        type            epsilonWallFunction;
        value           nonuniform List<scalar> 
20
(
0.000298664
0.000444639
0.00044484
0.00044484
0.00044484
0.00044484
0.00044484
0.00044484
0.00044484
0.00044484
0.00044484
0.00044484
0.00044484
0.00044484
0.00044484
0.00044484
0.00044484
0.00044484
0.000444639
0.000298664
)
;
    }
    fixedWalls
    {
        type            epsilonWallFunction;
        value           nonuniform List<scalar> 
60
(
0.00019586
9.54435e-05
6.26352e-05
6.32368e-05
6.32978e-05
6.33026e-05
6.33029e-05
6.33029e-05
6.33029e-05
6.33029e-05
6.33029e-05
6.33029e-05
6.33029e-05
6.33029e-05
6.33026e-05
6.32984e-05
6.3246e-05
6.27467e-05
9.76121e-05
0.000298664
0.00019586
9.54429e-05
6.26347e-05
6.32363e-05
6.32972e-05
6.3302e-05
6.33023e-05
6.33023e-05
6.33023e-05
6.33023e-05
6.33023e-05
6.33023e-05
6.33023e-05
6.33023e-05
6.3302e-05
6.32978e-05
6.32454e-05
6.27462e-05
9.76116e-05
0.000298664
0.00019586
0.000184826
0.000184808
0.000184808
0.000184808
0.000184808
0.000184808
0.000184808
0.000184808
0.000184808
0.000184808
0.000184808
0.000184808
0.000184808
0.000184808
0.000184808
0.000184808
0.000184808
0.000184826
0.00019586
)
;
    }
    frontAndBack
    {
        type            empty;
    }
    defaultFaces
    {
        type            empty;
    }
}


// ************************************************************************* //
