/*--------------------------------*- C++ -*----------------------------------*\
  =========                 |
  \\      /  F ield         | OpenFOAM: The Open Source CFD Toolbox
   \\    /   O peration     | Website:  https://openfoam.org
    \\  /    A nd           | Version:  11
     \\/     M anipulation  |
\*---------------------------------------------------------------------------*/
FoamFile
{
    format      ascii;
    class       volScalarField;
    location    "5";
    object      k;
}
// * * * * * * * * * * * * * * * * * * * * * * * * * * * * * * * * * * * * * //

dimensions      [0 2 -2 0 0 0 0];

internalField   nonuniform List<scalar> 
4000
(
0.00246132
0.00236786
0.00236771
0.00236771
0.00236771
0.00236771
0.00236771
0.00236771
0.00236771
0.00236771
0.00236771
0.00236771
0.00236771
0.00236771
0.00236771
0.00236771
0.00236771
0.00236771
0.00236786
0.00246132
0.00317104
0.000364863
0.000356828
0.000356827
0.000356827
0.000356827
0.000356827
0.000356827
0.000356827
0.000356827
0.000356827
0.000356827
0.000356827
0.000356827
0.000356827
0.000356827
0.000356827
0.000356828
0.000364864
0.00317102
0.00336645
0.000321371
0.000307061
0.000307061
0.000307061
0.000307061
0.000307061
0.000307061
0.000307061
0.000307061
0.000307061
0.000307061
0.000307061
0.000307061
0.000307061
0.000307061
0.000307061
0.000307061
0.000321373
0.00336643
0.00338801
0.000321375
0.00030699
0.000306989
0.000306989
0.000306989
0.000306989
0.000306989
0.000306989
0.000306989
0.000306989
0.000306989
0.000306989
0.000306989
0.000306989
0.000306989
0.000306989
0.00030699
0.000321377
0.00338799
0.00339019
0.000321381
0.00030699
0.000306989
0.000306989
0.000306989
0.000306989
0.000306989
0.000306989
0.000306989
0.000306989
0.000306989
0.000306989
0.000306989
0.000306989
0.000306989
0.000306989
0.00030699
0.000321382
0.00339017
0.00339036
0.000321381
0.00030699
0.000306989
0.000306989
0.000306989
0.000306989
0.000306989
0.000306989
0.000306989
0.000306989
0.000306989
0.000306989
0.000306989
0.000306989
0.000306989
0.000306989
0.00030699
0.000321382
0.00339034
0.00339037
0.000321381
0.00030699
0.000306989
0.000306989
0.000306989
0.000306989
0.000306989
0.000306989
0.000306989
0.000306989
0.000306989
0.000306989
0.000306989
0.000306989
0.000306989
0.000306989
0.00030699
0.000321382
0.00339035
0.00339037
0.000321381
0.00030699
0.000306989
0.000306989
0.000306989
0.000306989
0.000306989
0.000306989
0.000306989
0.000306989
0.000306989
0.000306989
0.000306989
0.000306989
0.000306989
0.000306989
0.00030699
0.000321382
0.00339035
0.00339037
0.000321381
0.00030699
0.000306989
0.000306989
0.000306989
0.000306989
0.000306989
0.000306989
0.000306989
0.000306989
0.000306989
0.000306989
0.000306989
0.000306989
0.000306989
0.000306989
0.00030699
0.000321382
0.00339035
0.00339037
0.000321381
0.00030699
0.000306989
0.000306989
0.000306989
0.000306989
0.000306989
0.000306989
0.000306989
0.000306989
0.000306989
0.000306989
0.000306989
0.000306989
0.000306989
0.000306989
0.00030699
0.000321382
0.00339035
0.00339037
0.000321381
0.00030699
0.000306989
0.000306989
0.000306989
0.000306989
0.000306989
0.000306989
0.000306989
0.000306989
0.000306989
0.000306989
0.000306989
0.000306989
0.000306989
0.000306989
0.00030699
0.000321382
0.00339035
0.00339037
0.000321381
0.00030699
0.000306989
0.000306989
0.000306989
0.000306989
0.000306989
0.000306989
0.000306989
0.000306989
0.000306989
0.000306989
0.000306989
0.000306989
0.000306989
0.000306989
0.00030699
0.000321382
0.00339035
0.00339037
0.000321381
0.00030699
0.000306989
0.000306989
0.000306989
0.000306989
0.000306989
0.000306989
0.000306989
0.000306989
0.000306989
0.000306989
0.000306989
0.000306989
0.000306989
0.000306989
0.00030699
0.000321382
0.00339035
0.00339037
0.000321381
0.00030699
0.000306989
0.000306989
0.000306989
0.000306989
0.000306989
0.000306989
0.000306989
0.000306989
0.000306989
0.000306989
0.000306989
0.000306989
0.000306989
0.000306989
0.00030699
0.000321382
0.00339035
0.00339036
0.000321381
0.00030699
0.000306989
0.000306989
0.000306989
0.000306989
0.000306989
0.000306989
0.000306989
0.000306989
0.000306989
0.000306989
0.000306989
0.000306989
0.000306989
0.000306989
0.00030699
0.000321382
0.00339034
0.00339021
0.000321381
0.00030699
0.000306989
0.000306989
0.000306989
0.000306989
0.000306989
0.000306989
0.000306989
0.000306989
0.000306989
0.000306989
0.000306989
0.000306989
0.000306989
0.000306989
0.00030699
0.000321382
0.00339019
0.00338833
0.000321376
0.00030699
0.000306989
0.000306989
0.000306989
0.000306989
0.000306989
0.000306989
0.000306989
0.000306989
0.000306989
0.000306989
0.000306989
0.000306989
0.000306989
0.000306989
0.00030699
0.000321377
0.00338831
0.00337045
0.000321427
0.000307106
0.000307105
0.000307105
0.000307105
0.000307105
0.000307105
0.000307105
0.000307105
0.000307105
0.000307105
0.000307105
0.000307105
0.000307105
0.000307105
0.000307105
0.000307106
0.000321429
0.00337043
0.00321897
0.000404599
0.000396499
0.000396498
0.000396498
0.000396498
0.000396498
0.000396498
0.000396498
0.000396498
0.000396498
0.000396498
0.000396498
0.000396498
0.000396498
0.000396498
0.000396498
0.000396499
0.0004046
0.00321896
0.00326159
0.00425348
0.00425476
0.00425476
0.00425476
0.00425476
0.00425476
0.00425476
0.00425476
0.00425476
0.00425476
0.00425476
0.00425476
0.00425476
0.00425476
0.00425476
0.00425476
0.00425476
0.00425348
0.00326159
0.000306991
0.000306991
0.000306991
0.000306991
0.000306991
0.000306991
0.000306991
0.000306991
0.000306991
0.000306991
0.000306991
0.000306991
0.000306991
0.000306991
0.000306991
0.000306991
0.000306991
0.000306991
0.000306991
0.000306989
0.000306991
0.000306991
0.000306991
0.000306991
0.000306991
0.000306991
0.000306991
0.000306991
0.000306991
0.000306991
0.000306991
0.000306991
0.000306991
0.000306991
0.000306991
0.000306991
0.000306991
0.000306991
0.000306991
0.000306989
0.000306991
0.000306991
0.000306991
0.000306991
0.000306991
0.000306991
0.000306991
0.000306991
0.000306991
0.000306991
0.000306991
0.000306991
0.000306991
0.000306991
0.000306991
0.000306991
0.000306991
0.000306991
0.000306991
0.000306989
0.000306991
0.000306991
0.000306991
0.000306991
0.000306991
0.000306991
0.000306991
0.000306991
0.000306991
0.000306991
0.000306991
0.000306991
0.000306991
0.000306991
0.000306991
0.000306991
0.000306991
0.000306991
0.000306991
0.000306989
0.000306991
0.000306991
0.000306991
0.000306991
0.000306991
0.000306991
0.000306991
0.000306991
0.000306991
0.000306991
0.000306991
0.000306991
0.000306991
0.000306991
0.000306991
0.000306991
0.000306991
0.000306991
0.000306991
0.000306989
0.000306991
0.000306991
0.000306991
0.000306991
0.000306991
0.000306991
0.000306991
0.000306991
0.000306991
0.000306991
0.000306991
0.000306991
0.000306991
0.000306991
0.000306991
0.000306991
0.000306991
0.000306991
0.000306991
0.000306989
0.000306991
0.000306991
0.000306991
0.000306991
0.000306991
0.000306991
0.000306991
0.000306991
0.000306991
0.000306991
0.000306991
0.000306991
0.000306991
0.000306991
0.000306991
0.000306991
0.000306991
0.000306991
0.000306991
0.000306989
0.000306991
0.000306991
0.000306991
0.000306991
0.000306991
0.000306991
0.000306991
0.000306991
0.000306991
0.000306991
0.000306991
0.000306991
0.000306991
0.000306991
0.000306991
0.000306991
0.000306991
0.000306991
0.000306991
0.000306989
0.000306991
0.000306991
0.000306991
0.000306991
0.000306991
0.000306991
0.000306991
0.000306991
0.000306991
0.000306991
0.000306991
0.000306991
0.000306991
0.000306991
0.000306991
0.000306991
0.000306991
0.000306991
0.000306991
0.000306989
0.000306991
0.000306991
0.000306991
0.000306991
0.000306991
0.000306991
0.000306991
0.000306991
0.000306991
0.000306991
0.000306991
0.000306991
0.000306991
0.000306991
0.000306991
0.000306991
0.000306991
0.000306991
0.000306991
0.000306989
0.000306991
0.000306991
0.000306991
0.000306991
0.000306991
0.000306991
0.000306991
0.000306991
0.000306991
0.000306991
0.000306991
0.000306991
0.000306991
0.000306991
0.000306991
0.000306991
0.000306991
0.000306991
0.000306991
0.000306989
0.000306991
0.000306991
0.000306991
0.000306991
0.000306991
0.000306991
0.000306991
0.000306991
0.000306991
0.000306991
0.000306991
0.000306991
0.000306991
0.000306991
0.000306991
0.000306991
0.000306991
0.000306991
0.000306991
0.000306989
0.000306991
0.000306991
0.000306991
0.000306991
0.000306991
0.000306991
0.000306991
0.000306991
0.000306991
0.000306991
0.000306991
0.000306991
0.000306991
0.000306991
0.000306991
0.000306991
0.000306991
0.000306991
0.000306991
0.000306989
0.000306991
0.000306991
0.000306991
0.000306991
0.000306991
0.000306991
0.000306991
0.000306991
0.000306991
0.000306991
0.000306991
0.000306991
0.000306991
0.000306991
0.000306991
0.000306991
0.000306991
0.000306991
0.000306991
0.000306989
0.000306991
0.000306991
0.000306991
0.000306991
0.000306991
0.000306991
0.000306991
0.000306991
0.000306991
0.000306991
0.000306991
0.000306991
0.000306991
0.000306991
0.000306991
0.000306991
0.000306991
0.000306991
0.000306991
0.000306989
0.000306991
0.000306991
0.000306991
0.000306991
0.000306991
0.000306991
0.000306991
0.000306991
0.000306991
0.000306991
0.000306991
0.000306991
0.000306991
0.000306991
0.000306991
0.000306991
0.000306991
0.000306991
0.000306991
0.000306989
0.000306991
0.000306991
0.000306991
0.000306991
0.000306991
0.000306991
0.000306991
0.000306991
0.000306991
0.000306991
0.000306991
0.000306991
0.000306991
0.000306991
0.000306991
0.000306991
0.000306991
0.000306991
0.000306991
0.000306989
0.000306991
0.000306991
0.000306991
0.000306991
0.000306991
0.000306991
0.000306991
0.000306991
0.000306991
0.000306991
0.000306991
0.000306991
0.000306991
0.000306991
0.000306991
0.000306991
0.000306991
0.000306991
0.000306991
0.000306989
0.000306991
0.000306991
0.000306991
0.000306991
0.000306991
0.000306991
0.000306991
0.000306991
0.000306991
0.000306991
0.000306991
0.000306991
0.000306991
0.000306991
0.000306991
0.000306991
0.000306991
0.000306991
0.000306991
0.000306989
0.000306989
0.000306989
0.000306989
0.000306989
0.000306989
0.000306989
0.000306989
0.000306989
0.000306989
0.000306989
0.000306989
0.000306989
0.000306989
0.000306989
0.000306989
0.000306989
0.000306989
0.000306989
0.000306989
0.000306987
0.000306991
0.000306991
0.000306991
0.000306991
0.000306991
0.000306991
0.000306991
0.000306991
0.000306991
0.000306991
0.000306991
0.000306991
0.000306991
0.000306991
0.000306991
0.000306991
0.000306991
0.000306991
0.000306991
0.000306989
0.000306991
0.000306991
0.000306991
0.000306991
0.000306991
0.000306991
0.000306991
0.000306991
0.000306991
0.000306991
0.000306991
0.000306991
0.000306991
0.000306991
0.000306991
0.000306991
0.000306991
0.000306991
0.000306991
0.000306989
0.000306991
0.000306991
0.000306991
0.000306991
0.000306991
0.000306991
0.000306991
0.000306991
0.000306991
0.000306991
0.000306991
0.000306991
0.000306991
0.000306991
0.000306991
0.000306991
0.000306991
0.000306991
0.000306991
0.000306989
0.000306991
0.000306991
0.000306991
0.000306991
0.000306991
0.000306991
0.000306991
0.000306991
0.000306991
0.000306991
0.000306991
0.000306991
0.000306991
0.000306991
0.000306991
0.000306991
0.000306991
0.000306991
0.000306991
0.000306989
0.000306991
0.000306991
0.000306991
0.000306991
0.000306991
0.000306991
0.000306991
0.000306991
0.000306991
0.000306991
0.000306991
0.000306991
0.000306991
0.000306991
0.000306991
0.000306991
0.000306991
0.000306991
0.000306991
0.000306989
0.000306991
0.000306991
0.000306991
0.000306991
0.000306991
0.000306991
0.000306991
0.000306991
0.000306991
0.000306991
0.000306991
0.000306991
0.000306991
0.000306991
0.000306991
0.000306991
0.000306991
0.000306991
0.000306991
0.000306989
0.000306991
0.000306991
0.000306991
0.000306991
0.000306991
0.000306991
0.000306991
0.000306991
0.000306991
0.000306991
0.000306991
0.000306991
0.000306991
0.000306991
0.000306991
0.000306991
0.000306991
0.000306991
0.000306991
0.000306989
0.000306991
0.000306991
0.000306991
0.000306991
0.000306991
0.000306991
0.000306991
0.000306991
0.000306991
0.000306991
0.000306991
0.000306991
0.000306991
0.000306991
0.000306991
0.000306991
0.000306991
0.000306991
0.000306991
0.000306989
0.000306991
0.000306991
0.000306991
0.000306991
0.000306991
0.000306991
0.000306991
0.000306991
0.000306991
0.000306991
0.000306991
0.000306991
0.000306991
0.000306991
0.000306991
0.000306991
0.000306991
0.000306991
0.000306991
0.000306989
0.000306991
0.000306991
0.000306991
0.000306991
0.000306991
0.000306991
0.000306991
0.000306991
0.000306991
0.000306991
0.000306991
0.000306991
0.000306991
0.000306991
0.000306991
0.000306991
0.000306991
0.000306991
0.000306991
0.000306989
0.000306991
0.000306991
0.000306991
0.000306991
0.000306991
0.000306991
0.000306991
0.000306991
0.000306991
0.000306991
0.000306991
0.000306991
0.000306991
0.000306991
0.000306991
0.000306991
0.000306991
0.000306991
0.000306991
0.000306989
0.000306991
0.000306991
0.000306991
0.000306991
0.000306991
0.000306991
0.000306991
0.000306991
0.000306991
0.000306991
0.000306991
0.000306991
0.000306991
0.000306991
0.000306991
0.000306991
0.000306991
0.000306991
0.000306991
0.000306989
0.000306991
0.000306991
0.000306991
0.000306991
0.000306991
0.000306991
0.000306991
0.000306991
0.000306991
0.000306991
0.000306991
0.000306991
0.000306991
0.000306991
0.000306991
0.000306991
0.000306991
0.000306991
0.000306991
0.000306989
0.000306991
0.000306991
0.000306991
0.000306991
0.000306991
0.000306991
0.000306991
0.000306991
0.000306991
0.000306991
0.000306991
0.000306991
0.000306991
0.000306991
0.000306991
0.000306991
0.000306991
0.000306991
0.000306991
0.000306989
0.000306991
0.000306991
0.000306991
0.000306991
0.000306991
0.000306991
0.000306991
0.000306991
0.000306991
0.000306991
0.000306991
0.000306991
0.000306991
0.000306991
0.000306991
0.000306991
0.000306991
0.000306991
0.000306991
0.000306989
0.000306991
0.000306991
0.000306991
0.000306991
0.000306991
0.000306991
0.000306991
0.000306991
0.000306991
0.000306991
0.000306991
0.000306991
0.000306991
0.000306991
0.000306991
0.000306991
0.000306991
0.000306991
0.000306991
0.000306989
0.000306991
0.000306991
0.000306991
0.000306991
0.000306991
0.000306991
0.000306991
0.000306991
0.000306991
0.000306991
0.000306991
0.000306991
0.000306991
0.000306991
0.000306991
0.000306991
0.000306991
0.000306991
0.000306991
0.000306989
0.000306991
0.000306991
0.000306991
0.000306991
0.000306991
0.000306991
0.000306991
0.000306991
0.000306991
0.000306991
0.000306991
0.000306991
0.000306991
0.000306991
0.000306991
0.000306991
0.000306991
0.000306991
0.000306991
0.000306989
0.000306991
0.000306991
0.000306991
0.000306991
0.000306991
0.000306991
0.000306991
0.000306991
0.000306991
0.000306991
0.000306991
0.000306991
0.000306991
0.000306991
0.000306991
0.000306991
0.000306991
0.000306991
0.000306991
0.000306989
0.000306989
0.000306989
0.000306989
0.000306989
0.000306989
0.000306989
0.000306989
0.000306989
0.000306989
0.000306989
0.000306989
0.000306989
0.000306989
0.000306989
0.000306989
0.000306989
0.000306989
0.000306989
0.000306989
0.000306987
0.000306991
0.000306991
0.000306991
0.000306991
0.000306991
0.000306991
0.000306991
0.000306991
0.000306991
0.000306991
0.000306991
0.000306991
0.000306991
0.000306991
0.000306991
0.000306991
0.000306991
0.000306991
0.000306991
0.000306989
0.000306991
0.000306991
0.000306991
0.000306991
0.000306991
0.000306991
0.000306991
0.000306991
0.000306991
0.000306991
0.000306991
0.000306991
0.000306991
0.000306991
0.000306991
0.000306991
0.000306991
0.000306991
0.000306991
0.000306989
0.000306991
0.000306991
0.000306991
0.000306991
0.000306991
0.000306991
0.000306991
0.000306991
0.000306991
0.000306991
0.000306991
0.000306991
0.000306991
0.000306991
0.000306991
0.000306991
0.000306991
0.000306991
0.000306991
0.000306989
0.000306991
0.000306991
0.000306991
0.000306991
0.000306991
0.000306991
0.000306991
0.000306991
0.000306991
0.000306991
0.000306991
0.000306991
0.000306991
0.000306991
0.000306991
0.000306991
0.000306991
0.000306991
0.000306991
0.000306989
0.000306991
0.000306991
0.000306991
0.000306991
0.000306991
0.000306991
0.000306991
0.000306991
0.000306991
0.000306991
0.000306991
0.000306991
0.000306991
0.000306991
0.000306991
0.000306991
0.000306991
0.000306991
0.000306991
0.000306989
0.000306991
0.000306991
0.000306991
0.000306991
0.000306991
0.000306991
0.000306991
0.000306991
0.000306991
0.000306991
0.000306991
0.000306991
0.000306991
0.000306991
0.000306991
0.000306991
0.000306991
0.000306991
0.000306991
0.000306989
0.000306991
0.000306991
0.000306991
0.000306991
0.000306991
0.000306991
0.000306991
0.000306991
0.000306991
0.000306991
0.000306991
0.000306991
0.000306991
0.000306991
0.000306991
0.000306991
0.000306991
0.000306991
0.000306991
0.000306989
0.000306991
0.000306991
0.000306991
0.000306991
0.000306991
0.000306991
0.000306991
0.000306991
0.000306991
0.000306991
0.000306991
0.000306991
0.000306991
0.000306991
0.000306991
0.000306991
0.000306991
0.000306991
0.000306991
0.000306989
0.000306991
0.000306991
0.000306991
0.000306991
0.000306991
0.000306991
0.000306991
0.000306991
0.000306991
0.000306991
0.000306991
0.000306991
0.000306991
0.000306991
0.000306991
0.000306991
0.000306991
0.000306991
0.000306991
0.000306989
0.000306991
0.000306991
0.000306991
0.000306991
0.000306991
0.000306991
0.000306991
0.000306991
0.000306991
0.000306991
0.000306991
0.000306991
0.000306991
0.000306991
0.000306991
0.000306991
0.000306991
0.000306991
0.000306991
0.000306989
0.000306991
0.000306991
0.000306991
0.000306991
0.000306991
0.000306991
0.000306991
0.000306991
0.000306991
0.000306991
0.000306991
0.000306991
0.000306991
0.000306991
0.000306991
0.000306991
0.000306991
0.000306991
0.000306991
0.000306989
0.000306991
0.000306991
0.000306991
0.000306991
0.000306991
0.000306991
0.000306991
0.000306991
0.000306991
0.000306991
0.000306991
0.000306991
0.000306991
0.000306991
0.000306991
0.000306991
0.000306991
0.000306991
0.000306991
0.000306989
0.000306991
0.000306991
0.000306991
0.000306991
0.000306991
0.000306991
0.000306991
0.000306991
0.000306991
0.000306991
0.000306991
0.000306991
0.000306991
0.000306991
0.000306991
0.000306991
0.000306991
0.000306991
0.000306991
0.000306989
0.000306991
0.000306991
0.000306991
0.000306991
0.000306991
0.000306991
0.000306991
0.000306991
0.000306991
0.000306991
0.000306991
0.000306991
0.000306991
0.000306991
0.000306991
0.000306991
0.000306991
0.000306991
0.000306991
0.000306989
0.000306991
0.000306991
0.000306991
0.000306991
0.000306991
0.000306991
0.000306991
0.000306991
0.000306991
0.000306991
0.000306991
0.000306991
0.000306991
0.000306991
0.000306991
0.000306991
0.000306991
0.000306991
0.000306991
0.000306989
0.000306991
0.000306991
0.000306991
0.000306991
0.000306991
0.000306991
0.000306991
0.000306991
0.000306991
0.000306991
0.000306991
0.000306991
0.000306991
0.000306991
0.000306991
0.000306991
0.000306991
0.000306991
0.000306991
0.000306989
0.000306991
0.000306991
0.000306991
0.000306991
0.000306991
0.000306991
0.000306991
0.000306991
0.000306991
0.000306991
0.000306991
0.000306991
0.000306991
0.000306991
0.000306991
0.000306991
0.000306991
0.000306991
0.000306991
0.000306989
0.000306991
0.000306991
0.000306991
0.000306991
0.000306991
0.000306991
0.000306991
0.000306991
0.000306991
0.000306991
0.000306991
0.000306991
0.000306991
0.000306991
0.000306991
0.000306991
0.000306991
0.000306991
0.000306991
0.000306989
0.000306991
0.000306991
0.000306991
0.000306991
0.000306991
0.000306991
0.000306991
0.000306991
0.000306991
0.000306991
0.000306991
0.000306991
0.000306991
0.000306991
0.000306991
0.000306991
0.000306991
0.000306991
0.000306991
0.000306989
0.000306989
0.000306989
0.000306989
0.000306989
0.000306989
0.000306989
0.000306989
0.000306989
0.000306989
0.000306989
0.000306989
0.000306989
0.000306989
0.000306989
0.000306989
0.000306989
0.000306989
0.000306989
0.000306989
0.000306987
0.000306989
0.000306989
0.000306989
0.000306989
0.000306989
0.000306989
0.000306989
0.000306989
0.000306989
0.000306989
0.000306989
0.000306989
0.000306989
0.000306989
0.000306989
0.000306989
0.000306989
0.000306989
0.000306989
0.000306989
0.000306989
0.000306989
0.000306989
0.000306989
0.000306989
0.000306989
0.000306989
0.000306989
0.000306989
0.000306989
0.000306989
0.000306989
0.000306989
0.000306989
0.000306989
0.000306989
0.000306989
0.000306989
0.000306989
0.000306989
0.000306989
0.000306989
0.000306989
0.000306989
0.000306989
0.000306989
0.000306989
0.000306989
0.000306989
0.000306989
0.000306989
0.000306989
0.000306989
0.000306989
0.000306989
0.000306989
0.000306989
0.000306989
0.000306989
0.000306989
0.000306989
0.000306989
0.000306989
0.000306989
0.000306989
0.000306989
0.000306989
0.000306989
0.000306989
0.000306989
0.000306989
0.000306989
0.000306989
0.000306989
0.000306989
0.000306989
0.000306989
0.000306989
0.000306989
0.000306989
0.000306989
0.000306989
0.000306989
0.000306989
0.000306989
0.000306989
0.000306989
0.000306989
0.000306989
0.000306989
0.000306989
0.000306989
0.000306989
0.000306989
0.000306989
0.000306989
0.000306989
0.000306989
0.000306989
0.000306989
0.000306989
0.000306989
0.000306989
0.000306989
0.000306989
0.000306989
0.000306989
0.000306989
0.000306989
0.000306989
0.000306989
0.000306989
0.000306989
0.000306989
0.000306989
0.000306989
0.000306989
0.000306989
0.000306989
0.000306989
0.000306989
0.000306989
0.000306989
0.000306989
0.000306989
0.000306989
0.000306989
0.000306989
0.000306989
0.000306989
0.000306989
0.000306989
0.000306989
0.000306989
0.000306989
0.000306989
0.000306989
0.000306989
0.000306989
0.000306989
0.000306989
0.000306989
0.000306989
0.000306989
0.000306989
0.000306989
0.000306989
0.000306989
0.000306989
0.000306989
0.000306989
0.000306989
0.000306989
0.000306989
0.000306989
0.000306989
0.000306989
0.000306989
0.000306989
0.000306989
0.000306989
0.000306989
0.000306989
0.000306989
0.000306989
0.000306989
0.000306989
0.000306989
0.000306989
0.000306989
0.000306989
0.000306989
0.000306989
0.000306989
0.000306989
0.000306989
0.000306989
0.000306989
0.000306989
0.000306989
0.000306989
0.000306989
0.000306989
0.000306989
0.000306989
0.000306989
0.000306989
0.000306989
0.000306989
0.000306989
0.000306989
0.000306989
0.000306989
0.000306989
0.000306989
0.000306989
0.000306989
0.000306989
0.000306989
0.000306989
0.000306989
0.000306989
0.000306989
0.000306989
0.000306989
0.000306989
0.000306989
0.000306989
0.000306989
0.000306989
0.000306989
0.000306989
0.000306989
0.000306989
0.000306989
0.000306989
0.000306989
0.000306989
0.000306989
0.000306989
0.000306989
0.000306989
0.000306989
0.000306989
0.000306989
0.000306989
0.000306989
0.000306989
0.000306989
0.000306989
0.000306989
0.000306989
0.000306989
0.000306989
0.000306989
0.000306989
0.000306989
0.000306989
0.000306989
0.000306989
0.000306989
0.000306989
0.000306989
0.000306989
0.000306989
0.000306989
0.000306989
0.000306989
0.000306989
0.000306989
0.000306989
0.000306989
0.000306989
0.000306989
0.000306989
0.000306989
0.000306989
0.000306989
0.000306989
0.000306989
0.000306989
0.000306989
0.000306989
0.000306989
0.000306989
0.000306989
0.000306989
0.000306989
0.000306989
0.000306989
0.000306989
0.000306989
0.000306989
0.000306989
0.000306989
0.000306989
0.000306989
0.000306989
0.000306989
0.000306989
0.000306989
0.000306989
0.000306989
0.000306989
0.000306989
0.000306989
0.000306989
0.000306989
0.000306989
0.000306989
0.000306989
0.000306989
0.000306989
0.000306989
0.000306989
0.000306989
0.000306989
0.000306989
0.000306989
0.000306989
0.000306989
0.000306989
0.000306989
0.000306989
0.000306989
0.000306989
0.000306989
0.000306989
0.000306989
0.000306989
0.000306989
0.000306989
0.000306989
0.000306989
0.000306989
0.000306989
0.000306989
0.000306989
0.000306989
0.000306989
0.000306989
0.000306989
0.000306989
0.000306989
0.000306989
0.000306989
0.000306989
0.000306989
0.000306989
0.000306989
0.000306989
0.000306989
0.000306989
0.000306989
0.000306989
0.000306989
0.000306989
0.000306989
0.000306989
0.000306989
0.000306989
0.000306989
0.000306989
0.000306989
0.000306989
0.000306989
0.000306989
0.000306989
0.000306989
0.000306989
0.000306989
0.000306989
0.000306989
0.000306989
0.000306989
0.000306989
0.000306989
0.000306989
0.000306989
0.000306989
0.000306989
0.000306989
0.000306989
0.000306989
0.000306989
0.000306989
0.000306989
0.000306989
0.000306989
0.000306989
0.000306989
0.000306989
0.000306989
0.000306989
0.000306989
0.000306989
0.000306989
0.000306989
0.000306989
0.000306989
0.000306987
0.000306987
0.000306987
0.000306987
0.000306987
0.000306987
0.000306987
0.000306987
0.000306987
0.000306987
0.000306987
0.000306987
0.000306987
0.000306987
0.000306987
0.000306987
0.000306987
0.000306987
0.000306987
0.000306987
0.000306987
0.000306987
0.000306987
0.000306987
0.000306987
0.000306987
0.000306987
0.000306987
0.000306987
0.000306987
0.000306987
0.000306987
0.000306987
0.000306987
0.000306987
0.000306987
0.000306987
0.000306987
0.000306987
0.000306987
0.000306987
0.000306987
0.000306987
0.000306987
0.000306987
0.000306987
0.000306987
0.000306987
0.000306987
0.000306987
0.000306987
0.000306987
0.000306987
0.000306987
0.000306987
0.000306987
0.000306987
0.000306987
0.000306987
0.000306987
0.000306987
0.000306987
0.000306987
0.000306987
0.000306987
0.000306987
0.000306987
0.000306987
0.000306987
0.000306987
0.000306987
0.000306987
0.000306987
0.000306987
0.000306987
0.000306987
0.000306987
0.000306987
0.000306987
0.000306987
0.000306987
0.000306987
0.000306987
0.000306987
0.000306987
0.000306987
0.000306987
0.000306987
0.000306987
0.000306987
0.000306987
0.000306987
0.000306987
0.000306987
0.000306987
0.000306987
0.000306987
0.000306987
0.000306987
0.000306987
0.000306987
0.000306987
0.000306987
0.000306987
0.000306987
0.000306987
0.000306987
0.000306987
0.000306987
0.000306987
0.000306987
0.000306987
0.000306987
0.000306987
0.000306987
0.000306987
0.000306987
0.000306987
0.000306987
0.000306987
0.000306987
0.000306987
0.000306987
0.000306987
0.000306987
0.000306987
0.000306987
0.000306987
0.000306987
0.000306987
0.000306987
0.000306987
0.000306987
0.000306987
0.000306987
0.000306987
0.000306987
0.000306987
0.000306987
0.000306987
0.000306987
0.000306987
0.000306987
0.000306987
0.000306987
0.000306987
0.000306987
0.000306987
0.000306987
0.000306987
0.000306987
0.000306987
0.000306987
0.000306987
0.000306987
0.000306987
0.000306987
0.000306987
0.000306987
0.000306987
0.000306987
0.000306987
0.000306987
0.000306987
0.000306987
0.000306987
0.000306987
0.000306987
0.000306987
0.000306987
0.000306987
0.000306987
0.000306987
0.000306987
0.000306987
0.000306987
0.000306987
0.000306987
0.000306987
0.000306987
0.000306987
0.000306987
0.000306987
0.000306987
0.000306987
0.000306987
0.000306987
0.000306987
0.000306987
0.000306987
0.000306987
0.000306987
0.000306987
0.000306987
0.000306987
0.000306987
0.000306987
0.000306987
0.000306987
0.000306987
0.000306987
0.000306987
0.000306987
0.000306987
0.000306987
0.000306987
0.000306987
0.000306987
0.000306987
0.000306987
0.000306987
0.000306987
0.000306987
0.000306987
0.000306987
0.000306987
0.000306987
0.000306987
0.000306987
0.000306987
0.000306987
0.000306987
0.000306987
0.000306987
0.000306987
0.000306987
0.000306987
0.000306987
0.000306987
0.000306987
0.000306987
0.000306987
0.000306987
0.000306987
0.000306987
0.000306987
0.000306987
0.000306987
0.000306987
0.000306987
0.000306987
0.000306987
0.000306987
0.000306987
0.000306987
0.000306987
0.000306987
0.000306987
0.000306987
0.000306987
0.000306987
0.000306987
0.000306987
0.000306987
0.000306987
0.000306987
0.000306987
0.000306987
0.000306987
0.000306987
0.000306987
0.000306987
0.000306987
0.000306987
0.000306987
0.000306987
0.000306987
0.000306987
0.000306987
0.000306987
0.000306987
0.000306987
0.000306987
0.000306987
0.000306987
0.000306987
0.000306987
0.000306987
0.000306987
0.000306987
0.000306987
0.000306987
0.000306987
0.000306987
0.000306987
0.000306987
0.000306987
0.000306987
0.000306987
0.000306987
0.000306987
0.000306987
0.000306987
0.000306987
0.000306987
0.000306987
0.000306987
0.000306987
0.000306987
0.000306987
0.000306987
0.000306987
0.000306987
0.000306987
0.000306987
0.000306987
0.000306987
0.000306987
0.000306987
0.000306987
0.000306987
0.000306987
0.000306987
0.000306987
0.000306987
0.000306987
0.000306987
0.000306987
0.000306987
0.000306987
0.000306987
0.000306987
0.000306987
0.000306987
0.000306987
0.000306987
0.000306987
0.000306987
0.000306987
0.000306987
0.000306987
0.000306987
0.000306987
0.000306987
0.000306987
0.000306987
0.000306987
0.000306987
0.000306987
0.000306987
0.000306987
0.000306987
0.000306987
0.000306987
0.000306987
0.000306987
0.000306987
0.000306987
0.000306987
0.000306987
0.000306987
0.000306987
0.000306987
0.000306987
0.000306987
0.000306987
0.000306987
0.000306987
0.000306987
0.000306987
0.000306987
0.000306987
0.000306987
0.000306987
0.000306987
0.000306987
0.000306987
0.000306987
0.000306987
0.000306987
0.000306987
0.000306987
0.000306987
0.000306987
0.000306987
0.000306987
0.000306987
0.000306987
0.000306987
0.000306987
0.000306987
0.000306987
0.000306987
0.000306987
0.000306987
0.000306987
0.000306987
0.000306987
0.000306987
0.000306987
0.000306987
0.000306987
0.000306987
0.000306987
0.000306987
0.000306987
0.000306987
0.000306987
0.000306987
0.000306987
0.000306987
0.000306987
0.000306987
0.000306987
0.000306987
0.000306987
0.000306987
0.000306987
0.000306987
0.000306987
0.000306987
0.000306987
0.000306987
0.000306987
0.000306987
0.000306987
0.000306987
0.000306987
0.000306987
0.000306987
0.000306989
0.000306989
0.000306989
0.000306989
0.000306989
0.000306989
0.000306989
0.000306989
0.000306989
0.000306989
0.000306989
0.000306989
0.000306989
0.000306989
0.000306989
0.000306989
0.000306989
0.000306989
0.000306989
0.000306987
0.000306989
0.000306989
0.000306989
0.000306989
0.000306989
0.000306989
0.000306989
0.000306989
0.000306989
0.000306989
0.000306989
0.000306989
0.000306989
0.000306989
0.000306989
0.000306989
0.000306989
0.000306989
0.000306989
0.000306987
0.000306989
0.000306989
0.000306989
0.000306989
0.000306989
0.000306989
0.000306989
0.000306989
0.000306989
0.000306989
0.000306989
0.000306989
0.000306989
0.000306989
0.000306989
0.000306989
0.000306989
0.000306989
0.000306989
0.000306987
0.000306989
0.000306989
0.000306989
0.000306989
0.000306989
0.000306989
0.000306989
0.000306989
0.000306989
0.000306989
0.000306989
0.000306989
0.000306989
0.000306989
0.000306989
0.000306989
0.000306989
0.000306989
0.000306989
0.000306987
0.000306989
0.000306989
0.000306989
0.000306989
0.000306989
0.000306989
0.000306989
0.000306989
0.000306989
0.000306989
0.000306989
0.000306989
0.000306989
0.000306989
0.000306989
0.000306989
0.000306989
0.000306989
0.000306989
0.000306987
0.000306989
0.000306989
0.000306989
0.000306989
0.000306989
0.000306989
0.000306989
0.000306989
0.000306989
0.000306989
0.000306989
0.000306989
0.000306989
0.000306989
0.000306989
0.000306989
0.000306989
0.000306989
0.000306989
0.000306987
0.000306989
0.000306989
0.000306989
0.000306989
0.000306989
0.000306989
0.000306989
0.000306989
0.000306989
0.000306989
0.000306989
0.000306989
0.000306989
0.000306989
0.000306989
0.000306989
0.000306989
0.000306989
0.000306989
0.000306987
0.000306989
0.000306989
0.000306989
0.000306989
0.000306989
0.000306989
0.000306989
0.000306989
0.000306989
0.000306989
0.000306989
0.000306989
0.000306989
0.000306989
0.000306989
0.000306989
0.000306989
0.000306989
0.000306989
0.000306987
0.000306989
0.000306989
0.000306989
0.000306989
0.000306989
0.000306989
0.000306989
0.000306989
0.000306989
0.000306989
0.000306989
0.000306989
0.000306989
0.000306989
0.000306989
0.000306989
0.000306989
0.000306989
0.000306989
0.000306987
0.000306989
0.000306989
0.000306989
0.000306989
0.000306989
0.000306989
0.000306989
0.000306989
0.000306989
0.000306989
0.000306989
0.000306989
0.000306989
0.000306989
0.000306989
0.000306989
0.000306989
0.000306989
0.000306989
0.000306987
0.000306989
0.000306989
0.000306989
0.000306989
0.000306989
0.000306989
0.000306989
0.000306989
0.000306989
0.000306989
0.000306989
0.000306989
0.000306989
0.000306989
0.000306989
0.000306989
0.000306989
0.000306989
0.000306989
0.000306987
0.000306989
0.000306989
0.000306989
0.000306989
0.000306989
0.000306989
0.000306989
0.000306989
0.000306989
0.000306989
0.000306989
0.000306989
0.000306989
0.000306989
0.000306989
0.000306989
0.000306989
0.000306989
0.000306989
0.000306987
0.000306989
0.000306989
0.000306989
0.000306989
0.000306989
0.000306989
0.000306989
0.000306989
0.000306989
0.000306989
0.000306989
0.000306989
0.000306989
0.000306989
0.000306989
0.000306989
0.000306989
0.000306989
0.000306989
0.000306987
0.000306989
0.000306989
0.000306989
0.000306989
0.000306989
0.000306989
0.000306989
0.000306989
0.000306989
0.000306989
0.000306989
0.000306989
0.000306989
0.000306989
0.000306989
0.000306989
0.000306989
0.000306989
0.000306989
0.000306987
0.000306989
0.000306989
0.000306989
0.000306989
0.000306989
0.000306989
0.000306989
0.000306989
0.000306989
0.000306989
0.000306989
0.000306989
0.000306989
0.000306989
0.000306989
0.000306989
0.000306989
0.000306989
0.000306989
0.000306987
0.000306989
0.000306989
0.000306989
0.000306989
0.000306989
0.000306989
0.000306989
0.000306989
0.000306989
0.000306989
0.000306989
0.000306989
0.000306989
0.000306989
0.000306989
0.000306989
0.000306989
0.000306989
0.000306989
0.000306987
0.000306989
0.000306989
0.000306989
0.000306989
0.000306989
0.000306989
0.000306989
0.000306989
0.000306989
0.000306989
0.000306989
0.000306989
0.000306989
0.000306989
0.000306989
0.000306989
0.000306989
0.000306989
0.000306989
0.000306987
0.000306989
0.000306989
0.000306989
0.000306989
0.000306989
0.000306989
0.000306989
0.000306989
0.000306989
0.000306989
0.000306989
0.000306989
0.000306989
0.000306989
0.000306989
0.000306989
0.000306989
0.000306989
0.000306989
0.000306987
0.000306989
0.000306989
0.000306989
0.000306989
0.000306989
0.000306989
0.000306989
0.000306989
0.000306989
0.000306989
0.000306989
0.000306989
0.000306989
0.000306989
0.000306989
0.000306989
0.000306989
0.000306989
0.000306989
0.000306987
0.000306989
0.000306989
0.000306989
0.000306989
0.000306989
0.000306989
0.000306989
0.000306989
0.000306989
0.000306989
0.000306989
0.000306989
0.000306989
0.000306989
0.000306989
0.000306989
0.000306989
0.000306989
0.000306989
0.000306987
0.000306989
0.000306989
0.000306989
0.000306989
0.000306989
0.000306989
0.000306989
0.000306989
0.000306989
0.000306989
0.000306989
0.000306989
0.000306989
0.000306989
0.000306989
0.000306989
0.000306989
0.000306989
0.000306989
0.000306987
0.000306989
0.000306989
0.000306989
0.000306989
0.000306989
0.000306989
0.000306989
0.000306989
0.000306989
0.000306989
0.000306989
0.000306989
0.000306989
0.000306989
0.000306989
0.000306989
0.000306989
0.000306989
0.000306989
0.000306987
0.000306989
0.000306989
0.000306989
0.000306989
0.000306989
0.000306989
0.000306989
0.000306989
0.000306989
0.000306989
0.000306989
0.000306989
0.000306989
0.000306989
0.000306989
0.000306989
0.000306989
0.000306989
0.000306989
0.000306987
0.000306989
0.000306989
0.000306989
0.000306989
0.000306989
0.000306989
0.000306989
0.000306989
0.000306989
0.000306989
0.000306989
0.000306989
0.000306989
0.000306989
0.000306989
0.000306989
0.000306989
0.000306989
0.000306989
0.000306987
0.000306989
0.000306989
0.000306989
0.000306989
0.000306989
0.000306989
0.000306989
0.000306989
0.000306989
0.000306989
0.000306989
0.000306989
0.000306989
0.000306989
0.000306989
0.000306989
0.000306989
0.000306989
0.000306989
0.000306987
0.000306989
0.000306989
0.000306989
0.000306989
0.000306989
0.000306989
0.000306989
0.000306989
0.000306989
0.000306989
0.000306989
0.000306989
0.000306989
0.000306989
0.000306989
0.000306989
0.000306989
0.000306989
0.000306989
0.000306987
0.000306989
0.000306989
0.000306989
0.000306989
0.000306989
0.000306989
0.000306989
0.000306989
0.000306989
0.000306989
0.000306989
0.000306989
0.000306989
0.000306989
0.000306989
0.000306989
0.000306989
0.000306989
0.000306989
0.000306987
0.000306989
0.000306989
0.000306989
0.000306989
0.000306989
0.000306989
0.000306989
0.000306989
0.000306989
0.000306989
0.000306989
0.000306989
0.000306989
0.000306989
0.000306989
0.000306989
0.000306989
0.000306989
0.000306989
0.000306987
0.000306989
0.000306989
0.000306989
0.000306989
0.000306989
0.000306989
0.000306989
0.000306989
0.000306989
0.000306989
0.000306989
0.000306989
0.000306989
0.000306989
0.000306989
0.000306989
0.000306989
0.000306989
0.000306989
0.000306987
0.000306989
0.000306989
0.000306989
0.000306989
0.000306989
0.000306989
0.000306989
0.000306989
0.000306989
0.000306989
0.000306989
0.000306989
0.000306989
0.000306989
0.000306989
0.000306989
0.000306989
0.000306989
0.000306989
0.000306987
0.000306989
0.000306989
0.000306989
0.000306989
0.000306989
0.000306989
0.000306989
0.000306989
0.000306989
0.000306989
0.000306989
0.000306989
0.000306989
0.000306989
0.000306989
0.000306989
0.000306989
0.000306989
0.000306989
0.000306987
0.000306989
0.000306989
0.000306989
0.000306989
0.000306989
0.000306989
0.000306989
0.000306989
0.000306989
0.000306989
0.000306989
0.000306989
0.000306989
0.000306989
0.000306989
0.000306989
0.000306989
0.000306989
0.000306989
0.000306987
0.000306989
0.000306989
0.000306989
0.000306989
0.000306989
0.000306989
0.000306989
0.000306989
0.000306989
0.000306989
0.000306989
0.000306989
0.000306989
0.000306989
0.000306989
0.000306989
0.000306989
0.000306989
0.000306989
0.000306987
0.000306989
0.000306989
0.000306989
0.000306989
0.000306989
0.000306989
0.000306989
0.000306989
0.000306989
0.000306989
0.000306989
0.000306989
0.000306989
0.000306989
0.000306989
0.000306989
0.000306989
0.000306989
0.000306989
0.000306987
0.000306989
0.000306989
0.000306989
0.000306989
0.000306989
0.000306989
0.000306989
0.000306989
0.000306989
0.000306989
0.000306989
0.000306989
0.000306989
0.000306989
0.000306989
0.000306989
0.000306989
0.000306989
0.000306989
0.000306987
0.000306989
0.000306989
0.000306989
0.000306989
0.000306989
0.000306989
0.000306989
0.000306989
0.000306989
0.000306989
0.000306989
0.000306989
0.000306989
0.000306989
0.000306989
0.000306989
0.000306989
0.000306989
0.000306989
0.000306987
0.000306989
0.000306989
0.000306989
0.000306989
0.000306989
0.000306989
0.000306989
0.000306989
0.000306989
0.000306989
0.000306989
0.000306989
0.000306989
0.000306989
0.000306989
0.000306989
0.000306989
0.000306989
0.000306989
0.000306987
0.000306989
0.000306989
0.000306989
0.000306989
0.000306989
0.000306989
0.000306989
0.000306989
0.000306989
0.000306989
0.000306989
0.000306989
0.000306989
0.000306989
0.000306989
0.000306989
0.000306989
0.000306989
0.000306989
0.000306987
0.000306989
0.000306989
0.000306989
0.000306989
0.000306989
0.000306989
0.000306989
0.000306989
0.000306989
0.000306989
0.000306989
0.000306989
0.000306989
0.000306989
0.000306989
0.000306989
0.000306989
0.000306989
0.000306989
0.000306987
0.000306989
0.000306989
0.000306989
0.000306989
0.000306989
0.000306989
0.000306989
0.000306989
0.000306989
0.000306989
0.000306989
0.000306989
0.000306989
0.000306989
0.000306989
0.000306989
0.000306989
0.000306989
0.000306989
0.000306987
0.000306989
0.000306989
0.000306989
0.000306989
0.000306989
0.000306989
0.000306989
0.000306989
0.000306989
0.000306989
0.000306989
0.000306989
0.000306989
0.000306989
0.000306989
0.000306989
0.000306989
0.000306989
0.000306989
0.000306987
0.000306989
0.000306989
0.000306989
0.000306989
0.000306989
0.000306989
0.000306989
0.000306989
0.000306989
0.000306989
0.000306989
0.000306989
0.000306989
0.000306989
0.000306989
0.000306989
0.000306989
0.000306989
0.000306989
0.000306987
0.000306989
0.000306989
0.000306989
0.000306989
0.000306989
0.000306989
0.000306989
0.000306989
0.000306989
0.000306989
0.000306989
0.000306989
0.000306989
0.000306989
0.000306989
0.000306989
0.000306989
0.000306989
0.000306989
0.000306987
0.000306989
0.000306989
0.000306989
0.000306989
0.000306989
0.000306989
0.000306989
0.000306989
0.000306989
0.000306989
0.000306989
0.000306989
0.000306989
0.000306989
0.000306989
0.000306989
0.000306989
0.000306989
0.000306989
0.000306987
0.000306989
0.000306989
0.000306989
0.000306989
0.000306989
0.000306989
0.000306989
0.000306989
0.000306989
0.000306989
0.000306989
0.000306989
0.000306989
0.000306989
0.000306989
0.000306989
0.000306989
0.000306989
0.000306989
0.000306987
0.000306989
0.000306989
0.000306989
0.000306989
0.000306989
0.000306989
0.000306989
0.000306989
0.000306989
0.000306989
0.000306989
0.000306989
0.000306989
0.000306989
0.000306989
0.000306989
0.000306989
0.000306989
0.000306989
0.000306987
0.000306989
0.000306989
0.000306989
0.000306989
0.000306989
0.000306989
0.000306989
0.000306989
0.000306989
0.000306989
0.000306989
0.000306989
0.000306989
0.000306989
0.000306989
0.000306989
0.000306989
0.000306989
0.000306989
0.000306987
0.000306989
0.000306989
0.000306989
0.000306989
0.000306989
0.000306989
0.000306989
0.000306989
0.000306989
0.000306989
0.000306989
0.000306989
0.000306989
0.000306989
0.000306989
0.000306989
0.000306989
0.000306989
0.000306989
0.000306987
0.000306989
0.000306989
0.000306989
0.000306989
0.000306989
0.000306989
0.000306989
0.000306989
0.000306989
0.000306989
0.000306989
0.000306989
0.000306989
0.000306989
0.000306989
0.000306989
0.000306989
0.000306989
0.000306989
0.000306987
0.000306989
0.000306989
0.000306989
0.000306989
0.000306989
0.000306989
0.000306989
0.000306989
0.000306989
0.000306989
0.000306989
0.000306989
0.000306989
0.000306989
0.000306989
0.000306989
0.000306989
0.000306989
0.000306989
0.000306987
0.000306989
0.000306989
0.000306989
0.000306989
0.000306989
0.000306989
0.000306989
0.000306989
0.000306989
0.000306989
0.000306989
0.000306989
0.000306989
0.000306989
0.000306989
0.000306989
0.000306989
0.000306989
0.000306989
0.000306987
0.000306989
0.000306989
0.000306989
0.000306989
0.000306989
0.000306989
0.000306989
0.000306989
0.000306989
0.000306989
0.000306989
0.000306989
0.000306989
0.000306989
0.000306989
0.000306989
0.000306989
0.000306989
0.000306989
0.000306987
0.000306989
0.000306989
0.000306989
0.000306989
0.000306989
0.000306989
0.000306989
0.000306989
0.000306989
0.000306989
0.000306989
0.000306989
0.000306989
0.000306989
0.000306989
0.000306989
0.000306989
0.000306989
0.000306989
0.000306987
0.000306989
0.000306989
0.000306989
0.000306989
0.000306989
0.000306989
0.000306989
0.000306989
0.000306989
0.000306989
0.000306989
0.000306989
0.000306989
0.000306989
0.000306989
0.000306989
0.000306989
0.000306989
0.000306989
0.000306987
0.000306989
0.000306989
0.000306989
0.000306989
0.000306989
0.000306989
0.000306989
0.000306989
0.000306989
0.000306989
0.000306989
0.000306989
0.000306989
0.000306989
0.000306989
0.000306989
0.000306989
0.000306989
0.000306989
0.000306987
0.000306989
0.000306989
0.000306989
0.000306989
0.000306989
0.000306989
0.000306989
0.000306989
0.000306989
0.000306989
0.000306989
0.000306989
0.000306989
0.000306989
0.000306989
0.000306989
0.000306989
0.000306989
0.000306989
0.000306987
0.000306989
0.000306989
0.000306989
0.000306989
0.000306989
0.000306989
0.000306989
0.000306989
0.000306989
0.000306989
0.000306989
0.000306989
0.000306989
0.000306989
0.000306989
0.000306989
0.000306989
0.000306989
0.000306989
0.000306987
0.000306989
0.000306989
0.000306989
0.000306989
0.000306989
0.000306989
0.000306989
0.000306989
0.000306989
0.000306989
0.000306989
0.000306989
0.000306989
0.000306989
0.000306989
0.000306989
0.000306989
0.000306989
0.000306989
0.000306987
0.000306989
0.000306989
0.000306989
0.000306989
0.000306989
0.000306989
0.000306989
0.000306989
0.000306989
0.000306989
0.000306989
0.000306989
0.000306989
0.000306989
0.000306989
0.000306989
0.000306989
0.000306989
0.000306989
0.000306987
0.000306989
0.000306989
0.000306989
0.000306989
0.000306989
0.000306989
0.000306989
0.000306989
0.000306989
0.000306989
0.000306989
0.000306989
0.000306989
0.000306989
0.000306989
0.000306989
0.000306989
0.000306989
0.000306989
0.000306987
0.000306989
0.000306989
0.000306989
0.000306989
0.000306989
0.000306989
0.000306989
0.000306989
0.000306989
0.000306989
0.000306989
0.000306989
0.000306989
0.000306989
0.000306989
0.000306989
0.000306989
0.000306989
0.000306989
0.000306987
0.000306989
0.000306989
0.000306989
0.000306989
0.000306989
0.000306989
0.000306989
0.000306989
0.000306989
0.000306989
0.000306989
0.000306989
0.000306989
0.000306989
0.000306989
0.000306989
0.000306989
0.000306989
0.000306989
0.000306987
0.000306989
0.000306989
0.000306989
0.000306989
0.000306989
0.000306989
0.000306989
0.000306989
0.000306989
0.000306989
0.000306989
0.000306989
0.000306989
0.000306989
0.000306989
0.000306989
0.000306989
0.000306989
0.000306989
0.000306987
0.000306989
0.000306989
0.000306989
0.000306989
0.000306989
0.000306989
0.000306989
0.000306989
0.000306989
0.000306989
0.000306989
0.000306989
0.000306989
0.000306989
0.000306989
0.000306989
0.000306989
0.000306989
0.000306989
0.000306987
0.000306989
0.000306989
0.000306989
0.000306989
0.000306989
0.000306989
0.000306989
0.000306989
0.000306989
0.000306989
0.000306989
0.000306989
0.000306989
0.000306989
0.000306989
0.000306989
0.000306989
0.000306989
0.000306989
0.000306987
0.000306989
0.000306989
0.000306989
0.000306989
0.000306989
0.000306989
0.000306989
0.000306989
0.000306989
0.000306989
0.000306989
0.000306989
0.000306989
0.000306989
0.000306989
0.000306989
0.000306989
0.000306989
0.000306989
0.000306987
0.000306989
0.000306989
0.000306989
0.000306989
0.000306989
0.000306989
0.000306989
0.000306989
0.000306989
0.000306989
0.000306989
0.000306989
0.000306989
0.000306989
0.000306989
0.000306989
0.000306989
0.000306989
0.000306989
0.000306987
0.000306989
0.000306989
0.000306989
0.000306989
0.000306989
0.000306989
0.000306989
0.000306989
0.000306989
0.000306989
0.000306989
0.000306989
0.000306989
0.000306989
0.000306989
0.000306989
0.000306989
0.000306989
0.000306989
0.000306987
0.000306989
0.000306989
0.000306989
0.000306989
0.000306989
0.000306989
0.000306989
0.000306989
0.000306989
0.000306989
0.000306989
0.000306989
0.000306989
0.000306989
0.000306989
0.000306989
0.000306989
0.000306989
0.000306989
0.000306987
0.000306989
0.000306989
0.000306989
0.000306989
0.000306989
0.000306989
0.000306989
0.000306989
0.000306989
0.000306989
0.000306989
0.000306989
0.000306989
0.000306989
0.000306989
0.000306989
0.000306989
0.000306989
0.000306989
0.000306987
0.000306989
0.000306989
0.000306989
0.000306989
0.000306989
0.000306989
0.000306989
0.000306989
0.000306989
0.000306989
0.000306989
0.000306989
0.000306989
0.000306989
0.000306989
0.000306989
0.000306989
0.000306989
0.000306989
0.000306987
0.000306989
0.000306989
0.000306989
0.000306989
0.000306989
0.000306989
0.000306989
0.000306989
0.000306989
0.000306989
0.000306989
0.000306989
0.000306989
0.000306989
0.000306989
0.000306989
0.000306989
0.000306989
0.000306989
0.000306987
0.000306989
0.000306989
0.000306989
0.000306989
0.000306989
0.000306989
0.000306989
0.000306989
0.000306989
0.000306989
0.000306989
0.000306989
0.000306989
0.000306989
0.000306989
0.000306989
0.000306989
0.000306989
0.000306989
0.000306987
0.000306989
0.000306989
0.000306989
0.000306989
0.000306989
0.000306989
0.000306989
0.000306989
0.000306989
0.000306989
0.000306989
0.000306989
0.000306989
0.000306989
0.000306989
0.000306989
0.000306989
0.000306989
0.000306989
0.000306987
0.000306989
0.000306989
0.000306989
0.000306989
0.000306989
0.000306989
0.000306989
0.000306989
0.000306989
0.000306989
0.000306989
0.000306989
0.000306989
0.000306989
0.000306989
0.000306989
0.000306989
0.000306989
0.000306989
0.000306987
0.000306989
0.000306989
0.000306989
0.000306989
0.000306989
0.000306989
0.000306989
0.000306989
0.000306989
0.000306989
0.000306989
0.000306989
0.000306989
0.000306989
0.000306989
0.000306989
0.000306989
0.000306989
0.000306989
0.000306987
0.000306989
0.000306989
0.000306989
0.000306989
0.000306989
0.000306989
0.000306989
0.000306989
0.000306989
0.000306989
0.000306989
0.000306989
0.000306989
0.000306989
0.000306989
0.000306989
0.000306989
0.000306989
0.000306989
0.000306987
0.000306989
0.000306989
0.000306989
0.000306989
0.000306989
0.000306989
0.000306989
0.000306989
0.000306989
0.000306989
0.000306989
0.000306989
0.000306989
0.000306989
0.000306989
0.000306989
0.000306989
0.000306989
0.000306989
0.000306987
0.000306989
0.000306989
0.000306989
0.000306989
0.000306989
0.000306989
0.000306989
0.000306989
0.000306989
0.000306989
0.000306989
0.000306989
0.000306989
0.000306989
0.000306989
0.000306989
0.000306989
0.000306989
0.000306989
0.000306987
0.000306989
0.000306989
0.000306989
0.000306989
0.000306989
0.000306989
0.000306989
0.000306989
0.000306989
0.000306989
0.000306989
0.000306989
0.000306989
0.000306989
0.000306989
0.000306989
0.000306989
0.000306989
0.000306989
0.000306987
)
;

boundaryField
{
    movingWall
    {
        type            kqRWallFunction;
        value           nonuniform List<scalar> 
20
(
0.00326159
0.00425348
0.00425476
0.00425476
0.00425476
0.00425476
0.00425476
0.00425476
0.00425476
0.00425476
0.00425476
0.00425476
0.00425476
0.00425476
0.00425476
0.00425476
0.00425476
0.00425476
0.00425348
0.00326159
)
;
    }
    fixedWalls
    {
        type            kqRWallFunction;
        value           nonuniform List<scalar> 
60
(
0.00246132
0.00317104
0.00336645
0.00338801
0.00339019
0.00339036
0.00339037
0.00339037
0.00339037
0.00339037
0.00339037
0.00339037
0.00339037
0.00339037
0.00339036
0.00339021
0.00338833
0.00337045
0.00321897
0.00326159
0.00246132
0.00317102
0.00336643
0.00338799
0.00339017
0.00339034
0.00339035
0.00339035
0.00339035
0.00339035
0.00339035
0.00339035
0.00339035
0.00339035
0.00339034
0.00339019
0.00338831
0.00337043
0.00321896
0.00326159
0.00246132
0.00236786
0.00236771
0.00236771
0.00236771
0.00236771
0.00236771
0.00236771
0.00236771
0.00236771
0.00236771
0.00236771
0.00236771
0.00236771
0.00236771
0.00236771
0.00236771
0.00236771
0.00236786
0.00246132
)
;
    }
    frontAndBack
    {
        type            empty;
    }
    defaultFaces
    {
        type            empty;
    }
}


// ************************************************************************* //
