/*--------------------------------*- C++ -*----------------------------------*\
  =========                 |
  \\      /  F ield         | OpenFOAM: The Open Source CFD Toolbox
   \\    /   O peration     | Website:  https://openfoam.org
    \\  /    A nd           | Version:  11
     \\/     M anipulation  |
\*---------------------------------------------------------------------------*/
FoamFile
{
    format      ascii;
    class       volScalarField;
    location    "1.2";
    object      T;
}
// * * * * * * * * * * * * * * * * * * * * * * * * * * * * * * * * * * * * * //

dimensions      [0 0 0 1 0 0 0];

internalField   nonuniform List<scalar> 
5712
(
535.18
553.143
523.736
545.437
507.386
534.932
479.544
511.972
479.273
504.918
504.225
529.444
519.428
541.337
529.46
549.024
497.65
475.459
519.596
487.629
467.96
445.049
489.673
455.6
543.813
551.811
558.106
562.553
532.494
542.389
551.207
557.542
533.121
516.078
508.402
497.034
528.537
544.436
540.716
540.358
498.856
503.377
515.417
514.35
466.324
469.943
548.194
550.58
520.459
527.187
558.105
561.164
557.055
566.515
566.007
570.318
549.361
563.41
562.204
568.772
534.065
556.723
547.413
563.34
557.039
567.145
560.757
568.481
459.405
446.358
467.899
449.492
426.48
415.023
435.05
418.206
497.16
479.756
488.927
476.255
473.853
451.005
475.371
450.813
440.85
419.835
442.285
419.706
502.891
481.437
504.475
481.418
523.315
553.862
509.888
544.229
515.422
549.111
505.562
540.248
528.766
556.545
512.008
546.306
530.489
557.523
512.267
547.221
548.617
532.069
561.844
549.752
537.401
521.036
557.224
543.667
520.887
506.013
549.268
534.99
442.214
404.341
475.667
503.69
539.562
398.114
435.566
468.407
494.435
527.39
404.174
438.622
470.271
499.145
532.455
502.643
476.875
508.281
483.621
496.59
472.601
506.588
481.86
487.42
465.142
504.163
479.947
386.852
372.649
424.803
408.921
455.71
437.699
480.194
459.989
504.172
481.749
391.735
376.368
427.161
413.73
458.745
443.954
486.137
468.781
509.904
490.543
432.54
425.744
431.746
425.998
397.331
377.232
397.892
377.504
463.437
460.952
464.216
459.637
429.589
425.584
429.568
425.93
397.349
378.034
397.453
378.392
461.006
460.603
461.039
461.102
493.253
490.622
517.738
514.262
492.648
487.45
516.323
509.9
492.259
491.129
518.17
515.809
490.99
490.508
517.099
514.953
449.407
428.515
417.74
452.78
430.288
419.124
446.96
425.725
414.503
451.393
428.176
416.433
440.074
418.791
407.449
449.575
424.728
412.083
357.191
345.815
340.083
390.219
373.848
364.963
416.226
395.857
384.496
435.065
412.339
400.167
449.945
422.359
408.004
359.483
345.621
338.551
396.784
378.577
368.372
423.091
400.235
387.048
442.322
414.891
399.526
454.58
423.171
406.25
397.523
388.169
403.43
394.104
430.786
414.334
442.167
422.494
372.427
349.391
373.621
351.253
373.827
352.255
375.65
354.172
375.178
371.298
374.499
369.029
355.756
359.184
398.308
400.994
428.321
431.139
378.371
382.59
378.288
380.742
362.086
364.992
327.415
309.797
332.486
312.801
330.053
310.383
334.95
313.725
334.285
311.233
340.968
315.611
344.587
318.363
346.108
319.884
370.075
360.348
377.738
363.911
396.251
385.365
404.244
388.868
356.676
342.931
349.545
339.577
382.008
365.835
383.673
366.299
409.056
390.704
410.589
390.859
360.576
344.836
362.276
345.463
336.704
313.243
326.133
308.405
330.428
309.765
323.207
306.409
340.417
315.801
327.848
309.654
342.276
317.464
328.524
310.278
311.71
301.804
303.872
297.713
313.966
304.344
304.27
298.469
318.29
309.945
305.304
300.517
350.546
373.514
333.708
321.262
305.416
368.182
345.774
327.346
315.783
302.278
373.25
350.429
332.471
318.633
303.937
294.33
288.073
292.179
286.773
296.955
290.363
293.369
287.955
302.232
295.062
295.72
290.175
357.271
344.535
335.818
324.503
320.03
310.866
309.114
301.118
298.529
292.784
361.112
345.901
339.665
326.227
323.853
312.877
311.759
302.409
300.288
293.879
344.158
326.612
347.473
328.967
366.587
346.253
369.488
347.737
330.101
315.411
327.132
313.121
350.143
330.445
350.766
331.017
371.415
348.566
371.829
349.039
332.681
316.982
333.308
317.494
315.161
303.519
301.934
293.953
313.553
301.853
301.181
293.299
316.517
304.713
302.42
294.248
317.868
305.364
303.236
295.011
282.034
279.125
277.983
278.7
276.446
275.679
284.269
280.923
279.586
279.772
277.344
276.442
288.57
284.617
282.959
281.51
278.554
277.418
331.912
323.235
319.057
314.24
307.695
304.737
302.422
297.06
294.818
293.295
288.332
286.166
282.886
279.271
277.841
331.305
320.639
315.775
314.128
305.638
301.897
302.708
295.794
292.867
292.997
287.408
285.212
282.329
278.812
277.449
295.816
287
281.771
278.514
297.068
287.443
281.886
278.496
295.898
287.059
281.829
278.561
297.497
287.646
282.033
278.606
295.885
287.104
282.002
278.738
297.822
287.835
282.278
278.806
298.935
288.344
282.338
278.745
299.792
288.823
282.518
278.815
297.036
287.668
282.292
278.881
295.507
287.301
282.283
279.101
295.552
287.076
282.148
278.953
294.646
286.901
282.136
279.109
298.214
288.192
282.427
278.879
296.19
287.649
282.429
279.172
299.086
288.639
282.621
278.998
296.721
287.951
282.605
279.311
293.791
286.322
281.643
278.619
291.461
285.56
281.478
278.778
293.816
286.35
281.695
278.674
291.662
285.643
281.521
278.819
293.949
286.43
281.815
278.802
292.227
285.862
281.632
278.902
293.841
286.461
281.925
278.971
292.688
286.063
281.769
279.023
293.68
286.501
282.013
279.145
289.641
285.011
281.203
279.052
288.618
284.741
281.103
279.12
290.038
285.152
281.272
279.098
289.048
284.894
281.168
279.156
290.772
285.422
281.38
279.161
289.802
285.171
281.273
279.216
291.678
285.774
281.567
279.271
290.681
285.513
281.425
279.304
292.563
286.177
281.796
279.392
291.453
285.875
281.599
279.406
293.761
286.877
282.106
279.551
292.58
286.589
281.992
279.641
293.222
286.55
281.95
279.466
292.053
286.249
281.795
279.521
294.195
287.163
282.224
279.623
293.044
286.908
282.162
279.753
294.608
287.429
282.38
279.733
293.485
287.2
282.335
279.872
276.286
274.983
274.177
273.724
273.522
276.285
274.985
274.179
273.725
273.522
276.312
274.994
274.183
273.726
273.523
276.319
275
274.186
273.728
273.525
276.348
275.009
274.189
273.73
273.525
276.357
275.018
274.194
273.732
273.527
276.402
275.04
274.205
273.738
273.531
276.463
275.072
274.221
273.746
273.536
276.392
275.029
274.199
273.734
273.528
276.436
275.042
274.204
273.737
273.53
276.377
275.019
274.193
273.732
273.527
276.416
275.031
274.198
273.734
273.528
276.431
275.05
274.209
273.74
273.532
276.473
275.061
274.213
273.741
273.533
276.49
275.079
274.224
273.747
273.536
276.525
275.086
274.225
273.748
273.536
276.294
274.982
274.176
273.723
273.521
276.305
274.981
274.175
273.723
273.521
276.315
274.99
274.18
273.725
273.522
276.32
274.988
274.178
273.724
273.522
276.348
275.004
274.186
273.728
273.524
276.349
275
274.183
273.727
273.523
276.384
275.017
274.191
273.73
273.526
276.38
275.013
274.189
273.729
273.525
276.403
275.024
274.195
273.732
273.527
517.143
513.211
517.146
513.297
517.622
513.985
519.345
515.82
523.335
519.805
530.438
530.74
528.242
527.306
531.401
532.194
531.717
532.396
561.628
570.547
572.442
572.874
572.968
551.987
567.89
571.835
572.741
572.937
561.812
570.601
572.455
572.877
572.969
552.257
567.978
571.854
572.748
572.938
562.031
570.662
572.471
572.881
572.969
552.639
568.087
571.881
572.754
572.939
562.573
570.792
572.501
572.887
572.971
553.394
568.278
571.924
572.763
572.941
563.575
571.005
572.547
572.897
572.973
554.721
568.577
571.988
572.777
572.945
564.582
571.158
572.574
572.902
572.974
557.796
569.217
572.118
572.803
572.95
564.291
571.117
572.567
572.901
572.974
556.599
568.958
572.066
572.793
572.948
564.694
571.175
572.576
572.903
572.974
558.396
569.362
572.149
572.809
572.951
564.794
571.198
572.582
572.904
572.975
558.553
569.417
572.159
572.811
572.952
412.287
451.283
448.946
408.004
390.451
392.021
394.052
397.083
406.54
410.807
438.984
449.051
447.699
458.5
421.737
426.736
408.505
412.177
401.216
403.44
352.208
334.194
290.644
285.728
287.367
285.295
288.798
347.632
339.677
323.776
327.695
322.926
305.355
313.885
309.17
300.278
303.018
298.69
345.731
319.133
303.497
300.689
307.881
304.389
297.771
295.797
293.455
290.896
297.706
295.631
348.742
327.27
334.715
316.09
308.935
320.408
297.994
291.759
300.278
334.409
319.814
307.638
295.491
281.969
323.74
313.443
302.846
291.887
279.902
288.745
286.155
282.864
279.103
275.066
284.41
282.578
280.209
277.47
274.514
285.871
283.795
281.116
278.027
274.701
284.03
282.266
279.978
277.327
274.466
287.13
284.832
281.885
278.499
274.861
330.93
316.295
304.389
292.988
281.041
324.041
310.368
299.444
289.21
278.731
315.369
306.467
297.193
287.834
278.16
315.348
303.989
294.595
285.86
277.366
311.808
301.316
292.573
284.518
276.843
301.088
295.829
289.728
283.202
276.438
307.626
300.555
292.894
285.052
277.069
303.817
297.602
290.748
283.697
276.58
296.945
292.657
287.505
281.874
275.988
299.111
294.241
288.553
282.462
276.178
295.621
291.62
286.764
281.425
275.836
330.469
316.574
304.932
293.447
281.226
312.265
304.544
296.101
287.274
277.971
299.685
294.86
289.13
282.89
276.343
297.372
293.085
287.897
282.165
276.102
303.328
297.743
291.249
284.23
276.828
300.532
295.636
289.783
283.345
276.514
294.93
291.184
286.562
281.375
275.838
293.232
289.805
285.538
280.734
275.615
291.198
288.143
284.304
279.966
275.352
288.971
286.338
282.989
279.171
275.086
294.83
291.043
286.396
281.231
275.778
293.074
289.661
285.417
280.65
275.585
332.444
318.425
306.597
294.766
281.807
318.641
309.625
300.045
290.001
279.099
324.252
313.097
302.494
291.598
279.759
310.192
303.263
295.386
286.9
277.807
304.349
298.679
292.024
284.757
277.015
313.461
305.631
297.007
287.915
278.218
295.117
291.326
286.655
281.424
275.852
289.721
286.949
283.442
279.451
275.182
297.048
292.854
287.752
282.089
276.078
495.1
538.322
487.798
532.753
462.43
512.32
469.368
517.872
475.158
460.035
510.397
479.774
448.573
432.783
481.667
449.294
513.5
529.3
547.668
554.946
506.478
521.823
543.291
551.282
524.423
495.509
500.484
481.132
510.736
537.221
537.823
539.654
495.456
502.492
512.667
513.618
463.521
469.173
545.232
549.901
517.136
526.358
555.855
560.685
545.115
562.671
561.753
568.911
537.902
559.726
558.469
567.475
523.14
553.285
541.988
561.548
555.067
566.458
560.354
568.332
453.17
444.679
463.749
448.49
423.079
415.332
432.413
418.275
492.597
478.427
481.671
473.975
471.804
450.517
474.807
450.687
439.504
419.871
441.92
419.739
500.653
480.777
503.853
481.234
519.865
552.722
508.879
543.92
509.981
547.354
503.876
539.79
527.052
555.951
511.495
546.135
530.007
557.347
512.12
547.169
529.539
511.326
555.975
543.37
520.288
503.104
551.915
538.184
506.866
491.996
545.005
530.996
442.39
413.087
470.127
497.606
537.657
409.501
437.142
462.523
487.448
525.533
410.744
439.294
467.939
496.9
531.997
486.098
468.683
504.154
487.643
482.003
465.36
503.653
486.587
475.564
459.464
502.857
485.482
401.346
390.97
428.622
416.577
452.549
438.677
476.077
460.535
504.935
487.913
401.289
388.753
430.471
420.808
458.759
448.473
485.858
473.103
511.093
495.797
433.794
428.97
432.401
427.667
401.396
384.035
399.785
380.886
463.42
461.735
464.09
461.231
429.927
426.337
429.673
426.142
398.229
379.553
397.717
378.824
461.021
460.95
461.047
461.197
493.153
491.104
517.884
514.786
492.437
488.7
516.665
511.281
492.209
491.305
518.224
515.996
490.973
490.556
517.11
514.997
457.903
453.161
473.537
467.166
454.647
449.18
472.175
464.634
448.428
442.669
470.271
460.996
382.09
375.987
406.937
400.038
428.183
420.517
448.642
440.711
470.355
457.86
377.055
369.8
411.799
403.126
437.169
426.396
457.438
444.05
472.109
455.792
391.399
384.602
401.511
392.539
418.664
406.549
437.708
418.598
372.368
352.491
376.402
355.054
372.091
354.635
376.711
357.114
375.387
369.717
374.814
368.832
357.605
361.063
397.541
400.765
426.475
430.603
378.479
382.595
378.461
380.796
363.188
365.354
337.026
318.716
338.785
319.702
338.742
318.641
340.129
319.589
341.976
318.571
344.851
320.35
346.737
321.217
346.827
320.859
373.67
365.415
378.917
366.561
396.359
388.301
403.523
390.33
359.514
346.299
355.785
345.668
382.466
367.156
383.812
366.717
408.596
391.418
410.469
391.095
361.897
346.56
362.67
346.004
340.958
317.294
329.63
311.374
338.332
315.944
329.197
311.053
342.555
318.109
329.695
311.312
342.922
318.205
329.107
310.811
333.615
329.167
316.412
312.863
335.196
330.949
316.167
312.792
337.762
334.354
315.873
313.065
367.599
388.308
350.934
335.128
313.952
386.348
367.186
350.382
334.192
312.551
384.722
363.318
344.416
328.408
310.489
323.992
318.256
308.309
301.602
326.255
320.712
308.697
302.229
329.937
324.701
309.348
303.146
379.043
370.059
360.593
353.082
344.608
338.793
328.961
323.354
309.004
302.995
375.8
362.975
355.411
343.912
337.844
328.037
322.747
313.784
307.142
300.459
351.868
335.889
351.259
333.602
373.362
355.522
372.624
352.252
333.982
319.633
334.476
321.15
351.909
332.583
351.292
331.63
372.829
350.613
372.247
349.621
334.568
318.98
333.877
318.073
318.616
306.863
304.535
296.249
319.718
307.926
305.468
297.203
318.294
306.361
303.826
295.446
318.432
305.869
303.675
295.37
313.682
312.079
290.733
289.737
316.674
314.72
291.54
290.404
320.549
317.308
292.451
289.987
362.229
356.704
346.412
341.854
333.358
329.687
317.589
313.029
291.721
287.744
351.747
346.25
334.076
329.654
319.399
315.796
304.837
301.421
287.261
284.236
301.288
289.996
283.367
279.363
301.784
290.129
283.349
279.282
300.983
289.864
283.317
279.34
301.577
290.004
283.326
279.3
300.384
289.621
283.361
279.451
301.129
289.775
283.37
279.401
301.048
289.617
283.06
279.142
300.534
289.278
282.778
278.96
299.746
289.28
283.225
279.413
297.59
288.591
283.068
279.589
299.344
289.25
283.372
279.628
297.727
288.742
283.204
279.733
299.86
289.197
283.021
279.229
297.404
288.419
282.912
279.489
299.64
288.982
282.826
279.118
297.121
288.208
282.769
279.42
300.351
289.733
283.427
279.57
299.007
289.376
283.452
279.852
300.042
289.616
283.404
279.576
298.83
289.308
283.419
279.847
299.542
289.425
283.4
279.633
298.587
289.198
283.376
279.845
298.639
289.114
283.364
279.739
298.192
289.041
283.351
279.875
297.735
288.828
283.313
279.876
297.699
289.08
283.275
280.299
296.815
288.921
283.257
280.471
297.664
289.045
283.269
280.301
296.797
288.887
283.242
280.463
297.545
288.964
283.214
280.268
296.699
288.811
283.191
280.437
297.275
288.824
283.188
280.252
296.458
288.684
283.139
280.41
296.782
288.616
283.16
280.246
295.971
288.5
283.069
280.376
295.726
288.134
282.879
280.083
294.714
287.982
282.836
280.222
296.202
288.375
283.022
280.167
295.287
288.25
282.965
280.311
295.317
287.902
282.692
279.957
294.242
287.719
282.665
280.105
294.971
287.672
282.536
279.845
293.865
287.462
282.5
279.988
276.701
275.19
274.28
273.776
273.554
276.68
275.184
274.278
273.775
273.554
276.69
275.183
274.276
273.774
273.553
276.663
275.174
274.272
273.772
273.552
276.681
275.174
274.271
273.771
273.551
276.642
275.161
274.265
273.769
273.55
276.599
275.14
274.255
273.763
273.546
276.537
275.11
274.24
273.756
273.541
276.648
275.158
274.262
273.767
273.548
276.663
275.155
274.259
273.765
273.547
276.681
275.17
274.268
273.769
273.55
276.688
275.165
274.264
273.768
273.549
276.606
275.138
274.253
273.762
273.545
276.627
275.137
274.251
273.761
273.545
276.551
275.11
274.239
273.755
273.541
276.579
275.113
274.239
273.755
273.541
276.732
275.197
274.282
273.777
273.555
276.76
275.202
274.283
273.777
273.555
276.726
275.192
274.279
273.775
273.554
276.754
275.198
274.281
273.776
273.554
276.717
275.184
274.274
273.773
273.552
276.743
275.191
274.277
273.774
273.553
276.712
275.177
274.27
273.771
273.551
276.726
275.181
274.272
273.771
273.551
276.705
275.172
274.267
273.769
273.55
518.057
516.091
518.458
516.46
519.474
517.449
521.473
519.259
525.018
522.567
530.792
531.225
529.016
528.467
531.549
532.378
531.757
532.443
562.033
570.652
572.466
572.879
572.969
552.937
568.121
571.887
572.753
572.939
562.245
570.706
572.479
572.883
572.97
553.248
568.21
571.905
572.759
572.94
562.499
570.766
572.494
572.886
572.971
553.665
568.316
571.93
572.764
572.941
563.021
570.885
572.52
572.892
572.972
554.371
568.488
571.968
572.772
572.943
563.905
571.073
572.561
572.9
572.974
555.507
568.747
572.024
572.784
572.946
564.671
571.181
572.579
572.904
572.975
558.014
569.277
572.133
572.806
572.951
564.469
571.159
572.577
572.903
572.975
557.05
569.069
572.091
572.798
572.949
564.735
571.186
572.579
572.903
572.975
558.487
569.389
572.156
572.81
572.952
564.806
571.202
572.582
572.904
572.975
558.577
569.424
572.161
572.811
572.952
411.852
450.535
446.517
406.731
397.692
404.78
395.36
404.147
426.715
445.645
430.791
447.525
275.128
275.482
276.265
277.569
279.551
282.404
275.414
275.792
276.623
277.99
280.013
282.84
274.917
274.815
275.281
275.208
276.092
276.091
277.46
277.617
279.521
279.896
282.333
282.726
286.35
291.572
298.338
306.803
315.236
320.79
286.607
291.383
297.122
303.4
309.071
312.601
274.922
274.628
274.236
273.772
273.262
275.241
274.898
274.44
273.898
273.305
275.946
275.492
274.889
274.178
273.4
277.118
276.479
275.635
274.641
273.557
278.897
277.973
276.76
275.339
273.793
281.447
280.108
278.362
276.33
274.129
275.18
274.846
274.401
273.874
273.297
275.52
275.133
274.618
274.009
273.343
276.267
275.762
275.093
274.304
273.443
277.494
276.793
275.87
274.787
273.606
279.307
278.314
277.014
275.495
273.846
281.831
280.423
278.595
276.473
274.177
274.732
274.468
274.115
273.696
273.237
274.64
274.39
274.056
273.659
273.224
275.061
274.745
274.325
273.827
273.281
274.995
274.69
274.283
273.801
273.272
275.79
275.361
274.791
274.117
273.379
275.79
275.361
274.791
274.117
273.379
277.021
276.398
275.574
274.604
273.544
277.164
276.519
275.666
274.661
273.564
278.872
277.954
276.747
275.331
273.791
279.209
278.239
276.962
275.465
273.836
281.388
280.062
278.33
276.311
274.123
281.742
280.361
278.556
276.451
274.17
284.956
283.027
280.543
277.675
274.584
289.56
286.826
283.363
279.412
275.171
295.444
291.625
286.902
281.59
275.912
302.648
297.406
291.141
284.218
276.821
309.569
302.837
295.11
286.724
277.728
314.028
306.297
297.64
288.342
278.329
285.178
283.207
280.674
277.756
274.611
289.394
286.69
283.263
279.351
275.15
294.412
290.801
286.303
281.222
275.785
299.833
295.197
289.539
283.219
276.467
304.653
299.065
292.378
284.981
277.077
307.626
301.438
294.121
286.069
277.458
275.159
275.583
276.454
277.881
280.037
283.133
275.449
275.903
276.826
278.312
280.491
283.505
274.947
274.845
275.379
275.308
276.28
276.287
277.781
277.965
280.042
280.47
283.171
283.699
287.371
292.846
299.747
308.084
316.106
321.095
287.469
292.396
298.179
304.335
309.71
312.827
274.951
274.653
274.255
273.783
273.266
275.333
274.976
274.5
273.936
273.318
276.118
275.638
275.001
274.248
273.424
277.402
276.721
275.82
274.757
273.597
279.338
278.351
277.049
275.521
273.856
282.112
280.678
278.8
276.606
274.223
275.212
274.873
274.422
273.887
273.301
275.621
275.218
274.683
274.05
273.357
276.452
275.919
275.213
274.38
273.469
277.788
277.044
276.063
274.907
273.648
279.742
278.686
277.3
275.675
273.908
282.438
280.945
278.997
276.726
274.264
274.76
274.491
274.133
273.707
273.24
274.668
274.413
274.074
273.671
273.228
275.149
274.821
274.383
273.863
273.293
275.085
274.766
274.342
273.838
273.285
275.961
275.507
274.902
274.187
273.403
275.968
275.513
274.907
274.19
273.404
277.313
276.647
275.765
274.724
273.585
277.48
276.789
275.872
274.791
273.608
279.346
278.36
277.058
275.527
273.858
279.732
278.687
277.306
275.681
273.91
282.152
280.717
278.834
276.629
274.231
282.63
281.123
279.141
276.82
274.296
285.89
283.832
281.164
278.068
274.718
290.732
287.841
284.152
279.913
275.343
296.752
292.768
287.799
282.166
276.11
303.854
298.476
291.993
284.772
277.015
310.404
303.589
295.719
287.127
277.871
314.323
306.566
297.86
288.49
278.382
285.967
283.887
281.199
278.088
274.725
290.325
287.496
283.888
279.748
275.287
295.39
291.653
286.969
281.648
275.932
300.704
295.962
290.142
283.608
276.602
305.253
299.596
292.8
285.255
277.173
307.84
301.628
294.273
286.168
277.493
352.703
334.608
292.297
286.949
289.349
286.74
290.659
355.922
352.767
332.043
342.661
311.734
322.663
305.656
309.343
303.477
350.69
324.487
308.437
304.451
312.307
307.528
299.792
298.476
297.074
293.729
301.895
298.9
350.392
328.512
337.93
318.047
311.505
324.259
300.525
294.118
303.433
334.962
320.337
308.093
295.82
282.103
324.162
313.839
303.18
292.12
279.991
290.265
287.471
283.885
279.751
275.288
285.526
283.538
280.95
277.938
274.674
287.682
285.351
282.316
278.785
274.961
285.349
283.399
280.851
277.879
274.654
288.836
286.303
283.023
279.22
275.108
339.986
324.76
311.429
297.786
282.866
337.865
323.02
309.732
295.993
281.084
323.56
313.987
303.31
291.869
279.59
330.993
318.029
305.902
293.241
279.945
307.133
301.204
293.996
285.96
277.394
316.146
308.254
299.079
289.079
278.472
301.989
297.104
291.013
284.128
276.767
305.161
299.661
292.877
285.266
277.151
300.122
295.602
289.914
283.454
276.538
335.796
321.672
309.252
296.446
282.419
317.478
309.292
299.956
289.819
278.877
304.331
298.97
292.382
284.987
277.07
300.888
296.179
290.336
283.733
276.645
307.525
301.486
294.234
286.17
277.506
303.481
298.245
291.852
284.684
276.979
296.807
292.828
287.853
282.203
276.124
295.713
291.969
287.229
281.814
275.988
294.529
291.03
286.547
281.393
275.842
291.569
288.579
284.723
280.27
275.463
298.728
294.457
289.073
282.945
276.369
296.102
292.301
287.48
281.968
276.039
334.26
320.136
308.071
295.821
282.237
319.881
310.775
301.002
290.655
279.343
327.542
316.183
305.089
293.379
280.42
312.077
304.971
296.774
287.82
278.135
306.784
300.853
293.764
285.892
277.413
317.216
309.067
299.814
289.783
278.888
297.469
293.386
288.271
282.46
276.21
291.893
288.832
284.905
280.381
275.501
299.992
295.441
289.79
283.399
276.532
277.71
286.906
295.559
303.356
309.807
314.843
473.428
466.992
442.127
448.323
456.713
447.186
432.006
420.996
494.325
511.158
487.328
502.268
477.181
467.994
489.458
462.201
457.026
432.987
437.918
448.404
440.098
424.666
415.339
482.702
494.375
476.628
486.694
467.203
458.793
475.665
446.504
442.791
420.174
423.703
436.217
429.619
413.893
406.194
465.009
475.86
460.228
469.912
453.111
446.16
461.136
430.09
427.43
406.663
409.272
422.318
416.729
401.771
395.315
447.997
459.395
444.237
454.59
438.556
431.974
446.968
418.094
416.001
396.775
398.913
411.681
406.937
392.63
386.863
435.037
447.319
431.898
443.518
427.439
421.722
436.994
409.924
408.113
390.01
391.908
404.345
400.331
386.248
380.992
426.506
440.706
423.688
437.022
420.095
415.124
430.537
390.473
387.37
413.812
418.289
383.1
377.835
406.58
397.828
367.744
347.476
366.941
349.292
363.405
362.987
352.132
385.789
382.922
407.243
411.095
378.966
374.119
400.908
392.9
362.949
343.664
362.295
345.58
358.998
359.018
348.141
378.369
375.888
397.447
400.483
372.446
368.085
392.3
385.532
357.985
339.166
357.267
340.836
354.337
354.273
343.106
369.32
367.226
386.398
388.799
364.086
359.801
382.19
376.02
351.061
333.864
350.451
335.252
347.848
347.659
337.386
362.215
360.363
378.095
380.146
357.596
353.612
374.41
368.857
345.343
330.097
344.816
331.084
342.706
342.406
333.089
357.209
355.513
372.362
374.218
353.148
349.678
368.981
363.923
341.759
327.596
341.332
328.505
339.46
339.3
330.595
535.855
553.717
523.77
545.389
507.398
534.91
479.532
511.952
479.26
504.893
504.245
529.426
519.486
541.313
530.253
549.744
497.646
475.449
519.58
487.616
467.944
445.034
489.654
455.584
544.332
552.17
558.518
562.824
532.492
542.372
551.144
557.492
533.097
516.069
508.387
497.025
528.525
544.41
540.709
540.353
498.846
503.368
515.407
514.341
466.312
469.932
548.186
550.576
520.449
527.18
558.098
561.161
557.304
566.612
566.179
570.381
549.337
563.4
562.172
568.76
534.051
556.716
547.394
563.332
557.032
567.142
560.754
568.48
459.396
446.349
467.888
449.484
426.468
415.013
435.037
418.196
497.15
479.749
488.918
476.248
473.843
450.997
475.362
450.805
440.839
419.825
442.274
419.697
502.882
481.431
504.467
481.411
523.306
553.858
509.883
544.227
515.412
549.107
505.556
540.245
528.759
556.543
512.003
546.304
530.484
557.521
512.262
547.219
548.943
532.437
561.979
549.937
537.373
521.007
557.211
543.646
520.872
505.998
549.261
534.98
442.205
404.332
475.659
503.68
539.557
398.106
435.558
468.398
494.424
527.384
404.165
438.614
470.264
499.138
532.452
502.996
477.142
508.524
483.809
496.568
472.593
506.578
481.858
487.407
465.135
504.156
479.945
386.846
372.644
424.796
408.916
455.703
437.694
480.186
459.983
504.167
481.746
391.728
376.362
427.154
413.724
458.738
443.949
486.131
468.777
509.901
490.541
432.533
425.739
431.739
425.992
397.323
377.227
397.884
377.498
463.431
460.947
464.21
459.632
429.582
425.579
429.561
425.924
397.342
378.029
397.446
378.387
461
460.598
461.033
461.097
493.249
490.618
517.735
514.259
492.643
487.445
516.32
509.897
492.254
491.125
518.167
515.806
490.985
490.504
517.096
514.95
449.616
428.679
417.889
452.944
430.422
419.241
446.963
425.73
414.509
451.397
428.186
416.443
440.072
418.794
407.453
449.576
424.733
412.09
357.188
345.813
340.082
390.216
373.847
364.963
416.223
395.857
384.497
435.062
412.34
400.169
449.945
422.361
408.008
359.48
345.619
338.55
396.781
378.576
368.372
423.088
400.235
387.049
442.32
414.891
399.528
454.578
423.172
406.253
397.472
388.139
403.379
394.074
430.751
414.311
442.132
422.472
372.322
349.4
373.476
351.234
373.745
352.202
375.572
354.127
375.132
371.25
374.467
368.996
355.714
359.145
398.286
400.978
428.303
431.124
378.34
382.571
378.264
380.725
362.058
364.974
327.432
309.789
332.49
312.785
330.031
310.376
334.933
313.719
334.262
311.225
340.944
315.603
344.567
318.354
346.094
319.876
370.056
360.335
377.719
363.899
396.235
385.353
404.228
388.857
356.657
342.92
349.526
339.565
381.993
365.824
383.66
366.29
409.043
390.694
410.577
390.85
360.56
344.826
362.263
345.455
336.689
313.236
326.124
308.399
330.413
309.757
323.198
306.403
340.404
315.794
327.84
309.649
342.265
317.458
328.517
310.273
311.664
301.742
303.858
297.693
313.961
304.343
304.265
298.465
318.28
309.94
305.298
300.512
350.534
373.504
333.697
321.252
305.41
368.173
345.764
327.337
315.776
302.273
373.24
350.418
332.46
318.625
303.932
294.275
288.02
292.168
286.762
296.956
290.366
293.366
287.953
302.229
295.061
295.717
290.172
357.264
344.531
335.811
324.498
320.024
310.862
309.109
301.115
298.525
292.782
361.104
345.895
339.657
326.222
323.846
312.872
311.753
302.405
300.283
293.876
344.149
326.606
347.465
328.961
366.578
346.247
369.48
347.731
330.093
315.406
327.124
313.116
350.135
330.439
350.759
331.012
371.408
348.56
371.821
349.033
332.675
316.978
333.302
317.49
315.155
303.515
301.93
293.95
313.547
301.849
301.177
293.296
316.512
304.709
302.416
294.245
317.863
305.36
303.233
295.009
281.987
279.076
277.932
278.702
276.437
275.667
284.273
280.928
279.59
279.77
277.345
276.443
288.571
284.618
282.96
281.509
278.554
277.418
331.909
323.233
319.056
314.238
307.694
304.737
302.42
297.059
294.818
293.294
288.332
286.166
282.885
279.271
277.841
331.302
320.637
315.774
314.125
305.637
301.896
302.705
295.792
292.866
292.996
287.407
285.211
282.328
278.811
277.449
295.81
286.996
281.767
278.51
297.054
287.435
281.881
278.492
295.895
287.057
281.828
278.561
297.495
287.645
282.032
278.605
295.882
287.102
282.001
278.738
297.819
287.834
282.277
278.806
298.931
288.342
282.338
278.745
299.789
288.821
282.517
278.815
297.033
287.666
282.291
278.881
295.504
287.299
282.282
279.1
295.548
287.074
282.147
278.952
294.642
286.899
282.135
279.109
298.211
288.19
282.426
278.878
296.187
287.647
282.427
279.172
299.082
288.637
282.62
278.997
296.718
287.949
282.604
279.31
293.787
286.32
281.64
278.615
291.455
285.557
281.476
278.775
293.813
286.348
281.695
278.674
291.66
285.642
281.521
278.818
293.946
286.429
281.814
278.801
292.224
285.861
281.631
278.901
293.838
286.46
281.924
278.97
292.685
286.061
281.769
279.023
293.677
286.499
282.012
279.145
289.635
285.008
281.201
279.049
288.608
284.737
281.101
279.118
290.037
285.152
281.272
279.098
289.048
284.894
281.167
279.156
290.77
285.421
281.379
279.161
289.8
285.17
281.272
279.216
291.676
285.773
281.566
279.271
290.678
285.512
281.424
279.303
292.56
286.176
281.795
279.391
291.45
285.873
281.598
279.405
293.758
286.875
282.105
279.55
292.577
286.587
281.991
279.64
293.219
286.548
281.949
279.465
292.05
286.247
281.794
279.52
294.192
287.161
282.223
279.622
293.041
286.906
282.161
279.752
294.606
287.427
282.379
279.732
293.482
287.199
282.334
279.871
276.285
274.982
274.177
273.724
273.522
276.283
274.984
274.179
273.725
273.522
276.312
274.994
274.183
273.726
273.523
276.319
275
274.186
273.728
273.525
276.348
275.009
274.189
273.729
273.525
276.357
275.017
274.194
273.732
273.527
276.401
275.04
274.205
273.738
273.53
276.462
275.072
274.221
273.746
273.535
276.392
275.029
274.199
273.734
273.528
276.436
275.042
274.204
273.737
273.53
276.377
275.019
274.193
273.732
273.527
276.416
275.031
274.198
273.734
273.528
276.431
275.05
274.209
273.74
273.531
276.473
275.061
274.213
273.741
273.532
276.489
275.079
274.224
273.747
273.536
276.525
275.086
274.225
273.748
273.536
276.293
274.981
274.176
273.723
273.521
276.304
274.981
274.175
273.722
273.521
276.315
274.99
274.18
273.725
273.522
276.32
274.988
274.178
273.724
273.522
276.348
275.003
274.186
273.728
273.524
276.349
275
274.183
273.726
273.523
276.384
275.017
274.191
273.73
273.526
276.38
275.013
274.189
273.729
273.525
276.403
275.024
274.195
273.732
273.527
517.207
513.289
517.16
513.308
517.625
513.988
519.345
515.82
523.333
519.803
530.436
530.738
528.24
527.304
531.398
532.192
531.715
532.394
561.7
570.566
572.446
572.875
572.968
552.028
567.903
571.838
572.742
572.937
561.807
570.6
572.455
572.877
572.969
552.262
567.98
571.854
572.748
572.938
562.031
570.662
572.471
572.881
572.969
552.64
568.088
571.881
572.754
572.939
562.573
570.792
572.501
572.887
572.971
553.395
568.278
571.924
572.763
572.941
563.574
571.005
572.547
572.897
572.973
554.721
568.577
571.988
572.777
572.945
564.582
571.158
572.574
572.902
572.974
557.795
569.217
572.118
572.803
572.95
564.291
571.117
572.567
572.901
572.974
556.599
568.958
572.066
572.793
572.948
564.694
571.175
572.576
572.903
572.974
558.395
569.362
572.149
572.809
572.951
564.794
571.198
572.582
572.904
572.975
558.552
569.416
572.159
572.811
572.952
412.268
451.267
448.923
407.973
390.169
391.649
393.942
396.972
406.464
410.729
438.937
449.001
447.652
458.45
421.66
426.657
408.4
412.068
400.718
402.806
352.203
334.19
290.642
285.727
287.366
285.294
288.797
347.627
339.674
323.773
327.693
322.925
305.353
313.883
309.168
300.276
303.016
298.689
345.726
319.13
303.494
300.687
307.879
304.387
297.769
295.795
293.454
290.895
297.704
295.63
348.737
327.267
334.711
316.087
308.933
320.405
297.992
291.757
300.276
334.404
319.81
307.635
295.488
281.968
323.736
313.439
302.843
291.885
279.902
288.744
286.154
282.863
279.102
275.065
284.409
282.577
280.208
277.47
274.514
285.87
283.794
281.115
278.027
274.701
284.029
282.265
279.977
277.327
274.465
287.129
284.831
281.884
278.499
274.861
330.926
316.291
304.385
292.986
281.04
324.037
310.365
299.441
289.209
278.73
315.366
306.464
297.191
287.833
278.159
315.346
303.987
294.593
285.859
277.366
311.807
301.315
292.572
284.518
276.843
301.087
295.827
289.726
283.202
276.438
307.623
300.553
292.893
285.051
277.069
303.815
297.6
290.746
283.696
276.579
296.943
292.655
287.504
281.873
275.988
299.109
294.24
288.552
282.462
276.177
295.619
291.618
286.763
281.424
275.835
330.465
316.57
304.929
293.445
281.225
312.262
304.541
296.099
287.272
277.97
299.683
294.858
289.129
282.889
276.343
297.37
293.083
287.896
282.164
276.101
303.326
297.741
291.247
284.229
276.828
300.53
295.634
289.782
283.345
276.513
294.928
291.183
286.561
281.374
275.838
293.23
289.804
285.537
280.733
275.615
291.196
288.142
284.303
279.965
275.352
288.969
286.337
282.989
279.17
275.086
294.828
291.042
286.395
281.23
275.777
293.073
289.66
285.416
280.65
275.585
332.44
318.421
306.594
294.763
281.806
318.637
309.622
300.043
290
279.099
324.248
313.094
302.491
291.596
279.759
310.189
303.26
295.384
286.899
277.807
304.346
298.677
292.023
284.756
277.015
313.458
305.629
297.005
287.914
278.218
295.115
291.324
286.653
281.423
275.852
289.719
286.948
283.441
279.451
275.182
297.046
292.852
287.751
282.088
276.078
495.47
538.765
487.747
532.619
462.379
512.173
469.755
518.407
475.124
460.014
510.335
479.745
448.543
432.765
481.611
449.27
513.814
529.538
548.024
555.201
506.435
521.791
543.179
551.205
524.372
495.479
500.452
481.11
510.708
537.174
537.803
539.646
495.438
502.481
512.647
513.608
463.504
469.16
545.214
549.895
517.119
526.349
555.841
560.681
545.28
562.743
561.914
568.97
537.873
559.714
558.425
567.459
523.119
553.277
541.959
561.538
555.056
566.453
560.351
568.33
453.154
444.667
463.732
448.479
423.065
415.321
432.398
418.264
492.58
478.417
481.655
473.964
471.79
450.507
474.797
450.678
439.491
419.861
441.909
419.73
500.64
480.768
503.844
481.227
519.852
552.717
508.872
543.917
509.968
547.348
503.869
539.787
527.042
555.948
511.489
546.133
530
557.344
512.115
547.167
529.683
511.462
556.06
543.484
520.27
503.088
551.903
538.166
506.854
491.987
544.998
530.988
442.378
413.077
470.115
497.596
537.652
409.491
437.132
462.513
487.439
525.528
410.734
439.283
467.929
496.892
531.993
486.231
468.759
504.287
487.719
481.986
465.35
503.642
486.583
475.557
459.459
502.851
485.478
401.339
390.965
428.614
416.572
452.542
438.673
476.07
460.53
504.93
487.909
401.281
388.748
430.463
420.802
458.751
448.468
485.852
473.097
511.088
495.793
433.786
428.963
432.393
427.66
401.388
384.029
399.777
380.88
463.412
461.729
464.082
461.225
429.92
426.331
429.666
426.136
398.222
379.547
397.71
378.819
461.014
460.944
461.041
461.191
493.147
491.099
517.88
514.783
492.431
488.694
516.661
511.278
492.203
491.301
518.22
515.993
490.968
490.551
517.106
514.994
457.965
453.22
473.61
467.24
454.64
449.174
472.171
464.633
448.424
442.666
470.268
460.993
382.087
375.985
406.934
400.035
428.18
420.515
448.638
440.708
470.352
457.857
377.052
369.797
411.795
403.122
437.165
426.393
457.434
444.047
472.105
455.788
391.39
384.593
401.501
392.529
418.647
406.535
437.683
418.581
372.465
352.562
376.489
355.118
372.089
354.636
376.713
357.118
375.382
369.712
374.806
368.826
357.602
361.06
397.529
400.752
426.46
430.59
378.47
382.583
378.452
380.784
363.182
365.344
337.084
318.744
338.84
319.733
338.748
318.643
340.137
319.593
341.975
318.571
344.85
320.35
346.733
321.214
346.819
320.854
373.662
365.408
378.908
366.554
396.348
388.292
403.511
390.321
359.507
346.293
355.779
345.663
382.456
367.147
383.801
366.708
408.585
391.409
410.457
391.086
361.889
346.554
362.66
345.997
340.954
317.292
329.626
311.372
338.329
315.943
329.194
311.051
342.549
318.106
329.689
311.309
342.914
318.2
329.101
310.807
333.675
329.225
316.44
312.892
335.199
330.949
316.167
312.791
337.761
334.352
315.872
313.065
367.592
388.3
350.929
335.126
313.951
386.341
367.18
350.377
334.19
312.55
384.713
363.312
344.411
328.405
310.488
324.049
318.313
308.359
301.669
326.257
320.714
308.695
302.226
329.935
324.699
309.347
303.144
379.037
370.055
360.588
353.078
344.604
338.79
328.958
323.352
309.002
302.993
375.793
362.971
355.406
343.908
337.841
328.034
322.745
313.782
307.14
300.458
351.862
335.885
351.253
333.598
373.355
355.517
372.617
352.247
333.978
319.63
334.472
321.147
351.902
332.579
351.286
331.626
372.822
350.608
372.24
349.615
334.563
318.977
333.871
318.07
318.613
306.861
304.533
296.247
319.715
307.923
305.466
297.202
318.29
306.358
303.823
295.444
318.428
305.865
303.672
295.368
313.749
312.141
290.819
289.821
316.68
314.728
291.536
290.405
320.548
317.308
292.45
289.986
362.226
356.702
346.409
341.852
333.355
329.686
317.587
313.029
291.72
287.743
351.744
346.247
334.073
329.651
319.396
315.794
304.836
301.419
287.26
284.236
301.303
290.002
283.369
279.362
301.799
290.137
283.352
279.282
300.983
289.864
283.317
279.34
301.578
290.005
283.326
279.3
300.383
289.621
283.361
279.451
301.129
289.774
283.37
279.401
301.047
289.616
283.06
279.142
300.532
289.276
282.777
278.96
299.745
289.279
283.225
279.413
297.588
288.59
283.067
279.588
299.343
289.25
283.372
279.628
297.726
288.742
283.204
279.733
299.858
289.196
283.02
279.228
297.402
288.418
282.911
279.489
299.637
288.981
282.825
279.118
297.119
288.207
282.768
279.42
300.365
289.739
283.427
279.568
299.019
289.38
283.453
279.851
300.042
289.616
283.404
279.576
298.83
289.308
283.419
279.847
299.542
289.424
283.399
279.633
298.587
289.197
283.376
279.845
298.638
289.113
283.363
279.739
298.191
289.041
283.35
279.875
297.734
288.827
283.313
279.876
297.711
289.084
283.276
280.298
296.826
288.924
283.258
280.471
297.665
289.046
283.269
280.301
296.799
288.888
283.242
280.463
297.545
288.964
283.214
280.268
296.699
288.811
283.191
280.437
297.275
288.824
283.187
280.252
296.458
288.684
283.139
280.41
296.781
288.615
283.159
280.246
295.971
288.499
283.069
280.375
295.724
288.133
282.878
280.082
294.713
287.981
282.835
280.222
296.201
288.374
283.021
280.167
295.286
288.249
282.964
280.31
295.314
287.901
282.691
279.957
294.24
287.718
282.664
280.105
294.969
287.67
282.535
279.845
293.863
287.461
282.499
279.987
276.701
275.191
274.28
273.776
273.554
276.68
275.185
274.278
273.775
273.554
276.69
275.183
274.276
273.774
273.553
276.663
275.174
274.272
273.772
273.552
276.68
275.174
274.271
273.771
273.551
276.642
275.161
274.265
273.769
273.55
276.599
275.14
274.255
273.763
273.546
276.537
275.11
274.24
273.756
273.541
276.648
275.158
274.262
273.767
273.548
276.663
275.155
274.259
273.765
273.547
276.681
275.17
274.267
273.769
273.55
276.688
275.165
274.264
273.767
273.549
276.606
275.138
274.253
273.762
273.545
276.626
275.137
274.251
273.761
273.544
276.55
275.11
274.239
273.755
273.541
276.578
275.113
274.239
273.755
273.541
276.732
275.197
274.282
273.777
273.555
276.76
275.202
274.283
273.777
273.555
276.726
275.192
274.279
273.775
273.554
276.754
275.198
274.281
273.776
273.554
276.717
275.184
274.274
273.773
273.552
276.743
275.191
274.277
273.774
273.553
276.712
275.177
274.27
273.771
273.551
276.726
275.181
274.272
273.771
273.551
276.705
275.172
274.267
273.769
273.55
518.083
516.13
518.464
516.464
519.474
517.448
521.471
519.258
525.016
522.565
530.79
531.223
529.013
528.465
531.547
532.376
531.755
532.441
562.1
570.67
572.471
572.88
572.969
552.97
568.132
571.889
572.753
572.939
562.239
570.705
572.479
572.882
572.97
553.25
568.211
571.905
572.759
572.94
562.498
570.766
572.494
572.886
572.971
553.665
568.316
571.93
572.764
572.942
563.02
570.885
572.52
572.892
572.972
554.371
568.488
571.968
572.772
572.943
563.904
571.072
572.561
572.9
572.974
555.506
568.747
572.024
572.784
572.946
564.671
571.181
572.579
572.904
572.975
558.013
569.276
572.133
572.806
572.951
564.469
571.159
572.577
572.903
572.975
557.049
569.068
572.091
572.798
572.949
564.734
571.186
572.579
572.903
572.975
558.486
569.389
572.156
572.81
572.952
564.806
571.201
572.582
572.904
572.975
558.576
569.424
572.161
572.811
572.952
411.837
450.521
446.499
406.718
397.852
404.94
395.356
404.147
426.699
445.619
431.04
447.8
275.128
275.482
276.264
277.569
279.551
282.403
275.414
275.792
276.623
277.989
280.013
282.839
274.917
274.815
275.281
275.208
276.091
276.091
277.459
277.617
279.52
279.895
282.332
282.725
286.349
291.571
298.336
306.8
315.233
320.787
286.606
291.382
297.12
303.398
309.069
312.598
274.922
274.628
274.236
273.772
273.262
275.241
274.897
274.44
273.898
273.305
275.945
275.491
274.889
274.178
273.4
277.118
276.479
275.634
274.641
273.557
278.896
277.973
276.759
275.338
273.793
281.446
280.107
278.361
276.33
274.129
275.18
274.846
274.401
273.874
273.297
275.52
275.132
274.618
274.009
273.343
276.267
275.761
275.092
274.304
273.443
277.494
276.793
275.87
274.786
273.606
279.307
278.314
277.014
275.495
273.846
281.83
280.423
278.595
276.473
274.177
274.732
274.468
274.115
273.696
273.237
274.64
274.39
274.056
273.659
273.224
275.06
274.745
274.325
273.827
273.281
274.995
274.689
274.283
273.801
273.272
275.79
275.361
274.791
274.117
273.379
275.79
275.361
274.791
274.117
273.379
277.021
276.398
275.574
274.604
273.544
277.163
276.519
275.666
274.661
273.564
278.871
277.954
276.747
275.331
273.791
279.209
278.238
276.962
275.465
273.836
281.387
280.062
278.33
276.311
274.122
281.741
280.361
278.556
276.451
274.17
284.955
283.026
280.542
277.675
274.583
289.558
286.825
283.362
279.411
275.171
295.442
291.623
286.901
281.589
275.911
302.646
297.404
291.139
284.217
276.821
309.567
302.835
295.108
286.723
277.727
314.025
306.294
297.638
288.341
278.328
285.177
283.206
280.674
277.756
274.611
289.393
286.689
283.262
279.35
275.15
294.41
290.8
286.302
281.222
275.785
299.83
295.196
289.538
283.218
276.467
304.651
299.062
292.376
284.98
277.077
307.624
301.436
294.119
286.068
277.458
275.159
275.583
276.454
277.88
280.036
283.132
275.449
275.903
276.826
278.312
280.49
283.504
274.947
274.845
275.379
275.308
276.279
276.287
277.78
277.965
280.041
280.469
283.17
283.699
287.37
292.845
299.745
308.081
316.103
321.092
287.467
292.395
298.178
304.333
309.708
312.824
274.951
274.653
274.255
273.783
273.266
275.333
274.976
274.5
273.936
273.318
276.117
275.638
275.001
274.248
273.424
277.401
276.72
275.819
274.757
273.597
279.338
278.35
277.049
275.521
273.855
282.111
280.677
278.8
276.606
274.223
275.211
274.873
274.422
273.887
273.301
275.62
275.218
274.683
274.05
273.357
276.451
275.919
275.213
274.379
273.468
277.787
277.044
276.062
274.907
273.647
279.742
278.686
277.3
275.675
273.908
282.437
280.944
278.996
276.726
274.264
274.759
274.491
274.133
273.707
273.24
274.667
274.413
274.074
273.671
273.228
275.149
274.82
274.382
273.863
273.293
275.085
274.766
274.341
273.837
273.285
275.961
275.506
274.902
274.186
273.403
275.968
275.513
274.907
274.19
273.404
277.312
276.647
275.765
274.723
273.585
277.479
276.788
275.872
274.79
273.608
279.345
278.359
277.058
275.527
273.858
279.732
278.686
277.305
275.681
273.91
282.152
280.717
278.833
276.629
274.231
282.63
281.122
279.141
276.82
274.296
285.889
283.831
281.163
278.068
274.718
290.731
287.84
284.151
279.913
275.343
296.751
292.767
287.798
282.165
276.11
303.852
298.474
291.991
284.771
277.015
310.401
303.587
295.717
287.126
277.871
314.32
306.564
297.858
288.488
278.381
285.966
283.886
281.198
278.088
274.724
290.324
287.495
283.887
279.747
275.286
295.388
291.652
286.968
281.647
275.931
300.702
295.961
290.141
283.607
276.602
305.251
299.594
292.798
285.254
277.173
307.837
301.626
294.271
286.167
277.493
352.699
334.604
292.295
286.948
289.348
286.739
290.658
355.918
352.763
332.04
342.659
311.731
322.66
305.654
309.341
303.475
350.685
324.484
308.435
304.449
312.305
307.525
299.79
298.474
297.072
293.728
301.894
298.898
350.388
328.509
337.926
318.044
311.503
324.256
300.523
294.116
303.431
334.958
320.334
308.09
295.818
282.102
324.159
313.836
303.178
292.118
279.991
290.264
287.47
283.884
279.751
275.288
285.525
283.537
280.949
277.938
274.674
287.681
285.35
282.315
278.785
274.961
285.348
283.398
280.85
277.878
274.654
288.835
286.302
283.022
279.22
275.108
339.982
324.757
311.426
297.784
282.865
337.862
323.018
309.73
295.991
281.084
323.557
313.985
303.309
291.868
279.59
330.991
318.027
305.9
293.24
279.945
307.131
301.202
293.995
285.959
277.394
316.143
308.252
299.077
289.078
278.471
301.988
297.103
291.012
284.128
276.767
305.159
299.659
292.876
285.265
277.151
300.12
295.6
289.913
283.454
276.538
335.792
321.669
309.25
296.444
282.418
317.475
309.29
299.954
289.818
278.876
304.329
298.968
292.381
284.986
277.07
300.886
296.178
290.335
283.732
276.644
307.522
301.484
294.232
286.169
277.505
303.479
298.244
291.851
284.683
276.979
296.806
292.827
287.852
282.203
276.124
295.711
291.967
287.228
281.814
275.987
294.528
291.029
286.546
281.392
275.842
291.567
288.577
284.722
280.269
275.463
298.727
294.455
289.072
282.944
276.368
296.1
292.3
287.479
281.967
276.038
334.256
320.133
308.068
295.819
282.237
319.878
310.772
301
290.654
279.343
327.539
316.18
305.087
293.377
280.42
312.075
304.969
296.772
287.819
278.135
306.782
300.851
293.762
285.891
277.413
317.213
309.065
299.812
289.781
278.888
297.468
293.384
288.27
282.46
276.21
291.891
288.831
284.904
280.381
275.501
299.99
295.44
289.789
283.399
276.532
277.71
286.905
295.557
303.354
309.805
314.84
473.7
466.97
442.106
448.588
456.694
447.17
431.989
420.982
494.568
511.333
487.312
502.261
477.164
467.979
489.445
462.426
457.014
432.975
438.133
448.39
440.086
424.654
415.328
482.906
494.504
476.622
486.697
467.192
458.782
475.659
446.669
442.788
420.17
423.86
436.211
429.612
413.886
406.186
465.173
475.975
460.229
469.913
453.107
446.154
461.132
430.208
427.43
406.662
409.386
422.315
416.725
401.767
395.31
448.12
459.478
444.24
454.591
438.554
431.971
446.966
418.186
416.002
396.775
399.006
411.68
406.934
392.628
386.86
435.135
447.416
431.901
443.519
427.438
421.72
436.993
410.003
408.114
390.01
391.989
404.345
400.33
386.247
380.99
426.589
440.811
423.692
437.024
420.095
415.123
430.536
390.608
387.365
413.803
418.484
383.093
377.827
406.569
397.818
367.839
347.543
366.935
349.289
363.4
362.981
352.129
385.914
382.918
407.236
411.264
378.96
374.113
400.899
392.892
363.033
343.728
362.288
345.576
358.993
359.013
348.137
378.477
375.884
397.444
400.617
372.441
368.08
392.295
385.526
358.058
339.234
357.26
340.831
354.332
354.268
343.102
369.41
367.223
386.397
388.903
364.083
359.797
382.186
376.016
351.126
333.906
350.446
335.247
347.844
347.655
337.383
362.294
360.36
378.094
380.234
357.593
353.609
374.408
368.854
345.401
330.125
344.81
331.079
342.703
342.404
333.087
357.28
355.511
372.36
374.296
353.146
349.676
368.979
363.921
341.818
327.619
341.328
328.503
339.458
339.298
330.593
)
;

boundaryField
{
    patch1
    {
        type            zeroGradient;
    }
    patch2
    {
        type            fixedValue;
        value           uniform 273;
    }
    patch3
    {
        type            zeroGradient;
    }
    patch4
    {
        type            fixedValue;
        value           uniform 573;
    }
}


// ************************************************************************* //
