/*--------------------------------*- C++ -*----------------------------------*\
  =========                 |
  \\      /  F ield         | OpenFOAM: The Open Source CFD Toolbox
   \\    /   O peration     | Website:  https://openfoam.org
    \\  /    A nd           | Version:  11
     \\/     M anipulation  |
\*---------------------------------------------------------------------------*/
FoamFile
{
    format      ascii;
    class       volScalarField;
    location    "6.5";
    object      nut;
}
// * * * * * * * * * * * * * * * * * * * * * * * * * * * * * * * * * * * * * //

dimensions      [0 2 -1 0 0 0 0];

internalField   nonuniform List<scalar> 
2200
(
0.000138367
0.000138367
0.000138367
0.000138367
0.000138367
0.000138367
0.000138367
0.000138367
0.000138367
0.000138367
0.000138367
0.000138367
0.000138367
0.000138367
0.000138367
0.000138367
0.000138367
0.000138367
0.000138367
0.000138367
0.000138367
0.000138367
0.000138367
0.000138367
0.000138367
0.000138367
0.000138367
0.000138367
0.000138367
0.000138367
0.000138367
0.000138367
0.000138367
0.000138367
0.000138367
0.000138367
0.000138367
0.000138367
0.000138367
0.000138367
0.000138367
0.000138367
0.000138367
0.000138367
0.000138367
0.000138367
0.000138367
0.000138367
0.000138367
0.000138367
0.000138367
0.000138367
0.000138367
0.000138367
0.000138367
0.000138367
0.000138367
0.000138367
0.000138367
0.000138367
0.000138367
0.000138367
0.000138367
0.000138367
0.000138367
0.000138367
0.000138367
0.000138367
0.000138367
0.000138367
0.000138367
0.000138367
0.000138367
0.000138367
0.000138367
0.000138367
0.000138367
0.000138367
0.000138367
0.000138367
0.000138367
0.000138367
0.000138367
0.000138367
0.000138367
0.000138367
0.000138367
0.000138367
0.000138367
0.000138367
0.000138367
0.000138367
0.000138367
0.000138367
0.000138367
0.000138367
0.000138367
0.000138367
0.000138367
0.000138367
0.000138367
0.000138367
0.000138367
0.000138367
0.000138367
0.000138367
0.000138367
0.000138367
0.000138367
0.000138367
0.000138367
0.000138367
0.000138367
0.000138367
0.000138367
0.000138367
0.000138367
0.000138367
0.000138367
0.000138367
0.000138367
0.000138367
0.000138367
0.000138367
0.000138367
0.000138367
0.000138367
0.000138367
0.000138367
0.000138367
0.000138367
0.000138367
0.000138367
0.000138367
0.000138367
0.000138367
0.000138367
0.000138367
0.000138367
0.000138367
0.000138367
0.000138367
0.000138367
0.000138367
0.000138367
0.000138367
0.000138367
0.000138367
0.000138367
0.000138367
0.000138367
0.000138367
0.000138367
0.000138367
0.000138367
0.000138367
0.000138367
0.000138367
0.000138367
0.000138367
0.000138367
0.000138367
0.000138367
0.000138367
0.000138367
0.000138367
0.000138367
0.000138367
0.000138367
0.000138367
0.000138367
0.000138367
0.000138367
0.000138367
0.000138367
0.000138367
0.000138367
0.000138367
0.000138367
0.000138367
0.000138367
0.000138367
0.000138367
0.000138367
0.000138367
0.000138367
0.000138367
0.000138367
0.000138367
0.000138367
0.000138367
0.000138367
0.000138367
0.000138367
0.000138367
0.000138367
0.000138367
0.000138367
0.000138367
0.000138367
0.000138367
0.000138367
0.000138367
0.000138367
0.000138367
0.000138367
0.000138367
0.000138367
0.000138367
0.000138367
0.000138367
0.000138367
0.000138367
0.000138367
0.000138367
0.000138367
0.000138367
0.000138367
0.000138367
0.000138367
0.000138367
0.000138367
0.000138367
0.000138367
0.000138367
0.000138367
0.000138367
0.000138367
0.000138367
0.000138367
0.000138367
0.000138367
0.000138367
0.000138367
0.000138367
0.000138367
0.000138367
0.000138367
0.000138367
0.000138367
0.000138367
0.000138367
0.000138367
0.000138367
0.000138367
0.000138367
0.000138367
0.000138367
0.000138367
0.000138367
0.000138367
0.000138367
0.000138367
0.000138367
0.000138367
0.000138367
0.000138367
0.000138367
0.000138367
0.000138367
0.000138367
0.000138367
0.000138367
0.000138367
0.000138367
0.000138367
0.000138367
0.000138367
0.000138367
0.000138367
0.000138367
0.000138367
0.000138367
0.000138367
0.000138367
0.000138367
0.000138367
0.000138367
0.000138367
0.000138367
0.000138367
0.000138367
0.000138367
0.000138367
0.000138367
0.000138367
0.000138367
0.000138367
0.000138367
0.000138367
0.000138367
0.000138367
0.000138367
0.000138367
0.000138367
0.000138367
0.000138367
0.000138367
0.000138367
0.000138367
0.000138367
0.000138367
0.000138367
0.000138367
0.000138367
0.000138367
0.000138367
0.000138367
0.000138367
0.000138367
0.000138367
0.000138367
0.000138367
0.000138367
0.000138367
0.000138367
0.000138367
0.000138367
0.000138367
0.000138367
0.000138367
0.000138367
0.000138367
0.000138367
0.000138367
0.000138367
0.000138367
0.000138367
0.000138367
0.000138367
0.000138367
0.000138367
0.000138367
0.000138367
0.000138367
0.000138367
0.000138367
0.000138367
0.000138367
0.000138367
0.000138367
0.000138367
0.000138367
0.000138367
0.000138367
0.000138367
0.000138367
0.000138367
0.000138367
0.000138367
0.000138367
0.000138367
0.000138367
0.000138367
0.000138367
0.000138367
0.000138367
0.000138367
0.000138367
0.000138367
0.000138367
0.000138367
0.000138367
0.000138367
0.000138367
0.000138367
0.000138367
0.000138367
0.000138367
0.000138367
0.000138367
0.000138367
0.000138367
0.000138367
0.000138367
0.000138367
0.000138367
0.000138367
0.000138367
0.000138367
0.000138367
0.000138367
0.000138367
0.000138367
0.000138367
0.000138367
0.000138367
0.000138367
0.000138367
0.000138367
0.000138367
0.000138367
0.000138367
0.000138367
0.000138367
0.000138367
0.000138367
0.000138367
0.000138367
0.000138367
0.000138367
0.000138367
0.000138367
0.000138367
0.000138367
0.000138367
0.000138367
0.000138367
0.000138367
0.000138367
0.000138367
0.000138367
0.000138367
0.000138367
0.000138367
0.000138367
0.000138367
0.000138367
0.000138367
0.000138367
0.000138367
0.000138367
0.000138367
0.000138367
0.000138367
0.000138367
0.000138367
0.000138367
0.000138367
0.000138367
0.000138367
0.000138367
0.000138367
0.000138367
0.000138367
0.000138367
0.000138367
0.000138367
0.000138367
0.000138367
0.000138367
0.000138367
0.000138367
0.000138367
0.000138367
0.000138367
0.000138367
0.000138367
0.000138367
0.000138367
0.000138367
0.000138367
0.000138367
0.000138367
0.000138367
0.000138367
0.000138367
0.000138367
0.000138366
0.000138366
0.000138368
0.000138368
0.000138367
0.000138367
0.000138367
0.000138367
0.000138367
0.000138366
0.000138365
0.000138364
0.00013837
0.000138369
0.000138368
0.000138368
0.000138367
0.000138367
0.000138367
0.000138365
0.000138362
0.00013836
0.000138375
0.000138373
0.00013837
0.000138369
0.000138368
0.000138367
0.000138366
0.000138362
0.000138355
0.000138349
0.000138385
0.00013838
0.000138375
0.000138371
0.000138369
0.000138368
0.000138365
0.000138356
0.00013834
0.000138326
0.00013841
0.000138398
0.000138384
0.000138375
0.000138372
0.00013837
0.000138363
0.000138344
0.00013831
0.000138278
0.000138461
0.000138434
0.000138404
0.000138385
0.000138378
0.000138374
0.00013836
0.000138321
0.00013825
0.000138182
0.000138565
0.000138507
0.000138443
0.000138404
0.000138389
0.000138382
0.000138358
0.000138282
0.000138141
0.000138001
0.000138764
0.000138644
0.000138515
0.000138438
0.00013841
0.0001384
0.000138359
0.000138222
0.000137955
0.000137677
0.000139128
0.000138886
0.000138639
0.000138495
0.000138446
0.000138433
0.00013837
0.000138139
0.000137659
0.000137123
0.000139763
0.000139293
0.000138838
0.000138585
0.000138503
0.00013849
0.000138404
0.000138042
0.000137224
0.000136211
0.000140823
0.000139931
0.000139135
0.000138716
0.000138587
0.000138581
0.000138483
0.000137963
0.000136645
0.000134746
0.000142527
0.000140864
0.00013954
0.000138887
0.0001387
0.000138718
0.000138637
0.000137975
0.000135992
0.000132419
0.000145186
0.000142112
0.000140036
0.000139088
0.000138838
0.000138903
0.000138899
0.000138204
0.000135517
0.000128678
0.00014925
0.000143562
0.000140555
0.000139291
0.000138988
0.00013913
0.000139292
0.000138822
0.000135907
0.000122434
0.000151798
0.000145616
0.000141484
0.000139705
0.00013918
0.000139297
0.000139688
0.000140052
0.000140077
0.000138226
0.000149635
0.000146371
0.000142567
0.000140432
0.000139461
0.000139225
0.000139427
0.00013984
0.00014026
0.000139866
0.000145174
0.000144925
0.000142562
0.000140847
0.000139784
0.000139255
0.000139128
0.000139274
0.00013957
0.000139694
0.000139344
0.000141557
0.000141043
0.00014036
0.000139737
0.000139277
0.000139013
0.000138935
0.00013901
0.00013914
0.000133186
0.000136931
0.000138114
0.000138666
0.00013885
0.000138846
0.000138777
0.000138715
0.0001387
0.000138737
0.000127859
0.000132176
0.000134545
0.000136125
0.000137135
0.000137747
0.000138096
0.000138286
0.000138389
0.000138454
0.000124448
0.000128665
0.000131618
0.000133789
0.000135348
0.000136437
0.000137175
0.000137659
0.000137967
0.000138159
0.000123707
0.000127546
0.000130561
0.000132852
0.000134562
0.00013581
0.0001367
0.000137318
0.000137735
0.00013801
0.000125963
0.000129282
0.000131873
0.000133822
0.000135268
0.000136319
0.000137068
0.000137588
0.000137944
0.000138183
0.00013145
0.000133431
0.000134872
0.000135984
0.000136815
0.000137418
0.000137844
0.000138143
0.000138357
0.000138521
0.000136501
0.000136349
0.000136711
0.000137169
0.000137577
0.000137896
0.000138129
0.000138292
0.000138404
0.000138475
0.000137339
0.000137353
0.000137501
0.00013771
0.000137919
0.000138095
0.00013823
0.000138327
0.000138393
0.000138433
0.000137852
0.000137875
0.000137942
0.000138037
0.000138137
0.000138225
0.000138296
0.000138349
0.000138384
0.000138405
0.000138131
0.000138144
0.000138174
0.000138215
0.00013826
0.000138301
0.000138335
0.000138361
0.000138378
0.000138388
0.000138269
0.000138275
0.000138287
0.000138304
0.000138322
0.00013834
0.000138354
0.000138366
0.000138374
0.000138378
0.000138331
0.000138333
0.000138337
0.000138344
0.00013835
0.000138357
0.000138363
0.000138368
0.000138371
0.000138372
0.000138356
0.000138356
0.000138358
0.00013836
0.000138362
0.000138364
0.000138366
0.000138368
0.000138369
0.000138369
0.000138364
0.000138365
0.000138365
0.000138365
0.000138366
0.000138367
0.000138367
0.000138368
0.000138368
0.000138368
0.000138367
0.000138367
0.000138367
0.000138367
0.000138367
0.000138367
0.000138367
0.000138367
0.000138367
0.000138367
0.000138367
0.000138367
0.000138367
0.000138367
0.000138367
0.000138367
0.000138367
0.000138367
0.000138367
0.000138367
0.000138367
0.000138367
0.000138367
0.000138367
0.000138367
0.000138367
0.000138367
0.000138367
0.000138367
0.000138367
0.000138367
0.000138367
0.000138367
0.000138367
0.000138367
0.000138367
0.000138367
0.000138367
0.000138367
0.000138367
0.000138367
0.000138367
0.000138367
0.000138367
0.000138367
0.000138367
0.000138367
0.000138367
0.000138367
0.000138367
0.000138367
0.000138367
0.000138367
0.000138367
0.000138367
0.000138367
0.000138367
0.000138367
0.000138367
0.000138367
0.000138367
0.000138367
0.000138367
0.000138367
0.000138367
0.000138367
0.000138367
0.000138367
0.000138367
0.000138367
0.000138367
0.000138367
0.000138367
0.000138367
0.000138367
0.000138367
0.000138367
0.000138367
0.000138367
0.000138367
0.000138367
0.000138367
0.000138367
0.000138367
0.000138367
0.000138367
0.000138367
0.000138367
0.000138367
0.000138367
0.000138367
0.000138367
0.000138367
0.000138367
0.000138367
0.000138367
0.000138367
0.000138367
0.000138367
0.000138367
0.000138367
0.000138367
0.000138367
0.000138367
0.000138367
0.000138367
0.000138367
0.000138367
0.000138367
0.000138367
0.000138367
0.000138367
0.000138367
0.000138367
0.000138367
0.000138367
0.000138367
0.000138367
0.000138367
0.000138367
0.000138367
0.000138367
0.000138367
0.000138367
0.000138367
0.000138367
0.000138367
0.000138367
0.000138367
0.000138367
0.000138367
0.000138367
0.000138367
0.000138367
0.000138367
0.000138367
0.000138367
0.000138367
0.000138367
0.000138367
0.000138367
0.000138367
0.000138367
0.000138367
0.000138367
0.000138367
0.000138367
0.000138367
0.000138367
0.000138367
0.000138367
0.000138367
0.000138367
0.000138367
0.000138367
0.000138367
0.000138367
0.000138367
0.000138367
0.000138367
0.000138367
0.000138367
0.000138367
0.000138367
0.000138367
0.000138367
0.000138367
0.000138367
0.000138367
0.000138367
0.000138367
0.000138367
0.000138367
0.000138367
0.000138367
0.000138367
0.000138367
0.000138367
0.000138367
0.000138367
0.000138367
0.000138367
0.000138367
0.000138367
0.000138367
0.000138367
0.000138367
0.000138367
0.000138367
0.000138367
0.000138367
0.000138367
0.000138367
0.000138367
0.000138367
0.000138367
0.000138367
0.000138367
0.000138367
0.000138367
0.000138367
0.000138367
0.000138367
0.000138367
0.000138367
0.000138367
0.000138367
0.000138367
0.000138367
0.000138367
0.000138367
0.000138367
0.000138367
0.000138367
0.000138367
0.000138367
0.000138367
0.000138367
0.000138367
0.000138367
0.000138367
0.000138367
0.000138367
0.000138367
0.000138367
0.000138367
0.000138367
0.000138367
0.000138367
0.000138367
0.000138367
0.000138367
0.000138367
0.000138367
0.000138367
0.000138367
0.000138367
0.000138367
0.000138367
0.000138367
0.000138367
0.000138367
0.000138367
0.000138367
0.000138367
0.000138367
0.000138367
0.000138367
0.000138367
0.000138367
0.000138367
0.000138367
0.000138367
0.000138367
0.000138367
0.000138367
0.000138367
0.000138367
0.000138367
0.000138367
0.000138367
0.000138367
0.000138367
0.000138367
0.000138367
0.000138367
0.000138367
0.000138367
0.000138367
0.000138367
0.000138367
0.000138367
0.000138367
0.000138367
0.000138367
0.000138367
0.000138367
0.000138367
0.000138367
0.000138367
0.000138367
0.000138367
0.000138367
0.000138367
0.000138367
0.000138367
0.000138367
0.000138367
0.000138367
0.000138367
0.000138367
0.000138367
0.000138367
0.000138367
0.000138367
0.000138367
0.000138367
0.000138367
0.000138367
0.000138367
0.000138367
0.000138367
0.000138367
0.000138367
0.000138367
0.000138367
0.000138367
0.000138367
0.000138367
0.000138367
0.000138367
0.000138367
0.000138367
0.000138367
0.000138367
0.000138367
0.000138367
0.000138367
0.000138367
0.000138367
0.000138367
0.000138367
0.000138367
0.000138367
0.000138367
0.000138367
0.000138367
0.000138367
0.000138367
0.000138367
0.000138367
0.000138367
0.000138367
0.000138367
0.000138367
0.000138367
0.000138367
0.000138367
0.000138367
0.000138367
0.000138367
0.000138367
0.000138367
0.000138367
0.000138367
0.000138367
0.000138367
0.000138367
0.000138367
0.000138367
0.000138367
0.000138367
0.000138367
0.000138367
0.000138367
0.000138367
0.000138367
0.000138367
0.000138367
0.000138367
0.000138367
0.000138367
0.000138367
0.000138367
0.000138367
0.000138367
0.000138367
0.000138367
0.000138367
0.000138367
0.000138367
0.000138367
0.000138367
0.000138367
0.000138367
0.000138367
0.000138367
0.000138367
0.000138367
0.000138367
0.000138367
0.000138367
0.000138367
0.000138367
0.000138367
0.000138367
0.000138367
0.000138367
0.000138367
0.000138367
0.000138367
0.000138367
0.000138367
0.000138367
0.000138367
0.000138367
0.000138367
0.000138367
0.000138367
0.000138367
0.000138367
0.000138367
0.000138367
0.000138367
0.000138367
0.000138367
0.000138367
0.000138367
0.000138367
0.000138367
0.000138367
0.000138367
0.000138367
0.000138367
0.000138367
0.000138367
0.000138367
0.000138367
0.000138367
0.000138367
0.000138367
0.000138367
0.000138367
0.000138367
0.000138367
0.000138367
0.000138367
0.000138367
0.000138367
0.000138367
0.000138367
0.000138367
0.000138367
0.000138367
0.000138367
0.000138367
0.000138367
0.000138367
0.000138367
0.000138367
0.000138367
0.000138367
0.000138367
0.000138367
0.000138367
0.000138367
0.000138367
0.000138367
0.000138367
0.000138367
0.000138367
0.000138367
0.000138367
0.000138367
0.000138367
0.000138367
0.000138367
0.000138367
0.000138367
0.000138367
0.000138367
0.000138367
0.000138367
0.000138367
0.000138367
0.000138367
0.000138367
0.000138367
0.000138367
0.000138367
0.000138367
0.000138367
0.000138367
0.000138367
0.000138367
0.000138367
0.000138367
0.000138367
0.000138367
0.000138367
0.000138367
0.000138367
0.000138367
0.000138367
0.000138367
0.000138367
0.000138367
0.000138367
0.000138367
0.000138367
0.000138367
0.000138367
0.000138367
0.000138367
0.000138367
0.000138367
0.000138367
0.000138367
0.000138367
0.000138367
0.000138367
0.000138367
0.000138367
0.000138367
0.000138367
0.000138367
0.000138367
0.000138367
0.000138367
0.000138367
0.000138367
0.000138367
0.000138367
0.000138367
0.000138367
0.000138367
0.000138367
0.000138367
0.000138367
0.000138367
0.000138367
0.000138367
0.000138367
0.000138367
0.000138367
0.000138367
0.000138367
0.000138367
0.000138367
0.000138367
0.000138367
0.000138367
0.000138367
0.000138367
0.000138367
0.000138367
0.000138367
0.000138367
0.000138367
0.000138367
0.000138367
0.000138367
0.000138367
0.000138367
0.000138367
0.000138367
0.000138367
0.000138367
0.000138367
0.000138367
0.000138367
0.000138367
0.000138367
0.000138367
0.000138367
0.000138367
0.000138367
0.000138367
0.000138367
0.000138367
0.000138367
0.000138367
0.000138367
0.000138367
0.000138367
0.000138367
0.000138367
0.000138367
0.000138367
0.000138367
0.000138367
0.000138367
0.000138367
0.000138367
0.000138367
0.000138367
0.000138367
0.000138367
0.000138367
0.000138367
0.000138367
0.000138367
0.000138367
0.000138367
0.000138367
0.000138367
0.000138367
0.000138367
0.000138367
0.000138367
0.000138367
0.000138367
0.000138367
0.000138367
0.000138367
0.000138367
0.000138367
0.000138367
0.000138367
0.000138367
0.000138367
0.000138367
0.000138367
0.000138367
0.000138367
0.000138367
0.000138367
0.000138367
0.000138367
0.000138367
0.000138367
0.000138367
0.000138367
0.000138367
0.000138367
0.000138367
0.000138367
0.000138367
0.000138367
0.000138367
0.000138562
0.000138584
0.000138606
0.000138625
0.000138636
0.000138638
0.000138632
0.000138619
0.000138599
0.000138574
0.000138526
0.000138548
0.000138566
0.00013857
0.000138555
0.000138524
0.000138478
0.000138422
0.000138358
0.000138288
0.000138517
0.000138535
0.000138542
0.000138529
0.000138496
0.000138445
0.000138382
0.00013831
0.000138231
0.000138146
0.000138535
0.000138551
0.000138546
0.000138519
0.000138475
0.000138421
0.000138365
0.000138311
0.000138263
0.000138228
0.000138591
0.000138617
0.000138598
0.000138551
0.000138493
0.000138437
0.000138393
0.000138369
0.000138373
0.00013842
0.000138707
0.000138774
0.00013874
0.000138657
0.000138565
0.000138491
0.000138447
0.000138445
0.0001385
0.000138632
0.000138908
0.000139085
0.000139039
0.000138893
0.000138734
0.000138609
0.000138541
0.000138549
0.000138661
0.000138912
0.000139232
0.00013965
0.0001396
0.000139351
0.000139073
0.000138842
0.000138684
0.00013862
0.000138701
0.000139039
0.000139739
0.000140614
0.00014056
0.000140159
0.000139699
0.00013927
0.000138858
0.000138412
0.000137944
0.000137766
0.000140273
0.000142192
0.000142313
0.00014189
0.000141349
0.000140768
0.000140003
0.000138694
0.000136189
0.000131369
0.000138507
0.000138493
0.00013848
0.000138479
0.000138492
0.000138516
0.000138531
0.000138483
0.00013822
0.000137301
0.000138449
0.000138445
0.000138434
0.000138423
0.000138412
0.000138396
0.000138358
0.000138269
0.000138093
0.000137835
0.000138413
0.00013841
0.0001384
0.000138387
0.000138369
0.000138343
0.000138301
0.000138234
0.000138142
0.000138055
0.000138391
0.000138388
0.000138381
0.00013837
0.000138354
0.000138331
0.000138299
0.000138258
0.000138211
0.000138177
0.000138379
0.000138376
0.000138371
0.000138363
0.000138352
0.000138336
0.000138316
0.000138292
0.000138269
0.000138254
0.000138372
0.000138371
0.000138368
0.000138363
0.000138356
0.000138346
0.000138335
0.000138322
0.000138311
0.000138303
0.000138369
0.000138368
0.000138367
0.000138364
0.00013836
0.000138355
0.000138349
0.000138342
0.000138337
0.000138334
0.000138368
0.000138367
0.000138366
0.000138365
0.000138363
0.000138361
0.000138358
0.000138355
0.000138352
0.000138351
0.000138367
0.000138367
0.000138367
0.000138366
0.000138365
0.000138364
0.000138363
0.000138361
0.00013836
0.00013836
0.000138367
0.000138367
0.000138367
0.000138367
0.000138366
0.000138366
0.000138365
0.000138365
0.000138364
0.000138364
0.000138367
0.000138367
0.000138367
0.000138367
0.000138367
0.000138367
0.000138366
0.000138366
0.000138366
0.000138366
0.000138367
0.000138367
0.000138367
0.000138367
0.000138367
0.000138367
0.000138367
0.000138367
0.000138367
0.000138367
0.000138367
0.000138367
0.000138367
0.000138367
0.000138367
0.000138367
0.000138367
0.000138367
0.000138367
0.000138367
0.000138367
0.000138367
0.000138367
0.000138367
0.000138367
0.000138367
0.000138367
0.000138367
0.000138367
0.000138367
0.000138367
0.000138367
0.000138367
0.000138367
0.000138367
0.000138367
0.000138367
0.000138367
0.000138367
0.000138367
0.000138367
0.000138367
0.000138367
0.000138367
0.000138367
0.000138367
0.000138367
0.000138367
0.000138367
0.000138367
0.000138367
0.000138367
0.000138367
0.000138367
0.000138367
0.000138367
0.000138367
0.000138367
0.000138367
0.000138367
0.000138367
0.000138367
0.000138367
0.000138367
0.000138367
0.000138367
0.000138367
0.000138367
0.000138367
0.000138367
0.000138367
0.000138367
0.000138367
0.000138367
0.000138367
0.000138367
0.000138367
0.000138367
0.000138367
0.000138367
0.000138367
0.000138367
0.000138367
0.000138367
0.000138367
0.000138367
0.000138367
0.000138367
0.000138367
0.000138367
0.000138367
0.000138367
0.000138367
0.000138367
0.000138367
0.000138367
0.000138367
0.000138367
0.000138367
0.000138367
0.000138367
0.000138367
0.000138367
0.000138367
0.000138367
0.000138367
0.000138367
0.000138367
0.000138367
0.000138367
0.000138367
0.000138367
0.000138367
0.000138367
0.000138367
0.000138367
0.000138367
0.000138367
0.000138367
0.000138367
0.000138367
0.000138367
0.000138367
0.000138367
0.000138367
0.000138367
0.000138367
0.000138367
0.000138367
0.000138367
0.000138367
0.000138367
0.000138367
0.000138367
0.000138367
0.000138367
0.000138367
0.000138367
0.000138367
0.000138367
0.000138367
0.000138367
0.000138367
0.000138367
0.000138367
0.000138367
0.000138367
0.000138367
0.000138367
0.000138367
0.000138367
0.000138367
0.000138367
0.000138367
0.000138367
0.000138367
0.000138367
0.000138367
0.000138367
0.000138367
0.000138367
0.000138367
0.000138367
0.000138367
0.000138367
0.000138367
0.000138367
0.000138367
0.000138367
0.000138367
0.000138367
0.000138367
0.000138367
0.000138367
0.000138367
0.000138367
0.000138367
0.000138367
0.000138367
0.000138367
0.000138367
0.000138367
0.000138367
0.000138367
0.000138367
0.000138367
0.000138367
0.000138367
0.000138367
0.000138367
0.000138367
0.000138367
0.000138367
0.000138367
0.000138367
0.000138367
0.000138367
0.000138367
0.000138367
0.000138367
0.000138367
0.000138367
0.000138367
0.000138367
0.000138367
0.000138367
0.000138367
0.000138367
0.000138367
0.000138367
0.000138367
0.000138367
0.000138367
0.000138367
0.000138367
0.000138367
0.000138367
0.000138367
0.000138367
0.000138367
0.000138367
0.000138367
0.000138367
0.000138367
0.000138367
0.000138367
0.000138367
0.000138367
0.000138367
0.000138367
0.000138367
0.000138367
0.000138367
0.000138367
0.000138367
0.000138367
0.000138367
0.000138367
0.000138367
0.000138367
0.000138367
0.000138367
0.000138367
0.000138367
0.000138367
0.000138367
0.000138367
0.000138367
0.000138367
0.000138367
0.000138367
0.000138367
0.000138367
0.000138367
0.000138367
0.000138367
0.000138367
0.000138367
0.000138367
0.000138367
0.000138367
0.000138367
0.000138367
0.000138367
0.000138367
0.000138367
0.000138367
0.000138367
0.000138367
0.000138367
0.000138367
0.000138367
0.000138367
0.000138367
0.000138367
0.000138367
0.000138367
0.000138367
0.000138367
0.000138367
0.000138367
0.000138367
0.000138367
0.000138367
0.000138367
0.000138367
0.000138367
0.000138367
0.000138367
0.000138367
0.000138367
0.000138367
0.000138367
0.000138367
0.000138367
0.000138367
0.000138367
0.000138367
0.000138367
0.000138367
0.000138367
0.000138367
0.000138367
0.000138367
0.000138367
0.000138367
0.000138367
0.000138367
0.000138367
0.000138367
0.000138367
0.000138367
0.000138367
0.000138367
0.000138367
0.000138367
0.000138367
0.000138367
0.000138367
0.000138367
0.000138367
0.000138367
0.000138367
0.000138367
0.000138367
0.000138367
0.000138367
0.000138367
0.000138367
0.000138367
0.000138367
0.000138367
0.000138367
0.000138367
0.000138367
0.000138367
0.000138367
0.000138367
0.000138367
0.000138367
0.000138367
0.000138367
0.000138367
0.000138367
0.000138367
0.000138367
0.000138367
0.000138367
0.000138367
0.000138367
0.000138367
0.000138367
0.000138367
0.000138367
0.000138367
0.000138367
0.000138367
0.000138367
0.000138367
0.000138367
0.000138367
0.000138367
0.000138367
0.000138367
0.000138367
0.000138367
0.000138367
0.000138367
0.000138367
0.000138367
0.000138367
0.000138367
0.000138367
0.000138367
0.000138367
0.000138367
0.000138367
0.000138367
0.000138367
0.000138367
0.000138367
0.000138367
0.000138367
0.000138367
0.000138367
0.000138367
0.000138367
0.000138367
0.000138367
0.000138367
0.000138367
0.000138367
0.000138367
0.000138367
0.000138367
0.000138367
0.000138367
0.000138367
0.000138367
0.000138367
0.000138367
0.000138367
0.000138367
0.000138367
0.000138367
0.000138367
0.000138367
0.000138367
0.000138367
0.000138367
0.000138367
0.000138367
0.000138367
0.000138367
0.000138367
0.000138367
0.000138367
0.000138367
0.000138367
0.000138367
0.000138367
0.000138367
0.000138367
0.000138367
0.000138367
0.000138367
0.000138367
0.000138367
0.000138367
0.000138367
0.000138367
0.000138367
0.000138367
0.000138367
0.000138367
0.000138367
0.000138367
0.000138367
0.000138367
0.000138367
0.000138367
0.000138367
0.000138367
0.000138367
0.000138367
0.000138367
0.000138367
0.000138367
0.000138367
0.000138367
0.000138367
0.000138367
0.000138367
0.000138367
0.000138367
0.000138367
0.000138367
0.000138367
0.000138367
0.000138367
0.000138367
0.000138367
0.000138367
0.000138367
0.000138367
0.000138367
0.000138367
0.000138367
0.000138367
0.000138367
0.000138367
0.000138367
0.000138367
0.000138367
0.000138367
0.000138367
0.000138367
0.000138367
0.000138367
0.000138367
0.000138367
0.000138367
0.000138367
0.000138367
0.000138367
0.000138367
0.000138367
0.000138367
0.000138367
0.000138367
0.000138367
0.000138367
0.000138367
0.000138367
0.000138367
0.000138367
0.000138367
0.000138367
0.000138367
0.000138367
0.000138367
0.000138367
0.000138367
0.000138367
0.000138367
0.000138367
0.000138367
0.000138367
0.000138367
0.000138367
0.000138367
0.000138367
0.000138367
0.000138367
0.000138367
0.000138367
0.000138367
0.000138367
0.000138367
0.000138367
0.000138367
0.000138367
0.000138367
0.000138367
0.000138367
0.000138367
0.000138367
0.000138367
0.000138367
0.000138367
0.000138367
0.000138367
0.000138367
0.000138367
0.000138367
0.000138367
0.000138367
0.000138367
0.000138367
0.000138367
0.000138367
0.000138367
0.000138367
0.000138367
0.000138367
0.000138367
0.000138367
0.000138367
0.000138367
0.000138367
0.000138367
0.000138367
0.000138367
0.000138367
0.000138367
0.000138367
0.000138367
0.000138367
0.000138367
0.000138367
0.000138367
0.000138367
0.000138367
0.000138367
0.000138367
0.000138367
0.000138367
0.000138367
0.000138367
0.000138367
0.000138367
0.000138367
0.000138367
0.000138367
0.000138367
0.000138367
0.000138367
0.000138367
0.000138367
0.000138367
0.000138367
0.000138367
0.000138367
0.000138367
0.000138367
0.000138367
0.000138367
0.000138367
0.000138367
0.000138367
)
;

boundaryField
{
    defaultFaces
    {
        type            empty;
    }
}


// ************************************************************************* //
