/*--------------------------------*- C++ -*----------------------------------*\
  =========                 |
  \\      /  F ield         | OpenFOAM: The Open Source CFD Toolbox
   \\    /   O peration     | Website:  https://openfoam.org
    \\  /    A nd           | Version:  11
     \\/     M anipulation  |
\*---------------------------------------------------------------------------*/
FoamFile
{
    format      ascii;
    class       volScalarField;
    location    "6.5";
    object      epsilon;
}
// * * * * * * * * * * * * * * * * * * * * * * * * * * * * * * * * * * * * * //

dimensions      [0 2 -3 0 0 0 0];

internalField   nonuniform List<scalar> 
4000
(
0.000167462
0.000154197
0.000154173
0.000154173
0.000154173
0.000154173
0.000154173
0.000154173
0.000154173
0.000154173
0.000154173
0.000154173
0.000154173
0.000154173
0.000154173
0.000154173
0.000154173
0.000154173
0.000154197
0.000167462
8.86609e-05
4.2573e-05
4.18306e-05
4.18306e-05
4.18306e-05
4.18306e-05
4.18306e-05
4.18306e-05
4.18306e-05
4.18306e-05
4.18306e-05
4.18306e-05
4.18306e-05
4.18306e-05
4.18306e-05
4.18306e-05
4.18306e-05
4.18306e-05
4.25731e-05
8.86604e-05
5.95502e-05
3.78637e-05
3.64992e-05
3.64991e-05
3.64991e-05
3.64991e-05
3.64991e-05
3.64991e-05
3.64991e-05
3.64991e-05
3.64991e-05
3.64991e-05
3.64991e-05
3.64991e-05
3.64991e-05
3.64991e-05
3.64991e-05
3.64992e-05
3.78639e-05
5.95497e-05
6.04307e-05
3.78617e-05
3.64883e-05
3.64882e-05
3.64882e-05
3.64882e-05
3.64882e-05
3.64882e-05
3.64882e-05
3.64882e-05
3.64882e-05
3.64882e-05
3.64882e-05
3.64882e-05
3.64882e-05
3.64882e-05
3.64882e-05
3.64883e-05
3.78618e-05
6.04301e-05
6.05427e-05
3.78624e-05
3.64883e-05
3.64882e-05
3.64882e-05
3.64882e-05
3.64882e-05
3.64882e-05
3.64882e-05
3.64882e-05
3.64882e-05
3.64882e-05
3.64882e-05
3.64882e-05
3.64882e-05
3.64882e-05
3.64882e-05
3.64883e-05
3.78625e-05
6.05422e-05
6.0554e-05
3.78624e-05
3.64883e-05
3.64882e-05
3.64882e-05
3.64882e-05
3.64882e-05
3.64882e-05
3.64882e-05
3.64882e-05
3.64882e-05
3.64882e-05
3.64882e-05
3.64882e-05
3.64882e-05
3.64882e-05
3.64882e-05
3.64883e-05
3.78626e-05
6.05534e-05
6.05549e-05
3.78624e-05
3.64883e-05
3.64882e-05
3.64882e-05
3.64882e-05
3.64882e-05
3.64882e-05
3.64882e-05
3.64882e-05
3.64882e-05
3.64882e-05
3.64882e-05
3.64882e-05
3.64882e-05
3.64882e-05
3.64882e-05
3.64883e-05
3.78626e-05
6.05543e-05
6.05549e-05
3.78624e-05
3.64883e-05
3.64882e-05
3.64882e-05
3.64882e-05
3.64882e-05
3.64882e-05
3.64882e-05
3.64882e-05
3.64882e-05
3.64882e-05
3.64882e-05
3.64882e-05
3.64882e-05
3.64882e-05
3.64882e-05
3.64883e-05
3.78626e-05
6.05544e-05
6.05549e-05
3.78624e-05
3.64883e-05
3.64882e-05
3.64882e-05
3.64882e-05
3.64882e-05
3.64882e-05
3.64882e-05
3.64882e-05
3.64882e-05
3.64882e-05
3.64882e-05
3.64882e-05
3.64882e-05
3.64882e-05
3.64882e-05
3.64883e-05
3.78626e-05
6.05544e-05
6.05549e-05
3.78624e-05
3.64883e-05
3.64882e-05
3.64882e-05
3.64882e-05
3.64882e-05
3.64882e-05
3.64882e-05
3.64882e-05
3.64882e-05
3.64882e-05
3.64882e-05
3.64882e-05
3.64882e-05
3.64882e-05
3.64882e-05
3.64883e-05
3.78626e-05
6.05544e-05
6.05549e-05
3.78624e-05
3.64883e-05
3.64882e-05
3.64882e-05
3.64882e-05
3.64882e-05
3.64882e-05
3.64882e-05
3.64882e-05
3.64882e-05
3.64882e-05
3.64882e-05
3.64882e-05
3.64882e-05
3.64882e-05
3.64882e-05
3.64883e-05
3.78626e-05
6.05544e-05
6.05549e-05
3.78624e-05
3.64883e-05
3.64882e-05
3.64882e-05
3.64882e-05
3.64882e-05
3.64882e-05
3.64882e-05
3.64882e-05
3.64882e-05
3.64882e-05
3.64882e-05
3.64882e-05
3.64882e-05
3.64882e-05
3.64882e-05
3.64883e-05
3.78626e-05
6.05544e-05
6.05549e-05
3.78624e-05
3.64883e-05
3.64882e-05
3.64882e-05
3.64882e-05
3.64882e-05
3.64882e-05
3.64882e-05
3.64882e-05
3.64882e-05
3.64882e-05
3.64882e-05
3.64882e-05
3.64882e-05
3.64882e-05
3.64882e-05
3.64883e-05
3.78626e-05
6.05544e-05
6.05549e-05
3.78624e-05
3.64883e-05
3.64882e-05
3.64882e-05
3.64882e-05
3.64882e-05
3.64882e-05
3.64882e-05
3.64882e-05
3.64882e-05
3.64882e-05
3.64882e-05
3.64882e-05
3.64882e-05
3.64882e-05
3.64882e-05
3.64883e-05
3.78626e-05
6.05543e-05
6.05541e-05
3.78624e-05
3.64883e-05
3.64882e-05
3.64882e-05
3.64882e-05
3.64882e-05
3.64882e-05
3.64882e-05
3.64882e-05
3.64882e-05
3.64882e-05
3.64882e-05
3.64882e-05
3.64882e-05
3.64882e-05
3.64882e-05
3.64883e-05
3.78626e-05
6.05535e-05
6.05445e-05
3.78624e-05
3.64883e-05
3.64882e-05
3.64882e-05
3.64882e-05
3.64882e-05
3.64882e-05
3.64882e-05
3.64882e-05
3.64882e-05
3.64882e-05
3.64882e-05
3.64882e-05
3.64882e-05
3.64882e-05
3.64882e-05
3.64883e-05
3.78625e-05
6.0544e-05
6.04513e-05
3.78618e-05
3.64883e-05
3.64882e-05
3.64882e-05
3.64882e-05
3.64882e-05
3.64882e-05
3.64882e-05
3.64882e-05
3.64882e-05
3.64882e-05
3.64882e-05
3.64882e-05
3.64882e-05
3.64882e-05
3.64882e-05
3.64883e-05
3.78619e-05
6.04508e-05
5.97498e-05
3.78743e-05
3.65084e-05
3.65083e-05
3.65083e-05
3.65083e-05
3.65083e-05
3.65083e-05
3.65083e-05
3.65083e-05
3.65083e-05
3.65083e-05
3.65083e-05
3.65083e-05
3.65083e-05
3.65083e-05
3.65083e-05
3.65084e-05
3.78745e-05
5.97493e-05
9.17305e-05
4.86589e-05
4.79392e-05
4.79391e-05
4.79391e-05
4.79391e-05
4.79391e-05
4.79391e-05
4.79391e-05
4.79391e-05
4.79391e-05
4.79391e-05
4.79391e-05
4.79391e-05
4.79391e-05
4.79391e-05
4.79391e-05
4.79392e-05
4.8659e-05
9.173e-05
0.000283098
0.000464523
0.000464853
0.000464853
0.000464853
0.000464853
0.000464853
0.000464853
0.000464853
0.000464853
0.000464853
0.000464853
0.000464853
0.000464853
0.000464853
0.000464853
0.000464853
0.000464853
0.000464523
0.000283098
3.64884e-05
3.64884e-05
3.64884e-05
3.64884e-05
3.64884e-05
3.64884e-05
3.64884e-05
3.64884e-05
3.64884e-05
3.64884e-05
3.64884e-05
3.64884e-05
3.64884e-05
3.64884e-05
3.64884e-05
3.64884e-05
3.64884e-05
3.64884e-05
3.64884e-05
3.64882e-05
3.64884e-05
3.64884e-05
3.64884e-05
3.64884e-05
3.64884e-05
3.64884e-05
3.64884e-05
3.64884e-05
3.64884e-05
3.64884e-05
3.64884e-05
3.64884e-05
3.64884e-05
3.64884e-05
3.64884e-05
3.64884e-05
3.64884e-05
3.64884e-05
3.64884e-05
3.64882e-05
3.64884e-05
3.64884e-05
3.64884e-05
3.64884e-05
3.64884e-05
3.64884e-05
3.64884e-05
3.64884e-05
3.64884e-05
3.64884e-05
3.64884e-05
3.64884e-05
3.64884e-05
3.64884e-05
3.64884e-05
3.64884e-05
3.64884e-05
3.64884e-05
3.64884e-05
3.64882e-05
3.64884e-05
3.64884e-05
3.64884e-05
3.64884e-05
3.64884e-05
3.64884e-05
3.64884e-05
3.64884e-05
3.64884e-05
3.64884e-05
3.64884e-05
3.64884e-05
3.64884e-05
3.64884e-05
3.64884e-05
3.64884e-05
3.64884e-05
3.64884e-05
3.64884e-05
3.64882e-05
3.64884e-05
3.64884e-05
3.64884e-05
3.64884e-05
3.64884e-05
3.64884e-05
3.64884e-05
3.64884e-05
3.64884e-05
3.64884e-05
3.64884e-05
3.64884e-05
3.64884e-05
3.64884e-05
3.64884e-05
3.64884e-05
3.64884e-05
3.64884e-05
3.64884e-05
3.64882e-05
3.64884e-05
3.64884e-05
3.64884e-05
3.64884e-05
3.64884e-05
3.64884e-05
3.64884e-05
3.64884e-05
3.64884e-05
3.64884e-05
3.64884e-05
3.64884e-05
3.64884e-05
3.64884e-05
3.64884e-05
3.64884e-05
3.64884e-05
3.64884e-05
3.64884e-05
3.64882e-05
3.64884e-05
3.64884e-05
3.64884e-05
3.64884e-05
3.64884e-05
3.64884e-05
3.64884e-05
3.64884e-05
3.64884e-05
3.64884e-05
3.64884e-05
3.64884e-05
3.64884e-05
3.64884e-05
3.64884e-05
3.64884e-05
3.64884e-05
3.64884e-05
3.64884e-05
3.64882e-05
3.64884e-05
3.64884e-05
3.64884e-05
3.64884e-05
3.64884e-05
3.64884e-05
3.64884e-05
3.64884e-05
3.64884e-05
3.64884e-05
3.64884e-05
3.64884e-05
3.64884e-05
3.64884e-05
3.64884e-05
3.64884e-05
3.64884e-05
3.64884e-05
3.64884e-05
3.64882e-05
3.64884e-05
3.64884e-05
3.64884e-05
3.64884e-05
3.64884e-05
3.64884e-05
3.64884e-05
3.64884e-05
3.64884e-05
3.64884e-05
3.64884e-05
3.64884e-05
3.64884e-05
3.64884e-05
3.64884e-05
3.64884e-05
3.64884e-05
3.64884e-05
3.64884e-05
3.64882e-05
3.64884e-05
3.64884e-05
3.64884e-05
3.64884e-05
3.64884e-05
3.64884e-05
3.64884e-05
3.64884e-05
3.64884e-05
3.64884e-05
3.64884e-05
3.64884e-05
3.64884e-05
3.64884e-05
3.64884e-05
3.64884e-05
3.64884e-05
3.64884e-05
3.64884e-05
3.64882e-05
3.64884e-05
3.64884e-05
3.64884e-05
3.64884e-05
3.64884e-05
3.64884e-05
3.64884e-05
3.64884e-05
3.64884e-05
3.64884e-05
3.64884e-05
3.64884e-05
3.64884e-05
3.64884e-05
3.64884e-05
3.64884e-05
3.64884e-05
3.64884e-05
3.64884e-05
3.64882e-05
3.64884e-05
3.64884e-05
3.64884e-05
3.64884e-05
3.64884e-05
3.64884e-05
3.64884e-05
3.64884e-05
3.64884e-05
3.64884e-05
3.64884e-05
3.64884e-05
3.64884e-05
3.64884e-05
3.64884e-05
3.64884e-05
3.64884e-05
3.64884e-05
3.64884e-05
3.64882e-05
3.64884e-05
3.64884e-05
3.64884e-05
3.64884e-05
3.64884e-05
3.64884e-05
3.64884e-05
3.64884e-05
3.64884e-05
3.64884e-05
3.64884e-05
3.64884e-05
3.64884e-05
3.64884e-05
3.64884e-05
3.64884e-05
3.64884e-05
3.64884e-05
3.64884e-05
3.64882e-05
3.64884e-05
3.64884e-05
3.64884e-05
3.64884e-05
3.64884e-05
3.64884e-05
3.64884e-05
3.64884e-05
3.64884e-05
3.64884e-05
3.64884e-05
3.64884e-05
3.64884e-05
3.64884e-05
3.64884e-05
3.64884e-05
3.64884e-05
3.64884e-05
3.64884e-05
3.64882e-05
3.64884e-05
3.64884e-05
3.64884e-05
3.64884e-05
3.64884e-05
3.64884e-05
3.64884e-05
3.64884e-05
3.64884e-05
3.64884e-05
3.64884e-05
3.64884e-05
3.64884e-05
3.64884e-05
3.64884e-05
3.64884e-05
3.64884e-05
3.64884e-05
3.64884e-05
3.64882e-05
3.64884e-05
3.64884e-05
3.64884e-05
3.64884e-05
3.64884e-05
3.64884e-05
3.64884e-05
3.64884e-05
3.64884e-05
3.64884e-05
3.64884e-05
3.64884e-05
3.64884e-05
3.64884e-05
3.64884e-05
3.64884e-05
3.64884e-05
3.64884e-05
3.64884e-05
3.64882e-05
3.64884e-05
3.64884e-05
3.64884e-05
3.64884e-05
3.64884e-05
3.64884e-05
3.64884e-05
3.64884e-05
3.64884e-05
3.64884e-05
3.64884e-05
3.64884e-05
3.64884e-05
3.64884e-05
3.64884e-05
3.64884e-05
3.64884e-05
3.64884e-05
3.64884e-05
3.64882e-05
3.64884e-05
3.64884e-05
3.64884e-05
3.64884e-05
3.64884e-05
3.64884e-05
3.64884e-05
3.64884e-05
3.64884e-05
3.64884e-05
3.64884e-05
3.64884e-05
3.64884e-05
3.64884e-05
3.64884e-05
3.64884e-05
3.64884e-05
3.64884e-05
3.64884e-05
3.64882e-05
3.64884e-05
3.64884e-05
3.64884e-05
3.64884e-05
3.64884e-05
3.64884e-05
3.64884e-05
3.64884e-05
3.64884e-05
3.64884e-05
3.64884e-05
3.64884e-05
3.64884e-05
3.64884e-05
3.64884e-05
3.64884e-05
3.64884e-05
3.64884e-05
3.64884e-05
3.64882e-05
3.64882e-05
3.64882e-05
3.64882e-05
3.64882e-05
3.64882e-05
3.64882e-05
3.64882e-05
3.64882e-05
3.64882e-05
3.64882e-05
3.64882e-05
3.64882e-05
3.64882e-05
3.64882e-05
3.64882e-05
3.64882e-05
3.64882e-05
3.64882e-05
3.64882e-05
3.64879e-05
3.64884e-05
3.64884e-05
3.64884e-05
3.64884e-05
3.64884e-05
3.64884e-05
3.64884e-05
3.64884e-05
3.64884e-05
3.64884e-05
3.64884e-05
3.64884e-05
3.64884e-05
3.64884e-05
3.64884e-05
3.64884e-05
3.64884e-05
3.64884e-05
3.64884e-05
3.64882e-05
3.64884e-05
3.64884e-05
3.64884e-05
3.64884e-05
3.64884e-05
3.64884e-05
3.64884e-05
3.64884e-05
3.64884e-05
3.64884e-05
3.64884e-05
3.64884e-05
3.64884e-05
3.64884e-05
3.64884e-05
3.64884e-05
3.64884e-05
3.64884e-05
3.64884e-05
3.64882e-05
3.64884e-05
3.64884e-05
3.64884e-05
3.64884e-05
3.64884e-05
3.64884e-05
3.64884e-05
3.64884e-05
3.64884e-05
3.64884e-05
3.64884e-05
3.64884e-05
3.64884e-05
3.64884e-05
3.64884e-05
3.64884e-05
3.64884e-05
3.64884e-05
3.64884e-05
3.64882e-05
3.64884e-05
3.64884e-05
3.64884e-05
3.64884e-05
3.64884e-05
3.64884e-05
3.64884e-05
3.64884e-05
3.64884e-05
3.64884e-05
3.64884e-05
3.64884e-05
3.64884e-05
3.64884e-05
3.64884e-05
3.64884e-05
3.64884e-05
3.64884e-05
3.64884e-05
3.64882e-05
3.64884e-05
3.64884e-05
3.64884e-05
3.64884e-05
3.64884e-05
3.64884e-05
3.64884e-05
3.64884e-05
3.64884e-05
3.64884e-05
3.64884e-05
3.64884e-05
3.64884e-05
3.64884e-05
3.64884e-05
3.64884e-05
3.64884e-05
3.64884e-05
3.64884e-05
3.64882e-05
3.64884e-05
3.64884e-05
3.64884e-05
3.64884e-05
3.64884e-05
3.64884e-05
3.64884e-05
3.64884e-05
3.64884e-05
3.64884e-05
3.64884e-05
3.64884e-05
3.64884e-05
3.64884e-05
3.64884e-05
3.64884e-05
3.64884e-05
3.64884e-05
3.64884e-05
3.64882e-05
3.64884e-05
3.64884e-05
3.64884e-05
3.64884e-05
3.64884e-05
3.64884e-05
3.64884e-05
3.64884e-05
3.64884e-05
3.64884e-05
3.64884e-05
3.64884e-05
3.64884e-05
3.64884e-05
3.64884e-05
3.64884e-05
3.64884e-05
3.64884e-05
3.64884e-05
3.64882e-05
3.64884e-05
3.64884e-05
3.64884e-05
3.64884e-05
3.64884e-05
3.64884e-05
3.64884e-05
3.64884e-05
3.64884e-05
3.64884e-05
3.64884e-05
3.64884e-05
3.64884e-05
3.64884e-05
3.64884e-05
3.64884e-05
3.64884e-05
3.64884e-05
3.64884e-05
3.64882e-05
3.64884e-05
3.64884e-05
3.64884e-05
3.64884e-05
3.64884e-05
3.64884e-05
3.64884e-05
3.64884e-05
3.64884e-05
3.64884e-05
3.64884e-05
3.64884e-05
3.64884e-05
3.64884e-05
3.64884e-05
3.64884e-05
3.64884e-05
3.64884e-05
3.64884e-05
3.64882e-05
3.64884e-05
3.64884e-05
3.64884e-05
3.64884e-05
3.64884e-05
3.64884e-05
3.64884e-05
3.64884e-05
3.64884e-05
3.64884e-05
3.64884e-05
3.64884e-05
3.64884e-05
3.64884e-05
3.64884e-05
3.64884e-05
3.64884e-05
3.64884e-05
3.64884e-05
3.64882e-05
3.64884e-05
3.64884e-05
3.64884e-05
3.64884e-05
3.64884e-05
3.64884e-05
3.64884e-05
3.64884e-05
3.64884e-05
3.64884e-05
3.64884e-05
3.64884e-05
3.64884e-05
3.64884e-05
3.64884e-05
3.64884e-05
3.64884e-05
3.64884e-05
3.64884e-05
3.64882e-05
3.64884e-05
3.64884e-05
3.64884e-05
3.64884e-05
3.64884e-05
3.64884e-05
3.64884e-05
3.64884e-05
3.64884e-05
3.64884e-05
3.64884e-05
3.64884e-05
3.64884e-05
3.64884e-05
3.64884e-05
3.64884e-05
3.64884e-05
3.64884e-05
3.64884e-05
3.64882e-05
3.64884e-05
3.64884e-05
3.64884e-05
3.64884e-05
3.64884e-05
3.64884e-05
3.64884e-05
3.64884e-05
3.64884e-05
3.64884e-05
3.64884e-05
3.64884e-05
3.64884e-05
3.64884e-05
3.64884e-05
3.64884e-05
3.64884e-05
3.64884e-05
3.64884e-05
3.64882e-05
3.64884e-05
3.64884e-05
3.64884e-05
3.64884e-05
3.64884e-05
3.64884e-05
3.64884e-05
3.64884e-05
3.64884e-05
3.64884e-05
3.64884e-05
3.64884e-05
3.64884e-05
3.64884e-05
3.64884e-05
3.64884e-05
3.64884e-05
3.64884e-05
3.64884e-05
3.64882e-05
3.64884e-05
3.64884e-05
3.64884e-05
3.64884e-05
3.64884e-05
3.64884e-05
3.64884e-05
3.64884e-05
3.64884e-05
3.64884e-05
3.64884e-05
3.64884e-05
3.64884e-05
3.64884e-05
3.64884e-05
3.64884e-05
3.64884e-05
3.64884e-05
3.64884e-05
3.64882e-05
3.64884e-05
3.64884e-05
3.64884e-05
3.64884e-05
3.64884e-05
3.64884e-05
3.64884e-05
3.64884e-05
3.64884e-05
3.64884e-05
3.64884e-05
3.64884e-05
3.64884e-05
3.64884e-05
3.64884e-05
3.64884e-05
3.64884e-05
3.64884e-05
3.64884e-05
3.64882e-05
3.64884e-05
3.64884e-05
3.64884e-05
3.64884e-05
3.64884e-05
3.64884e-05
3.64884e-05
3.64884e-05
3.64884e-05
3.64884e-05
3.64884e-05
3.64884e-05
3.64884e-05
3.64884e-05
3.64884e-05
3.64884e-05
3.64884e-05
3.64884e-05
3.64884e-05
3.64882e-05
3.64884e-05
3.64884e-05
3.64884e-05
3.64884e-05
3.64884e-05
3.64884e-05
3.64884e-05
3.64884e-05
3.64884e-05
3.64884e-05
3.64884e-05
3.64884e-05
3.64884e-05
3.64884e-05
3.64884e-05
3.64884e-05
3.64884e-05
3.64884e-05
3.64884e-05
3.64882e-05
3.64884e-05
3.64884e-05
3.64884e-05
3.64884e-05
3.64884e-05
3.64884e-05
3.64884e-05
3.64884e-05
3.64884e-05
3.64884e-05
3.64884e-05
3.64884e-05
3.64884e-05
3.64884e-05
3.64884e-05
3.64884e-05
3.64884e-05
3.64884e-05
3.64884e-05
3.64882e-05
3.64882e-05
3.64882e-05
3.64882e-05
3.64882e-05
3.64882e-05
3.64882e-05
3.64882e-05
3.64882e-05
3.64882e-05
3.64882e-05
3.64882e-05
3.64882e-05
3.64882e-05
3.64882e-05
3.64882e-05
3.64882e-05
3.64882e-05
3.64882e-05
3.64882e-05
3.64879e-05
3.64884e-05
3.64884e-05
3.64884e-05
3.64884e-05
3.64884e-05
3.64884e-05
3.64884e-05
3.64884e-05
3.64884e-05
3.64884e-05
3.64884e-05
3.64884e-05
3.64884e-05
3.64884e-05
3.64884e-05
3.64884e-05
3.64884e-05
3.64884e-05
3.64884e-05
3.64882e-05
3.64884e-05
3.64884e-05
3.64884e-05
3.64884e-05
3.64884e-05
3.64884e-05
3.64884e-05
3.64884e-05
3.64884e-05
3.64884e-05
3.64884e-05
3.64884e-05
3.64884e-05
3.64884e-05
3.64884e-05
3.64884e-05
3.64884e-05
3.64884e-05
3.64884e-05
3.64882e-05
3.64884e-05
3.64884e-05
3.64884e-05
3.64884e-05
3.64884e-05
3.64884e-05
3.64884e-05
3.64884e-05
3.64884e-05
3.64884e-05
3.64884e-05
3.64884e-05
3.64884e-05
3.64884e-05
3.64884e-05
3.64884e-05
3.64884e-05
3.64884e-05
3.64884e-05
3.64882e-05
3.64884e-05
3.64884e-05
3.64884e-05
3.64884e-05
3.64884e-05
3.64884e-05
3.64884e-05
3.64884e-05
3.64884e-05
3.64884e-05
3.64884e-05
3.64884e-05
3.64884e-05
3.64884e-05
3.64884e-05
3.64884e-05
3.64884e-05
3.64884e-05
3.64884e-05
3.64882e-05
3.64884e-05
3.64884e-05
3.64884e-05
3.64884e-05
3.64884e-05
3.64884e-05
3.64884e-05
3.64884e-05
3.64884e-05
3.64884e-05
3.64884e-05
3.64884e-05
3.64884e-05
3.64884e-05
3.64884e-05
3.64884e-05
3.64884e-05
3.64884e-05
3.64884e-05
3.64882e-05
3.64884e-05
3.64884e-05
3.64884e-05
3.64884e-05
3.64884e-05
3.64884e-05
3.64884e-05
3.64884e-05
3.64884e-05
3.64884e-05
3.64884e-05
3.64884e-05
3.64884e-05
3.64884e-05
3.64884e-05
3.64884e-05
3.64884e-05
3.64884e-05
3.64884e-05
3.64882e-05
3.64884e-05
3.64884e-05
3.64884e-05
3.64884e-05
3.64884e-05
3.64884e-05
3.64884e-05
3.64884e-05
3.64884e-05
3.64884e-05
3.64884e-05
3.64884e-05
3.64884e-05
3.64884e-05
3.64884e-05
3.64884e-05
3.64884e-05
3.64884e-05
3.64884e-05
3.64882e-05
3.64884e-05
3.64884e-05
3.64884e-05
3.64884e-05
3.64884e-05
3.64884e-05
3.64884e-05
3.64884e-05
3.64884e-05
3.64884e-05
3.64884e-05
3.64884e-05
3.64884e-05
3.64884e-05
3.64884e-05
3.64884e-05
3.64884e-05
3.64884e-05
3.64884e-05
3.64882e-05
3.64884e-05
3.64884e-05
3.64884e-05
3.64884e-05
3.64884e-05
3.64884e-05
3.64884e-05
3.64884e-05
3.64884e-05
3.64884e-05
3.64884e-05
3.64884e-05
3.64884e-05
3.64884e-05
3.64884e-05
3.64884e-05
3.64884e-05
3.64884e-05
3.64884e-05
3.64882e-05
3.64884e-05
3.64884e-05
3.64884e-05
3.64884e-05
3.64884e-05
3.64884e-05
3.64884e-05
3.64884e-05
3.64884e-05
3.64884e-05
3.64884e-05
3.64884e-05
3.64884e-05
3.64884e-05
3.64884e-05
3.64884e-05
3.64884e-05
3.64884e-05
3.64884e-05
3.64882e-05
3.64884e-05
3.64884e-05
3.64884e-05
3.64884e-05
3.64884e-05
3.64884e-05
3.64884e-05
3.64884e-05
3.64884e-05
3.64884e-05
3.64884e-05
3.64884e-05
3.64884e-05
3.64884e-05
3.64884e-05
3.64884e-05
3.64884e-05
3.64884e-05
3.64884e-05
3.64882e-05
3.64884e-05
3.64884e-05
3.64884e-05
3.64884e-05
3.64884e-05
3.64884e-05
3.64884e-05
3.64884e-05
3.64884e-05
3.64884e-05
3.64884e-05
3.64884e-05
3.64884e-05
3.64884e-05
3.64884e-05
3.64884e-05
3.64884e-05
3.64884e-05
3.64884e-05
3.64882e-05
3.64884e-05
3.64884e-05
3.64884e-05
3.64884e-05
3.64884e-05
3.64884e-05
3.64884e-05
3.64884e-05
3.64884e-05
3.64884e-05
3.64884e-05
3.64884e-05
3.64884e-05
3.64884e-05
3.64884e-05
3.64884e-05
3.64884e-05
3.64884e-05
3.64884e-05
3.64882e-05
3.64884e-05
3.64884e-05
3.64884e-05
3.64884e-05
3.64884e-05
3.64884e-05
3.64884e-05
3.64884e-05
3.64884e-05
3.64884e-05
3.64884e-05
3.64884e-05
3.64884e-05
3.64884e-05
3.64884e-05
3.64884e-05
3.64884e-05
3.64884e-05
3.64884e-05
3.64882e-05
3.64884e-05
3.64884e-05
3.64884e-05
3.64884e-05
3.64884e-05
3.64884e-05
3.64884e-05
3.64884e-05
3.64884e-05
3.64884e-05
3.64884e-05
3.64884e-05
3.64884e-05
3.64884e-05
3.64884e-05
3.64884e-05
3.64884e-05
3.64884e-05
3.64884e-05
3.64882e-05
3.64884e-05
3.64884e-05
3.64884e-05
3.64884e-05
3.64884e-05
3.64884e-05
3.64884e-05
3.64884e-05
3.64884e-05
3.64884e-05
3.64884e-05
3.64884e-05
3.64884e-05
3.64884e-05
3.64884e-05
3.64884e-05
3.64884e-05
3.64884e-05
3.64884e-05
3.64882e-05
3.64884e-05
3.64884e-05
3.64884e-05
3.64884e-05
3.64884e-05
3.64884e-05
3.64884e-05
3.64884e-05
3.64884e-05
3.64884e-05
3.64884e-05
3.64884e-05
3.64884e-05
3.64884e-05
3.64884e-05
3.64884e-05
3.64884e-05
3.64884e-05
3.64884e-05
3.64882e-05
3.64884e-05
3.64884e-05
3.64884e-05
3.64884e-05
3.64884e-05
3.64884e-05
3.64884e-05
3.64884e-05
3.64884e-05
3.64884e-05
3.64884e-05
3.64884e-05
3.64884e-05
3.64884e-05
3.64884e-05
3.64884e-05
3.64884e-05
3.64884e-05
3.64884e-05
3.64882e-05
3.64884e-05
3.64884e-05
3.64884e-05
3.64884e-05
3.64884e-05
3.64884e-05
3.64884e-05
3.64884e-05
3.64884e-05
3.64884e-05
3.64884e-05
3.64884e-05
3.64884e-05
3.64884e-05
3.64884e-05
3.64884e-05
3.64884e-05
3.64884e-05
3.64884e-05
3.64882e-05
3.64882e-05
3.64882e-05
3.64882e-05
3.64882e-05
3.64882e-05
3.64882e-05
3.64882e-05
3.64882e-05
3.64882e-05
3.64882e-05
3.64882e-05
3.64882e-05
3.64882e-05
3.64882e-05
3.64882e-05
3.64882e-05
3.64882e-05
3.64882e-05
3.64882e-05
3.64879e-05
3.64882e-05
3.64882e-05
3.64882e-05
3.64882e-05
3.64882e-05
3.64882e-05
3.64882e-05
3.64882e-05
3.64882e-05
3.64882e-05
3.64882e-05
3.64882e-05
3.64882e-05
3.64882e-05
3.64882e-05
3.64882e-05
3.64882e-05
3.64882e-05
3.64882e-05
3.64882e-05
3.64882e-05
3.64882e-05
3.64882e-05
3.64882e-05
3.64882e-05
3.64882e-05
3.64882e-05
3.64882e-05
3.64882e-05
3.64882e-05
3.64882e-05
3.64882e-05
3.64882e-05
3.64882e-05
3.64882e-05
3.64882e-05
3.64882e-05
3.64882e-05
3.64882e-05
3.64882e-05
3.64882e-05
3.64882e-05
3.64882e-05
3.64882e-05
3.64882e-05
3.64882e-05
3.64882e-05
3.64882e-05
3.64882e-05
3.64882e-05
3.64882e-05
3.64882e-05
3.64882e-05
3.64882e-05
3.64882e-05
3.64882e-05
3.64882e-05
3.64882e-05
3.64882e-05
3.64882e-05
3.64882e-05
3.64882e-05
3.64882e-05
3.64882e-05
3.64882e-05
3.64882e-05
3.64882e-05
3.64882e-05
3.64882e-05
3.64882e-05
3.64882e-05
3.64882e-05
3.64882e-05
3.64882e-05
3.64882e-05
3.64882e-05
3.64882e-05
3.64882e-05
3.64882e-05
3.64882e-05
3.64882e-05
3.64882e-05
3.64882e-05
3.64882e-05
3.64882e-05
3.64882e-05
3.64882e-05
3.64882e-05
3.64882e-05
3.64882e-05
3.64882e-05
3.64882e-05
3.64882e-05
3.64882e-05
3.64882e-05
3.64882e-05
3.64882e-05
3.64882e-05
3.64882e-05
3.64882e-05
3.64882e-05
3.64882e-05
3.64882e-05
3.64882e-05
3.64882e-05
3.64882e-05
3.64882e-05
3.64882e-05
3.64882e-05
3.64882e-05
3.64882e-05
3.64882e-05
3.64882e-05
3.64882e-05
3.64882e-05
3.64882e-05
3.64882e-05
3.64882e-05
3.64882e-05
3.64882e-05
3.64882e-05
3.64882e-05
3.64882e-05
3.64882e-05
3.64882e-05
3.64882e-05
3.64882e-05
3.64882e-05
3.64882e-05
3.64882e-05
3.64882e-05
3.64882e-05
3.64882e-05
3.64882e-05
3.64882e-05
3.64882e-05
3.64882e-05
3.64882e-05
3.64882e-05
3.64882e-05
3.64882e-05
3.64882e-05
3.64882e-05
3.64882e-05
3.64882e-05
3.64882e-05
3.64882e-05
3.64882e-05
3.64882e-05
3.64882e-05
3.64882e-05
3.64882e-05
3.64882e-05
3.64882e-05
3.64882e-05
3.64882e-05
3.64882e-05
3.64882e-05
3.64882e-05
3.64882e-05
3.64882e-05
3.64882e-05
3.64882e-05
3.64882e-05
3.64882e-05
3.64882e-05
3.64882e-05
3.64882e-05
3.64882e-05
3.64882e-05
3.64882e-05
3.64882e-05
3.64882e-05
3.64882e-05
3.64882e-05
3.64882e-05
3.64882e-05
3.64882e-05
3.64882e-05
3.64882e-05
3.64882e-05
3.64882e-05
3.64882e-05
3.64882e-05
3.64882e-05
3.64882e-05
3.64882e-05
3.64882e-05
3.64882e-05
3.64882e-05
3.64882e-05
3.64882e-05
3.64882e-05
3.64882e-05
3.64882e-05
3.64882e-05
3.64882e-05
3.64882e-05
3.64882e-05
3.64882e-05
3.64882e-05
3.64882e-05
3.64882e-05
3.64882e-05
3.64882e-05
3.64882e-05
3.64882e-05
3.64882e-05
3.64882e-05
3.64882e-05
3.64882e-05
3.64882e-05
3.64882e-05
3.64882e-05
3.64882e-05
3.64882e-05
3.64882e-05
3.64882e-05
3.64882e-05
3.64882e-05
3.64882e-05
3.64882e-05
3.64882e-05
3.64882e-05
3.64882e-05
3.64882e-05
3.64882e-05
3.64882e-05
3.64882e-05
3.64882e-05
3.64882e-05
3.64882e-05
3.64882e-05
3.64882e-05
3.64882e-05
3.64882e-05
3.64882e-05
3.64882e-05
3.64882e-05
3.64882e-05
3.64882e-05
3.64882e-05
3.64882e-05
3.64882e-05
3.64882e-05
3.64882e-05
3.64882e-05
3.64882e-05
3.64882e-05
3.64882e-05
3.64882e-05
3.64882e-05
3.64882e-05
3.64882e-05
3.64882e-05
3.64882e-05
3.64882e-05
3.64882e-05
3.64882e-05
3.64882e-05
3.64882e-05
3.64882e-05
3.64882e-05
3.64882e-05
3.64882e-05
3.64882e-05
3.64882e-05
3.64882e-05
3.64882e-05
3.64882e-05
3.64882e-05
3.64882e-05
3.64882e-05
3.64882e-05
3.64882e-05
3.64882e-05
3.64882e-05
3.64882e-05
3.64882e-05
3.64882e-05
3.64882e-05
3.64882e-05
3.64882e-05
3.64882e-05
3.64882e-05
3.64882e-05
3.64882e-05
3.64882e-05
3.64882e-05
3.64882e-05
3.64882e-05
3.64882e-05
3.64882e-05
3.64882e-05
3.64882e-05
3.64882e-05
3.64882e-05
3.64882e-05
3.64882e-05
3.64882e-05
3.64882e-05
3.64882e-05
3.64882e-05
3.64882e-05
3.64882e-05
3.64882e-05
3.64882e-05
3.64882e-05
3.64882e-05
3.64882e-05
3.64882e-05
3.64882e-05
3.64882e-05
3.64882e-05
3.64882e-05
3.64882e-05
3.64882e-05
3.64882e-05
3.64882e-05
3.64882e-05
3.64882e-05
3.64882e-05
3.64882e-05
3.64882e-05
3.64882e-05
3.64882e-05
3.64882e-05
3.64882e-05
3.64882e-05
3.64882e-05
3.64882e-05
3.64882e-05
3.64882e-05
3.64882e-05
3.64882e-05
3.64882e-05
3.64882e-05
3.64882e-05
3.64882e-05
3.64882e-05
3.64882e-05
3.64882e-05
3.64882e-05
3.64882e-05
3.64882e-05
3.64882e-05
3.64882e-05
3.64882e-05
3.64882e-05
3.64882e-05
3.64882e-05
3.64882e-05
3.64882e-05
3.64882e-05
3.64882e-05
3.64882e-05
3.64882e-05
3.64882e-05
3.64882e-05
3.64882e-05
3.64882e-05
3.64882e-05
3.64882e-05
3.64882e-05
3.64882e-05
3.64882e-05
3.64882e-05
3.64882e-05
3.64882e-05
3.64882e-05
3.64882e-05
3.64882e-05
3.64882e-05
3.64882e-05
3.64882e-05
3.64882e-05
3.64882e-05
3.64882e-05
3.64882e-05
3.64882e-05
3.64879e-05
3.64879e-05
3.64879e-05
3.64879e-05
3.64879e-05
3.64879e-05
3.64879e-05
3.64879e-05
3.64879e-05
3.64879e-05
3.64879e-05
3.64879e-05
3.64879e-05
3.64879e-05
3.64879e-05
3.64879e-05
3.64879e-05
3.64879e-05
3.64879e-05
3.64879e-05
3.64879e-05
3.64879e-05
3.64879e-05
3.64879e-05
3.64879e-05
3.64879e-05
3.64879e-05
3.64879e-05
3.64879e-05
3.64879e-05
3.64879e-05
3.64879e-05
3.64879e-05
3.64879e-05
3.64879e-05
3.64879e-05
3.64879e-05
3.64879e-05
3.64879e-05
3.64879e-05
3.64879e-05
3.64879e-05
3.64879e-05
3.64879e-05
3.64879e-05
3.64879e-05
3.64879e-05
3.64879e-05
3.64879e-05
3.64879e-05
3.64879e-05
3.64879e-05
3.64879e-05
3.64879e-05
3.64879e-05
3.64879e-05
3.64879e-05
3.64879e-05
3.64879e-05
3.64879e-05
3.64879e-05
3.64879e-05
3.64879e-05
3.64879e-05
3.64879e-05
3.64879e-05
3.64879e-05
3.64879e-05
3.64879e-05
3.64879e-05
3.64879e-05
3.64879e-05
3.64879e-05
3.64879e-05
3.64879e-05
3.64879e-05
3.64879e-05
3.64879e-05
3.64879e-05
3.64879e-05
3.64879e-05
3.64879e-05
3.64879e-05
3.64879e-05
3.64879e-05
3.64879e-05
3.64879e-05
3.64879e-05
3.64879e-05
3.64879e-05
3.64879e-05
3.64879e-05
3.64879e-05
3.64879e-05
3.64879e-05
3.64879e-05
3.64879e-05
3.64879e-05
3.64879e-05
3.64879e-05
3.64879e-05
3.64879e-05
3.64879e-05
3.64879e-05
3.64879e-05
3.64879e-05
3.64879e-05
3.64879e-05
3.64879e-05
3.64879e-05
3.64879e-05
3.64879e-05
3.64879e-05
3.64879e-05
3.64879e-05
3.64879e-05
3.64879e-05
3.64879e-05
3.64879e-05
3.64879e-05
3.64879e-05
3.64879e-05
3.64879e-05
3.64879e-05
3.64879e-05
3.64879e-05
3.64879e-05
3.64879e-05
3.64879e-05
3.64879e-05
3.64879e-05
3.64879e-05
3.64879e-05
3.64879e-05
3.64879e-05
3.64879e-05
3.64879e-05
3.64879e-05
3.64879e-05
3.64879e-05
3.64879e-05
3.64879e-05
3.64879e-05
3.64879e-05
3.64879e-05
3.64879e-05
3.64879e-05
3.64879e-05
3.64879e-05
3.64879e-05
3.64879e-05
3.64879e-05
3.64879e-05
3.64879e-05
3.64879e-05
3.64879e-05
3.64879e-05
3.64879e-05
3.64879e-05
3.64879e-05
3.64879e-05
3.64879e-05
3.64879e-05
3.64879e-05
3.64879e-05
3.64879e-05
3.64879e-05
3.64879e-05
3.64879e-05
3.64879e-05
3.64879e-05
3.64879e-05
3.64879e-05
3.64879e-05
3.64879e-05
3.64879e-05
3.64879e-05
3.64879e-05
3.64879e-05
3.64879e-05
3.64879e-05
3.64879e-05
3.64879e-05
3.64879e-05
3.64879e-05
3.64879e-05
3.64879e-05
3.64879e-05
3.64879e-05
3.64879e-05
3.64879e-05
3.64879e-05
3.64879e-05
3.64879e-05
3.64879e-05
3.64879e-05
3.64879e-05
3.64879e-05
3.64879e-05
3.64879e-05
3.64879e-05
3.64879e-05
3.64879e-05
3.64879e-05
3.64879e-05
3.64879e-05
3.64879e-05
3.64879e-05
3.64879e-05
3.64879e-05
3.64879e-05
3.64879e-05
3.64879e-05
3.64879e-05
3.64879e-05
3.64879e-05
3.64879e-05
3.64879e-05
3.64879e-05
3.64879e-05
3.64879e-05
3.64879e-05
3.64879e-05
3.64879e-05
3.64879e-05
3.64879e-05
3.64879e-05
3.64879e-05
3.64879e-05
3.64879e-05
3.64879e-05
3.64879e-05
3.64879e-05
3.64879e-05
3.64879e-05
3.64879e-05
3.64879e-05
3.64879e-05
3.64879e-05
3.64879e-05
3.64879e-05
3.64879e-05
3.64879e-05
3.64879e-05
3.64879e-05
3.64879e-05
3.64879e-05
3.64879e-05
3.64879e-05
3.64879e-05
3.64879e-05
3.64879e-05
3.64879e-05
3.64879e-05
3.64879e-05
3.64879e-05
3.64879e-05
3.64879e-05
3.64879e-05
3.64879e-05
3.64879e-05
3.64879e-05
3.64879e-05
3.64879e-05
3.64879e-05
3.64879e-05
3.64879e-05
3.64879e-05
3.64879e-05
3.64879e-05
3.64879e-05
3.64879e-05
3.64879e-05
3.64879e-05
3.64879e-05
3.64879e-05
3.64879e-05
3.64879e-05
3.64879e-05
3.64879e-05
3.64879e-05
3.64879e-05
3.64879e-05
3.64879e-05
3.64879e-05
3.64879e-05
3.64879e-05
3.64879e-05
3.64879e-05
3.64879e-05
3.64879e-05
3.64879e-05
3.64879e-05
3.64879e-05
3.64879e-05
3.64879e-05
3.64879e-05
3.64879e-05
3.64879e-05
3.64879e-05
3.64879e-05
3.64879e-05
3.64879e-05
3.64879e-05
3.64879e-05
3.64879e-05
3.64879e-05
3.64879e-05
3.64879e-05
3.64879e-05
3.64879e-05
3.64879e-05
3.64879e-05
3.64879e-05
3.64879e-05
3.64879e-05
3.64879e-05
3.64879e-05
3.64879e-05
3.64879e-05
3.64879e-05
3.64879e-05
3.64879e-05
3.64879e-05
3.64879e-05
3.64879e-05
3.64879e-05
3.64879e-05
3.64879e-05
3.64879e-05
3.64879e-05
3.64879e-05
3.64879e-05
3.64879e-05
3.64879e-05
3.64879e-05
3.64879e-05
3.64879e-05
3.64879e-05
3.64879e-05
3.64879e-05
3.64879e-05
3.64879e-05
3.64879e-05
3.64879e-05
3.64879e-05
3.64879e-05
3.64879e-05
3.64879e-05
3.64879e-05
3.64879e-05
3.64879e-05
3.64879e-05
3.64879e-05
3.64879e-05
3.64879e-05
3.64879e-05
3.64879e-05
3.64879e-05
3.64879e-05
3.64879e-05
3.64879e-05
3.64879e-05
3.64879e-05
3.64879e-05
3.64879e-05
3.64879e-05
3.64879e-05
3.64879e-05
3.64879e-05
3.64879e-05
3.64879e-05
3.64879e-05
3.64879e-05
3.64879e-05
3.64879e-05
3.64879e-05
3.64879e-05
3.64879e-05
3.64879e-05
3.64879e-05
3.64879e-05
3.64879e-05
3.64879e-05
3.64879e-05
3.64879e-05
3.64879e-05
3.64879e-05
3.64879e-05
3.64879e-05
3.64879e-05
3.64879e-05
3.64879e-05
3.64879e-05
3.64879e-05
3.64879e-05
3.64879e-05
3.64879e-05
3.64879e-05
3.64879e-05
3.64879e-05
3.64879e-05
3.64879e-05
3.64879e-05
3.64879e-05
3.64879e-05
3.64879e-05
3.64879e-05
3.64879e-05
3.64879e-05
3.64879e-05
3.64879e-05
3.64879e-05
3.64879e-05
3.64879e-05
3.64879e-05
3.64879e-05
3.64879e-05
3.64879e-05
3.64879e-05
3.64882e-05
3.64882e-05
3.64882e-05
3.64882e-05
3.64882e-05
3.64882e-05
3.64882e-05
3.64882e-05
3.64882e-05
3.64882e-05
3.64882e-05
3.64882e-05
3.64882e-05
3.64882e-05
3.64882e-05
3.64882e-05
3.64882e-05
3.64882e-05
3.64882e-05
3.64879e-05
3.64882e-05
3.64882e-05
3.64882e-05
3.64882e-05
3.64882e-05
3.64882e-05
3.64882e-05
3.64882e-05
3.64882e-05
3.64882e-05
3.64882e-05
3.64882e-05
3.64882e-05
3.64882e-05
3.64882e-05
3.64882e-05
3.64882e-05
3.64882e-05
3.64882e-05
3.64879e-05
3.64882e-05
3.64882e-05
3.64882e-05
3.64882e-05
3.64882e-05
3.64882e-05
3.64882e-05
3.64882e-05
3.64882e-05
3.64882e-05
3.64882e-05
3.64882e-05
3.64882e-05
3.64882e-05
3.64882e-05
3.64882e-05
3.64882e-05
3.64882e-05
3.64882e-05
3.64879e-05
3.64882e-05
3.64882e-05
3.64882e-05
3.64882e-05
3.64882e-05
3.64882e-05
3.64882e-05
3.64882e-05
3.64882e-05
3.64882e-05
3.64882e-05
3.64882e-05
3.64882e-05
3.64882e-05
3.64882e-05
3.64882e-05
3.64882e-05
3.64882e-05
3.64882e-05
3.64879e-05
3.64882e-05
3.64882e-05
3.64882e-05
3.64882e-05
3.64882e-05
3.64882e-05
3.64882e-05
3.64882e-05
3.64882e-05
3.64882e-05
3.64882e-05
3.64882e-05
3.64882e-05
3.64882e-05
3.64882e-05
3.64882e-05
3.64882e-05
3.64882e-05
3.64882e-05
3.64879e-05
3.64882e-05
3.64882e-05
3.64882e-05
3.64882e-05
3.64882e-05
3.64882e-05
3.64882e-05
3.64882e-05
3.64882e-05
3.64882e-05
3.64882e-05
3.64882e-05
3.64882e-05
3.64882e-05
3.64882e-05
3.64882e-05
3.64882e-05
3.64882e-05
3.64882e-05
3.64879e-05
3.64882e-05
3.64882e-05
3.64882e-05
3.64882e-05
3.64882e-05
3.64882e-05
3.64882e-05
3.64882e-05
3.64882e-05
3.64882e-05
3.64882e-05
3.64882e-05
3.64882e-05
3.64882e-05
3.64882e-05
3.64882e-05
3.64882e-05
3.64882e-05
3.64882e-05
3.64879e-05
3.64882e-05
3.64882e-05
3.64882e-05
3.64882e-05
3.64882e-05
3.64882e-05
3.64882e-05
3.64882e-05
3.64882e-05
3.64882e-05
3.64882e-05
3.64882e-05
3.64882e-05
3.64882e-05
3.64882e-05
3.64882e-05
3.64882e-05
3.64882e-05
3.64882e-05
3.64879e-05
3.64882e-05
3.64882e-05
3.64882e-05
3.64882e-05
3.64882e-05
3.64882e-05
3.64882e-05
3.64882e-05
3.64882e-05
3.64882e-05
3.64882e-05
3.64882e-05
3.64882e-05
3.64882e-05
3.64882e-05
3.64882e-05
3.64882e-05
3.64882e-05
3.64882e-05
3.64879e-05
3.64882e-05
3.64882e-05
3.64882e-05
3.64882e-05
3.64882e-05
3.64882e-05
3.64882e-05
3.64882e-05
3.64882e-05
3.64882e-05
3.64882e-05
3.64882e-05
3.64882e-05
3.64882e-05
3.64882e-05
3.64882e-05
3.64882e-05
3.64882e-05
3.64882e-05
3.64879e-05
3.64882e-05
3.64882e-05
3.64882e-05
3.64882e-05
3.64882e-05
3.64882e-05
3.64882e-05
3.64882e-05
3.64882e-05
3.64882e-05
3.64882e-05
3.64882e-05
3.64882e-05
3.64882e-05
3.64882e-05
3.64882e-05
3.64882e-05
3.64882e-05
3.64882e-05
3.64879e-05
3.64882e-05
3.64882e-05
3.64882e-05
3.64882e-05
3.64882e-05
3.64882e-05
3.64882e-05
3.64882e-05
3.64882e-05
3.64882e-05
3.64882e-05
3.64882e-05
3.64882e-05
3.64882e-05
3.64882e-05
3.64882e-05
3.64882e-05
3.64882e-05
3.64882e-05
3.64879e-05
3.64882e-05
3.64882e-05
3.64882e-05
3.64882e-05
3.64882e-05
3.64882e-05
3.64882e-05
3.64882e-05
3.64882e-05
3.64882e-05
3.64882e-05
3.64882e-05
3.64882e-05
3.64882e-05
3.64882e-05
3.64882e-05
3.64882e-05
3.64882e-05
3.64882e-05
3.64879e-05
3.64882e-05
3.64882e-05
3.64882e-05
3.64882e-05
3.64882e-05
3.64882e-05
3.64882e-05
3.64882e-05
3.64882e-05
3.64882e-05
3.64882e-05
3.64882e-05
3.64882e-05
3.64882e-05
3.64882e-05
3.64882e-05
3.64882e-05
3.64882e-05
3.64882e-05
3.64879e-05
3.64882e-05
3.64882e-05
3.64882e-05
3.64882e-05
3.64882e-05
3.64882e-05
3.64882e-05
3.64882e-05
3.64882e-05
3.64882e-05
3.64882e-05
3.64882e-05
3.64882e-05
3.64882e-05
3.64882e-05
3.64882e-05
3.64882e-05
3.64882e-05
3.64882e-05
3.64879e-05
3.64882e-05
3.64882e-05
3.64882e-05
3.64882e-05
3.64882e-05
3.64882e-05
3.64882e-05
3.64882e-05
3.64882e-05
3.64882e-05
3.64882e-05
3.64882e-05
3.64882e-05
3.64882e-05
3.64882e-05
3.64882e-05
3.64882e-05
3.64882e-05
3.64882e-05
3.64879e-05
3.64882e-05
3.64882e-05
3.64882e-05
3.64882e-05
3.64882e-05
3.64882e-05
3.64882e-05
3.64882e-05
3.64882e-05
3.64882e-05
3.64882e-05
3.64882e-05
3.64882e-05
3.64882e-05
3.64882e-05
3.64882e-05
3.64882e-05
3.64882e-05
3.64882e-05
3.64879e-05
3.64882e-05
3.64882e-05
3.64882e-05
3.64882e-05
3.64882e-05
3.64882e-05
3.64882e-05
3.64882e-05
3.64882e-05
3.64882e-05
3.64882e-05
3.64882e-05
3.64882e-05
3.64882e-05
3.64882e-05
3.64882e-05
3.64882e-05
3.64882e-05
3.64882e-05
3.64879e-05
3.64882e-05
3.64882e-05
3.64882e-05
3.64882e-05
3.64882e-05
3.64882e-05
3.64882e-05
3.64882e-05
3.64882e-05
3.64882e-05
3.64882e-05
3.64882e-05
3.64882e-05
3.64882e-05
3.64882e-05
3.64882e-05
3.64882e-05
3.64882e-05
3.64882e-05
3.64879e-05
3.64882e-05
3.64882e-05
3.64882e-05
3.64882e-05
3.64882e-05
3.64882e-05
3.64882e-05
3.64882e-05
3.64882e-05
3.64882e-05
3.64882e-05
3.64882e-05
3.64882e-05
3.64882e-05
3.64882e-05
3.64882e-05
3.64882e-05
3.64882e-05
3.64882e-05
3.64879e-05
3.64882e-05
3.64882e-05
3.64882e-05
3.64882e-05
3.64882e-05
3.64882e-05
3.64882e-05
3.64882e-05
3.64882e-05
3.64882e-05
3.64882e-05
3.64882e-05
3.64882e-05
3.64882e-05
3.64882e-05
3.64882e-05
3.64882e-05
3.64882e-05
3.64882e-05
3.64879e-05
3.64882e-05
3.64882e-05
3.64882e-05
3.64882e-05
3.64882e-05
3.64882e-05
3.64882e-05
3.64882e-05
3.64882e-05
3.64882e-05
3.64882e-05
3.64882e-05
3.64882e-05
3.64882e-05
3.64882e-05
3.64882e-05
3.64882e-05
3.64882e-05
3.64882e-05
3.64879e-05
3.64882e-05
3.64882e-05
3.64882e-05
3.64882e-05
3.64882e-05
3.64882e-05
3.64882e-05
3.64882e-05
3.64882e-05
3.64882e-05
3.64882e-05
3.64882e-05
3.64882e-05
3.64882e-05
3.64882e-05
3.64882e-05
3.64882e-05
3.64882e-05
3.64882e-05
3.64879e-05
3.64882e-05
3.64882e-05
3.64882e-05
3.64882e-05
3.64882e-05
3.64882e-05
3.64882e-05
3.64882e-05
3.64882e-05
3.64882e-05
3.64882e-05
3.64882e-05
3.64882e-05
3.64882e-05
3.64882e-05
3.64882e-05
3.64882e-05
3.64882e-05
3.64882e-05
3.64879e-05
3.64882e-05
3.64882e-05
3.64882e-05
3.64882e-05
3.64882e-05
3.64882e-05
3.64882e-05
3.64882e-05
3.64882e-05
3.64882e-05
3.64882e-05
3.64882e-05
3.64882e-05
3.64882e-05
3.64882e-05
3.64882e-05
3.64882e-05
3.64882e-05
3.64882e-05
3.64879e-05
3.64882e-05
3.64882e-05
3.64882e-05
3.64882e-05
3.64882e-05
3.64882e-05
3.64882e-05
3.64882e-05
3.64882e-05
3.64882e-05
3.64882e-05
3.64882e-05
3.64882e-05
3.64882e-05
3.64882e-05
3.64882e-05
3.64882e-05
3.64882e-05
3.64882e-05
3.64879e-05
3.64882e-05
3.64882e-05
3.64882e-05
3.64882e-05
3.64882e-05
3.64882e-05
3.64882e-05
3.64882e-05
3.64882e-05
3.64882e-05
3.64882e-05
3.64882e-05
3.64882e-05
3.64882e-05
3.64882e-05
3.64882e-05
3.64882e-05
3.64882e-05
3.64882e-05
3.64879e-05
3.64882e-05
3.64882e-05
3.64882e-05
3.64882e-05
3.64882e-05
3.64882e-05
3.64882e-05
3.64882e-05
3.64882e-05
3.64882e-05
3.64882e-05
3.64882e-05
3.64882e-05
3.64882e-05
3.64882e-05
3.64882e-05
3.64882e-05
3.64882e-05
3.64882e-05
3.64879e-05
3.64882e-05
3.64882e-05
3.64882e-05
3.64882e-05
3.64882e-05
3.64882e-05
3.64882e-05
3.64882e-05
3.64882e-05
3.64882e-05
3.64882e-05
3.64882e-05
3.64882e-05
3.64882e-05
3.64882e-05
3.64882e-05
3.64882e-05
3.64882e-05
3.64882e-05
3.64879e-05
3.64882e-05
3.64882e-05
3.64882e-05
3.64882e-05
3.64882e-05
3.64882e-05
3.64882e-05
3.64882e-05
3.64882e-05
3.64882e-05
3.64882e-05
3.64882e-05
3.64882e-05
3.64882e-05
3.64882e-05
3.64882e-05
3.64882e-05
3.64882e-05
3.64882e-05
3.64879e-05
3.64882e-05
3.64882e-05
3.64882e-05
3.64882e-05
3.64882e-05
3.64882e-05
3.64882e-05
3.64882e-05
3.64882e-05
3.64882e-05
3.64882e-05
3.64882e-05
3.64882e-05
3.64882e-05
3.64882e-05
3.64882e-05
3.64882e-05
3.64882e-05
3.64882e-05
3.64879e-05
3.64882e-05
3.64882e-05
3.64882e-05
3.64882e-05
3.64882e-05
3.64882e-05
3.64882e-05
3.64882e-05
3.64882e-05
3.64882e-05
3.64882e-05
3.64882e-05
3.64882e-05
3.64882e-05
3.64882e-05
3.64882e-05
3.64882e-05
3.64882e-05
3.64882e-05
3.64879e-05
3.64882e-05
3.64882e-05
3.64882e-05
3.64882e-05
3.64882e-05
3.64882e-05
3.64882e-05
3.64882e-05
3.64882e-05
3.64882e-05
3.64882e-05
3.64882e-05
3.64882e-05
3.64882e-05
3.64882e-05
3.64882e-05
3.64882e-05
3.64882e-05
3.64882e-05
3.64879e-05
3.64882e-05
3.64882e-05
3.64882e-05
3.64882e-05
3.64882e-05
3.64882e-05
3.64882e-05
3.64882e-05
3.64882e-05
3.64882e-05
3.64882e-05
3.64882e-05
3.64882e-05
3.64882e-05
3.64882e-05
3.64882e-05
3.64882e-05
3.64882e-05
3.64882e-05
3.64879e-05
3.64882e-05
3.64882e-05
3.64882e-05
3.64882e-05
3.64882e-05
3.64882e-05
3.64882e-05
3.64882e-05
3.64882e-05
3.64882e-05
3.64882e-05
3.64882e-05
3.64882e-05
3.64882e-05
3.64882e-05
3.64882e-05
3.64882e-05
3.64882e-05
3.64882e-05
3.64879e-05
3.64882e-05
3.64882e-05
3.64882e-05
3.64882e-05
3.64882e-05
3.64882e-05
3.64882e-05
3.64882e-05
3.64882e-05
3.64882e-05
3.64882e-05
3.64882e-05
3.64882e-05
3.64882e-05
3.64882e-05
3.64882e-05
3.64882e-05
3.64882e-05
3.64882e-05
3.64879e-05
3.64882e-05
3.64882e-05
3.64882e-05
3.64882e-05
3.64882e-05
3.64882e-05
3.64882e-05
3.64882e-05
3.64882e-05
3.64882e-05
3.64882e-05
3.64882e-05
3.64882e-05
3.64882e-05
3.64882e-05
3.64882e-05
3.64882e-05
3.64882e-05
3.64882e-05
3.64879e-05
3.64882e-05
3.64882e-05
3.64882e-05
3.64882e-05
3.64882e-05
3.64882e-05
3.64882e-05
3.64882e-05
3.64882e-05
3.64882e-05
3.64882e-05
3.64882e-05
3.64882e-05
3.64882e-05
3.64882e-05
3.64882e-05
3.64882e-05
3.64882e-05
3.64882e-05
3.64879e-05
3.64882e-05
3.64882e-05
3.64882e-05
3.64882e-05
3.64882e-05
3.64882e-05
3.64882e-05
3.64882e-05
3.64882e-05
3.64882e-05
3.64882e-05
3.64882e-05
3.64882e-05
3.64882e-05
3.64882e-05
3.64882e-05
3.64882e-05
3.64882e-05
3.64882e-05
3.64879e-05
3.64882e-05
3.64882e-05
3.64882e-05
3.64882e-05
3.64882e-05
3.64882e-05
3.64882e-05
3.64882e-05
3.64882e-05
3.64882e-05
3.64882e-05
3.64882e-05
3.64882e-05
3.64882e-05
3.64882e-05
3.64882e-05
3.64882e-05
3.64882e-05
3.64882e-05
3.64879e-05
3.64882e-05
3.64882e-05
3.64882e-05
3.64882e-05
3.64882e-05
3.64882e-05
3.64882e-05
3.64882e-05
3.64882e-05
3.64882e-05
3.64882e-05
3.64882e-05
3.64882e-05
3.64882e-05
3.64882e-05
3.64882e-05
3.64882e-05
3.64882e-05
3.64882e-05
3.64879e-05
3.64882e-05
3.64882e-05
3.64882e-05
3.64882e-05
3.64882e-05
3.64882e-05
3.64882e-05
3.64882e-05
3.64882e-05
3.64882e-05
3.64882e-05
3.64882e-05
3.64882e-05
3.64882e-05
3.64882e-05
3.64882e-05
3.64882e-05
3.64882e-05
3.64882e-05
3.64879e-05
3.64882e-05
3.64882e-05
3.64882e-05
3.64882e-05
3.64882e-05
3.64882e-05
3.64882e-05
3.64882e-05
3.64882e-05
3.64882e-05
3.64882e-05
3.64882e-05
3.64882e-05
3.64882e-05
3.64882e-05
3.64882e-05
3.64882e-05
3.64882e-05
3.64882e-05
3.64879e-05
3.64882e-05
3.64882e-05
3.64882e-05
3.64882e-05
3.64882e-05
3.64882e-05
3.64882e-05
3.64882e-05
3.64882e-05
3.64882e-05
3.64882e-05
3.64882e-05
3.64882e-05
3.64882e-05
3.64882e-05
3.64882e-05
3.64882e-05
3.64882e-05
3.64882e-05
3.64879e-05
3.64882e-05
3.64882e-05
3.64882e-05
3.64882e-05
3.64882e-05
3.64882e-05
3.64882e-05
3.64882e-05
3.64882e-05
3.64882e-05
3.64882e-05
3.64882e-05
3.64882e-05
3.64882e-05
3.64882e-05
3.64882e-05
3.64882e-05
3.64882e-05
3.64882e-05
3.64879e-05
3.64882e-05
3.64882e-05
3.64882e-05
3.64882e-05
3.64882e-05
3.64882e-05
3.64882e-05
3.64882e-05
3.64882e-05
3.64882e-05
3.64882e-05
3.64882e-05
3.64882e-05
3.64882e-05
3.64882e-05
3.64882e-05
3.64882e-05
3.64882e-05
3.64882e-05
3.64879e-05
3.64882e-05
3.64882e-05
3.64882e-05
3.64882e-05
3.64882e-05
3.64882e-05
3.64882e-05
3.64882e-05
3.64882e-05
3.64882e-05
3.64882e-05
3.64882e-05
3.64882e-05
3.64882e-05
3.64882e-05
3.64882e-05
3.64882e-05
3.64882e-05
3.64882e-05
3.64879e-05
3.64882e-05
3.64882e-05
3.64882e-05
3.64882e-05
3.64882e-05
3.64882e-05
3.64882e-05
3.64882e-05
3.64882e-05
3.64882e-05
3.64882e-05
3.64882e-05
3.64882e-05
3.64882e-05
3.64882e-05
3.64882e-05
3.64882e-05
3.64882e-05
3.64882e-05
3.64879e-05
3.64882e-05
3.64882e-05
3.64882e-05
3.64882e-05
3.64882e-05
3.64882e-05
3.64882e-05
3.64882e-05
3.64882e-05
3.64882e-05
3.64882e-05
3.64882e-05
3.64882e-05
3.64882e-05
3.64882e-05
3.64882e-05
3.64882e-05
3.64882e-05
3.64882e-05
3.64879e-05
3.64882e-05
3.64882e-05
3.64882e-05
3.64882e-05
3.64882e-05
3.64882e-05
3.64882e-05
3.64882e-05
3.64882e-05
3.64882e-05
3.64882e-05
3.64882e-05
3.64882e-05
3.64882e-05
3.64882e-05
3.64882e-05
3.64882e-05
3.64882e-05
3.64882e-05
3.64879e-05
3.64882e-05
3.64882e-05
3.64882e-05
3.64882e-05
3.64882e-05
3.64882e-05
3.64882e-05
3.64882e-05
3.64882e-05
3.64882e-05
3.64882e-05
3.64882e-05
3.64882e-05
3.64882e-05
3.64882e-05
3.64882e-05
3.64882e-05
3.64882e-05
3.64882e-05
3.64879e-05
3.64882e-05
3.64882e-05
3.64882e-05
3.64882e-05
3.64882e-05
3.64882e-05
3.64882e-05
3.64882e-05
3.64882e-05
3.64882e-05
3.64882e-05
3.64882e-05
3.64882e-05
3.64882e-05
3.64882e-05
3.64882e-05
3.64882e-05
3.64882e-05
3.64882e-05
3.64879e-05
3.64882e-05
3.64882e-05
3.64882e-05
3.64882e-05
3.64882e-05
3.64882e-05
3.64882e-05
3.64882e-05
3.64882e-05
3.64882e-05
3.64882e-05
3.64882e-05
3.64882e-05
3.64882e-05
3.64882e-05
3.64882e-05
3.64882e-05
3.64882e-05
3.64882e-05
3.64879e-05
3.64882e-05
3.64882e-05
3.64882e-05
3.64882e-05
3.64882e-05
3.64882e-05
3.64882e-05
3.64882e-05
3.64882e-05
3.64882e-05
3.64882e-05
3.64882e-05
3.64882e-05
3.64882e-05
3.64882e-05
3.64882e-05
3.64882e-05
3.64882e-05
3.64882e-05
3.64879e-05
3.64882e-05
3.64882e-05
3.64882e-05
3.64882e-05
3.64882e-05
3.64882e-05
3.64882e-05
3.64882e-05
3.64882e-05
3.64882e-05
3.64882e-05
3.64882e-05
3.64882e-05
3.64882e-05
3.64882e-05
3.64882e-05
3.64882e-05
3.64882e-05
3.64882e-05
3.64879e-05
3.64882e-05
3.64882e-05
3.64882e-05
3.64882e-05
3.64882e-05
3.64882e-05
3.64882e-05
3.64882e-05
3.64882e-05
3.64882e-05
3.64882e-05
3.64882e-05
3.64882e-05
3.64882e-05
3.64882e-05
3.64882e-05
3.64882e-05
3.64882e-05
3.64882e-05
3.64879e-05
3.64882e-05
3.64882e-05
3.64882e-05
3.64882e-05
3.64882e-05
3.64882e-05
3.64882e-05
3.64882e-05
3.64882e-05
3.64882e-05
3.64882e-05
3.64882e-05
3.64882e-05
3.64882e-05
3.64882e-05
3.64882e-05
3.64882e-05
3.64882e-05
3.64882e-05
3.64879e-05
3.64882e-05
3.64882e-05
3.64882e-05
3.64882e-05
3.64882e-05
3.64882e-05
3.64882e-05
3.64882e-05
3.64882e-05
3.64882e-05
3.64882e-05
3.64882e-05
3.64882e-05
3.64882e-05
3.64882e-05
3.64882e-05
3.64882e-05
3.64882e-05
3.64882e-05
3.64879e-05
3.64882e-05
3.64882e-05
3.64882e-05
3.64882e-05
3.64882e-05
3.64882e-05
3.64882e-05
3.64882e-05
3.64882e-05
3.64882e-05
3.64882e-05
3.64882e-05
3.64882e-05
3.64882e-05
3.64882e-05
3.64882e-05
3.64882e-05
3.64882e-05
3.64882e-05
3.64879e-05
3.64882e-05
3.64882e-05
3.64882e-05
3.64882e-05
3.64882e-05
3.64882e-05
3.64882e-05
3.64882e-05
3.64882e-05
3.64882e-05
3.64882e-05
3.64882e-05
3.64882e-05
3.64882e-05
3.64882e-05
3.64882e-05
3.64882e-05
3.64882e-05
3.64882e-05
3.64879e-05
3.64882e-05
3.64882e-05
3.64882e-05
3.64882e-05
3.64882e-05
3.64882e-05
3.64882e-05
3.64882e-05
3.64882e-05
3.64882e-05
3.64882e-05
3.64882e-05
3.64882e-05
3.64882e-05
3.64882e-05
3.64882e-05
3.64882e-05
3.64882e-05
3.64882e-05
3.64879e-05
3.64882e-05
3.64882e-05
3.64882e-05
3.64882e-05
3.64882e-05
3.64882e-05
3.64882e-05
3.64882e-05
3.64882e-05
3.64882e-05
3.64882e-05
3.64882e-05
3.64882e-05
3.64882e-05
3.64882e-05
3.64882e-05
3.64882e-05
3.64882e-05
3.64882e-05
3.64879e-05
3.64882e-05
3.64882e-05
3.64882e-05
3.64882e-05
3.64882e-05
3.64882e-05
3.64882e-05
3.64882e-05
3.64882e-05
3.64882e-05
3.64882e-05
3.64882e-05
3.64882e-05
3.64882e-05
3.64882e-05
3.64882e-05
3.64882e-05
3.64882e-05
3.64882e-05
3.64879e-05
3.64882e-05
3.64882e-05
3.64882e-05
3.64882e-05
3.64882e-05
3.64882e-05
3.64882e-05
3.64882e-05
3.64882e-05
3.64882e-05
3.64882e-05
3.64882e-05
3.64882e-05
3.64882e-05
3.64882e-05
3.64882e-05
3.64882e-05
3.64882e-05
3.64882e-05
3.64879e-05
3.64882e-05
3.64882e-05
3.64882e-05
3.64882e-05
3.64882e-05
3.64882e-05
3.64882e-05
3.64882e-05
3.64882e-05
3.64882e-05
3.64882e-05
3.64882e-05
3.64882e-05
3.64882e-05
3.64882e-05
3.64882e-05
3.64882e-05
3.64882e-05
3.64882e-05
3.64879e-05
3.64882e-05
3.64882e-05
3.64882e-05
3.64882e-05
3.64882e-05
3.64882e-05
3.64882e-05
3.64882e-05
3.64882e-05
3.64882e-05
3.64882e-05
3.64882e-05
3.64882e-05
3.64882e-05
3.64882e-05
3.64882e-05
3.64882e-05
3.64882e-05
3.64882e-05
3.64879e-05
3.64882e-05
3.64882e-05
3.64882e-05
3.64882e-05
3.64882e-05
3.64882e-05
3.64882e-05
3.64882e-05
3.64882e-05
3.64882e-05
3.64882e-05
3.64882e-05
3.64882e-05
3.64882e-05
3.64882e-05
3.64882e-05
3.64882e-05
3.64882e-05
3.64882e-05
3.64879e-05
3.64882e-05
3.64882e-05
3.64882e-05
3.64882e-05
3.64882e-05
3.64882e-05
3.64882e-05
3.64882e-05
3.64882e-05
3.64882e-05
3.64882e-05
3.64882e-05
3.64882e-05
3.64882e-05
3.64882e-05
3.64882e-05
3.64882e-05
3.64882e-05
3.64882e-05
3.64879e-05
3.64882e-05
3.64882e-05
3.64882e-05
3.64882e-05
3.64882e-05
3.64882e-05
3.64882e-05
3.64882e-05
3.64882e-05
3.64882e-05
3.64882e-05
3.64882e-05
3.64882e-05
3.64882e-05
3.64882e-05
3.64882e-05
3.64882e-05
3.64882e-05
3.64882e-05
3.64879e-05
3.64882e-05
3.64882e-05
3.64882e-05
3.64882e-05
3.64882e-05
3.64882e-05
3.64882e-05
3.64882e-05
3.64882e-05
3.64882e-05
3.64882e-05
3.64882e-05
3.64882e-05
3.64882e-05
3.64882e-05
3.64882e-05
3.64882e-05
3.64882e-05
3.64882e-05
3.64879e-05
3.64882e-05
3.64882e-05
3.64882e-05
3.64882e-05
3.64882e-05
3.64882e-05
3.64882e-05
3.64882e-05
3.64882e-05
3.64882e-05
3.64882e-05
3.64882e-05
3.64882e-05
3.64882e-05
3.64882e-05
3.64882e-05
3.64882e-05
3.64882e-05
3.64882e-05
3.64879e-05
3.64882e-05
3.64882e-05
3.64882e-05
3.64882e-05
3.64882e-05
3.64882e-05
3.64882e-05
3.64882e-05
3.64882e-05
3.64882e-05
3.64882e-05
3.64882e-05
3.64882e-05
3.64882e-05
3.64882e-05
3.64882e-05
3.64882e-05
3.64882e-05
3.64882e-05
3.64879e-05
3.64882e-05
3.64882e-05
3.64882e-05
3.64882e-05
3.64882e-05
3.64882e-05
3.64882e-05
3.64882e-05
3.64882e-05
3.64882e-05
3.64882e-05
3.64882e-05
3.64882e-05
3.64882e-05
3.64882e-05
3.64882e-05
3.64882e-05
3.64882e-05
3.64882e-05
3.64879e-05
3.64882e-05
3.64882e-05
3.64882e-05
3.64882e-05
3.64882e-05
3.64882e-05
3.64882e-05
3.64882e-05
3.64882e-05
3.64882e-05
3.64882e-05
3.64882e-05
3.64882e-05
3.64882e-05
3.64882e-05
3.64882e-05
3.64882e-05
3.64882e-05
3.64882e-05
3.64879e-05
3.64882e-05
3.64882e-05
3.64882e-05
3.64882e-05
3.64882e-05
3.64882e-05
3.64882e-05
3.64882e-05
3.64882e-05
3.64882e-05
3.64882e-05
3.64882e-05
3.64882e-05
3.64882e-05
3.64882e-05
3.64882e-05
3.64882e-05
3.64882e-05
3.64882e-05
3.64879e-05
3.64882e-05
3.64882e-05
3.64882e-05
3.64882e-05
3.64882e-05
3.64882e-05
3.64882e-05
3.64882e-05
3.64882e-05
3.64882e-05
3.64882e-05
3.64882e-05
3.64882e-05
3.64882e-05
3.64882e-05
3.64882e-05
3.64882e-05
3.64882e-05
3.64882e-05
3.64879e-05
3.64882e-05
3.64882e-05
3.64882e-05
3.64882e-05
3.64882e-05
3.64882e-05
3.64882e-05
3.64882e-05
3.64882e-05
3.64882e-05
3.64882e-05
3.64882e-05
3.64882e-05
3.64882e-05
3.64882e-05
3.64882e-05
3.64882e-05
3.64882e-05
3.64882e-05
3.64879e-05
3.64882e-05
3.64882e-05
3.64882e-05
3.64882e-05
3.64882e-05
3.64882e-05
3.64882e-05
3.64882e-05
3.64882e-05
3.64882e-05
3.64882e-05
3.64882e-05
3.64882e-05
3.64882e-05
3.64882e-05
3.64882e-05
3.64882e-05
3.64882e-05
3.64882e-05
3.64879e-05
3.64882e-05
3.64882e-05
3.64882e-05
3.64882e-05
3.64882e-05
3.64882e-05
3.64882e-05
3.64882e-05
3.64882e-05
3.64882e-05
3.64882e-05
3.64882e-05
3.64882e-05
3.64882e-05
3.64882e-05
3.64882e-05
3.64882e-05
3.64882e-05
3.64882e-05
3.64879e-05
3.64882e-05
3.64882e-05
3.64882e-05
3.64882e-05
3.64882e-05
3.64882e-05
3.64882e-05
3.64882e-05
3.64882e-05
3.64882e-05
3.64882e-05
3.64882e-05
3.64882e-05
3.64882e-05
3.64882e-05
3.64882e-05
3.64882e-05
3.64882e-05
3.64882e-05
3.64879e-05
)
;

boundaryField
{
    movingWall
    {
        type            epsilonWallFunction;
        value           nonuniform List<scalar> 
20
(
0.000283098
0.000464523
0.000464853
0.000464853
0.000464853
0.000464853
0.000464853
0.000464853
0.000464853
0.000464853
0.000464853
0.000464853
0.000464853
0.000464853
0.000464853
0.000464853
0.000464853
0.000464853
0.000464523
0.000283098
)
;
    }
    fixedWalls
    {
        type            epsilonWallFunction;
        value           nonuniform List<scalar> 
60
(
0.000167462
8.86609e-05
5.95502e-05
6.04307e-05
6.05427e-05
6.0554e-05
6.05549e-05
6.05549e-05
6.05549e-05
6.05549e-05
6.05549e-05
6.05549e-05
6.05549e-05
6.05549e-05
6.05541e-05
6.05445e-05
6.04513e-05
5.97498e-05
9.17305e-05
0.000283098
0.000167462
8.86604e-05
5.95497e-05
6.04301e-05
6.05422e-05
6.05534e-05
6.05543e-05
6.05544e-05
6.05544e-05
6.05544e-05
6.05544e-05
6.05544e-05
6.05544e-05
6.05543e-05
6.05535e-05
6.0544e-05
6.04508e-05
5.97493e-05
9.173e-05
0.000283098
0.000167462
0.000154197
0.000154173
0.000154173
0.000154173
0.000154173
0.000154173
0.000154173
0.000154173
0.000154173
0.000154173
0.000154173
0.000154173
0.000154173
0.000154173
0.000154173
0.000154173
0.000154173
0.000154197
0.000167462
)
;
    }
    frontAndBack
    {
        type            empty;
    }
    defaultFaces
    {
        type            empty;
    }
}


// ************************************************************************* //
