/*--------------------------------*- C++ -*----------------------------------*\
  =========                 |
  \\      /  F ield         | OpenFOAM: The Open Source CFD Toolbox
   \\    /   O peration     | Website:  https://openfoam.org
    \\  /    A nd           | Version:  11
     \\/     M anipulation  |
\*---------------------------------------------------------------------------*/
FoamFile
{
    format      ascii;
    class       volScalarField;
    location    "1.5";
    object      nut;
}
// * * * * * * * * * * * * * * * * * * * * * * * * * * * * * * * * * * * * * //

dimensions      [0 2 -1 0 0 0 0];

internalField   nonuniform List<scalar> 
2200
(
0.000153125
0.000153125
0.000153125
0.000153125
0.000153125
0.000153125
0.000153125
0.000153125
0.000153125
0.000153125
0.000153125
0.000153125
0.000153125
0.000153125
0.000153125
0.000153125
0.000153125
0.000153125
0.000153125
0.000153125
0.000153125
0.000153125
0.000153125
0.000153125
0.000153125
0.000153125
0.000153125
0.000153125
0.000153125
0.000153125
0.000153125
0.000153125
0.000153125
0.000153125
0.000153125
0.000153125
0.000153125
0.000153125
0.000153125
0.000153125
0.000153125
0.000153125
0.000153125
0.000153125
0.000153125
0.000153125
0.000153125
0.000153125
0.000153125
0.000153125
0.000153125
0.000153125
0.000153125
0.000153125
0.000153125
0.000153125
0.000153125
0.000153125
0.000153125
0.000153125
0.000153125
0.000153125
0.000153125
0.000153125
0.000153125
0.000153125
0.000153125
0.000153125
0.000153125
0.000153125
0.000153125
0.000153125
0.000153125
0.000153125
0.000153125
0.000153125
0.000153125
0.000153125
0.000153125
0.000153125
0.000153125
0.000153125
0.000153125
0.000153125
0.000153125
0.000153125
0.000153125
0.000153125
0.000153125
0.000153125
0.000153125
0.000153125
0.000153125
0.000153125
0.000153125
0.000153125
0.000153125
0.000153125
0.000153125
0.000153125
0.000153125
0.000153125
0.000153125
0.000153125
0.000153125
0.000153125
0.000153125
0.000153125
0.000153125
0.000153125
0.000153125
0.000153125
0.000153125
0.000153125
0.000153125
0.000153125
0.000153125
0.000153125
0.000153125
0.000153125
0.000153125
0.000153125
0.000153125
0.000153125
0.000153125
0.000153125
0.000153125
0.000153125
0.000153125
0.000153125
0.000153125
0.000153125
0.000153125
0.000153125
0.000153125
0.000153125
0.000153125
0.000153125
0.000153125
0.000153125
0.000153125
0.000153125
0.000153125
0.000153125
0.000153125
0.000153125
0.000153125
0.000153125
0.000153125
0.000153125
0.000153125
0.000153125
0.000153125
0.000153125
0.000153125
0.000153125
0.000153125
0.000153125
0.000153125
0.000153125
0.000153125
0.000153125
0.000153125
0.000153125
0.000153125
0.000153125
0.000153125
0.000153125
0.000153125
0.000153125
0.000153125
0.000153125
0.000153125
0.000153125
0.000153125
0.000153125
0.000153125
0.000153125
0.000153125
0.000153125
0.000153125
0.000153125
0.000153125
0.000153125
0.000153125
0.000153125
0.000153125
0.000153125
0.000153125
0.000153125
0.000153125
0.000153125
0.000153125
0.000153125
0.000153125
0.000153125
0.000153125
0.000153125
0.000153125
0.000153125
0.000153125
0.000153125
0.000153125
0.000153125
0.000153125
0.000153125
0.000153125
0.000153125
0.000153125
0.000153125
0.000153125
0.000153125
0.000153125
0.000153125
0.000153125
0.000153125
0.000153125
0.000153125
0.000153125
0.000153125
0.000153125
0.000153125
0.000153125
0.000153125
0.000153125
0.000153125
0.000153125
0.000153125
0.000153125
0.000153125
0.000153125
0.000153125
0.000153125
0.000153125
0.000153125
0.000153125
0.000153125
0.000153125
0.000153125
0.000153125
0.000153125
0.000153125
0.000153125
0.000153125
0.000153125
0.000153125
0.000153125
0.000153125
0.000153125
0.000153125
0.000153125
0.000153125
0.000153125
0.000153125
0.000153125
0.000153125
0.000153125
0.000153125
0.000153125
0.000153125
0.000153125
0.000153125
0.000153125
0.000153125
0.000153125
0.000153125
0.000153125
0.000153125
0.000153125
0.000153125
0.000153125
0.000153125
0.000153125
0.000153125
0.000153125
0.000153125
0.000153125
0.000153125
0.000153125
0.000153125
0.000153125
0.000153125
0.000153125
0.000153125
0.000153125
0.000153125
0.000153125
0.000153125
0.000153125
0.000153125
0.000153125
0.000153125
0.000153125
0.000153125
0.000153125
0.000153125
0.000153125
0.000153125
0.000153125
0.000153125
0.000153125
0.000153125
0.000153125
0.000153125
0.000153125
0.000153125
0.000153125
0.000153125
0.000153125
0.000153125
0.000153125
0.000153125
0.000153125
0.000153125
0.000153125
0.000153125
0.000153125
0.000153125
0.000153125
0.000153125
0.000153125
0.000153125
0.000153125
0.000153125
0.000153125
0.000153125
0.000153125
0.000153125
0.000153125
0.000153125
0.000153125
0.000153125
0.000153125
0.000153125
0.000153125
0.000153125
0.000153125
0.000153125
0.000153125
0.000153125
0.000153125
0.000153125
0.000153125
0.000153125
0.000153125
0.000153125
0.000153125
0.000153125
0.000153125
0.000153125
0.000153125
0.000153125
0.000153125
0.000153125
0.000153125
0.000153125
0.000153125
0.000153125
0.000153125
0.000153125
0.000153125
0.000153125
0.000153125
0.000153125
0.000153125
0.000153125
0.000153125
0.000153125
0.000153125
0.000153125
0.000153125
0.000153125
0.000153125
0.000153125
0.000153125
0.000153125
0.000153125
0.000153125
0.000153125
0.000153125
0.000153125
0.000153125
0.000153125
0.000153125
0.000153125
0.000153125
0.000153125
0.000153125
0.000153125
0.000153125
0.000153125
0.000153125
0.000153125
0.000153125
0.000153125
0.000153125
0.000153125
0.000153125
0.000153125
0.000153125
0.000153125
0.000153125
0.000153125
0.000153125
0.000153125
0.000153125
0.000153125
0.000153125
0.000153125
0.000153125
0.000153125
0.000153125
0.000153125
0.000153125
0.000153125
0.000153125
0.000153125
0.000153125
0.000153125
0.000153125
0.000153125
0.000153125
0.000153125
0.000153125
0.000153125
0.000153125
0.000153125
0.000153125
0.000153125
0.000153125
0.000153125
0.000153125
0.000153125
0.000153125
0.000153125
0.000153125
0.000153125
0.000153125
0.000153125
0.000153125
0.000153125
0.000153125
0.000153125
0.000153125
0.000153125
0.000153125
0.000153125
0.000153125
0.000153125
0.000153125
0.000153125
0.000153125
0.000153125
0.000153125
0.000153125
0.000153125
0.000153125
0.000153125
0.000153125
0.000153125
0.000153125
0.000153125
0.000153125
0.000153125
0.000153125
0.000153125
0.000153125
0.000153125
0.000153125
0.000153125
0.000153125
0.000153125
0.000153125
0.000153125
0.000153125
0.000153125
0.000153125
0.000153125
0.000153125
0.000153125
0.000153125
0.000153125
0.000153125
0.000153125
0.000153125
0.000153125
0.000153125
0.000153125
0.000153125
0.000153125
0.000153125
0.000153125
0.000153125
0.000153125
0.000153125
0.000153125
0.000153125
0.000153125
0.000153125
0.000153125
0.000153125
0.000153125
0.000153125
0.000153125
0.000153125
0.000153125
0.000153125
0.000153125
0.000153125
0.000153125
0.000153126
0.000153125
0.000153125
0.000153125
0.000153125
0.000153125
0.000153125
0.000153125
0.000153125
0.000153125
0.000153126
0.000153126
0.000153125
0.000153125
0.000153125
0.000153125
0.000153125
0.000153125
0.000153125
0.000153123
0.000153128
0.000153126
0.000153126
0.000153125
0.000153125
0.000153126
0.000153126
0.000153126
0.000153122
0.000153112
0.00015314
0.00015313
0.000153126
0.000153126
0.000153126
0.000153126
0.000153127
0.000153127
0.000153113
0.000153065
0.000153187
0.000153145
0.000153129
0.000153126
0.000153126
0.000153128
0.000153134
0.000153135
0.000153081
0.000152888
0.000153353
0.000153196
0.000153138
0.000153127
0.000153128
0.000153136
0.000153159
0.000153172
0.000152994
0.000152311
0.000153857
0.00015334
0.000153162
0.000153131
0.000153134
0.000153164
0.000153244
0.000153307
0.000152823
0.000150719
0.000155166
0.00015367
0.000153212
0.000153138
0.000153152
0.000153242
0.000153475
0.000153701
0.000152674
0.000146987
0.000158067
0.000154242
0.000153286
0.000153146
0.00015319
0.000153415
0.000153969
0.000154603
0.000153157
0.000139387
0.000159496
0.000155262
0.000153483
0.000153166
0.00015321
0.000153536
0.000154348
0.00015563
0.000156876
0.000155909
0.000158197
0.000155847
0.000153829
0.000153238
0.0001531
0.000153142
0.000153503
0.000154363
0.000155631
0.000156269
0.000156457
0.000155871
0.000154105
0.00015339
0.000153142
0.000153027
0.000153001
0.000153218
0.000153809
0.000154545
0.000153974
0.00015515
0.000154115
0.000153516
0.000153248
0.000153128
0.000153042
0.000152996
0.000153088
0.000153382
0.000150826
0.000153514
0.000153592
0.000153424
0.000153271
0.000153185
0.000153137
0.000153099
0.000153079
0.00015312
0.00014762
0.000151266
0.000152511
0.000152991
0.000153128
0.000153147
0.00015314
0.000153131
0.000153122
0.00015312
0.000145264
0.000149249
0.000151336
0.000152392
0.000152861
0.000153042
0.000153103
0.00015312
0.000153124
0.000153124
0.000144527
0.000148393
0.000150778
0.000152075
0.000152703
0.000152972
0.000153075
0.00015311
0.000153119
0.000153118
0.000145779
0.000149153
0.000151212
0.000152299
0.000152806
0.000153015
0.000153091
0.000153117
0.000153126
0.000153136
0.000149593
0.000151463
0.000152408
0.000152858
0.00015304
0.000153106
0.000153133
0.000153163
0.000153229
0.000153363
0.000153464
0.000153046
0.000153041
0.000153086
0.000153113
0.000153124
0.00015313
0.000153141
0.000153161
0.000153191
0.000153315
0.000153201
0.000153147
0.000153131
0.000153127
0.000153126
0.000153127
0.00015313
0.000153135
0.000153142
0.000153204
0.000153171
0.000153145
0.000153133
0.000153128
0.000153126
0.000153126
0.000153127
0.000153128
0.000153129
0.00015315
0.000153142
0.000153133
0.000153129
0.000153126
0.000153126
0.000153126
0.000153126
0.000153126
0.000153126
0.000153132
0.00015313
0.000153128
0.000153126
0.000153126
0.000153126
0.000153125
0.000153125
0.000153126
0.000153126
0.000153127
0.000153126
0.000153126
0.000153126
0.000153125
0.000153125
0.000153125
0.000153125
0.000153125
0.000153125
0.000153126
0.000153126
0.000153126
0.000153125
0.000153125
0.000153125
0.000153125
0.000153125
0.000153125
0.000153125
0.000153125
0.000153125
0.000153125
0.000153125
0.000153125
0.000153125
0.000153125
0.000153125
0.000153125
0.000153125
0.000153125
0.000153125
0.000153125
0.000153125
0.000153125
0.000153125
0.000153125
0.000153125
0.000153125
0.000153125
0.000153125
0.000153125
0.000153125
0.000153125
0.000153125
0.000153125
0.000153125
0.000153125
0.000153125
0.000153125
0.000153125
0.000153125
0.000153125
0.000153125
0.000153125
0.000153125
0.000153125
0.000153125
0.000153125
0.000153125
0.000153125
0.000153125
0.000153125
0.000153125
0.000153125
0.000153125
0.000153125
0.000153125
0.000153125
0.000153125
0.000153125
0.000153125
0.000153125
0.000153125
0.000153125
0.000153125
0.000153125
0.000153125
0.000153125
0.000153125
0.000153125
0.000153125
0.000153125
0.000153125
0.000153125
0.000153125
0.000153125
0.000153125
0.000153125
0.000153125
0.000153125
0.000153125
0.000153125
0.000153125
0.000153125
0.000153125
0.000153125
0.000153125
0.000153125
0.000153125
0.000153125
0.000153125
0.000153125
0.000153125
0.000153125
0.000153125
0.000153125
0.000153125
0.000153125
0.000153125
0.000153125
0.000153125
0.000153125
0.000153125
0.000153125
0.000153125
0.000153125
0.000153125
0.000153125
0.000153125
0.000153125
0.000153125
0.000153125
0.000153125
0.000153125
0.000153125
0.000153125
0.000153125
0.000153125
0.000153125
0.000153125
0.000153125
0.000153125
0.000153125
0.000153125
0.000153125
0.000153125
0.000153125
0.000153125
0.000153125
0.000153125
0.000153125
0.000153125
0.000153125
0.000153125
0.000153125
0.000153125
0.000153125
0.000153125
0.000153125
0.000153125
0.000153125
0.000153125
0.000153125
0.000153125
0.000153125
0.000153125
0.000153125
0.000153125
0.000153125
0.000153125
0.000153125
0.000153125
0.000153125
0.000153125
0.000153125
0.000153125
0.000153125
0.000153125
0.000153125
0.000153125
0.000153125
0.000153125
0.000153125
0.000153125
0.000153125
0.000153125
0.000153125
0.000153125
0.000153125
0.000153125
0.000153125
0.000153125
0.000153125
0.000153125
0.000153125
0.000153125
0.000153125
0.000153125
0.000153125
0.000153125
0.000153125
0.000153125
0.000153125
0.000153125
0.000153125
0.000153125
0.000153125
0.000153125
0.000153125
0.000153125
0.000153125
0.000153125
0.000153125
0.000153125
0.000153125
0.000153125
0.000153125
0.000153125
0.000153125
0.000153125
0.000153125
0.000153125
0.000153125
0.000153125
0.000153125
0.000153125
0.000153125
0.000153125
0.000153125
0.000153125
0.000153125
0.000153125
0.000153125
0.000153125
0.000153125
0.000153125
0.000153125
0.000153125
0.000153125
0.000153125
0.000153125
0.000153125
0.000153125
0.000153125
0.000153125
0.000153125
0.000153125
0.000153125
0.000153125
0.000153125
0.000153125
0.000153125
0.000153125
0.000153125
0.000153125
0.000153125
0.000153125
0.000153125
0.000153125
0.000153125
0.000153125
0.000153125
0.000153125
0.000153125
0.000153125
0.000153125
0.000153125
0.000153125
0.000153125
0.000153125
0.000153125
0.000153125
0.000153125
0.000153125
0.000153125
0.000153125
0.000153125
0.000153125
0.000153125
0.000153125
0.000153125
0.000153125
0.000153125
0.000153125
0.000153125
0.000153125
0.000153125
0.000153125
0.000153125
0.000153125
0.000153125
0.000153125
0.000153125
0.000153125
0.000153125
0.000153125
0.000153125
0.000153125
0.000153125
0.000153125
0.000153125
0.000153125
0.000153125
0.000153125
0.000153125
0.000153125
0.000153125
0.000153125
0.000153125
0.000153125
0.000153125
0.000153125
0.000153125
0.000153125
0.000153125
0.000153125
0.000153125
0.000153125
0.000153125
0.000153125
0.000153125
0.000153125
0.000153125
0.000153125
0.000153125
0.000153125
0.000153125
0.000153125
0.000153125
0.000153125
0.000153125
0.000153125
0.000153125
0.000153125
0.000153125
0.000153125
0.000153125
0.000153125
0.000153125
0.000153125
0.000153125
0.000153125
0.000153125
0.000153125
0.000153125
0.000153125
0.000153125
0.000153125
0.000153125
0.000153125
0.000153125
0.000153125
0.000153125
0.000153125
0.000153125
0.000153125
0.000153125
0.000153125
0.000153125
0.000153125
0.000153125
0.000153125
0.000153125
0.000153125
0.000153125
0.000153125
0.000153125
0.000153125
0.000153125
0.000153125
0.000153125
0.000153125
0.000153125
0.000153125
0.000153125
0.000153125
0.000153125
0.000153125
0.000153125
0.000153125
0.000153125
0.000153125
0.000153125
0.000153125
0.000153125
0.000153125
0.000153125
0.000153125
0.000153125
0.000153125
0.000153125
0.000153125
0.000153125
0.000153125
0.000153125
0.000153125
0.000153125
0.000153125
0.000153125
0.000153125
0.000153125
0.000153125
0.000153125
0.000153125
0.000153125
0.000153125
0.000153125
0.000153125
0.000153125
0.000153125
0.000153125
0.000153125
0.000153125
0.000153125
0.000153125
0.000153125
0.000153125
0.000153125
0.000153125
0.000153125
0.000153125
0.000153125
0.000153125
0.000153125
0.000153125
0.000153125
0.000153125
0.000153125
0.000153125
0.000153125
0.000153125
0.000153125
0.000153125
0.000153125
0.000153125
0.000153125
0.000153125
0.000153125
0.000153125
0.000153125
0.000153125
0.000153125
0.000153125
0.000153125
0.000153125
0.000153125
0.000153125
0.000153125
0.000153125
0.000153125
0.000153125
0.000153125
0.000153125
0.000153125
0.000153125
0.000153125
0.000153125
0.000153125
0.000153125
0.000153125
0.000153125
0.000153125
0.000153125
0.000153125
0.000153125
0.000153125
0.000153125
0.000153125
0.000153125
0.000153125
0.000153125
0.000153125
0.000153125
0.000153125
0.000153125
0.000153125
0.000153125
0.000153125
0.000153125
0.000153125
0.000153125
0.000153125
0.000153125
0.000153125
0.000153125
0.000153125
0.000153125
0.000153125
0.000153125
0.000153125
0.000153125
0.000153125
0.000153125
0.000153125
0.000153125
0.000153125
0.000153125
0.000153125
0.000153125
0.000153125
0.000153125
0.000153125
0.000153125
0.000153125
0.000153125
0.000153125
0.000153125
0.000153125
0.000153125
0.000153125
0.000153125
0.000153125
0.000153125
0.000153125
0.000153125
0.000153125
0.000153125
0.000153125
0.000153125
0.000153125
0.000153125
0.000153125
0.000153125
0.000153125
0.000153125
0.000153125
0.000153125
0.000153125
0.000153125
0.000153125
0.000153125
0.000153125
0.000153125
0.000153125
0.000153125
0.000153125
0.000153125
0.000153125
0.000153125
0.000153125
0.000153125
0.000153125
0.000153125
0.000153125
0.000153125
0.000153125
0.000153125
0.000153125
0.000153125
0.000153125
0.000153125
0.000153125
0.000153125
0.000153125
0.000153125
0.000153125
0.000153125
0.000153125
0.000153125
0.000153125
0.000153125
0.000153125
0.000153125
0.000153125
0.000153125
0.000153125
0.000153125
0.000153125
0.000153125
0.000153125
0.000153125
0.000153125
0.000153125
0.000153125
0.000153125
0.000153125
0.000153125
0.000153125
0.000153125
0.000153125
0.000153125
0.000153125
0.000153125
0.000153125
0.000153125
0.000153125
0.000153125
0.000153125
0.000153125
0.000153125
0.000153125
0.000153125
0.000153125
0.000153125
0.000153125
0.000153125
0.000153125
0.000153125
0.000153125
0.000153125
0.000153125
0.000153125
0.000153125
0.000153125
0.000153125
0.000153125
0.000153125
0.000153125
0.000153125
0.000153125
0.000153125
0.000153125
0.000153125
0.000153125
0.000153125
0.000153125
0.000153125
0.000153125
0.000153125
0.000153125
0.000153125
0.000153125
0.000153125
0.000153125
0.000153125
0.000153125
0.000153125
0.000153125
0.000153125
0.000153125
0.000153125
0.000153125
0.000153125
0.000153125
0.000153125
0.000153125
0.000153125
0.000153125
0.000153125
0.000153125
0.000153125
0.000153125
0.000153125
0.000153125
0.000153125
0.000153125
0.000153125
0.000153125
0.000153125
0.000153125
0.000153125
0.000153125
0.000153125
0.000153125
0.000153125
0.000153125
0.000153125
0.000153125
0.000153125
0.000153299
0.000153352
0.000153412
0.000153469
0.000153512
0.000153537
0.000153541
0.000153525
0.000153497
0.000153462
0.000153188
0.000153233
0.000153281
0.000153314
0.000153322
0.000153305
0.000153271
0.000153229
0.000153189
0.000153152
0.000153146
0.000153166
0.000153187
0.000153196
0.000153187
0.000153168
0.000153145
0.000153127
0.000153116
0.000153113
0.000153133
0.000153139
0.000153145
0.000153144
0.000153138
0.00015313
0.000153124
0.000153121
0.000153121
0.000153123
0.000153133
0.000153133
0.000153132
0.00015313
0.000153127
0.000153125
0.000153124
0.000153124
0.000153124
0.000153123
0.000153147
0.000153143
0.000153134
0.000153128
0.000153125
0.000153124
0.000153124
0.000153123
0.00015312
0.000153123
0.000153194
0.000153194
0.000153161
0.000153137
0.000153125
0.00015312
0.000153118
0.000153118
0.000153129
0.000153236
0.000153326
0.000153374
0.000153271
0.000153185
0.000153135
0.000153108
0.000153097
0.000153107
0.000153215
0.000153738
0.000153658
0.000153916
0.000153667
0.000153412
0.000153232
0.000153114
0.000153042
0.000153027
0.000153185
0.000153919
0.000154098
0.000155266
0.000155058
0.000154722
0.000154453
0.000154247
0.000154067
0.000153776
0.000152749
0.000148852
0.0001532
0.000153157
0.000153136
0.000153128
0.000153125
0.000153117
0.000153088
0.000152983
0.000152644
0.000151602
0.000153144
0.000153135
0.000153129
0.000153126
0.000153123
0.000153114
0.000153086
0.000153008
0.000152835
0.000152563
0.000153129
0.000153128
0.000153126
0.000153125
0.000153124
0.00015312
0.000153106
0.000153074
0.000153013
0.000152943
0.000153126
0.000153126
0.000153126
0.000153125
0.000153125
0.000153123
0.000153119
0.000153109
0.000153092
0.000153075
0.000153126
0.000153126
0.000153125
0.000153125
0.000153125
0.000153125
0.000153124
0.000153121
0.000153117
0.000153114
0.000153125
0.000153125
0.000153125
0.000153125
0.000153125
0.000153125
0.000153125
0.000153125
0.000153124
0.000153123
0.000153125
0.000153125
0.000153125
0.000153125
0.000153125
0.000153125
0.000153125
0.000153125
0.000153125
0.000153125
0.000153125
0.000153125
0.000153125
0.000153125
0.000153125
0.000153125
0.000153125
0.000153125
0.000153125
0.000153125
0.000153125
0.000153125
0.000153125
0.000153125
0.000153125
0.000153125
0.000153125
0.000153125
0.000153125
0.000153125
0.000153125
0.000153125
0.000153125
0.000153125
0.000153125
0.000153125
0.000153125
0.000153125
0.000153125
0.000153125
0.000153125
0.000153125
0.000153125
0.000153125
0.000153125
0.000153125
0.000153125
0.000153125
0.000153125
0.000153125
0.000153125
0.000153125
0.000153125
0.000153125
0.000153125
0.000153125
0.000153125
0.000153125
0.000153125
0.000153125
0.000153125
0.000153125
0.000153125
0.000153125
0.000153125
0.000153125
0.000153125
0.000153125
0.000153125
0.000153125
0.000153125
0.000153125
0.000153125
0.000153125
0.000153125
0.000153125
0.000153125
0.000153125
0.000153125
0.000153125
0.000153125
0.000153125
0.000153125
0.000153125
0.000153125
0.000153125
0.000153125
0.000153125
0.000153125
0.000153125
0.000153125
0.000153125
0.000153125
0.000153125
0.000153125
0.000153125
0.000153125
0.000153125
0.000153125
0.000153125
0.000153125
0.000153125
0.000153125
0.000153125
0.000153125
0.000153125
0.000153125
0.000153125
0.000153125
0.000153125
0.000153125
0.000153125
0.000153125
0.000153125
0.000153125
0.000153125
0.000153125
0.000153125
0.000153125
0.000153125
0.000153125
0.000153125
0.000153125
0.000153125
0.000153125
0.000153125
0.000153125
0.000153125
0.000153125
0.000153125
0.000153125
0.000153125
0.000153125
0.000153125
0.000153125
0.000153125
0.000153125
0.000153125
0.000153125
0.000153125
0.000153125
0.000153125
0.000153125
0.000153125
0.000153125
0.000153125
0.000153125
0.000153125
0.000153125
0.000153125
0.000153125
0.000153125
0.000153125
0.000153125
0.000153125
0.000153125
0.000153125
0.000153125
0.000153125
0.000153125
0.000153125
0.000153125
0.000153125
0.000153125
0.000153125
0.000153125
0.000153125
0.000153125
0.000153125
0.000153125
0.000153125
0.000153125
0.000153125
0.000153125
0.000153125
0.000153125
0.000153125
0.000153125
0.000153125
0.000153125
0.000153125
0.000153125
0.000153125
0.000153125
0.000153125
0.000153125
0.000153125
0.000153125
0.000153125
0.000153125
0.000153125
0.000153125
0.000153125
0.000153125
0.000153125
0.000153125
0.000153125
0.000153125
0.000153125
0.000153125
0.000153125
0.000153125
0.000153125
0.000153125
0.000153125
0.000153125
0.000153125
0.000153125
0.000153125
0.000153125
0.000153125
0.000153125
0.000153125
0.000153125
0.000153125
0.000153125
0.000153125
0.000153125
0.000153125
0.000153125
0.000153125
0.000153125
0.000153125
0.000153125
0.000153125
0.000153125
0.000153125
0.000153125
0.000153125
0.000153125
0.000153125
0.000153125
0.000153125
0.000153125
0.000153125
0.000153125
0.000153125
0.000153125
0.000153125
0.000153125
0.000153125
0.000153125
0.000153125
0.000153125
0.000153125
0.000153125
0.000153125
0.000153125
0.000153125
0.000153125
0.000153125
0.000153125
0.000153125
0.000153125
0.000153125
0.000153125
0.000153125
0.000153125
0.000153125
0.000153125
0.000153125
0.000153125
0.000153125
0.000153125
0.000153125
0.000153125
0.000153125
0.000153125
0.000153125
0.000153125
0.000153125
0.000153125
0.000153125
0.000153125
0.000153125
0.000153125
0.000153125
0.000153125
0.000153125
0.000153125
0.000153125
0.000153125
0.000153125
0.000153125
0.000153125
0.000153125
0.000153125
0.000153125
0.000153125
0.000153125
0.000153125
0.000153125
0.000153125
0.000153125
0.000153125
0.000153125
0.000153125
0.000153125
0.000153125
0.000153125
0.000153125
0.000153125
0.000153125
0.000153125
0.000153125
0.000153125
0.000153125
0.000153125
0.000153125
0.000153125
0.000153125
0.000153125
0.000153125
0.000153125
0.000153125
0.000153125
0.000153125
0.000153125
0.000153125
0.000153125
0.000153125
0.000153125
0.000153125
0.000153125
0.000153125
0.000153125
0.000153125
0.000153125
0.000153125
0.000153125
0.000153125
0.000153125
0.000153125
0.000153125
0.000153125
0.000153125
0.000153125
0.000153125
0.000153125
0.000153125
0.000153125
0.000153125
0.000153125
0.000153125
0.000153125
0.000153125
0.000153125
0.000153125
0.000153125
0.000153125
0.000153125
0.000153125
0.000153125
0.000153125
0.000153125
0.000153125
0.000153125
0.000153125
0.000153125
0.000153125
0.000153125
0.000153125
0.000153125
0.000153125
0.000153125
0.000153125
0.000153125
0.000153125
0.000153125
0.000153125
0.000153125
0.000153125
0.000153125
0.000153125
0.000153125
0.000153125
0.000153125
0.000153125
0.000153125
0.000153125
0.000153125
0.000153125
0.000153125
0.000153125
0.000153125
0.000153125
0.000153125
0.000153125
0.000153125
0.000153125
0.000153125
0.000153125
0.000153125
0.000153125
0.000153125
0.000153125
0.000153125
0.000153125
0.000153125
0.000153125
0.000153125
0.000153125
0.000153125
0.000153125
0.000153125
0.000153125
0.000153125
0.000153125
0.000153125
0.000153125
0.000153125
0.000153125
0.000153125
0.000153125
0.000153125
0.000153125
0.000153125
0.000153125
0.000153125
0.000153125
0.000153125
0.000153125
0.000153125
0.000153125
0.000153125
0.000153125
0.000153125
0.000153125
0.000153125
0.000153125
0.000153125
0.000153125
0.000153125
0.000153125
0.000153125
0.000153125
0.000153125
0.000153125
0.000153125
0.000153125
0.000153125
0.000153125
0.000153125
0.000153125
0.000153125
0.000153125
0.000153125
0.000153125
0.000153125
0.000153125
0.000153125
0.000153125
0.000153125
0.000153125
0.000153125
0.000153125
0.000153125
0.000153125
0.000153125
0.000153125
0.000153125
0.000153125
0.000153125
0.000153125
0.000153125
0.000153125
0.000153125
0.000153125
0.000153125
0.000153125
0.000153125
0.000153125
0.000153125
0.000153125
0.000153125
0.000153125
0.000153125
0.000153125
0.000153125
0.000153125
0.000153125
0.000153125
0.000153125
0.000153125
0.000153125
0.000153125
0.000153125
0.000153125
0.000153125
0.000153125
0.000153125
0.000153125
0.000153125
0.000153125
0.000153125
0.000153125
0.000153125
0.000153125
0.000153125
0.000153125
0.000153125
0.000153125
0.000153125
0.000153125
0.000153125
0.000153125
0.000153125
0.000153125
0.000153125
0.000153125
0.000153125
0.000153125
0.000153125
0.000153125
0.000153125
0.000153125
0.000153125
0.000153125
0.000153125
0.000153125
0.000153125
0.000153125
0.000153125
0.000153125
0.000153125
0.000153125
0.000153125
0.000153125
0.000153125
0.000153125
0.000153125
0.000153125
0.000153125
0.000153125
0.000153125
0.000153125
0.000153125
0.000153125
0.000153125
0.000153125
0.000153125
0.000153125
0.000153125
0.000153125
0.000153125
0.000153125
0.000153125
0.000153125
0.000153125
0.000153125
0.000153125
0.000153125
0.000153125
0.000153125
0.000153125
0.000153125
0.000153125
0.000153125
0.000153125
0.000153125
0.000153125
0.000153125
0.000153125
0.000153125
0.000153125
0.000153125
0.000153125
0.000153125
0.000153125
0.000153125
0.000153125
0.000153125
0.000153125
0.000153125
0.000153125
0.000153125
0.000153125
0.000153125
0.000153125
0.000153125
0.000153125
0.000153125
0.000153125
0.000153125
0.000153125
0.000153125
0.000153125
0.000153125
0.000153125
0.000153125
0.000153125
0.000153125
0.000153125
0.000153125
0.000153125
0.000153125
0.000153125
0.000153125
0.000153125
0.000153125
0.000153125
0.000153125
0.000153125
0.000153125
0.000153125
0.000153125
0.000153125
0.000153125
0.000153125
0.000153125
0.000153125
0.000153125
0.000153125
0.000153125
0.000153125
0.000153125
0.000153125
0.000153125
0.000153125
0.000153125
0.000153125
0.000153125
0.000153125
0.000153125
0.000153125
0.000153125
0.000153125
0.000153125
0.000153125
0.000153125
0.000153125
0.000153125
0.000153125
0.000153125
0.000153125
0.000153125
0.000153125
0.000153125
0.000153125
0.000153125
)
;

boundaryField
{
    defaultFaces
    {
        type            empty;
    }
}


// ************************************************************************* //
