/*--------------------------------*- C++ -*----------------------------------*\
  =========                 |
  \\      /  F ield         | OpenFOAM: The Open Source CFD Toolbox
   \\    /   O peration     | Website:  https://openfoam.org
    \\  /    A nd           | Version:  11
     \\/     M anipulation  |
\*---------------------------------------------------------------------------*/
FoamFile
{
    format      ascii;
    class       volScalarField;
    location    "1";
    object      gradTy;
}
// * * * * * * * * * * * * * * * * * * * * * * * * * * * * * * * * * * * * * //

dimensions      [0 -1 0 1 0 0 0];

internalField   nonuniform List<scalar> 
5712
(
13029.5
7519.69
20965
13838.8
22962.8
17081.2
35670
44768.4
47075.9
58173.4
30623.9
26767.6
19421.9
15516
9809.41
6653.15
21377.7
21414.4
18620.9
21628.8
28832.3
25224.4
33787.3
26804.4
9055.8
6386.41
5139.81
3858.38
10680.1
8653.49
6591.82
5429.51
20351.1
20710
20356.1
16505.7
15361.8
12415.5
12345.3
14162.4
19826.3
19882.9
42361.9
43990.2
29446.1
30542.9
17546.9
14805.1
18690.5
13237.4
8704.26
9062.03
7485.98
11379.3
3942.23
5009.95
10194.5
15040.9
6157
7462.77
11049
20108.7
7760.95
13322.1
2914.18
7839.74
2433.52
5823.04
18642.3
23218.1
19678.6
23387.1
22582
22633.9
23438.9
22614.5
17078.6
23409.2
17167.1
22934
19586.5
23387.8
19697.9
23427
23903.1
22493
23966.3
22367.6
15919.6
23615.9
15454.5
23771.4
20358.1
24824.5
25698.2
37239.1
21609.5
29138.2
25504.2
41029.6
19292.1
21648.2
25776.3
35540
19117.6
20189.8
26074.1
35197.3
6962.67
9383.07
17994.7
32539.2
8424.76
9803.75
22697.5
36213.7
10154.4
10329
28107.6
39149.8
26021.9
26762.4
23108.7
23373.1
36281.5
26636.8
26045.5
23406.2
21057.7
42237.4
24416.7
24886.6
23108.3
24423.5
47160.2
2549.52
3101.16
5656.77
13879.5
3552.89
4138.46
7529.33
15004.3
5108.85
4356.45
9900.72
16461
25661.1
24137.8
23846.3
22229.1
21621.3
18609.6
16877.7
14362.9
12656.7
18603.2
23706.8
21910.5
24679.2
23329.3
22330.5
20182.3
19372.6
16966.1
13314.5
18311.8
24917.7
27732.9
24994.5
28651.8
23400.7
23782.4
23019.7
24251.6
23485.3
23734.6
23251.2
22950.5
24866.8
28869.7
24831.1
28934.6
22446.8
24706.9
22334.5
24735.5
23579.4
23680.5
23628.9
23714
20393.6
19323.7
13358.6
15143.4
20316.4
18900.7
13212.2
15456.6
20630.1
19211.3
13626.3
15092.4
20720.2
19010.5
14048.2
15063.7
1926.1
1162.03
735.669
1036.87
610.18
550.538
2730.52
1389.35
953.694
1969.47
1434.54
1128.11
2942.42
2054.43
1894.95
3386.44
2496.5
2104.04
21373
17554.8
15149.2
20225.8
17157.8
15057.9
14878.5
12599.6
11322.5
10713.4
8277.41
7190.45
5230.54
3375.76
2646.22
19719.3
16525.4
14245.8
20987.2
17275.7
14761.5
16147.2
12360.9
10306.8
10931.7
7678.14
6322.7
5512.23
3313
2440.07
28554
27476.7
31519.1
27810
32585.7
27867.3
39947
29766
21577
21313.6
21446.8
19456.9
24299.7
22306.2
24080.8
20116.8
23810.2
23312.1
21872.3
23044.9
28287.4
25811.4
29598.4
30242.1
32687.1
34033.9
24309.6
25412.4
21783.7
21244.6
26046.7
26856.9
16179.8
8633.06
15276.6
9559.34
16491.3
8707.71
15301.3
9497.24
16336.5
8737.31
15355.1
9908.54
15029.8
10370.7
15259.8
10256.5
21487.1
17894.6
21688.6
18068.5
24104.9
21394.3
24728.3
21418.3
20912.2
14695.3
21498.3
14342.7
22401.9
18099.4
22796.3
17926.5
25641.1
21390.8
25791.2
21175.3
20904
14821.9
20924.7
14738.4
13349.5
8732.85
11359.6
7362.02
12258.9
7784.68
10808.8
6865.55
13781.7
9288.86
11594.5
7590.93
13835.2
9596.55
11563.7
7633.4
2499.94
1288.94
4613.89
2612.29
2645.61
1546.27
4892.17
3053.18
3216.99
2288.17
5383.09
3884.62
12467.9
19917.9
8884.24
8473.87
6150.83
19203
12931.1
7358.52
7394.88
5046.29
20395.6
15624.2
12133.5
9284.1
5995.16
674.754
447.192
1607.07
1196.88
905.619
558.586
2101.73
1625.52
1524.67
1030.92
2897.53
2279.03
18992.7
17410.5
12367.7
11082.9
7731.6
7170.53
6429.41
5324.37
4240.69
3327.81
18126.4
15633.9
13556.1
11095.8
10211.2
8299.98
7615.66
6191.07
5175.01
4609.69
14234.7
10676.6
14513.6
10651.4
17733.9
14024.9
17938.8
14154.7
11700.4
8696.69
11217.5
8544.03
14637
10617.1
14573.1
10623.9
17997.8
14599.2
17874.9
14607.8
11993.2
8661.13
11976.1
8770.87
8870.28
6788.6
6074.52
5720.82
8459.98
6517.04
5788.56
5343.81
9284.13
6972.26
6241.51
6045.06
9485.32
6970.49
6474.04
6124.49
996.347
828.243
659.023
4246.08
2157.77
1695.7
979.568
917.192
782.004
4708.57
2599.87
2115.94
1406.51
1482.13
1451.25
5382.06
3338.54
2842.5
15028.3
12769.4
11375.4
9623.24
8422.93
7750.94
6563.8
5839.36
5496.96
5200.63
4565.88
4207.13
6345
4225.97
3625.95
13084.3
10808.3
9418.45
9046.76
7475.29
6625.97
6965.97
5733.86
5101.14
6169.64
4922.27
4260.21
7899.17
4815.76
4054.25
4552.7
2542.62
1467.76
862.837
5101.07
2753.74
1546.8
890.039
4579.5
2545.62
1472.69
867.171
5207.63
2813.36
1589.42
914.654
4581.76
2531.37
1504.8
891.705
5319.96
2854.57
1657.92
955.937
5709.1
3009
1653.82
941.644
5847.55
3107.5
1679.28
954.527
4866.47
2694.87
1580.6
919.769
4091.38
2409.37
1467.67
873.672
4310.45
2459.76
1493.42
882.979
3801.01
2282.24
1415.13
847.997
5234.99
2868.42
1632.32
938.541
4263.39
2499.61
1497.83
891.003
5430.42
2980.85
1671.38
960.938
4335.9
2561.42
1527.16
910.694
3485.49
2198.93
1352.56
823.491
2419.45
1804.35
1213.2
770.521
3504.16
2195.4
1355.8
824.736
2519.01
1832.03
1222.66
775.51
3601.71
2206.43
1379.7
840.681
2805.74
1915.69
1255.85
793.753
3591.23
2173.09
1372.3
862.48
3061.35
1980.03
1303.74
805.176
3413.22
2131.75
1355.27
836.086
1464.16
1499.74
989.118
298.592
529.111
1339.23
905.782
298.001
1644.67
1560.91
1014.79
314.303
724.912
1404.86
927.196
304.846
1995.82
1671.75
1049.38
314.672
1074.87
1518.87
957.058
309.161
2445.78
1809.63
1110.17
341.527
1481.21
1652.1
1003.18
323.504
2783.59
1943.69
1186.76
391.646
1672.86
1764.39
1047.29
336.447
3020.09
2100.69
1219.74
379.308
1628.5
1907.37
1130.63
359.794
2927.1
2033.02
1197.26
378.015
1549.35
1843.02
1088.54
346.478
3065.45
2145.64
1226.01
357.74
1633.02
1957.5
1153.02
361.843
3126.47
2187.34
1251
363.067
1719.21
2002.16
1178.78
369.092
549.883
330.773
183.997
90.3781
26.9162
547.376
330.595
184.239
90.5361
26.964
557.358
334.351
185.42
90.9269
27.06
558.769
335.128
186.089
91.2676
27.1578
573.997
339.26
187.205
91.604
27.2372
574.185
340.174
188.169
92.1019
27.3807
579.15
345.511
190.801
93.227
27.6881
591.236
352.613
194.304
94.7488
28.1078
590.144
344.988
189.674
92.6139
27.5089
623.689
351.24
191.323
93.1449
27.64
592.502
343.354
188.514
92.0717
27.3571
622.621
348.833
190.049
92.5926
27.4882
594.27
349.593
191.999
93.6181
27.7845
634.989
355.673
193.406
94.0389
27.8856
608.277
356.555
195.284
95.0299
28.173
649.743
361.896
196.23
95.2469
28.2182
560.569
331.949
183.896
90.2464
26.8734
582.642
333.499
183.887
90.1697
26.8476
567.922
334.818
184.986
90.6568
26.9798
588.851
335.736
184.737
90.4899
26.9305
583.399
339.563
186.663
91.2855
27.1434
602.51
339.813
186.224
91.0528
27.0771
605.386
344.665
188.31
91.8902
27.3001
618.654
344.126
187.863
91.6884
27.2443
625.345
347.256
189.218
92.2369
27.3908
13883.1
21679.7
14296
21755.5
14826.7
21732.1
14953.6
21443.2
13882.4
20046
12262.7
13929.2
12473.1
14974.8
12230
13628.1
12409.9
13723.6
12496.5
2157.12
466.057
105.83
18.9381
13946.7
3998.73
980.345
224.995
40.2357
12470.9
2118.41
455.199
103.107
18.4161
13884.1
3941.18
964.235
220.527
39.1358
12311.2
2068.96
442.115
99.9377
17.8389
13676.2
3855.38
940.701
214.803
38.1173
11865
1956.82
415.714
93.9844
16.7963
13174.9
3692.07
900.039
205.65
36.5163
10920.3
1757.61
373.614
84.9566
15.2481
12161.4
3422.11
838.822
192.612
34.3061
9246.37
1550.65
341.616
79.2736
14.3844
9475.92
2815.87
712.037
166.971
30.1319
9774.46
1612.04
350.55
80.7103
14.5781
10303.6
3052.43
763.585
177.269
31.767
9013.04
1526.37
337.947
78.6679
14.2992
9145.48
2699.85
683.718
161.021
29.173
8937.46
1507.33
333.476
77.6775
14.1119
9096.96
2665.21
673.248
158.976
28.7709
36510.2
52862.4
51424.5
35222.1
20163.4
21326.1
29847.4
31438.8
23770.5
26918.8
38301.9
52956.9
48655.7
65118.5
31524.5
36233
24478.1
26343.4
13181.2
14529.2
4615.7
2860.32
434.698
286.587
323.714
269.747
370.264
4224.87
3848.4
2200.98
2933.46
2599.48
1039.98
1570.71
1296.62
787.941
929.252
714.957
3891.37
1798.87
929.573
804.291
1147.4
961.971
688.447
605.197
511.315
430.437
674.833
596.98
4215.13
2335.72
2738.63
1549.68
1173.17
1838.08
693.321
464.896
786.023
8997.82
8339.42
7767.76
7933.03
11923.1
6063.49
6404.17
6413.22
6639.96
7336.58
1116.43
1533.73
1810.49
1976.11
2055.08
745.609
1044.4
1253.64
1382.94
1444.38
841.92
1178.06
1411.39
1553.48
1619.91
703.823
990.003
1192.32
1317.74
1377.11
958.172
1330.7
1584.2
1736.92
1808.45
8526.5
8138.77
7372.67
7142.52
10340.9
7758.96
7269.12
6459.6
6100.86
6642.19
4855.01
5344.12
5330.95
5313.88
5505.31
6052.29
5892.58
5299.09
4912.81
4841.59
5365.43
5287.4
4768.65
4362.05
4201.3
2506.02
3127.83
3400.8
3514.07
3570.04
3594.31
4160.49
4270.66
4266.98
4295.16
3017.18
3574.54
3718.58
3715.86
3702.62
1950.4
2530.68
2835.58
2980.23
3041.68
2255.89
2843.68
3108.66
3210.28
3246.93
1784.79
2343.65
2649.48
2797.23
2857.37
8000.13
7881.09
7339.72
7298.44
10662.5
4101.64
4753.23
4945.02
5071.62
5313.39
2276.15
2910.06
3230.76
3390.8
3475.25
1993.98
2598.54
2934.33
3116.42
3211.16
2753.39
3427.6
3744.6
3917.98
4047.84
2358.14
3026.4
3384.7
3588.12
3710.21
1728.12
2296.31
2639.98
2840.43
2943.88
1533.04
2061.68
2388.02
2573.93
2662.68
1307.18
1780.32
2079.69
2247.35
2322.11
1108.34
1526.83
1803.16
1964.61
2038.63
1694.63
2247.4
2567.5
2736.62
2813.31
1511.86
2031.59
2349.39
2526.7
2609.22
8413.27
8047.21
7548.05
7668.72
11406.8
5109.86
5637.79
5780.96
6013.17
6530.59
6102.23
6629.53
6541.73
6697.26
7723.88
3624.17
4370.84
4707.59
4946.49
5198.81
2828.75
3551.01
3917.19
4139.68
4302.76
4197.41
4888.35
5123.78
5305.74
5608.26
1740.18
2310.55
2651.98
2847.45
2946.42
1191.72
1631.41
1917.92
2085.56
2163.89
1954.39
2559
2903.47
3096.18
3197.6
20838.8
13964.3
21367.1
15421.5
27321.6
40068.8
28742.2
40025
21817.9
22812.6
18861.6
22238
24261.8
22716.4
31642.3
25352.7
16431.3
15912.3
8049.09
7093.76
17803.6
16755.9
9189.58
7696.34
22217.6
23810.3
22420.4
20161.4
23270.1
15273
12338.5
14215.2
20049.3
19963.2
42356.8
44094.3
28957.6
30449.3
18540.1
15043.2
19868.5
13478.5
9710.56
9323.68
17290.9
19508.7
7190.92
7985.32
18844
22005.1
8892.62
9994.32
17662.5
25482.5
10196.6
16135.8
3498.7
8833.48
2556.7
6023.38
19988.4
22641
19962.9
23089.6
21148.5
21245.4
22521.1
21877.4
18749
23649.7
21359.5
23333.7
19626.2
23240.3
19692.7
23380
23467
22133.8
23845.6
22258.9
16521.4
23733.7
15586.2
23803
21789.2
26582.3
26319.3
37926.4
23888.6
31888.1
26554.3
42134.2
19993.4
22544.8
26091.6
35917
19312.6
20450.1
26165.2
35316.6
23842.5
25639.1
30657.5
46165.8
23736.9
24102.8
32682.8
46570.5
23003.6
22423.5
34908.8
45746.5
20146.6
20301
22418.9
24922.5
39371.8
19372.2
18673.1
23750.3
22502.1
45460.8
20212.9
21818
22523.2
25679.7
48622.7
13057.8
11640.6
12872.8
17326.9
14346.6
12824.1
13283.7
17690.9
15902.5
13399.6
13804.6
17905.9
18410.9
17105.8
17828
16786.6
21648.7
19542.1
18387.8
16142.6
14361.2
18539.8
19571.8
18728
21460.6
21025
21412.2
19686
20226
17689.3
14045.5
17758.2
23538.6
26203.5
24377.5
27883.5
21532.9
22084
22175
23441.4
23312.5
23417.1
22863.5
22406.1
24586.7
28526
24749.9
28837.3
22068.7
24329.6
22225.1
24628.1
23494.8
23536.2
23601.8
23673.4
20563.2
19336.7
13591.1
15218.4
20655.3
18979.2
13670.8
15526.5
20708.1
19218.8
13738.7
15143.8
20742.4
19013.1
14083.8
15081.3
10444.2
10634.2
4674.87
4232.9
11659.2
11190.9
5232.28
4944.3
11296.4
10358.3
5902.99
5619.9
16242.7
15291.8
16469.6
16158.6
17111.6
16140.9
13401.3
11606.6
7038.6
5624.31
18224.4
16910.8
20343.8
18927
16879
15056.5
12622.2
10370.3
6404.83
4539.04
23201.6
21652.2
29283.3
25005.7
26565.6
23200.2
37450.8
27501.2
20847.4
16626.5
23141.7
17742.7
20661.8
16941.1
23246.8
18051.4
21643
18696.3
19330.9
17562.2
21183.8
23002.9
28259.9
29851.7
31708.6
33774.7
23037.8
24994.3
20613.1
20914.8
24444.2
26322.4
13140.8
9424.32
13768.2
9709.46
13459.9
9365.02
14028.7
9601.13
13411.8
9251.45
14085.9
9866.79
14258.1
10249.6
14993.2
10205.2
17507.1
16599.7
19746.1
17266.8
20611.7
19444.1
22943.2
20359.1
18953.8
14308.2
17613.1
13935.7
21455.8
17674.2
22519.1
17797.4
24818
20869.5
25561.3
21020.3
19915
14581.6
20627.9
14662.1
12810.2
8948.94
11405.8
7609.77
11994.1
8560.63
11181.2
7465.81
13398.9
9320.55
11565.6
7690.16
13706.7
9593.16
11549.5
7663.09
12306.3
11948.3
8728.56
7932.9
12450.4
12092
8601.3
7875.07
12404.7
11663.4
8409.39
7822.21
15016.1
18290.3
15383.3
11120
8130.84
16820.1
15278.6
16454.3
10962.2
7793.42
18647.5
15911.5
13598.6
11061.9
7315.12
11710.9
11703.8
7579.71
7666.08
11692.3
11530.1
7549.11
7610.44
11023.9
10626.3
7321.27
7067.33
16276.6
14814.2
14159.8
12940.9
14033.5
13579.9
10564.5
10411.1
7171.68
6699.39
16501.9
14456.6
14211.1
12173.4
12215.5
10783.9
9989.95
9114.57
6695.28
6475.23
14009.6
11072.3
14217.5
10723
16626.8
13433.2
17282.6
13799.8
11762.2
9074.61
11712.8
9579.87
14442.8
10613.6
14510.5
10616.3
17669.3
14409.3
17777
14550.9
11953.1
8786.28
11952.1
8795.29
9191.74
7324.29
6423.32
6225.37
9336.78
7780.58
6545.7
6445.61
9382.8
7174.55
6388.02
6285.29
9507.69
7022.49
6519.07
6194.17
12812.1
12542.3
15680.2
13445.2
12510.1
12264.5
15080.9
12875.8
11140.7
11229.7
13909.7
11957.2
13747.3
12849.9
11921.3
11282.1
12950.2
12773.2
10959.6
10501.5
12768.6
10804.4
12763.6
11638
10729.3
10074.6
10094.1
9879.54
9925.65
9336.33
12188.9
9644.22
5620.3
3188.05
1802.25
1034.63
5829.68
3285.95
1846.85
1049.13
5544.13
3143.05
1778.24
1022.82
5802.23
3267.73
1848.49
1053.58
5406.23
3055.38
1776.96
1031.22
5773.31
3217.48
1875.52
1075.51
5952.41
3230.85
1793.66
1020.62
5924.95
3183.34
1726.36
981.704
5268.65
2985.6
1757.99
1021.17
4375.09
2621.04
1597.43
950.309
4998.24
2889.94
1734.02
1013.03
4291.98
2616.08
1595.77
945.046
5441.1
3037.05
1740.6
1001.97
4409.5
2617
1576.45
940.771
5491.7
3036.28
1707.9
982.751
4380.77
2599.2
1553.52
927.631
5207.69
3012.61
1736.94
1013.05
4586.53
2766.09
1648.34
976.97
5102.31
2964.46
1717.07
1001.68
4518.68
2739.3
1634.72
971.721
4961.25
2888.23
1706.03
1001.86
4478.87
2706.38
1623.08
968.477
4630.97
2742.86
1653.52
1004.65
4357.37
2648.56
1618.19
950.706
4177.41
2596.63
1586.75
950.302
3760.16
2525.04
1403.62
398.759
2579.5
2377.3
1333.78
412.059
3779.01
2524.48
1409.17
412.638
2661.28
2378.39
1334.16
414.261
3821.99
2512.54
1396.29
398.56
2778.8
2369.35
1318.87
406.377
3780.25
2482.59
1410.31
417.91
2762.26
2341.6
1311.55
408.257
3591.98
2422.69
1426.02
461.749
2425.22
2275.67
1294.42
407.149
3256.01
2293.07
1347.23
421.528
1799.39
2116.21
1253.73
398.774
3371.76
2346.67
1379.55
433.864
1921.29
2183.51
1269.45
400.667
3179.38
2249.28
1300.59
382.825
1702.89
2067.68
1222.73
384.58
3159.09
2219.94
1275.26
371.361
1736.12
2035.96
1200.93
376.422
646.313
379.193
206.674
100.064
29.5766
635.387
376.377
205.966
99.863
29.5299
645.903
378.363
206.038
99.7397
29.4817
635.933
374.962
204.997
99.392
29.3941
654.305
377.989
205.281
99.3288
29.3605
639.249
373.091
203.776
98.8111
29.2282
623.237
368.205
201.632
97.899
28.9764
607.336
361.122
198.395
96.5189
28.5966
649
374.656
203.607
98.5871
29.1529
678.289
377.506
203.536
98.369
29.0774
667.584
378.757
204.926
99.0765
29.2822
693.431
380.575
204.66
98.8202
29.1996
632.748
369.794
201.585
97.7455
28.9223
670.072
373.332
201.706
97.6054
28.8685
621.504
363.512
198.61
96.4673
28.5698
661.722
368.012
199.124
96.4951
28.5626
670.394
383.549
207.549
100.277
29.6228
710.225
387.604
208.177
100.415
29.6517
672.015
383.148
207.132
100.053
29.5561
710.992
387.194
207.85
100.245
29.6012
679.244
382.814
206.445
99.6843
29.4474
714.469
386.417
207.185
99.9128
29.5046
694.127
383.13
205.829
99.3293
29.3417
719.497
384.909
206.288
99.4956
29.3855
709.329
382.585
205.344
99.0924
29.2732
15366.6
20510.8
15390.3
20453.6
15435.5
20313.1
15001.8
19885.6
13787.3
18666.3
12325.6
13906.4
12546.3
14766.7
12272
13644.7
12424.5
13732.8
12259.6
2078.68
447.176
101.706
18.2473
13199.7
3813.95
938.296
216.076
38.7548
12160.9
2036.77
436.579
99.1274
17.7569
13091.2
3752.91
922.512
211.85
37.7213
11907.6
1984.37
424.221
96.2334
17.2343
12843.8
3666.81
900.452
206.638
36.8036
11426.8
1879.46
400.338
90.8767
16.294
12380.7
3519.39
864.242
198.516
35.3797
10597.3
1704.31
363.029
82.7908
14.8949
11552.2
3289.65
811.15
187.061
33.4198
9210.35
1541.05
338.934
78.6069
14.2643
9416.83
2789.13
704.37
165.146
29.8132
9656.16
1587.42
344.8
79.4271
14.3598
10096.6
2984.53
747.139
173.734
31.1841
9007.12
1523.35
336.878
78.3692
14.2422
9136.44
2691.98
680.893
160.262
29.0311
8937.84
1506.7
333.198
77.5935
14.0952
9097.43
2663.8
672.59
158.778
28.7321
36131.9
52774.1
50899.7
34010.6
26008.8
31687.1
25011.9
31525.3
29855.8
48895
31875.1
50229.1
32.4165
39.7569
56.176
84.6422
130.42
201.326
38.2711
46.4432
64.5848
95.5772
144.015
216.334
28.2145
26.2052
35.5186
33.9561
52.0383
51.726
81.1422
83.9178
127.641
135.023
195.716
202.625
309.095
468.943
706.161
1056.76
1484.56
1796.22
320.67
465.395
657.528
892.002
1128.13
1283.28
86.1964
125.034
155.28
175.774
186.071
105.562
152.759
189.245
213.796
226.072
148.815
214.538
264.762
298.195
314.788
223.552
320.713
393.864
441.902
465.525
343.075
489.015
596.775
666.343
700.187
526.583
743.864
900.103
998.815
1046.28
101.651
147.179
182.437
206.203
218.101
123.146
177.803
219.772
247.841
261.818
170.784
245.5
302.114
339.522
357.999
251.86
360.023
440.615
493.083
518.753
377.82
536.287
651.925
725.908
761.738
564.261
793.694
956.765
1059
1108.06
75.0881
109.074
135.654
153.737
162.848
69.7715
101.425
126.236
143.151
151.686
94.3959
136.806
169.742
191.997
203.156
90.2811
130.932
162.566
183.982
194.735
138
199.287
246.358
277.834
293.501
137.226
198.295
245.284
276.754
292.434
214.574
308.44
379.513
426.409
449.537
221.985
319.247
392.979
441.667
465.685
336.268
480.43
587.554
657.038
690.915
355.805
508.504
622.009
695.601
731.449
513.002
727
882.127
980.609
1028
531.526
754.066
915.672
1018.23
1067.49
801.598
1117.59
1336.45
1471.11
1535.34
1200.82
1642.8
1933.42
2107.55
2191.54
1774.28
2361.8
2720.91
2932.96
3042.69
2580.53
3301.84
3699.28
3942.05
4097.68
3495.04
4257.66
4625.6
4884.31
5123.17
4134.53
4885.39
5210.89
5477.08
5786.63
829.962
1153.69
1376.15
1512.54
1577.66
1192.32
1632.24
1922
2095.84
2179.56
1662.45
2232.32
2588.51
2799.13
2904.52
2219.02
2911.89
3319.36
3561.14
3693.33
2759.65
3538.36
3969.87
4233.21
4397.13
3106.88
3927.97
4366.89
4642.93
4831.11
32.8348
41.1205
58.8195
89.1783
137.797
212.814
38.7475
47.9713
67.4609
100.292
151.184
226.509
28.6041
26.5905
36.8115
35.2587
54.6378
54.4357
85.8335
89.058
135.69
144.037
209.429
219.233
325.344
488.479
725.564
1070.06
1489.54
1796.93
333.831
480.402
672.118
903.314
1134.59
1285.26
87.3259
126.712
157.417
178.242
188.714
109.242
158.231
196.218
221.857
234.707
155.96
225.187
278.362
313.946
331.676
235.841
339.093
417.421
469.26
494.903
363.129
519.177
635.64
711.668
748.969
557.979
791.459
961.892
1071.28
1124.52
102.938
149.096
184.883
209.033
221.135
127.277
183.961
227.64
256.956
271.594
178.573
257.143
317.027
356.834
376.585
264.661
379.236
465.323
521.855
549.695
397.362
565.796
690.094
770.553
809.867
592.159
836.19
1012.18
1124.23
1178.61
76.1381
110.631
137.633
156.019
165.289
70.8094
102.963
128.188
145.401
154.092
97.8818
141.98
176.324
199.595
211.289
93.7914
136.138
169.183
191.616
202.902
145.018
209.728
259.669
293.228
309.994
144.539
209.167
259.136
292.765
309.582
227.268
327.392
403.758
454.526
479.705
235.891
340.003
419.525
472.446
498.707
358.13
513.26
629.795
706.244
743.84
380.312
545.367
669.515
751.007
791.083
550.394
783.487
955.211
1066.1
1120.15
576.734
822.181
1003.6
1120.92
1178.09
846.437
1186.54
1427.11
1578.46
1651.83
1255.76
1729.54
2050.04
2247.88
2345.18
1831.1
2456.07
2852.56
3095.62
3223.44
2623.9
3381.9
3818.83
4096.45
4273.98
3517.05
4306.76
4705.25
4992.65
5251.57
4140.36
4901.22
5238.24
5515.67
5833.57
866.381
1209.91
1450.38
1600.69
1673.48
1234.48
1698.73
2011.38
2203.41
2297.34
1704.53
2300.95
2683.26
2915.34
3033.12
2253.18
2970.59
3403.43
3666.88
3812.08
2780.57
3576.73
4027
4306.98
4481.36
3113.69
3941.11
4386.97
4669.31
4861.56
4599.78
2856.21
461.666
307.042
360.911
295.579
402.906
4047.74
3719.82
2232.23
2870.02
1132.2
1658.56
876.252
1013.29
791.25
3797.71
1832.74
1003.78
861.893
1201.79
1003.84
717.672
648.942
580.405
484.349
746.23
652.684
4170.14
2331.02
2712.98
1561.12
1200.38
1856.78
731.871
505.71
833.36
8984.91
8357.7
7814.18
8014.06
12073.6
6063.42
6421.6
6450.33
6698.1
7413.93
1191.91
1652
1968.39
2165.06
2261.29
801.833
1130.33
1365.97
1515.33
1587.68
943.316
1331.14
1609.36
1785.06
1869.63
774.318
1096.61
1330.36
1479.32
1551.37
1048.32
1469.37
1766.41
1952.41
2042.09
8520.23
8745.58
8488.02
8691.19
12563.9
8004.03
8388.17
8298.96
8499.94
9449.54
5094.91
5966.56
6340.99
6641.72
7034.2
6556.13
7329.43
7419.42
7594.49
7851.68
2800.28
3650.75
4147.94
4440.49
4597.97
3946.63
4880.66
5352.18
5638.49
5831.92
2215.02
2975.6
3453.55
3735.02
3873.08
2540.03
3370.87
3874.28
4165.67
4310.13
2015.49
2736.51
3201.02
3475.59
3607.1
7958.54
8161.89
7948.15
8193.23
12040.2
4265.85
5131.46
5551.5
5874.07
6245.47
2503.45
3302.06
3785.53
4076.97
4236.54
2165.79
2887.94
3339.58
3615.49
3764.03
2932.48
3757.94
4230.8
4534.31
4742.79
2487.91
3254.32
3713.27
4000.89
4173
1813.81
2438.57
2838.38
3085.01
3215.23
1658.27
2263.52
2663.05
2907.26
3028.78
1498.96
2077.02
2471.08
2711.59
2826.49
1256.51
1753.08
2098.5
2312.39
2415
1901.58
2584.63
3028.68
3295.59
3426.82
1670.94
2286.86
2695.49
2944.35
3066.73
8384.15
8120.29
7713.89
7941.57
11897.6
5122.59
5699.14
5897.28
6185.1
6749.5
6121.86
6806.67
6890.46
7211.26
8404.47
3676.09
4488.69
4900.02
5207.95
5507.9
2920.23
3724.13
4178.14
4477.29
4688.38
4299.29
5138.27
5539.39
5870.02
6275.7
1852.72
2496.26
2909.47
3163.28
3295.69
1306.02
1810.52
2156.71
2370.73
2474.65
2095.02
2795.29
3234.54
3504.57
3650.59
4954.1
4795.95
4498.09
3979.79
3069.91
1245.69
20965.8
21238.8
23566.5
24495
20187
21124.6
22256.4
21239
17595.4
23183.2
18157
23612
20764.5
18572.7
30364.2
19897.5
20004.6
21965
22600.2
18801.8
19736.1
21028.4
20294.7
17391
28015.6
17841.4
27533.6
20880.6
22980.2
32542.4
18588.8
18548.1
19849.2
20187.2
17621
19056.4
19318.1
19176.7
19781.5
24231.3
20526.3
24052.8
22557.3
25346.8
28734.7
17263.8
17247.2
17742.5
17888.5
16724.2
18403.8
17411.7
17592.8
18090.6
20673
18787.1
19929.9
20072.6
22082.4
24047.9
15937.5
15958.9
16185.9
16232.2
16004.3
17800.3
16018.6
16388.8
16728
16428.1
17441.6
15539.3
17897.9
17728.3
19055.5
15270.2
15346.1
15101.6
15107.6
15290.2
16663
15079.1
15357.9
15636.1
13607.7
16101
13135.8
16209.5
14876.8
16685
22467.5
21428
24087.9
25523.8
20408.6
20137.4
22126.8
20834
19206.2
13621.5
19075
13675.2
16775.5
15025.7
17709.6
20840.7
20077.9
21897.1
22861.6
19412.9
19341.3
20560.1
19471.1
17310.7
12728.7
17220.6
12815.3
14889.5
13071.9
15810.4
18603.8
18134.2
19171.6
19669.5
17712.5
17648.1
18458.8
17749.9
15773.1
11900.7
15478
11665.6
13663.8
11399.6
14837.8
16229.1
15944.4
16816.2
17068.2
15636.8
15498.6
16512
15926
13986.7
11410.1
13809.1
11174.8
12333.2
10861.9
14144.9
14702.6
14502.7
15299
15444.5
14101.4
13965
15168.7
14745.7
12993.1
11597.4
12863.5
11474.1
11756.9
10844.4
13834.3
13587.6
13410.4
14317.1
14423
13125.6
13222.9
14176.2
13942.5
12402.3
11691.5
12344.3
11644.6
11411.4
10982.4
13919.5
12824.9
7281.73
20955.6
13845.9
22986.2
17065.8
35700.7
44782.8
47131.9
58200.4
30679.5
26767.4
19431.4
15546.4
9522.36
6351.96
21380.4
21416.6
18618.6
21629.5
28846.4
25230.4
33796
26808.9
8871.01
6253.88
4966.62
3740.58
10648
8642.16
6589.18
5445.03
20345
20704
20354
16505.7
15356.7
12418.8
12346.1
14164
19827.9
19884.6
42369.4
43995.5
29449.6
30545.4
17547.7
14806.9
18692.2
13238.9
8705.48
9063.28
7351.02
11207.2
3836.92
4889.88
10197.1
15056.3
6174.17
7483.34
11050.6
20116.5
7768.33
13331.8
2915.8
7843.46
2434.08
5824.46
18643.3
23219.1
19679.9
23388.2
22584.8
22635.4
23441.3
22615.7
17080.6
23410.5
17167.2
22935
19587.7
23388.8
19699
23427.9
23904.9
22493.9
23967.5
22368.1
15921
23617.2
15455.7
23772.7
20360.4
24829.1
25700.3
37242.2
21611.4
29143.1
25506.2
41033.3
19294.2
21651.5
25778.3
35542.8
19119.7
20192.5
26076.1
35200
6860.41
9284
17776.6
32305.9
8431.42
9807.97
22717.1
36238.4
10157.5
10331.6
28116.4
39159.2
26021.7
26763.1
23108.1
23374.5
36286.6
26637.1
26045.1
23404.9
21058.4
42243
24417.5
24887
23108.8
24425.4
47164.6
2503.47
3067.23
5547.46
13758.3
3558.12
4144.19
7545.03
15018.1
5111.32
4357.75
9905.7
16463.9
25661.1
24137.6
23845.8
22228.8
21620.3
18609.1
16878.6
14363.7
12659.2
18605
23707
21910.4
24679.3
23329.3
22330.8
20182.7
19374
16967.2
13316
18313
24918.1
27733
24995.1
28651.9
23401.1
23782.3
23020.1
24251.5
23486.1
23735.2
23252
22951
24867.3
28869.9
24831.5
28934.7
22447.1
24706.8
22334.6
24735.3
23580.2
23681
23629.7
23714.6
20394.7
19324.5
13359.5
15144.2
20317.6
18901.6
13213.4
15457.6
20631.1
19212
13627.1
15093.1
20721.2
19011.2
14049
15064.5
1902.52
1144.94
722.681
1034.08
605.332
544.673
2740.47
1394.24
955.254
1977.85
1439.28
1130.18
2942.86
2055.07
1895.7
3387.31
2497.86
2105.34
21372.9
17555
15149.6
20226
17158.3
15058.6
14878.8
12600.4
11323.4
10714
8278.26
7191.4
5231.16
3376.5
2646.91
19719.3
16525.6
14246.1
20987.4
17276.2
14762.2
16147.6
12361.5
10307.5
10932.3
7678.75
6323.37
5512.73
3313.45
2440.46
28558.6
27477.9
31522.3
27811.2
32600.9
27873.2
39960.4
29771.2
21388.7
21255.6
21222
19385.8
24265.7
22275.5
24043.3
20087.1
23804.2
23306.9
21872.1
23042.8
28268.9
25795
29599.3
30242.4
32691
34036.1
24307.5
25411.2
21782.6
21243.5
26038.6
26853
16182.6
8638
15272.5
9566.13
16471.3
8702.41
15284.3
9493.03
16323.3
8732.3
15343.7
9903.37
15023.2
10366.8
15256.3
10254
21485.1
17894.1
21687.4
18068.1
24106.9
21395.2
24730.1
21418.9
20906.3
14693.8
21490.7
14340.9
22401.3
18098.9
22795.6
17926
25642.4
21391.1
25791.8
21175.3
20900.4
14820.7
20922.5
14737.3
13345.9
8730.13
11357.7
7360.58
12255.1
7782
10806.6
6863.97
13779.1
9286.56
11593
7589.7
13833.4
9594.81
11562.4
7632.37
2488.49
1275.3
4600.58
2596.33
2645.81
1547.08
4891.83
3053.84
3215.92
2287.87
5381.34
3883.87
12468.5
19919
8883.72
8472.1
6149.16
19203.8
12931.4
7358.31
7393.54
5045.16
20396.3
15624
12132.3
9282.32
5993.79
661.878
433.536
1590.93
1186.13
906.607
558.393
2101.97
1625.14
1524.78
1031.27
2897.3
2279.15
18992.9
17410.3
12367.4
11082.4
7731.13
7169.94
6428.56
5323.91
4240.01
3327.52
18126.6
15633.8
13555.8
11095.5
10210.4
8299.39
7614.61
6190.47
5174.09
4609.07
14234.3
10676.2
14513.3
10651
17734.2
14024.8
17939
14154.6
11699.6
8696.04
11216.6
8543.34
14636.7
10616.7
14572.7
10623.5
17997.8
14599.1
17874.8
14607.6
11992.4
8660.54
11975.4
8770.3
8869.24
6787.9
6073.62
5720.05
8458.81
6516.32
5787.57
5343.04
9283.22
6971.61
6240.72
6044.32
9484.5
6969.89
6473.33
6123.83
978.16
813.941
647.939
4219.53
2136.45
1676.15
977.981
916.512
782.007
4706.63
2599.78
2116.06
1406.82
1482.33
1451.39
5381.85
3338.69
2842.7
15028.1
12769.4
11375.4
9622.81
8422.62
7750.72
6563.22
5838.92
5496.63
5200.28
4565.6
4206.9
6344.43
4225.83
3625.91
13084.1
10808.2
9418.46
9046.41
7475.03
6625.79
6965.52
5733.56
5100.92
6169.12
4921.96
4260
7898.18
4815.42
4054.06
4552.46
2542.04
1467.17
862.338
5099.6
2751.96
1545.77
889.388
4578.25
2545.15
1472.45
867.07
5206.76
2813.02
1589.25
914.564
4580.37
2530.86
1504.56
891.583
5318.49
2854.07
1657.68
955.814
5707.64
3008.47
1653.58
941.52
5846.4
3107.03
1679.05
954.407
4865.29
2694.34
1580.35
919.636
4090.58
2408.92
1467.42
873.534
4309.33
2459.26
1493.16
882.847
3800.18
2281.79
1414.88
847.859
5233.86
2867.91
1632.07
938.406
4262.66
2499.19
1497.59
890.866
5429.48
2980.4
1671.15
960.81
4335.25
2561.04
1526.94
910.564
3483.84
2198.63
1352.34
823.14
2416.45
1803.5
1213.03
770.266
3503.36
2195
1355.59
824.639
2518.48
1831.75
1222.5
775.437
3600.79
2206
1379.47
840.567
2805.12
1915.34
1255.65
793.65
3590.36
2172.66
1372.06
862.342
3060.66
1979.65
1303.52
805.053
3412.46
2131.33
1355.03
835.941
1462.28
1498.97
989.154
298.67
528.041
1337.89
905.321
297.854
1644.28
1560.73
1014.64
314.246
724.523
1404.79
927.13
304.825
1995.43
1671.48
1049.21
314.617
1074.64
1518.65
956.93
309.12
2445.29
1809.3
1109.99
341.47
1480.95
1651.81
1003.01
323.451
2783.03
1943.32
1186.55
391.579
1672.57
1764.06
1047.1
336.389
3019.58
2100.32
1219.53
379.247
1628.26
1907.04
1130.43
359.732
2926.55
2032.64
1197.05
377.954
1549.09
1842.67
1088.34
346.417
3064.99
2145.29
1225.81
357.686
1632.81
1957.18
1152.83
361.784
3126.06
2187.02
1250.82
363.017
1719.03
2001.88
1178.61
369.038
549.421
330.57
183.92
90.3496
26.9089
546.845
330.342
184.139
90.4978
26.954
557.33
334.323
185.404
90.9198
27.0581
558.728
335.099
186.073
91.2605
27.1559
573.942
339.226
187.186
91.5956
27.2349
574.126
340.139
188.15
92.0934
27.3783
579.081
345.472
190.78
93.2173
27.6853
591.166
352.573
194.283
94.7387
28.1049
590.069
344.949
189.653
92.6045
27.5063
623.594
351.196
191.301
93.1347
27.6371
592.429
343.317
188.495
92.0628
27.3546
622.53
348.791
190.028
92.5829
27.4854
594.19
349.551
191.977
93.6079
27.7815
634.892
355.627
193.383
94.0282
27.8825
608.198
356.512
195.261
95.0195
28.17
649.65
361.851
196.207
95.2363
28.2151
560.112
331.775
183.833
90.2235
26.8676
582.23
333.353
183.834
90.1504
26.8427
567.902
334.792
184.971
90.6499
26.978
588.84
335.709
184.723
90.4836
26.9288
583.346
339.53
186.646
91.2775
27.1411
602.458
339.782
186.207
91.0451
27.0749
605.311
344.627
188.291
91.8812
27.2976
618.579
344.089
187.844
91.6797
27.2418
625.257
347.216
189.197
92.2275
27.3881
13821.2
21610.1
14299.4
21758.5
14828.9
21733.5
14955
21444.1
13883.4
20046.8
12263.4
13930
12474
14975.7
12230.7
13628.8
12410.6
13724.3
12487.7
2143.75
462.482
104.99
18.787
13931.2
3991.6
978.121
224.439
40.1309
12467.3
2119.33
455.374
103.135
18.4196
13881.9
3940.3
963.912
220.432
39.1169
12310.4
2069.07
442.131
99.9351
17.8376
13675.7
3855.1
940.584
214.763
38.1087
11865
1956.84
415.712
93.9807
16.7952
13175
3692.02
900
205.634
36.5123
10920.6
1757.66
373.619
84.9561
15.2478
12161.7
3422.15
838.819
192.607
34.3046
9246.84
1550.72
341.63
79.2765
14.3848
9476.39
2816
712.064
166.976
30.1326
9774.91
1612.11
350.562
80.7121
14.5783
10304
3052.53
763.603
177.271
31.767
9013.52
1526.45
337.963
78.6713
14.2997
9145.95
2699.99
683.749
161.028
29.1741
8937.95
1507.41
333.492
77.6811
14.1125
9097.44
2665.35
673.282
158.983
28.7722
36511.5
52867.8
51434
35224.6
19856.6
20947.5
29848
31430.2
23803.1
26949.5
38335.3
52986.6
48709.3
65162.5
31569
36276.9
24446.6
26303.7
12687.1
13963.4
4615.63
2860.24
434.666
286.564
323.687
269.725
370.236
4224.83
3848.35
2200.93
2933.42
2599.47
1039.94
1570.66
1296.58
787.901
929.212
714.918
3891.34
1798.81
929.528
804.248
1147.35
961.924
688.406
605.159
511.281
430.405
674.793
596.942
4215.07
2335.65
2738.59
1549.62
1173.12
1838.03
693.28
464.864
785.98
8997.58
8339.01
7767.19
7932.26
11921.6
6063.27
6403.83
6412.74
6639.34
7335.79
1116.35
1533.6
1810.31
1975.91
2054.86
745.544
1044.3
1253.52
1382.8
1444.23
841.849
1177.95
1411.26
1553.32
1619.73
703.761
989.91
1192.2
1317.6
1376.96
958.094
1330.58
1584.05
1736.74
1808.25
8526.33
8138.38
7372.09
7141.74
10339.4
7758.77
7268.79
6459.15
6100.28
6641.4
4854.84
5343.84
5330.55
5313.37
5504.69
6052.16
5892.34
5298.77
4912.43
4841.16
5365.35
5287.22
4768.41
4361.78
4201.01
2505.89
3127.63
3400.53
3513.75
3569.68
3594.17
4160.26
4270.35
4266.61
4294.73
3017.07
3574.35
3718.34
3715.56
3702.3
1950.29
2530.51
2835.35
2979.96
3041.38
2255.78
2843.5
3108.42
3210
3246.63
1784.68
2343.49
2649.27
2796.98
2857.09
7999.95
7880.7
7339.14
7297.64
10660.9
4101.48
4752.95
4944.63
5071.11
5312.78
2276.02
2909.86
3230.5
3390.48
3474.89
1993.86
2598.35
2934.08
3116.12
3210.82
2753.25
3427.37
3744.29
3917.59
4047.4
2358.01
3026.18
3384.42
3587.76
3709.81
1728.01
2296.13
2639.75
2840.15
2943.57
1532.93
2061.52
2387.81
2573.68
2662.4
1307.09
1780.17
2079.5
2247.13
2321.87
1108.25
1526.7
1802.99
1964.41
2038.41
1694.52
2247.23
2567.28
2736.36
2813.02
1511.75
2031.43
2349.18
2526.45
2608.94
8413.07
8046.81
7547.48
7667.94
11405.3
5109.67
5637.48
5780.52
6012.58
6529.86
6102.05
6629.18
6541.22
6696.57
7722.92
3624.01
4370.57
4707.2
4946
5198.23
2828.61
3550.78
3916.86
4139.27
4302.28
4197.25
4888.07
5123.37
5305.21
5607.61
1740.06
2310.37
2651.74
2847.17
2946.1
1191.63
1631.28
1917.74
2085.35
2163.67
1954.27
2558.81
2903.21
3095.87
3197.26
20803.8
13880.7
21372
15447.7
27305.9
40024
28802.9
40119.2
21818
22812.3
18865.9
22238.7
24255.2
22713.4
31626.2
25348.6
16365.2
15840.3
7957.66
6998.26
17813.3
16763.8
9217.76
7731.17
22223.8
23812.6
22419.9
20162.4
23276.9
15290.3
12339.7
14216.6
20050.2
19964.7
42356.3
44097.6
28956.3
30450.5
18545.2
15045.7
19872.1
13480.5
9716.74
9325.96
17204.2
19392.1
7091.07
7872.5
18852.9
22023.7
8921.35
10022.1
17670.2
25492.9
10212
16150.2
3502.53
8839.13
2557.69
6025.18
19989.5
22641.5
19965.1
23090.3
21147
21244.6
22519.8
21876.9
18755.6
23651.5
21363.6
23335.5
19627.4
23241.1
19693.7
23380.8
23466.5
22133.7
23846.1
22259.2
16524.7
23735.3
15587.8
23804.4
21793.6
26589
26322.2
37930.5
23892.4
31894.5
26557.4
42138.9
19996.8
22549.4
26094.1
35920.3
19315
20453.2
26167.2
35319.4
23789.3
25621.7
30557.2
46083.7
23733.5
24091.1
32698.4
46589.3
23005.8
22422.7
34916.3
45753
20146.9
20299.8
22420.6
24924.9
39377.1
19371.1
18673.5
23750.8
22503.5
45465.7
20212.1
21818.2
22524.6
25682.2
48627.7
13071.7
11647.6
12844.9
17295.5
14339.1
12817.5
13293.9
17698.5
15901
13398.3
13806.8
17907.4
18410.3
17105.4
17828.1
16786.4
21648.1
19541.2
18388.5
16142.7
14362.7
18540.8
19571.2
18727.6
21460.6
21024.8
21412.9
19686.3
20227.5
17690.1
14046.9
17759.2
23538.8
26203.4
24377.7
27883.4
21532.3
22083.4
22174.5
23440.9
23313.4
23417.7
22864.5
22406.7
24586.9
28525.9
24750.3
28837.3
22068.5
24329.2
22225.1
24627.8
23495.6
23536.7
23602.5
23673.9
20564.5
19337.7
13592.2
15219.4
20656.8
18980.2
13672.1
15527.6
20709.3
19219.6
13739.7
15144.7
20743.4
19013.9
14084.7
15082
10450.1
10650.9
4727.41
4280.52
11649.9
11180
5235.21
4944.59
11295.1
10357.3
5903
5620.15
16242.6
15291.7
16469.4
16158.3
17110.8
16140.2
13401.1
11606.4
7038.69
5624.39
18224.1
16910.6
20343.6
18926.8
16879
15056.3
12622.4
10370.3
6405.02
4539.11
23195.8
21648.3
29273.9
25000.7
26555.6
23195.6
37428.6
27494.4
20885.5
16646.4
23176.9
17759.6
20659.9
16937.9
23245.9
18050.1
21638.7
18692.8
19327.2
17559.4
21180.3
22999.5
28256.7
29850.5
31705.9
33775
23034.3
24992.2
20610.6
20913.3
24440.9
26319.4
13155.4
9433.91
13781.3
9720.61
13458.6
9366.78
14028
9603.04
13410.5
9251.33
14084.7
9866.62
14256.6
10248.8
14991.2
10203.7
17504.7
16598
19743.4
17265.3
20608.9
19442.3
22940.1
20357.7
18951.5
14306.9
17610.9
13934.3
21453.8
17673.1
22518
17796.6
24816.4
20868.7
25561
21020
19913
14580.4
20626.1
14661.1
12808.7
8948.28
11404.8
7609.07
11992.8
8560.11
11180.2
7465.22
13397.4
9319.61
11564.5
7689.37
13705.1
9591.86
11548.4
7662.2
12317.3
11956.2
8736.74
7940.29
12448.2
12089.8
8602.15
7875.55
12403.4
11662.2
8409.1
7821.8
15014.5
18288.5
15381.7
11118.9
8130.34
16818.7
15277.2
16452.7
10961.1
7792.93
18645.9
15910
13597.3
11060.9
7314.61
11716.7
11716
7592.84
7696.57
11690
11522.1
7548.99
7607.66
11022.9
10625.6
7320.86
7067.15
16275.7
14813.8
14158.9
12940.4
14032.4
13579.2
10563.7
10410.6
7171.22
6699.06
16500.9
14456
14210
12172.7
12214.5
10783.2
9989.18
9114
6694.79
6474.8
14008.5
11071.6
14216.6
10722.3
16625.8
13432.6
17281.8
13799.2
11761.2
9073.95
11711.8
9579.18
14442
10613
14510
10615.8
17668.8
14408.8
17776.7
14550.6
11952.2
8785.67
11951.4
8794.71
9190.97
7323.72
6422.77
6224.86
9336.01
7780.01
6545.18
6445.14
9382.02
7173.98
6387.43
6284.74
9506.9
7021.92
6518.43
6193.57
12820.8
12551.2
15692.8
13463.7
12493.4
12249.7
15074.9
12872.3
11139.9
11228.9
13909.3
11956.9
13747.1
12849.8
11921.1
11281.8
12949.6
12772.6
10959.2
10501.1
12768.1
10804.1
12763.3
11637.7
10728.8
10074.3
10093.6
9879.16
9925.17
9335.94
12188.2
9643.8
5625.03
3190.13
1802.95
1034.75
5833.82
3287.75
1847.68
1049.41
5544.44
3143.1
1778.22
1022.81
5802.86
3267.89
1848.51
1053.57
5406.27
3055.35
1776.91
1031.19
5773.36
3217.45
1875.47
1075.47
5952.07
3230.67
1793.55
1020.55
5924.22
3183
1726.18
981.604
5268.36
2985.43
1757.89
1021.11
4374.72
2620.82
1597.29
950.229
4998.04
2889.82
1733.95
1012.98
4291.7
2615.92
1595.67
944.979
5440.61
3036.79
1740.46
1001.88
4409.04
2616.73
1576.28
940.674
5490.98
3035.92
1707.7
982.641
4380.22
2598.87
1553.33
927.515
5213.09
3014.8
1737.76
1013.15
4592.03
2767.88
1649.17
977.134
5102.47
2964.49
1717.05
1001.67
4518.63
2739.36
1634.73
971.732
4961.23
2888.21
1705.99
1001.84
4478.77
2706.38
1623.06
968.462
4630.8
2742.78
1653.46
1004.6
4357.2
2648.51
1618.14
950.667
4177.19
2596.51
1586.66
950.235
3768.05
2526.95
1404.46
399.05
2590.37
2378.88
1334.15
412.093
3778.75
2524.65
1409.18
412.623
2660.6
2378.62
1334.23
414.275
3821.81
2512.56
1396.28
398.543
2778.52
2369.39
1318.89
406.374
3780.07
2482.53
1410.27
417.893
2762.08
2341.55
1311.52
408.245
3591.77
2422.58
1425.95
461.725
2425.06
2275.57
1294.37
407.131
3255.74
2292.86
1347.12
421.498
1799.25
2116.03
1253.62
398.741
3371.52
2346.51
1379.46
433.84
1921.15
2183.37
1269.37
400.641
3179.07
2249.04
1300.45
382.79
1702.75
2067.47
1222.6
384.54
3158.73
2219.67
1275.1
371.318
1735.95
2035.71
1200.78
376.374
646.14
379.165
206.685
100.074
29.5799
635.321
376.38
205.993
99.8799
29.5351
645.921
378.35
206.029
99.7355
29.4806
635.924
374.944
204.986
99.387
29.3928
654.293
377.971
205.27
99.3232
29.3589
639.224
373.069
203.763
98.8047
29.2264
623.193
368.176
201.616
97.8911
28.9741
607.275
361.086
198.375
96.5095
28.5938
648.96
374.631
203.592
98.5801
29.1509
678.232
377.476
203.52
98.3611
29.0751
667.556
378.737
204.914
99.0703
29.2805
693.385
380.55
204.645
98.813
29.1975
632.694
369.763
201.568
97.7371
28.9198
670.001
373.297
201.687
97.5964
28.8659
621.434
363.473
198.589
96.4575
28.567
661.637
367.971
199.103
96.485
28.5597
670.128
383.509
207.555
100.284
29.6252
709.979
387.574
208.182
100.421
29.6536
672.046
383.139
207.124
100.05
29.5552
711.031
387.182
207.842
100.242
29.6003
679.242
382.8
206.435
99.6793
29.446
714.471
386.404
207.176
99.9083
29.5033
694.103
383.11
205.817
99.3233
29.3399
719.477
384.891
206.276
99.4899
29.3838
709.292
382.562
205.33
99.0858
29.2712
15335.2
20475.2
15393.3
20456.2
15437.2
20314.5
15003.1
19886.6
13788.3
18667.3
12326.5
13907.3
12547.2
14767.7
12272.8
13645.5
12425.3
13733.5
12258.4
2066.37
443.788
100.9
18.1017
13193.2
3808.01
936.25
215.547
38.654
12159
2037.87
436.779
99.1589
17.7609
13090.5
3752.47
922.273
211.77
37.7047
11907.4
1984.59
424.261
96.2357
17.2338
12843.9
3666.77
900.394
206.611
36.7969
11427.2
1879.55
400.353
90.8768
16.2935
12381.1
3519.47
864.242
198.508
35.3772
10597.8
1704.39
363.043
82.7925
14.895
11552.7
3289.77
811.171
187.062
33.4193
9210.9
1541.14
338.951
78.6106
14.2649
9417.38
2789.28
704.405
165.153
29.8143
9656.71
1587.51
344.817
79.4302
14.3602
10097.1
2984.67
747.17
173.739
31.1848
9007.64
1523.44
336.895
78.3731
14.2428
9136.97
2692.13
680.929
160.27
29.0324
8938.34
1506.79
333.216
77.5973
14.0959
9097.93
2663.95
672.625
158.786
28.7334
36130.9
52776.4
50896.1
34005.8
26083.7
31784.7
25004
31508.2
29834.6
48824.4
31984.5
50432.1
32.4127
39.7523
56.1699
84.6336
130.407
201.308
38.2667
46.438
64.578
95.5677
144.001
216.315
28.2111
26.2019
35.5144
33.952
52.0325
51.7202
81.1337
83.909
127.628
135.01
195.699
202.606
309.071
468.91
706.119
1056.71
1484.5
1796.15
320.645
465.362
657.486
891.951
1128.07
1283.22
86.1861
125.019
155.261
175.752
186.048
105.55
152.741
189.222
213.77
226.044
148.798
214.513
264.731
298.159
314.75
223.529
320.678
393.82
441.851
465.471
343.041
488.964
596.711
666.269
700.107
526.535
743.792
900.011
998.708
1046.16
101.639
147.162
182.415
206.177
218.074
123.132
177.782
219.746
247.811
261.787
170.766
245.473
302.08
339.482
357.956
251.835
359.985
440.566
493.027
518.693
377.784
536.233
651.856
725.828
761.653
564.211
793.619
956.668
1058.89
1107.93
75.0789
109.06
135.637
153.717
162.827
69.7629
101.412
126.22
143.132
151.666
94.3847
136.79
169.721
191.973
203.131
90.2703
130.916
162.546
183.959
194.71
137.984
199.264
246.329
277.801
293.465
137.211
198.272
245.255
276.721
292.398
214.551
308.407
379.471
426.36
449.484
221.961
319.212
392.934
441.616
465.63
336.235
480.38
587.49
656.964
690.837
355.769
508.451
621.942
695.524
731.366
512.954
726.928
882.036
980.502
1027.88
531.476
753.991
915.577
1018.12
1067.37
801.531
1117.49
1336.31
1470.96
1535.17
1200.73
1642.66
1933.24
2107.34
2191.31
1774.16
2361.62
2720.67
2932.67
3042.36
2580.39
3301.61
3698.96
3941.66
4097.25
3494.86
4257.39
4625.23
4883.84
5122.63
4134.34
4885.09
5210.49
5476.57
5786.03
829.893
1153.58
1376.02
1512.38
1577.49
1192.23
1632.1
1921.82
2095.63
2179.33
1662.33
2232.14
2588.28
2798.86
2904.22
2218.88
2911.67
3319.08
3560.8
3692.94
2759.49
3538.11
3969.54
4232.81
4396.68
3106.71
3927.7
4366.53
4642.5
4830.62
32.8309
41.1158
58.8131
89.1692
137.783
212.795
38.7431
47.966
67.4538
100.282
151.17
226.489
28.6007
26.5873
36.8072
35.2545
54.6317
54.4296
85.8246
89.0488
135.676
144.023
209.41
219.214
325.317
488.443
725.517
1070
1489.47
1796.85
333.805
480.366
672.073
903.259
1134.53
1285.2
87.3155
126.697
157.398
178.22
188.69
109.23
158.212
196.195
221.831
234.679
155.943
225.162
278.331
313.91
331.638
235.816
339.057
417.376
469.209
494.849
363.094
519.125
635.576
711.594
748.89
557.929
791.385
961.799
1071.18
1124.4
102.926
149.079
184.861
209.008
221.108
127.262
183.94
227.614
256.926
271.562
178.554
257.115
316.992
356.794
376.542
264.634
379.197
465.274
521.799
549.635
397.325
565.741
690.025
770.474
809.783
592.107
836.113
1012.09
1124.12
1178.49
76.1288
110.617
137.616
155.999
165.268
70.8007
102.95
128.172
145.382
154.072
97.8702
141.964
176.302
199.571
211.263
93.7802
136.122
169.162
191.592
202.877
145.002
209.704
259.64
293.194
309.958
144.523
209.143
259.106
292.73
309.546
227.244
327.357
403.714
454.476
479.652
235.867
339.966
419.479
472.394
498.652
358.095
513.208
629.731
706.17
743.761
380.275
545.313
669.447
750.929
791
550.343
783.413
955.118
1065.99
1120.04
576.682
822.104
1003.5
1120.81
1177.97
846.367
1186.44
1426.98
1578.31
1651.67
1255.67
1729.4
2049.86
2247.68
2344.95
1830.97
2455.88
2852.33
3095.34
3223.14
2623.74
3381.66
3818.52
4096.08
4273.58
3516.86
4306.48
4704.88
4992.21
5251.07
4140.16
4900.92
5237.84
5515.17
5832.99
866.31
1209.81
1450.24
1600.54
1673.32
1234.39
1698.59
2011.2
2203.21
2297.12
1704.41
2300.77
2683.03
2915.07
3032.83
2253.03
2970.37
3403.14
3666.55
3811.72
2780.4
3576.48
4026.67
4306.59
4480.93
3113.52
3940.84
4386.62
4668.88
4861.08
4599.68
2856.12
461.631
307.016
360.882
295.554
402.874
4047.58
3719.7
2232.13
2869.93
1132.14
1658.49
876.2
1013.23
791.201
3797.56
1832.65
1003.72
861.839
1201.72
1003.78
717.624
648.897
580.364
484.313
746.182
652.64
4170.02
2330.93
2712.88
1561.04
1200.32
1856.69
731.823
505.673
833.307
8984.62
8357.26
7813.62
8013.33
12072.3
6063.19
6421.25
6449.86
6697.5
7413.18
1191.82
1651.86
1968.22
2164.87
2261.08
801.765
1130.23
1365.84
1515.19
1587.53
943.238
1331.02
1609.22
1784.9
1869.46
774.251
1096.51
1330.24
1479.18
1551.23
1048.24
1469.25
1766.26
1952.24
2041.9
8519.82
8745.06
8487.46
8690.59
12563.1
8003.72
8387.77
8298.5
8499.45
9448.98
5094.66
5966.22
6340.59
6641.27
7033.72
6555.9
7329.11
7419.06
7594.09
7851.25
2800.12
3650.53
4147.66
4440.17
4597.64
3946.44
4880.4
5351.86
5638.13
5831.54
2214.88
2975.4
3453.31
3734.74
3872.79
2539.88
3370.66
3874.02
4165.37
4309.81
2015.36
2736.32
3200.78
3475.33
3606.82
7958.15
8161.38
7947.59
8192.6
12039.2
4265.62
5131.14
5551.12
5873.63
6244.99
2503.29
3301.84
3785.26
4076.66
4236.22
2165.65
2887.74
3339.32
3615.2
3763.72
2932.3
3757.69
4230.49
4533.96
4742.41
2487.76
3254.1
3712.98
4000.56
4172.65
1813.69
2438.38
2838.15
3084.74
3214.94
1658.15
2263.35
2662.84
2907.02
3028.51
1498.85
2076.87
2470.88
2711.37
2826.25
1256.41
1752.94
2098.33
2312.19
2414.79
1901.45
2584.45
3028.46
3295.33
3426.55
1670.83
2286.69
2695.28
2944.1
3066.47
8383.83
8119.83
7713.33
7940.9
11896.4
5122.35
5698.8
5896.84
6184.57
6748.86
6121.56
6806.26
6889.96
7210.69
8403.75
3675.89
4488.4
4899.64
5207.51
5507.4
2920.06
3723.87
4177.82
4476.92
4687.97
4299.06
5137.95
5539
5869.56
6275.18
1852.6
2496.08
2909.24
3163.01
3295.41
1305.93
1810.38
2156.53
2370.53
2474.43
2094.88
2795.09
3234.28
3504.29
3650.29
4953.76
4795.62
4497.8
3979.55
3069.75
1245.62
20956.7
21241.3
23560.9
24531.7
20187.8
21125
22252.9
21237
17549.5
23153.3
18165
23605.2
20768
18573.6
30364.5
19890.8
20007.7
21962.4
22627
18803
19736.9
21026.3
20293.3
17348.2
28011
17848.7
27526.2
20883
22979.2
32540.1
18587.8
18550.4
19849.2
20202.4
17621.8
19056.8
19317.6
19176
19762.8
24234.8
20526.8
24050.2
22556.8
25345.1
28731
17263.5
17249.1
17743.3
17895.8
16724.5
18403.9
17411.9
17592.6
18070.1
20661.6
18786.9
19931.2
20071.9
22081.4
24044.5
15936.7
15960.5
16186.9
16235.4
16004.5
17800.3
16019
16388.8
16720.5
16430.1
17441.4
15546.1
17897.5
17727.8
19053
15270.2
15347.8
15102.7
15109.1
15290.6
16663
15079.6
15358.1
15637.7
13619.3
16101.4
13140.7
16209.4
14876.7
16683.1
22514
21426.2
24080.5
25583.9
20405.5
20134.7
22121.9
20831
19238
13636
19074.3
13671.1
16773.4
15023.9
17706.7
20876.9
20077.9
21893.6
22903.9
19410.9
19339.3
20557
19469
17333.1
12742.2
17220.2
12812.5
14888.2
13070.7
15808.1
18626.2
18135.9
19171.4
19692.4
17712
17647
18457.8
17748.8
15789.1
11911.2
15479
11666.9
13663.4
11399.2
14836.1
16242.3
15946.3
16817
17079.9
15637
15498.3
16512.1
15925.7
14000
11419.5
13810.2
11177.1
12333.3
10861.9
14143.7
14711.4
14504.5
15300
15451.3
14101.8
13965
15169.1
14745.7
13001.7
11616.5
12864.5
11479.2
11757
10844.4
13832.9
13594.4
13411.7
14318
14427.8
13125.9
13223
14176.6
13942.6
12409
11716.6
12344.6
11647.5
11411.2
10982.4
13917.9
)
;

boundaryField
{
    patch1
    {
        type            calculated;
        value           nonuniform List<scalar> 
2440
(
15361.8
28287.4
0
0
0
0
0
0
0
0
15356.7
28268.9
0
0
0
0
0
0
0
0
13029.5
20965
22962.8
35670
47075.9
30623.9
19421.9
9809.41
52852.2
20163.4
29847.4
23770.5
38301.9
48655.7
31524.5
24478.1
13181.2
0
0
0
0
0
0
0
0
0
0
0
0
0
0
0
0
0
0
0
0
0
0
0
0
0
0
0
0
0
0
0
0
0
0
0
52763.7
0
0
0
0
0
0
0
0
0
0
0
0
0
0
0
0
0
0
0
0
0
0
0
0
0
0
0
0
0
0
0
0
0
0
0
0
0
0
0
0
0
0
0
0
0
0
0
0
0
0
0
0
0
0
0
0
0
12824.9
20955.6
22986.2
35700.7
47131.9
30679.5
19431.4
9522.36
52857.7
19856.6
29848
23803.1
38335.3
48709.3
31569
24446.6
12687.1
0
0
0
0
0
0
0
0
0
0
0
0
0
0
0
0
0
0
0
0
0
0
0
0
0
0
0
0
0
0
0
0
0
0
0
52765.9
0
0
0
0
0
0
0
0
0
0
0
0
0
0
0
0
0
0
0
0
0
0
0
0
0
0
0
0
0
0
0
0
0
0
0
0
0
0
0
0
0
0
0
0
0
0
0
0
0
0
0
0
0
0
0
0
0
16505.7
23044.9
0
0
0
0
0
14876.8
16685
10982.4
13919.5
16505.7
23042.8
0
0
0
0
0
14876.7
16683.1
10982.4
13917.9
20710
27907.2
28936.2
23980.1
23088.3
29255.8
29333.6
24023.2
24066.6
19548
15275.1
19039.7
15557.2
19471.9
15239.8
19301.3
15263.1
735.669
550.538
953.694
1128.11
1894.95
2104.04
15149.2
15057.9
11322.5
7190.45
2646.22
14245.8
14761.5
10306.8
6322.7
2440.07
23312.1
659.023
1695.7
782.004
2115.94
1451.25
2842.5
11375.4
7750.94
5496.96
4207.13
3625.95
9418.45
6625.97
5101.14
4260.21
4054.25
0
0
0
0
0
0
0
0
0
0
0
0
0
0
0
0
0
0
0
0
0
0
0
0
0
0
0
0
0
0
0
0
0
0
0
0
0
0
0
0
0
1.24457
-0.480821
1.23355
-0.589679
1.20739
-0.580359
1.15896
-0.550596
1.10449
-0.522341
0.334877
-0.184065
0.714663
-0.365995
0.120826
-0.06817
0.0241239
-0.0124638
36509.5
51433.3
35223.4
21272.8
31467.2
26926.9
52953.9
65106.5
36270.9
26330.4
14515.2
26367
28158
23655.3
22536.4
28906.4
29234.5
23874.9
24024.7
19557.6
15350.4
19116.4
15631.5
19477.7
15291.4
19303.5
15280.7
10634.3
4232.87
11190.9
4944.3
10358.3
5619.9
15291.8
16158.6
16140.9
11606.6
5624.31
16910.8
18927
15056.5
10370.3
4539.04
12542.2
13445.2
12264.5
12875.8
11229.7
11957.2
12849.9
11282.1
12773.2
10501.5
10804.4
11638
10074.6
9879.54
9336.33
9644.22
0
0
0
0
0
0
0
0
0
0
0
0
0
0
0
0
0
0
0
0
0
0
0
0
0
0
0
0
0
0
0
0
0
0
0
0
0
0
0
0
0
1.20697
-0.466721
1.19736
-0.5721
1.1743
-0.564227
1.13115
-0.537454
1.08387
-0.513219
0.331969
-0.183651
0.704905
-0.363327
0.120213
-0.0682353
0.0240587
-0.0125099
36131
50909.3
34012.4
31662.6
31550.4
48947
50167.3
15270.3
15346.1
15101.7
15107.7
15290.2
16663
15079.1
15357.9
15636.1
13607.7
16101
13135.8
16209.5
13587.6
13410.3
14317.1
14423
13125.6
13222.9
14176.2
13942.5
12402.3
11691.5
12344.3
11644.6
11411.4
20704
27907.3
28936.4
23980.7
23088.9
29256
29333.7
24023.8
24067.1
19548.8
15276
19040.7
15558.2
19472.6
15240.6
19302.1
15263.9
722.681
544.673
955.254
1130.18
1895.7
2105.34
15149.6
15058.6
11323.4
7191.4
2646.91
14246.1
14762.2
10307.5
6323.37
2440.46
23306.9
647.939
1676.15
782.007
2116.06
1451.39
2842.7
11375.4
7750.72
5496.63
4206.9
3625.91
9418.46
6625.79
5100.92
4260
4054.06
0
0
0
0
0
0
0
0
0
0
0
0
0
0
0
0
0
0
0
0
0
0
0
0
0
0
0
0
0
0
0
0
0
0
0
0
0
0
0
0
0
1.24312
-0.483993
1.23325
-0.588889
1.20706
-0.580114
1.15879
-0.550512
1.10441
-0.522317
0.33488
-0.184074
0.71465
-0.366009
0.120829
-0.0681733
0.0241247
-0.0124644
36510.8
51442.7
35226
20881.4
31458.7
26957.7
52983.6
65150.6
36315
26290.9
13938.4
26366.9
28157.9
23655.9
22537
28906.3
29234.5
23875.4
24025.2
19558.5
15351.4
19117.4
15632.6
19478.5
15292.2
19304.2
15281.4
10651
4280.49
11180
4944.59
10357.3
5620.15
15291.7
16158.3
16140.2
11606.4
5624.39
16910.6
18926.8
15056.3
10370.3
4539.11
12551.2
13463.7
12249.7
12872.3
11228.9
11956.9
12849.8
11281.8
12772.6
10501.1
10804.1
11637.7
10074.3
9879.16
9335.94
9643.8
0
0
0
0
0
0
0
0
0
0
0
0
0
0
0
0
0
0
0
0
0
0
0
0
0
0
0
0
0
0
0
0
0
0
0
0
0
0
0
0
0
1.20554
-0.469781
1.1971
-0.571349
1.17403
-0.564008
1.13101
-0.537389
1.08382
-0.513208
0.331976
-0.183661
0.704905
-0.363345
0.120217
-0.0682385
0.0240596
-0.0125104
36130
50905.7
34007.6
31758
31533.5
48876.7
50365.3
15270.4
15347.9
15102.8
15109.2
15290.6
16663
15079.6
15358.1
15637.7
13619.3
16101.4
13140.7
16209.4
13594.3
13411.6
14318
14427.8
13125.9
13223
14176.6
13942.6
12409
11716.6
12344.6
11647.5
11411.2
21395.2
6571.52
1245.69
21393.9
6571.32
1245.62
21377.7
21414.4
28832.3
25224.4
9055.8
6386.41
10680.1
8653.49
680.191
877.063
5803.41
6491.4
11826.4
12689.7
26586.3
26366.2
21679.4
602.686
105.595
4445.74
3431.32
8649.72
7012.49
252.105
207.106
199.084
2554.34
1829.56
1442.28
4977.88
3829.32
3403.13
28554
27476.7
32585.7
27867.3
21577
21313.6
24299.7
22306.2
121.42
93.7553
1339.8
1047.37
1498.39
1675.36
14163.2
20851.7
8152.27
101.464
125.223
857.321
703.754
1592.83
1485.91
53.8679
49.9124
55.5634
650.481
617.942
592.745
1584.15
1601.13
1554.27
13883.1
14296
14826.7
14953.6
13882.4
12262.7
12473.1
12230
12409.9
15366.6
15390.3
15435.5
15001.8
13787.3
12325.6
12546.3
12272
12424.5
21380.4
21416.6
28846.4
25230.4
8871.01
6253.88
10648
8642.16
586.667
752.163
5782.69
6474.11
11822.6
12685.3
26586.1
26366.9
21678.5
502.828
7.3692
4460.57
3443.97
8646.35
7011.5
199.646
165.791
168.087
2569.57
1835.88
1443.31
4978.49
3830.38
3404
28558.6
27477.9
32600.9
27873.2
21388.7
21255.6
24265.7
22275.5
105.13
79.3757
1331.34
1039.36
1497.32
1674.51
14163.7
20852.8
8152.06
88.2975
118.674
849.859
698.198
1592.09
1485.1
45.4849
41.5074
46.2558
645.445
615.288
591.013
1583.36
1600.48
1553.83
13821.2
14299.4
14828.9
14955
13883.4
12263.4
12474
12230.7
12410.6
15335.2
15393.3
15437.2
15003.1
13788.3
12326.5
12547.2
12272.8
12425.3
20251.5
14741.9
618.654
344.126
187.863
91.6884
27.2443
625.345
347.256
189.218
92.2369
27.3908
24434.6
26315.4
26194.6
24708.8
26028.4
26845.8
719.477
384.891
206.276
99.4899
29.3838
709.292
382.562
205.33
99.0858
29.2712
4953.76
4795.62
4497.8
3979.55
3069.75
25934
24652.2
24521.1
23349.2
21108.6
18492
21764.7
17850
15442.9
20942.3
17102.2
14775.5
14489.2
11252.4
9566.52
20343.8
18927
16879
15056.5
12622.2
10370.3
6404.83
4539.04
14270.6
10253.5
15027.4
10211.6
5952.41
3230.85
1793.66
1020.62
5924.95
3183.34
1726.36
981.704
623.237
368.205
201.632
97.899
28.9764
607.336
361.122
198.395
96.5189
28.5966
26.5905
35.2587
54.4357
89.058
144.037
219.233
70.8094
102.963
128.188
145.401
154.092
93.7914
136.138
169.183
191.616
202.902
144.539
209.167
259.136
292.765
309.582
235.891
340.003
419.525
472.446
498.707
380.312
545.367
669.515
751.007
791.083
576.734
822.181
1003.6
1120.92
1178.09
580.405
1498.96
2077.02
2471.08
2711.59
2826.49
20987.4
17276.2
14762.2
16147.6
12361.5
10307.5
10932.3
7678.75
6323.37
5512.73
3313.45
2440.46
15036.8
10371.2
15291.5
10260.7
19311.3
17358.1
13210.1
10952.4
6417.69
5561.15
14875.2
12636.6
11228.8
9131.07
8074.55
7402.75
5129.12
4707.26
4427.05
5707.64
3008.47
1653.58
941.52
5846.4
3107.03
1679.05
954.407
579.081
345.472
190.78
93.2173
27.6853
591.166
352.573
194.283
94.7387
28.1049
511.281
1307.09
1780.17
2079.5
2247.13
2321.87
26.2019
33.952
51.7202
83.909
135.01
202.606
69.7629
101.412
126.22
143.132
151.666
90.2703
130.916
162.546
183.959
194.71
137.211
198.272
245.255
276.721
292.398
221.961
319.212
392.934
441.616
465.63
355.769
508.451
621.942
695.524
731.366
531.476
753.991
915.577
1018.12
1067.37
26194.1
24709
26036.6
26849.8
719.497
384.909
206.288
99.4956
29.3855
709.329
382.585
205.344
99.0924
29.2732
4954.1
4795.95
4498.09
3979.79
3069.91
20252.2
14741.6
618.579
344.089
187.844
91.6797
27.2418
625.257
347.216
189.197
92.2275
27.3881
24431.3
26312.4
48463.7
62991.6
32651.1
35885.4
16239.7
18210.8
2247.7
2407.3
0
0
0
0
0
0
0
0
0
0
0
0
0
0
0
21447.8
19459.1
24080.8
20117.4
24312.9
25417.7
15276.6
9559.41
15288.3
9494.71
5101.07
2753.74
1546.8
890.039
5207.63
2813.36
1589.42
914.654
529.111
1339.23
905.782
298.001
724.912
1404.86
927.196
304.846
1074.87
1518.87
957.058
309.161
1481.21
1652.1
1003.18
323.504
1672.86
1764.39
1047.29
336.447
1628.5
1907.37
1130.63
359.794
1549.35
1843.02
1088.54
346.478
1633.02
1957.5
1153.02
361.843
1719.21
2002.16
1178.78
369.092
547.376
330.595
184.239
90.5361
26.964
558.769
335.128
186.089
91.2676
27.1578
623.689
351.24
191.323
93.1449
27.64
622.621
348.833
190.049
92.5926
27.4882
634.989
355.673
193.406
94.0389
27.8856
649.743
361.896
196.23
95.2469
28.2182
582.642
333.499
183.887
90.1697
26.8476
588.851
335.736
184.737
90.4899
26.9305
602.51
339.813
186.224
91.0528
27.0771
21806.8
21882.7
21857
21505.8
20094.5
13969
15005.4
13673.7
13773.8
14024.8
4019.98
986.062
226.318
40.5379
13963.7
3964.9
970.164
221.924
39.5011
13754.4
3878.64
946.519
216.175
38.4774
13253.2
3715.33
905.831
207.013
36.8732
12232.4
3443.82
844.288
193.909
34.6482
9528.77
2832.2
716.14
167.934
30.3884
10358.5
3069.78
767.997
178.32
32.0455
9197.14
2715.61
687.643
161.935
29.4169
9148.81
2681.07
677.239
159.839
29.0148
47272.8
63475.6
26443.6
31339.1
14594.5
16830.9
1693.33
2087.79
323.714
2599.48
1296.62
714.957
841.92
1178.06
1411.39
1553.48
1619.91
5365.43
5287.4
4768.65
4362.05
4201.3
3017.18
3574.54
3718.58
3715.86
3702.62
1784.79
2343.65
2649.48
2797.23
2857.37
0
0
0
0
0
0
0
0
0
0
23146.5
17746.1
23246.9
18052.1
23040.6
24999.5
13768.1
9709.5
14021.3
9599.69
5829.68
3285.95
1846.85
1049.13
5802.23
3267.73
1848.49
1053.58
2579.5
2377.3
1333.78
412.059
2661.28
2378.39
1334.16
414.261
2778.8
2369.35
1318.87
406.377
2762.26
2341.6
1311.55
408.257
2425.22
2275.67
1294.42
407.149
1799.39
2116.21
1253.73
398.774
1921.29
2183.51
1269.45
400.667
1702.89
2067.68
1222.73
384.58
1736.12
2035.96
1200.93
376.422
635.387
376.377
205.966
99.863
29.5299
635.933
374.962
204.997
99.392
29.3941
678.289
377.506
203.536
98.369
29.0774
693.431
380.575
204.66
98.8202
29.1996
670.072
373.332
201.706
97.6054
28.8685
661.722
368.012
199.124
96.4951
28.5626
710.225
387.604
208.177
100.415
29.6517
710.992
387.194
207.85
100.245
29.6012
714.469
386.417
207.185
99.9128
29.5046
20611.2
20554.5
20413.8
19937.3
18708.1
13947.5
14800.1
13690.8
13783.1
13273.5
3834.24
943.795
217.351
39.0482
13166.3
3775.59
928.208
213.199
38.0756
12917.5
3689.08
906.047
207.965
37.1533
12454.9
3541.77
869.84
199.839
35.7279
11620.9
3310.78
816.484
188.33
33.756
9469.66
2805.4
708.45
166.104
30.0683
10151.2
3001.68
751.497
174.77
31.4598
9188.11
2707.72
684.808
161.173
29.2743
9149.27
2679.66
676.578
159.641
28.9757
38.2711
46.4432
64.5848
95.5772
144.015
216.334
320.67
465.395
657.528
892.002
1128.13
1283.28
101.651
147.179
182.437
206.203
218.101
123.146
177.803
219.772
247.841
261.818
170.784
245.5
302.114
339.522
357.999
251.86
360.023
440.615
493.083
518.753
377.82
536.287
651.925
725.908
761.738
564.261
793.694
956.765
1059
1108.06
829.962
1153.69
1376.15
1512.54
1577.66
1192.32
1632.24
1922
2095.84
2179.56
1662.45
2232.32
2588.51
2799.13
2904.52
2219.02
2911.89
3319.36
3561.14
3693.33
2759.65
3538.36
3969.87
4233.21
4397.13
3106.88
3927.97
4366.89
4642.93
4831.11
38.7475
47.9713
67.4609
100.292
151.184
226.509
333.831
480.402
672.118
903.314
1134.59
1285.26
102.938
149.096
184.883
209.033
221.135
127.277
183.961
227.64
256.956
271.594
178.573
257.143
317.027
356.834
376.585
264.661
379.236
465.323
521.855
549.695
397.362
565.796
690.094
770.553
809.867
592.159
836.19
1012.18
1124.23
1178.61
866.381
1209.91
1450.38
1600.69
1673.48
1234.48
1698.73
2011.38
2203.41
2297.34
1704.53
2300.95
2683.26
2915.34
3033.12
2253.18
2970.59
3403.43
3666.88
3812.08
2780.57
3576.73
4027
4306.98
4481.36
3113.69
3941.11
4386.97
4669.31
4861.56
360.911
2870.02
791.25
943.316
1331.14
1609.36
1785.06
1869.63
6556.13
7329.43
7419.42
7594.49
7851.68
2015.49
2736.51
3201.02
3475.59
3607.1
48520.3
63018.7
32713.1
35886.4
16251.6
18264.2
1533.88
1643.01
0
0
0
0
0
0
0
0
0
0
0
0
0
0
0
21223.2
19388.2
24043.3
20087.7
24310.7
25416.6
15272.5
9566.19
15271.1
9490.47
5099.6
2751.96
1545.77
889.388
5206.76
2813.02
1589.25
914.564
528.041
1337.89
905.321
297.854
724.523
1404.79
927.13
304.825
1074.64
1518.65
956.93
309.12
1480.95
1651.81
1003.01
323.451
1672.57
1764.06
1047.1
336.389
1628.26
1907.04
1130.43
359.732
1549.09
1842.67
1088.34
346.417
1632.81
1957.18
1152.83
361.784
1719.03
2001.88
1178.61
369.038
546.845
330.342
184.139
90.4978
26.954
558.728
335.099
186.073
91.2605
27.1559
623.594
351.196
191.301
93.1347
27.6371
622.53
348.791
190.028
92.5829
27.4854
634.892
355.627
193.383
94.0282
27.8825
649.65
361.851
196.207
95.2363
28.2151
582.23
333.353
183.834
90.1504
26.8427
588.84
335.709
184.723
90.4836
26.9288
602.458
339.782
186.207
91.0451
27.0749
21736.5
21885.9
21858.4
21506.7
20095.3
13969.8
15006.2
13674.4
13774.5
14010
4013.01
983.876
225.769
40.4351
13961.5
3964.01
969.834
221.827
39.4817
13753.8
3878.36
946.399
216.135
38.4685
13253.3
3715.28
905.791
206.997
36.8692
12232.8
3443.86
844.285
193.904
34.6467
9529.25
2832.32
716.167
167.94
30.3892
10359
3069.88
768.015
178.322
32.0455
9197.61
2715.74
687.675
161.942
29.418
9149.29
2681.21
677.272
159.847
29.0161
47327.5
63521.6
26492
31389.8
14546.9
16775.1
1138.36
1407.68
323.687
2599.47
1296.58
714.918
841.849
1177.95
1411.26
1553.32
1619.73
5365.35
5287.22
4768.41
4361.78
4201.01
3017.07
3574.35
3718.34
3715.56
3702.3
1784.68
2343.49
2649.27
2796.98
2857.09
0
0
0
0
0
0
0
0
0
0
23182
17763.2
23246
18050.7
23037.1
24997.4
13781.3
9720.66
14020.5
9601.59
5833.82
3287.75
1847.68
1049.41
5802.86
3267.89
1848.51
1053.57
2590.37
2378.88
1334.15
412.093
2660.6
2378.62
1334.23
414.275
2778.52
2369.39
1318.89
406.374
2762.08
2341.55
1311.52
408.245
2425.06
2275.57
1294.37
407.131
1799.25
2116.03
1253.62
398.741
1921.15
2183.37
1269.37
400.641
1702.75
2067.47
1222.6
384.54
1735.95
2035.71
1200.78
376.374
635.321
376.38
205.993
99.8799
29.5351
635.924
374.944
204.986
99.387
29.3928
678.232
377.476
203.52
98.3611
29.0751
693.385
380.55
204.645
98.813
29.1975
670.001
373.297
201.687
97.5964
28.8659
661.637
367.971
199.103
96.485
28.5597
709.979
387.574
208.182
100.421
29.6536
711.031
387.182
207.842
100.242
29.6003
714.471
386.404
207.176
99.9083
29.5033
20575.1
20557.1
20415.1
19938.3
18709
13948.4
14801
13691.6
13783.8
13267.6
3828.46
941.786
216.831
38.9493
13165.5
3775.12
927.963
213.117
38.0586
12917.6
3689.04
905.987
207.937
37.1464
12455.3
3541.85
869.839
199.831
35.7253
11621.5
3310.91
816.505
188.331
33.7555
9470.21
2805.55
708.486
166.112
30.0694
10151.7
3001.83
751.528
174.776
31.4604
9188.63
2707.87
684.844
161.181
29.2756
9149.77
2679.8
676.613
159.649
28.9771
38.2667
46.438
64.578
95.5677
144.001
216.315
320.645
465.362
657.486
891.951
1128.07
1283.22
101.639
147.162
182.415
206.177
218.074
123.132
177.782
219.746
247.811
261.787
170.766
245.473
302.08
339.482
357.956
251.835
359.985
440.566
493.027
518.693
377.784
536.233
651.856
725.828
761.653
564.211
793.619
956.668
1058.89
1107.93
829.893
1153.58
1376.02
1512.38
1577.49
1192.23
1632.1
1921.82
2095.63
2179.33
1662.33
2232.14
2588.28
2798.86
2904.22
2218.88
2911.67
3319.08
3560.8
3692.94
2759.49
3538.11
3969.54
4232.81
4396.68
3106.71
3927.7
4366.53
4642.5
4830.62
38.7431
47.966
67.4538
100.282
151.17
226.489
333.805
480.366
672.073
903.259
1134.53
1285.2
102.926
149.079
184.861
209.008
221.108
127.262
183.94
227.614
256.926
271.562
178.554
257.115
316.992
356.794
376.542
264.634
379.197
465.274
521.799
549.635
397.325
565.741
690.025
770.474
809.783
592.107
836.113
1012.09
1124.12
1178.49
866.31
1209.81
1450.24
1600.54
1673.32
1234.39
1698.59
2011.2
2203.21
2297.12
1704.41
2300.77
2683.03
2915.07
3032.83
2253.03
2970.37
3403.14
3666.55
3811.72
2780.4
3576.48
4026.67
4306.59
4480.93
3113.52
3940.84
4386.62
4668.88
4861.08
360.882
2869.93
791.201
943.238
1331.02
1609.22
1784.9
1869.46
6555.9
7329.11
7419.06
7594.09
7851.25
2015.36
2736.32
3200.78
3475.33
3606.82
20987.2
17275.7
14761.5
16147.2
12360.9
10306.8
10931.7
7678.14
6322.7
5512.23
3313
2440.07
15043.4
10375.2
15294.9
10263.1
19311.1
17358.2
13210.5
10952.8
6417.86
5561.49
14875.4
12636.6
11228.8
9131.44
8074.87
7402.99
5129.56
4707.66
4427.36
5709.1
3009
1653.82
941.644
5847.55
3107.5
1679.28
954.527
579.15
345.511
190.801
93.227
27.6881
591.236
352.613
194.304
94.7488
28.1078
511.315
1307.18
1780.32
2079.69
2247.35
2322.11
26.2052
33.9561
51.726
83.9178
135.023
202.625
69.7715
101.425
126.236
143.151
151.686
90.2811
130.932
162.566
183.982
194.735
137.226
198.295
245.284
276.754
292.434
221.985
319.247
392.979
441.667
465.685
355.805
508.504
622.009
695.601
731.449
531.526
754.066
915.672
1018.23
1067.49
25934
24652
24520.6
23348.8
21107.2
18491.1
21764.7
17850.2
15443.3
20942.4
17102.8
14776.2
14489.2
11253
9567.32
20343.6
18926.8
16879
15056.3
12622.4
10370.3
6405.02
4539.11
14269.2
10252.7
15025.4
10210.1
5952.07
3230.67
1793.55
1020.55
5924.22
3183
1726.18
981.604
623.193
368.176
201.616
97.8911
28.9741
607.275
361.086
198.375
96.5095
28.5938
26.5873
35.2545
54.4296
89.0488
144.023
219.214
70.8007
102.95
128.172
145.382
154.072
93.7802
136.122
169.162
191.592
202.877
144.523
209.143
259.106
292.73
309.546
235.867
339.966
419.479
472.394
498.652
380.275
545.313
669.447
750.929
791
576.682
822.104
1003.5
1120.81
1177.97
580.364
1498.85
2076.87
2470.88
2711.37
2826.25
)
;
    }
    patch2
    {
        type            calculated;
        value           nonuniform List<scalar> 
348
(
5001.37
5001.02
5794.55
2974.51
2183.33
3228.52
6498.63
3332.95
2500.84
3693.85
5793.85
2974.19
2183.09
3228.16
6498.09
3332.66
2500.62
3693.54
11800
7817.67
2074.94
1459.41
1635.95
1391.53
1825.87
10022.2
6907.2
5664.57
4887.16
4186.86
3589.94
4323.9
3702.75
3057.6
3256.54
2871.61
10390.4
5472.68
3503.45
3240.44
4105.7
3753.13
2973.61
2685.86
2340
2056.5
2833.16
2630.4
11312.3
6869.47
8267.06
5327.1
4369.66
188.648
229.136
318.912
471.369
708.517
1057.92
221.073
265.299
362.58
525.089
770.548
1120.1
165.131
153.826
205.945
197.424
297.401
296.338
455.265
471.634
699.258
740.269
1039.6
1079.52
1551.17
2212.95
3073.91
4153.68
5234.57
5946.73
1593.76
2200.79
2933
3733.35
4453.9
4901.39
191.335
237.918
336.093
501.269
758.195
1137.66
224.158
275.244
381.495
556.593
819.582
1192.05
167.613
156.273
214.215
205.728
314.176
313.779
485.962
505.234
753.144
800.998
1133.49
1192.18
1670.06
2370.15
3259.7
4336.6
5369.82
5996.68
1691.6
2321.31
3064.99
3855.81
4541.28
4933.1
11951.4
7903.54
2285.73
1605.56
1890.41
1569.1
2064.27
12245.2
9817.98
7259.21
7991.04
4645.5
5906.03
3909.57
4349.22
3640.52
11812.1
6449.13
4285.43
3808.15
4824.05
4230.25
3252.37
3060.75
2855.02
2440.4
3461.26
3098.54
11799.7
7108.18
9010.93
5652.5
4769.9
11798.6
7816.79
2074.71
1459.25
1635.77
1391.38
1825.67
10020.7
6906.34
5663.9
4886.7
4186.56
3589.57
4323.46
3702.42
3057.29
3256.23
2871.32
10388.9
5472.03
3503.08
3240.09
4105.24
3752.72
2973.28
2685.57
2339.75
2056.29
2832.87
2630.12
11310.8
6868.67
8265.98
5326.49
4369.17
188.624
229.108
318.873
471.314
708.436
1057.8
221.045
265.267
362.537
525.028
770.461
1119.98
165.11
153.806
205.92
197.399
297.364
296.302
455.211
471.578
699.177
740.184
1039.48
1079.4
1551
2212.71
3073.58
4153.24
5234
5946.1
1593.58
2200.55
2932.69
3732.96
4453.44
4900.88
191.311
237.889
336.054
501.213
758.114
1137.54
224.131
275.211
381.452
556.532
819.497
1191.92
167.592
156.252
214.189
205.703
314.139
313.742
485.907
505.177
753.064
800.914
1133.37
1192.06
1669.9
2369.93
3259.39
4336.19
5369.3
5996.08
1691.44
2321.09
3064.69
3855.44
4540.83
4932.6
11950.1
7902.71
2285.52
1605.41
1890.23
1568.95
2064.08
12244.3
9817.39
7258.7
7990.6
4645.16
5905.64
3909.27
4348.9
3640.24
11811.1
6448.63
4285.1
3807.83
4823.66
4229.89
3252.08
3060.48
2854.78
2440.18
3460.98
3098.28
11798.5
7107.49
9010.15
5651.99
4769.48
4920.68
2755.48
2101.23
5422.06
3193.17
2497.96
6238.63
3878.9
3143.89
7247.67
4614.2
3769.47
8384.22
5120.96
4105.78
16521.6
14456.7
15964.7
13760
15124.6
12686.1
14289.1
11509.4
13150
10309.4
4905.47
2737.87
2083.49
5420.02
3193.69
2498.47
6237.61
3878.81
3143.99
7246.69
4613.88
3769.36
8383.05
5120.51
4105.56
16545.9
14476.7
15961
13760.9
15123.3
12685.6
14288.2
11508.8
13149.3
10308.9
)
;
    }
    patch3
    {
        type            calculated;
        value           uniform 0;
    }
    patch4
    {
        type            calculated;
        value           nonuniform List<scalar> 
384
(
7058.81
13722.4
17031.3
44727.1
57912
26477.7
15562
6287.07
13878.3
15501.8
40233.9
39798.3
6791.4
13729.1
17015.7
44741.5
57938.8
26477
15592.4
5931.77
13790.1
15528.7
40189.7
39877.9
12353.2
14143.9
42389.3
43943.9
12347.2
14196.1
42385.3
44047.4
12354
14145.5
42396.9
43949.2
12348.4
14197.5
42384.8
44050.7
8692.05
9048.24
9703.34
9311.67
2918.06
7843.7
2442.83
5828.9
3508.18
8844.38
2568.24
6031.63
9697.17
9309.39
8693.26
9049.48
5156.52
3869.52
6591.86
5430.91
17540.4
14797.3
3942.23
5009.92
6149.49
7461.9
8067.64
7106.27
9189.63
7697.75
18531.9
15034.8
7190.74
7985.33
8883.25
9992.72
4984.03
3752.2
6589.22
5446.44
17541.3
14799
3836.92
4889.85
6166.48
7482.41
7976.85
7011.07
9217.81
7732.6
18537
15037.3
7090.89
7872.51
8911.76
10020.4
3504.33
8838.72
2567.23
6029.83
2919.68
7847.42
2443.4
5830.33
63925.7
67971.8
66638.5
69039.7
63933.9
67977.6
66646.3
69046.3
12925.9
5436.54
16990.7
7986.72
23683.2
14429.5
8442.24
6259.35
27695.2
46423.2
34638.7
53832.4
23471.6
43053.9
21660.7
42116.7
20573.9
8317.73
23554.8
10489.5
28785.6
17198.9
9478.61
6478.71
29489.6
47128
37359.3
54855.4
24408.7
43455.9
21936.9
42245.3
12739.3
5309.58
17008.9
8009.66
23693.4
14440.6
8446.5
6261
27700.5
46427
34644.8
53837.1
23475.4
43057.3
21663.8
42119.9
20439.4
8197.31
23576.4
10519.9
28798
17214.4
9484.69
6480.74
29496.8
47132.8
37366.8
54861.1
24413.6
43459.8
21940.2
42248.7
22449.1
47206.5
28015.1
52675.2
35564.2
57009.7
48375
33989.8
59550.6
37291
62104.1
41947.1
62878.6
51289.5
22199.5
46877.3
28038.2
52711.7
35576.1
57023.4
48381.9
33846.2
59367.8
37312.1
62137
41958
62890.3
51296.7
12496.5
12470.9
12311.2
11865
10920.3
9246.37
9774.46
9013.04
8937.46
12259.6
12161
11907.6
11426.8
10597.3
9210.35
9656.15
9007.12
8937.84
12487.7
12467.3
12310.4
11865
10920.6
9246.84
9774.91
9013.52
8937.95
12258.4
12159
11907.4
11427.2
10597.8
9210.89
9656.71
9007.64
8938.34
2157.12
2118.41
2068.96
1956.82
1757.61
1550.65
1612.04
1526.37
1507.33
2078.68
2036.77
1984.37
1879.46
1704.31
1541.05
1587.42
1523.35
1506.7
2143.75
2119.33
2069.07
1956.84
1757.66
1550.72
1612.11
1526.45
1507.41
2066.37
2037.87
1984.59
1879.55
1704.39
1541.14
1587.51
1523.44
1506.79
466.057
455.199
442.115
415.714
373.614
341.616
350.55
337.947
333.476
447.176
436.579
424.221
400.338
363.029
338.934
344.8
336.878
333.198
462.482
455.374
442.131
415.712
373.619
341.63
350.562
337.963
333.492
443.788
436.779
424.261
400.353
363.043
338.951
344.817
336.895
333.216
105.83
103.107
99.9377
93.9844
84.9566
79.2736
80.7103
78.6679
77.6775
101.706
99.1274
96.2334
90.8767
82.7908
78.6069
79.4271
78.3692
77.5935
104.99
103.135
99.9351
93.9807
84.9561
79.2765
80.7121
78.6713
77.6811
100.9
99.1589
96.2357
90.8768
82.7925
78.6106
79.4302
78.3731
77.5973
18.9381
18.4161
17.8389
16.7963
15.2481
14.3844
14.5781
14.2992
14.1119
18.2473
17.7569
17.2343
16.294
14.8949
14.2643
14.3598
14.2422
14.0952
18.787
18.4196
17.8376
16.7952
15.2478
14.3848
14.5783
14.2997
14.1125
18.1017
17.7609
17.2338
16.2935
14.895
14.2649
14.3602
14.2428
14.0959
)
;
    }
}


// ************************************************************************* //
