/*--------------------------------*- C++ -*----------------------------------*\
  =========                 |
  \\      /  F ield         | OpenFOAM: The Open Source CFD Toolbox
   \\    /   O peration     | Website:  https://openfoam.org
    \\  /    A nd           | Version:  11
     \\/     M anipulation  |
\*---------------------------------------------------------------------------*/
FoamFile
{
    format      ascii;
    class       volScalarField;
    location    "5";
    object      k;
}
// * * * * * * * * * * * * * * * * * * * * * * * * * * * * * * * * * * * * * //

dimensions      [0 2 -2 0 0 0 0];

internalField   nonuniform List<scalar> 
2200
(
0.000306987
0.000306987
0.000306987
0.000306987
0.000306987
0.000306987
0.000306987
0.000306987
0.000306987
0.000306987
0.000306987
0.000306987
0.000306987
0.000306987
0.000306987
0.000306987
0.000306987
0.000306987
0.000306987
0.000306987
0.000306987
0.000306987
0.000306987
0.000306987
0.000306987
0.000306987
0.000306987
0.000306987
0.000306987
0.000306987
0.000306987
0.000306987
0.000306987
0.000306987
0.000306987
0.000306987
0.000306987
0.000306987
0.000306987
0.000306987
0.000306987
0.000306987
0.000306987
0.000306987
0.000306987
0.000306987
0.000306987
0.000306987
0.000306987
0.000306987
0.000306987
0.000306987
0.000306987
0.000306987
0.000306987
0.000306987
0.000306987
0.000306987
0.000306987
0.000306987
0.000306987
0.000306987
0.000306987
0.000306987
0.000306987
0.000306987
0.000306987
0.000306987
0.000306987
0.000306987
0.000306987
0.000306987
0.000306987
0.000306987
0.000306987
0.000306987
0.000306987
0.000306987
0.000306987
0.000306987
0.000306987
0.000306987
0.000306987
0.000306987
0.000306987
0.000306987
0.000306987
0.000306987
0.000306987
0.000306987
0.000306987
0.000306987
0.000306987
0.000306987
0.000306987
0.000306987
0.000306987
0.000306987
0.000306987
0.000306987
0.000306987
0.000306987
0.000306987
0.000306987
0.000306987
0.000306987
0.000306987
0.000306987
0.000306987
0.000306987
0.000306987
0.000306987
0.000306987
0.000306987
0.000306987
0.000306987
0.000306987
0.000306987
0.000306987
0.000306987
0.000306987
0.000306987
0.000306987
0.000306987
0.000306987
0.000306987
0.000306987
0.000306987
0.000306987
0.000306987
0.000306987
0.000306987
0.000306987
0.000306987
0.000306987
0.000306987
0.000306987
0.000306987
0.000306987
0.000306987
0.000306987
0.000306987
0.000306987
0.000306987
0.000306987
0.000306987
0.000306987
0.000306987
0.000306987
0.000306987
0.000306987
0.000306987
0.000306987
0.000306987
0.000306987
0.000306987
0.000306987
0.000306987
0.000306987
0.000306987
0.000306987
0.000306987
0.000306987
0.000306987
0.000306987
0.000306987
0.000306987
0.000306987
0.000306987
0.000306987
0.000306987
0.000306987
0.000306987
0.000306987
0.000306987
0.000306987
0.000306987
0.000306987
0.000306987
0.000306987
0.000306987
0.000306987
0.000306987
0.000306987
0.000306987
0.000306987
0.000306987
0.000306987
0.000306987
0.000306987
0.000306987
0.000306987
0.000306987
0.000306987
0.000306987
0.000306987
0.000306987
0.000306987
0.000306987
0.000306987
0.000306987
0.000306987
0.000306987
0.000306987
0.000306987
0.000306987
0.000306987
0.000306987
0.000306987
0.000306987
0.000306987
0.000306987
0.000306987
0.000306987
0.000306987
0.000306987
0.000306987
0.000306987
0.000306987
0.000306987
0.000306987
0.000306987
0.000306987
0.000306987
0.000306987
0.000306987
0.000306987
0.000306987
0.000306987
0.000306987
0.000306987
0.000306987
0.000306987
0.000306987
0.000306987
0.000306987
0.000306987
0.000306987
0.000306987
0.000306987
0.000306987
0.000306987
0.000306987
0.000306987
0.000306987
0.000306987
0.000306987
0.000306987
0.000306987
0.000306987
0.000306987
0.000306987
0.000306987
0.000306987
0.000306987
0.000306987
0.000306987
0.000306987
0.000306987
0.000306987
0.000306987
0.000306987
0.000306987
0.000306987
0.000306987
0.000306987
0.000306987
0.000306987
0.000306987
0.000306987
0.000306987
0.000306987
0.000306987
0.000306987
0.000306987
0.000306987
0.000306987
0.000306987
0.000306987
0.000306987
0.000306987
0.000306987
0.000306987
0.000306987
0.000306987
0.000306987
0.000306987
0.000306987
0.000306987
0.000306987
0.000306987
0.000306987
0.000306987
0.000306987
0.000306987
0.000306987
0.000306987
0.000306987
0.000306987
0.000306987
0.000306987
0.000306987
0.000306987
0.000306987
0.000306987
0.000306987
0.000306987
0.000306987
0.000306987
0.000306987
0.000306987
0.000306987
0.000306987
0.000306987
0.000306987
0.000306987
0.000306987
0.000306987
0.000306987
0.000306987
0.000306987
0.000306987
0.000306987
0.000306987
0.000306987
0.000306987
0.000306987
0.000306987
0.000306987
0.000306987
0.000306987
0.000306987
0.000306987
0.000306987
0.000306987
0.000306987
0.000306987
0.000306987
0.000306987
0.000306987
0.000306987
0.000306987
0.000306987
0.000306987
0.000306987
0.000306987
0.000306987
0.000306987
0.000306987
0.000306987
0.000306987
0.000306987
0.000306987
0.000306987
0.000306987
0.000306987
0.000306987
0.000306987
0.000306987
0.000306987
0.000306987
0.000306987
0.000306987
0.000306987
0.000306987
0.000306987
0.000306987
0.000306987
0.000306987
0.000306987
0.000306987
0.000306987
0.000306987
0.000306987
0.000306987
0.000306987
0.000306987
0.000306987
0.000306987
0.000306987
0.000306987
0.000306987
0.000306987
0.000306987
0.000306987
0.000306987
0.000306987
0.000306987
0.000306987
0.000306987
0.000306987
0.000306987
0.000306987
0.000306987
0.000306987
0.000306987
0.000306987
0.000306987
0.000306987
0.000306987
0.000306987
0.000306987
0.000306987
0.000306987
0.000306987
0.000306987
0.000306987
0.000306987
0.000306987
0.000306987
0.000306987
0.000306987
0.000306987
0.000306987
0.000306987
0.000306987
0.000306987
0.000306987
0.000306987
0.000306987
0.000306987
0.000306987
0.000306987
0.000306987
0.000306987
0.000306987
0.000306987
0.000306987
0.000306987
0.000306987
0.000306987
0.000306987
0.000306987
0.000306987
0.000306987
0.000306987
0.000306987
0.000306987
0.000306987
0.000306987
0.000306987
0.000306987
0.000306987
0.000306987
0.000306987
0.000306987
0.000306987
0.000306987
0.000306987
0.000306987
0.000306987
0.000306987
0.000306987
0.000306987
0.000306987
0.000306987
0.000306987
0.000306987
0.000306987
0.000306987
0.000306988
0.000306987
0.000306987
0.000306987
0.000306987
0.000306987
0.000306987
0.000306987
0.000306987
0.000306986
0.000306988
0.000306988
0.000306988
0.000306987
0.000306987
0.000306987
0.000306987
0.000306987
0.000306986
0.000306984
0.00030699
0.000306989
0.000306988
0.000306988
0.000306987
0.000306987
0.000306987
0.000306986
0.000306982
0.000306979
0.000306996
0.000306993
0.00030699
0.000306988
0.000306988
0.000306988
0.000306987
0.000306983
0.000306974
0.000306963
0.000307011
0.000307003
0.000306995
0.00030699
0.000306989
0.000306989
0.000306987
0.000306976
0.000306952
0.000306924
0.00030705
0.000307028
0.000307006
0.000306995
0.000306992
0.000306993
0.000306988
0.000306962
0.000306901
0.000306831
0.000307144
0.000307087
0.000307033
0.000307006
0.000307
0.000307002
0.000306992
0.000306934
0.00030679
0.000306622
0.000307354
0.000307217
0.000307091
0.000307029
0.000307016
0.000307022
0.000307007
0.000306884
0.000306569
0.000306182
0.000307798
0.000307484
0.000307207
0.000307075
0.000307048
0.000307067
0.000307046
0.000306811
0.000306163
0.000305312
0.000308686
0.000307996
0.000307419
0.000307156
0.000307108
0.000307156
0.00030714
0.000306729
0.000305485
0.000303692
0.000310358
0.0003089
0.000307776
0.000307289
0.00030721
0.000307316
0.000307338
0.000306697
0.000304482
0.000300817
0.000313342
0.000310368
0.000308315
0.000307482
0.000307364
0.000307578
0.000307713
0.000306857
0.000303248
0.000295892
0.000318414
0.000312509
0.000309033
0.000307727
0.000307574
0.000307966
0.000308349
0.000307472
0.000302286
0.00028759
0.000326702
0.000315176
0.000309833
0.000307988
0.000307823
0.000308474
0.000309297
0.000308918
0.000303094
0.000273417
0.000331822
0.000319146
0.000311381
0.000308542
0.000308038
0.000308726
0.00031004
0.000311392
0.000311978
0.000308239
0.000327773
0.000320891
0.000313392
0.000309636
0.000308206
0.000308154
0.000308984
0.000310327
0.000311741
0.000311347
0.000319814
0.000318873
0.000313819
0.000310503
0.000308663
0.000307901
0.000307928
0.000308541
0.000309528
0.000310198
0.000309245
0.000313376
0.000311796
0.000310161
0.000308865
0.00030801
0.000307591
0.000307575
0.000307911
0.000308421
0.000297661
0.000305223
0.000307146
0.000307835
0.000307894
0.000307697
0.00030746
0.000307304
0.000307291
0.000307434
0.000287259
0.000296348
0.000300964
0.000303813
0.000305463
0.000306344
0.000306766
0.000306945
0.000307018
0.000307074
0.000280365
0.000289502
0.000295597
0.000299828
0.00030266
0.000304479
0.000305595
0.000306248
0.000306612
0.000306808
0.000278699
0.000287146
0.000293524
0.000298126
0.000301347
0.000303524
0.000304943
0.000305832
0.000306365
0.000306669
0.000283072
0.000290387
0.00029587
0.000299773
0.000302475
0.000304285
0.00030546
0.000306205
0.000306675
0.000306981
0.000294236
0.000298522
0.000301454
0.000303548
0.000304983
0.000305934
0.000306567
0.000307029
0.000307445
0.000307917
0.00030462
0.000304158
0.000304747
0.000305487
0.000306102
0.000306546
0.000306855
0.000307082
0.000307269
0.000307415
0.000305876
0.000305825
0.000306006
0.000306287
0.000306556
0.000306769
0.000306925
0.000307042
0.000307131
0.000307189
0.000306543
0.000306545
0.000306604
0.000306703
0.000306807
0.000306896
0.000306965
0.000307018
0.000307056
0.000307079
0.00030684
0.000306842
0.000306859
0.000306889
0.000306924
0.000306956
0.000306983
0.000307004
0.000307019
0.000307028
0.000306951
0.000306951
0.000306954
0.000306961
0.00030697
0.00030698
0.000306989
0.000306996
0.000307001
0.000307004
0.000306984
0.000306983
0.000306983
0.000306983
0.000306985
0.000306987
0.000306989
0.000306991
0.000306993
0.000306994
0.000306991
0.00030699
0.000306989
0.000306988
0.000306988
0.000306988
0.000306989
0.000306989
0.00030699
0.00030699
0.00030699
0.00030699
0.000306989
0.000306989
0.000306988
0.000306988
0.000306988
0.000306988
0.000306988
0.000306988
0.000306989
0.000306989
0.000306988
0.000306988
0.000306988
0.000306988
0.000306988
0.000306988
0.000306988
0.000306988
0.000306988
0.000306988
0.000306988
0.000306988
0.000306988
0.000306988
0.000306987
0.000306987
0.000306987
0.000306987
0.000306988
0.000306988
0.000306988
0.000306987
0.000306987
0.000306987
0.000306987
0.000306987
0.000306987
0.000306987
0.000306987
0.000306987
0.000306987
0.000306987
0.000306987
0.000306987
0.000306987
0.000306987
0.000306987
0.000306987
0.000306987
0.000306987
0.000306987
0.000306987
0.000306987
0.000306987
0.000306987
0.000306987
0.000306987
0.000306987
0.000306987
0.000306987
0.000306987
0.000306987
0.000306987
0.000306987
0.000306987
0.000306987
0.000306987
0.000306987
0.000306987
0.000306987
0.000306987
0.000306987
0.000306987
0.000306987
0.000306987
0.000306987
0.000306987
0.000306987
0.000306987
0.000306987
0.000306987
0.000306987
0.000306987
0.000306987
0.000306987
0.000306987
0.000306987
0.000306987
0.000306987
0.000306987
0.000306987
0.000306987
0.000306987
0.000306987
0.000306987
0.000306987
0.000306987
0.000306987
0.000306987
0.000306987
0.000306987
0.000306987
0.000306987
0.000306987
0.000306987
0.000306987
0.000306987
0.000306987
0.000306987
0.000306987
0.000306987
0.000306987
0.000306987
0.000306987
0.000306987
0.000306987
0.000306987
0.000306987
0.000306987
0.000306987
0.000306987
0.000306987
0.000306987
0.000306987
0.000306987
0.000306987
0.000306987
0.000306987
0.000306987
0.000306987
0.000306987
0.000306987
0.000306987
0.000306987
0.000306987
0.000306987
0.000306987
0.000306987
0.000306987
0.000306987
0.000306987
0.000306987
0.000306987
0.000306987
0.000306987
0.000306987
0.000306987
0.000306987
0.000306987
0.000306987
0.000306987
0.000306987
0.000306987
0.000306987
0.000306987
0.000306987
0.000306987
0.000306987
0.000306987
0.000306987
0.000306987
0.000306987
0.000306987
0.000306987
0.000306987
0.000306987
0.000306987
0.000306987
0.000306987
0.000306987
0.000306987
0.000306987
0.000306987
0.000306987
0.000306987
0.000306987
0.000306987
0.000306987
0.000306987
0.000306987
0.000306987
0.000306987
0.000306987
0.000306987
0.000306987
0.000306987
0.000306987
0.000306987
0.000306987
0.000306987
0.000306987
0.000306987
0.000306987
0.000306987
0.000306987
0.000306987
0.000306987
0.000306987
0.000306987
0.000306987
0.000306987
0.000306987
0.000306987
0.000306987
0.000306987
0.000306987
0.000306987
0.000306987
0.000306987
0.000306987
0.000306987
0.000306987
0.000306987
0.000306987
0.000306987
0.000306987
0.000306987
0.000306987
0.000306987
0.000306987
0.000306987
0.000306987
0.000306987
0.000306987
0.000306987
0.000306987
0.000306987
0.000306987
0.000306987
0.000306987
0.000306987
0.000306987
0.000306987
0.000306987
0.000306987
0.000306987
0.000306987
0.000306987
0.000306987
0.000306987
0.000306987
0.000306987
0.000306987
0.000306987
0.000306987
0.000306987
0.000306987
0.000306987
0.000306987
0.000306987
0.000306987
0.000306987
0.000306987
0.000306987
0.000306987
0.000306987
0.000306987
0.000306987
0.000306987
0.000306987
0.000306987
0.000306987
0.000306987
0.000306987
0.000306987
0.000306987
0.000306987
0.000306987
0.000306987
0.000306987
0.000306987
0.000306987
0.000306987
0.000306987
0.000306987
0.000306987
0.000306987
0.000306987
0.000306987
0.000306987
0.000306987
0.000306987
0.000306987
0.000306987
0.000306987
0.000306987
0.000306987
0.000306987
0.000306987
0.000306987
0.000306987
0.000306987
0.000306987
0.000306987
0.000306987
0.000306987
0.000306987
0.000306987
0.000306987
0.000306987
0.000306987
0.000306987
0.000306987
0.000306987
0.000306987
0.000306987
0.000306987
0.000306987
0.000306987
0.000306987
0.000306987
0.000306987
0.000306987
0.000306987
0.000306987
0.000306987
0.000306987
0.000306987
0.000306987
0.000306987
0.000306987
0.000306987
0.000306987
0.000306987
0.000306987
0.000306987
0.000306987
0.000306987
0.000306987
0.000306987
0.000306987
0.000306987
0.000306987
0.000306987
0.000306987
0.000306987
0.000306987
0.000306987
0.000306987
0.000306987
0.000306987
0.000306987
0.000306987
0.000306987
0.000306987
0.000306987
0.000306987
0.000306987
0.000306987
0.000306987
0.000306987
0.000306987
0.000306987
0.000306987
0.000306987
0.000306987
0.000306987
0.000306987
0.000306987
0.000306987
0.000306987
0.000306987
0.000306987
0.000306987
0.000306987
0.000306987
0.000306987
0.000306987
0.000306987
0.000306987
0.000306987
0.000306987
0.000306987
0.000306987
0.000306987
0.000306987
0.000306987
0.000306987
0.000306987
0.000306987
0.000306987
0.000306987
0.000306987
0.000306987
0.000306987
0.000306987
0.000306987
0.000306987
0.000306987
0.000306987
0.000306987
0.000306987
0.000306987
0.000306987
0.000306987
0.000306987
0.000306987
0.000306987
0.000306987
0.000306987
0.000306987
0.000306987
0.000306987
0.000306987
0.000306987
0.000306987
0.000306987
0.000306987
0.000306987
0.000306987
0.000306987
0.000306987
0.000306987
0.000306987
0.000306987
0.000306987
0.000306987
0.000306987
0.000306987
0.000306987
0.000306987
0.000306987
0.000306987
0.000306987
0.000306987
0.000306987
0.000306987
0.000306987
0.000306987
0.000306987
0.000306987
0.000306987
0.000306987
0.000306987
0.000306987
0.000306987
0.000306987
0.000306987
0.000306987
0.000306987
0.000306987
0.000306987
0.000306987
0.000306987
0.000306987
0.000306987
0.000306987
0.000306987
0.000306987
0.000306987
0.000306987
0.000306987
0.000306987
0.000306987
0.000306987
0.000306987
0.000306987
0.000306987
0.000306987
0.000306987
0.000306987
0.000306987
0.000306987
0.000306987
0.000306987
0.000306987
0.000306987
0.000306987
0.000306987
0.000306987
0.000306987
0.000306987
0.000306987
0.000306987
0.000306987
0.000306987
0.000306987
0.000306987
0.000306987
0.000306987
0.000306987
0.000306987
0.000306987
0.000306987
0.000306987
0.000306987
0.000306987
0.000306987
0.000306987
0.000306987
0.000306987
0.000306987
0.000306987
0.000306987
0.000306987
0.000306987
0.000306987
0.000306987
0.000306987
0.000306987
0.000306987
0.000306987
0.000306987
0.000306987
0.000306987
0.000306987
0.000306987
0.000306987
0.000306987
0.000306987
0.000306987
0.000306987
0.000306987
0.000306987
0.000306987
0.000306987
0.000306987
0.000306987
0.000306987
0.000306987
0.000306987
0.000306987
0.000306987
0.000306987
0.000306987
0.000306987
0.000306987
0.000306987
0.000306987
0.000306987
0.000306987
0.000306987
0.000306987
0.000306987
0.000306987
0.000306987
0.000306987
0.000306987
0.000306987
0.000306987
0.000306987
0.000306987
0.000306987
0.000306987
0.000306987
0.000306987
0.000306987
0.000306987
0.000306987
0.000306987
0.000306987
0.000306987
0.000306987
0.000306987
0.000306987
0.000306987
0.000306987
0.000306987
0.000306987
0.000306987
0.000306987
0.000306987
0.000306987
0.000306987
0.000306987
0.000306987
0.000306987
0.000306987
0.000306987
0.000306987
0.000306987
0.000306987
0.000306987
0.000306987
0.000306987
0.000306987
0.000306987
0.000306987
0.000306987
0.000306987
0.000306987
0.000306987
0.000306987
0.000306987
0.000306987
0.000306987
0.000306987
0.000306987
0.000306987
0.000306987
0.000306987
0.000306987
0.000306987
0.000306987
0.000306987
0.000306987
0.000306987
0.000306987
0.000306987
0.000306987
0.000306987
0.000306987
0.000306987
0.000306987
0.000306987
0.000306987
0.000306987
0.000306987
0.000306987
0.000306987
0.000306987
0.000306987
0.000306987
0.000306987
0.000306987
0.000306987
0.000306987
0.000306987
0.000306987
0.000306987
0.000306987
0.000306987
0.000306987
0.000306987
0.000306987
0.000306987
0.000306987
0.000306987
0.000307758
0.00030791
0.00030808
0.000308237
0.000308353
0.000308414
0.000308425
0.000308374
0.000308284
0.00030818
0.000307434
0.000307585
0.000307735
0.00030783
0.000307839
0.000307766
0.000307636
0.000307473
0.000307303
0.000307135
0.000307278
0.000307378
0.000307459
0.000307478
0.000307421
0.000307309
0.000307174
0.000307038
0.000306913
0.000306802
0.00030722
0.000307277
0.000307301
0.000307273
0.000307201
0.000307109
0.000307022
0.00030695
0.000306898
0.000306867
0.000307257
0.000307299
0.000307276
0.000307211
0.000307129
0.000307056
0.000307003
0.000306975
0.00030698
0.000307035
0.000307412
0.000307498
0.000307426
0.000307297
0.000307173
0.000307082
0.000307031
0.00030703
0.000307103
0.000307303
0.000307738
0.000307992
0.000307861
0.000307603
0.000307366
0.0003072
0.000307121
0.000307162
0.000307403
0.000307973
0.000308328
0.000309009
0.000308807
0.000308318
0.000307852
0.000307508
0.000307315
0.000307332
0.000307708
0.000308733
0.000309341
0.000310921
0.000310627
0.000309777
0.000308932
0.000308233
0.00030765
0.000307108
0.000306618
0.000306728
0.000310459
0.000314269
0.000314303
0.000313382
0.00031238
0.000311431
0.000310262
0.000308113
0.00030338
0.000293138
0.000307453
0.000307299
0.000307187
0.000307128
0.000307111
0.000307113
0.000307092
0.000306931
0.000306301
0.000304238
0.000307198
0.000307149
0.000307094
0.000307049
0.000307008
0.000306954
0.000306849
0.000306633
0.000306225
0.000305641
0.000307081
0.000307063
0.000307035
0.000307004
0.000306966
0.000306909
0.000306816
0.000306668
0.000306465
0.000306271
0.000307028
0.000307019
0.000307005
0.000306986
0.000306959
0.000306919
0.000306859
0.000306777
0.000306682
0.000306609
0.000307004
0.000307
0.000306993
0.000306982
0.000306966
0.000306943
0.000306911
0.000306869
0.000306827
0.000306798
0.000306994
0.000306992
0.000306988
0.000306983
0.000306975
0.000306963
0.000306948
0.000306929
0.000306911
0.000306899
0.00030699
0.000306989
0.000306987
0.000306985
0.000306981
0.000306976
0.000306969
0.000306961
0.000306954
0.000306949
0.000306988
0.000306988
0.000306987
0.000306986
0.000306985
0.000306982
0.00030698
0.000306977
0.000306974
0.000306972
0.000306988
0.000306987
0.000306987
0.000306987
0.000306986
0.000306985
0.000306984
0.000306983
0.000306982
0.000306982
0.000306987
0.000306987
0.000306987
0.000306987
0.000306987
0.000306987
0.000306986
0.000306986
0.000306986
0.000306985
0.000306987
0.000306987
0.000306987
0.000306987
0.000306987
0.000306987
0.000306987
0.000306987
0.000306987
0.000306987
0.000306987
0.000306987
0.000306987
0.000306987
0.000306987
0.000306987
0.000306987
0.000306987
0.000306987
0.000306987
0.000306987
0.000306987
0.000306987
0.000306987
0.000306987
0.000306987
0.000306987
0.000306987
0.000306987
0.000306987
0.000306987
0.000306987
0.000306987
0.000306987
0.000306987
0.000306987
0.000306987
0.000306987
0.000306987
0.000306987
0.000306987
0.000306987
0.000306987
0.000306987
0.000306987
0.000306987
0.000306987
0.000306987
0.000306987
0.000306987
0.000306987
0.000306987
0.000306987
0.000306987
0.000306987
0.000306987
0.000306987
0.000306987
0.000306987
0.000306987
0.000306987
0.000306987
0.000306987
0.000306987
0.000306987
0.000306987
0.000306987
0.000306987
0.000306987
0.000306987
0.000306987
0.000306987
0.000306987
0.000306987
0.000306987
0.000306987
0.000306987
0.000306987
0.000306987
0.000306987
0.000306987
0.000306987
0.000306987
0.000306987
0.000306987
0.000306987
0.000306987
0.000306987
0.000306987
0.000306987
0.000306987
0.000306987
0.000306987
0.000306987
0.000306987
0.000306987
0.000306987
0.000306987
0.000306987
0.000306987
0.000306987
0.000306987
0.000306987
0.000306987
0.000306987
0.000306987
0.000306987
0.000306987
0.000306987
0.000306987
0.000306987
0.000306987
0.000306987
0.000306987
0.000306987
0.000306987
0.000306987
0.000306987
0.000306987
0.000306987
0.000306987
0.000306987
0.000306987
0.000306987
0.000306987
0.000306987
0.000306987
0.000306987
0.000306987
0.000306987
0.000306987
0.000306987
0.000306987
0.000306987
0.000306987
0.000306987
0.000306987
0.000306987
0.000306987
0.000306987
0.000306987
0.000306987
0.000306987
0.000306987
0.000306987
0.000306987
0.000306987
0.000306987
0.000306987
0.000306987
0.000306987
0.000306987
0.000306987
0.000306987
0.000306987
0.000306987
0.000306987
0.000306987
0.000306987
0.000306987
0.000306987
0.000306987
0.000306987
0.000306987
0.000306987
0.000306987
0.000306987
0.000306987
0.000306987
0.000306987
0.000306987
0.000306987
0.000306987
0.000306987
0.000306987
0.000306987
0.000306987
0.000306987
0.000306987
0.000306987
0.000306987
0.000306987
0.000306987
0.000306987
0.000306987
0.000306987
0.000306987
0.000306987
0.000306987
0.000306987
0.000306987
0.000306987
0.000306987
0.000306987
0.000306987
0.000306987
0.000306987
0.000306987
0.000306987
0.000306987
0.000306987
0.000306987
0.000306987
0.000306987
0.000306987
0.000306987
0.000306987
0.000306987
0.000306987
0.000306987
0.000306987
0.000306987
0.000306987
0.000306987
0.000306987
0.000306987
0.000306987
0.000306987
0.000306987
0.000306987
0.000306987
0.000306987
0.000306987
0.000306987
0.000306987
0.000306987
0.000306987
0.000306987
0.000306987
0.000306987
0.000306987
0.000306987
0.000306987
0.000306987
0.000306987
0.000306987
0.000306987
0.000306987
0.000306987
0.000306987
0.000306987
0.000306987
0.000306987
0.000306987
0.000306987
0.000306987
0.000306987
0.000306987
0.000306987
0.000306987
0.000306987
0.000306987
0.000306987
0.000306987
0.000306987
0.000306987
0.000306987
0.000306987
0.000306987
0.000306987
0.000306987
0.000306987
0.000306987
0.000306987
0.000306987
0.000306987
0.000306987
0.000306987
0.000306987
0.000306987
0.000306987
0.000306987
0.000306987
0.000306987
0.000306987
0.000306987
0.000306987
0.000306987
0.000306987
0.000306987
0.000306987
0.000306987
0.000306987
0.000306987
0.000306987
0.000306987
0.000306987
0.000306987
0.000306987
0.000306987
0.000306987
0.000306987
0.000306987
0.000306987
0.000306987
0.000306987
0.000306987
0.000306987
0.000306987
0.000306987
0.000306987
0.000306987
0.000306987
0.000306987
0.000306987
0.000306987
0.000306987
0.000306987
0.000306987
0.000306987
0.000306987
0.000306987
0.000306987
0.000306987
0.000306987
0.000306987
0.000306987
0.000306987
0.000306987
0.000306987
0.000306987
0.000306987
0.000306987
0.000306987
0.000306987
0.000306987
0.000306987
0.000306987
0.000306987
0.000306987
0.000306987
0.000306987
0.000306987
0.000306987
0.000306987
0.000306987
0.000306987
0.000306987
0.000306987
0.000306987
0.000306987
0.000306987
0.000306987
0.000306987
0.000306987
0.000306987
0.000306987
0.000306987
0.000306987
0.000306987
0.000306987
0.000306987
0.000306987
0.000306987
0.000306987
0.000306987
0.000306987
0.000306987
0.000306987
0.000306987
0.000306987
0.000306987
0.000306987
0.000306987
0.000306987
0.000306987
0.000306987
0.000306987
0.000306987
0.000306987
0.000306987
0.000306987
0.000306987
0.000306987
0.000306987
0.000306987
0.000306987
0.000306987
0.000306987
0.000306987
0.000306987
0.000306987
0.000306987
0.000306987
0.000306987
0.000306987
0.000306987
0.000306987
0.000306987
0.000306987
0.000306987
0.000306987
0.000306987
0.000306987
0.000306987
0.000306987
0.000306987
0.000306987
0.000306987
0.000306987
0.000306987
0.000306987
0.000306987
0.000306987
0.000306987
0.000306987
0.000306987
0.000306987
0.000306987
0.000306987
0.000306987
0.000306987
0.000306987
0.000306987
0.000306987
0.000306987
0.000306987
0.000306987
0.000306987
0.000306987
0.000306987
0.000306987
0.000306987
0.000306987
0.000306987
0.000306987
0.000306987
0.000306987
0.000306987
0.000306987
0.000306987
0.000306987
0.000306987
0.000306987
0.000306987
0.000306987
0.000306987
0.000306987
0.000306987
0.000306987
0.000306987
0.000306987
0.000306987
0.000306987
0.000306987
0.000306987
0.000306987
0.000306987
0.000306987
0.000306987
0.000306987
0.000306987
0.000306987
0.000306987
0.000306987
0.000306987
0.000306987
0.000306987
0.000306987
0.000306987
0.000306987
0.000306987
0.000306987
0.000306987
0.000306987
0.000306987
0.000306987
0.000306987
0.000306987
0.000306987
0.000306987
0.000306987
0.000306987
0.000306987
0.000306987
0.000306987
0.000306987
0.000306987
0.000306987
0.000306987
0.000306987
0.000306987
0.000306987
0.000306987
0.000306987
0.000306987
0.000306987
0.000306987
0.000306987
0.000306987
0.000306987
0.000306987
0.000306987
0.000306987
0.000306987
0.000306987
0.000306987
0.000306987
0.000306987
0.000306987
0.000306987
0.000306987
0.000306987
0.000306987
0.000306987
0.000306987
0.000306987
0.000306987
0.000306987
0.000306987
0.000306987
0.000306987
0.000306987
0.000306987
0.000306987
0.000306987
0.000306987
0.000306987
0.000306987
0.000306987
0.000306987
0.000306987
0.000306987
0.000306987
0.000306987
0.000306987
0.000306987
0.000306987
0.000306987
0.000306987
0.000306987
0.000306987
0.000306987
0.000306987
0.000306987
0.000306987
0.000306987
0.000306987
0.000306987
0.000306987
0.000306987
0.000306987
0.000306987
0.000306987
0.000306987
0.000306987
0.000306987
0.000306987
0.000306987
0.000306987
0.000306987
0.000306987
0.000306987
0.000306987
0.000306987
0.000306987
0.000306987
0.000306987
0.000306987
0.000306987
0.000306987
0.000306987
0.000306987
0.000306987
0.000306987
0.000306987
0.000306987
0.000306987
0.000306987
0.000306987
0.000306987
0.000306987
0.000306987
0.000306987
0.000306987
0.000306987
0.000306987
0.000306987
0.000306987
0.000306987
0.000306987
0.000306987
0.000306987
0.000306987
0.000306987
0.000306987
0.000306987
0.000306987
0.000306987
0.000306987
0.000306987
0.000306987
0.000306987
0.000306987
0.000306987
0.000306987
0.000306987
0.000306987
0.000306987
0.000306987
)
;

boundaryField
{
    defaultFaces
    {
        type            empty;
    }
}


// ************************************************************************* //
