/*--------------------------------*- C++ -*----------------------------------*\
  =========                 |
  \\      /  F ield         | OpenFOAM: The Open Source CFD Toolbox
   \\    /   O peration     | Website:  https://openfoam.org
    \\  /    A nd           | Version:  11
     \\/     M anipulation  |
\*---------------------------------------------------------------------------*/
FoamFile
{
    format      ascii;
    class       volScalarField;
    location    "3.5";
    object      nut;
}
// * * * * * * * * * * * * * * * * * * * * * * * * * * * * * * * * * * * * * //

dimensions      [0 2 -1 0 0 0 0];

internalField   nonuniform List<scalar> 
4000
(
0.00294597
0.00291099
0.00291095
0.00291095
0.00291095
0.00291095
0.00291095
0.00291095
0.00291095
0.00291095
0.00291095
0.00291095
0.00291095
0.00291095
0.00291095
0.00291095
0.00291095
0.00291095
0.00291099
0.00294597
0.0097222
0.000167898
0.000164743
0.000164743
0.000164743
0.000164743
0.000164743
0.000164743
0.000164743
0.000164743
0.000164743
0.000164743
0.000164743
0.000164743
0.000164743
0.000164743
0.000164743
0.000164743
0.000167898
0.00972218
0.016558
0.00015031
0.000144948
0.000144948
0.000144948
0.000144948
0.000144948
0.000144948
0.000144948
0.000144948
0.000144948
0.000144948
0.000144948
0.000144948
0.000144948
0.000144948
0.000144948
0.000144948
0.000150311
0.016558
0.0165869
0.000150308
0.00014493
0.00014493
0.00014493
0.00014493
0.00014493
0.00014493
0.00014493
0.00014493
0.00014493
0.00014493
0.00014493
0.00014493
0.00014493
0.00014493
0.00014493
0.00014493
0.000150309
0.0165868
0.016589
0.000150309
0.00014493
0.00014493
0.00014493
0.00014493
0.00014493
0.00014493
0.00014493
0.00014493
0.00014493
0.00014493
0.00014493
0.00014493
0.00014493
0.00014493
0.00014493
0.00014493
0.00015031
0.0165889
0.0165891
0.000150309
0.00014493
0.00014493
0.00014493
0.00014493
0.00014493
0.00014493
0.00014493
0.00014493
0.00014493
0.00014493
0.00014493
0.00014493
0.00014493
0.00014493
0.00014493
0.00014493
0.00015031
0.0165891
0.0165891
0.000150309
0.00014493
0.00014493
0.00014493
0.00014493
0.00014493
0.00014493
0.00014493
0.00014493
0.00014493
0.00014493
0.00014493
0.00014493
0.00014493
0.00014493
0.00014493
0.00014493
0.00015031
0.0165891
0.0165891
0.000150309
0.00014493
0.00014493
0.00014493
0.00014493
0.00014493
0.00014493
0.00014493
0.00014493
0.00014493
0.00014493
0.00014493
0.00014493
0.00014493
0.00014493
0.00014493
0.00014493
0.00015031
0.0165891
0.0165891
0.000150309
0.00014493
0.00014493
0.00014493
0.00014493
0.00014493
0.00014493
0.00014493
0.00014493
0.00014493
0.00014493
0.00014493
0.00014493
0.00014493
0.00014493
0.00014493
0.00014493
0.00015031
0.0165891
0.0165891
0.000150309
0.00014493
0.00014493
0.00014493
0.00014493
0.00014493
0.00014493
0.00014493
0.00014493
0.00014493
0.00014493
0.00014493
0.00014493
0.00014493
0.00014493
0.00014493
0.00014493
0.00015031
0.0165891
0.0165891
0.000150309
0.00014493
0.00014493
0.00014493
0.00014493
0.00014493
0.00014493
0.00014493
0.00014493
0.00014493
0.00014493
0.00014493
0.00014493
0.00014493
0.00014493
0.00014493
0.00014493
0.00015031
0.0165891
0.0165891
0.000150309
0.00014493
0.00014493
0.00014493
0.00014493
0.00014493
0.00014493
0.00014493
0.00014493
0.00014493
0.00014493
0.00014493
0.00014493
0.00014493
0.00014493
0.00014493
0.00014493
0.00015031
0.0165891
0.0165891
0.000150309
0.00014493
0.00014493
0.00014493
0.00014493
0.00014493
0.00014493
0.00014493
0.00014493
0.00014493
0.00014493
0.00014493
0.00014493
0.00014493
0.00014493
0.00014493
0.00014493
0.00015031
0.0165891
0.0165891
0.000150309
0.00014493
0.00014493
0.00014493
0.00014493
0.00014493
0.00014493
0.00014493
0.00014493
0.00014493
0.00014493
0.00014493
0.00014493
0.00014493
0.00014493
0.00014493
0.00014493
0.00015031
0.0165891
0.0165891
0.000150309
0.00014493
0.00014493
0.00014493
0.00014493
0.00014493
0.00014493
0.00014493
0.00014493
0.00014493
0.00014493
0.00014493
0.00014493
0.00014493
0.00014493
0.00014493
0.00014493
0.00015031
0.0165891
0.016589
0.000150309
0.00014493
0.00014493
0.00014493
0.00014493
0.00014493
0.00014493
0.00014493
0.00014493
0.00014493
0.00014493
0.00014493
0.00014493
0.00014493
0.00014493
0.00014493
0.00014493
0.00015031
0.0165889
0.0165871
0.000150308
0.00014493
0.00014493
0.00014493
0.00014493
0.00014493
0.00014493
0.00014493
0.00014493
0.00014493
0.00014493
0.00014493
0.00014493
0.00014493
0.00014493
0.00014493
0.00014493
0.000150309
0.016587
0.0165621
0.000150319
0.000144956
0.000144956
0.000144956
0.000144956
0.000144956
0.000144956
0.000144956
0.000144956
0.000144956
0.000144956
0.000144956
0.000144956
0.000144956
0.000144956
0.000144956
0.000144956
0.00015032
0.016562
0.00976276
0.000178898
0.000175668
0.000175668
0.000175668
0.000175668
0.000175668
0.000175668
0.000175668
0.000175668
0.000175668
0.000175668
0.000175668
0.000175668
0.000175668
0.000175668
0.000175668
0.000175668
0.000178898
0.00976274
0.00326761
0.00360327
0.00360356
0.00360356
0.00360356
0.00360356
0.00360356
0.00360356
0.00360356
0.00360356
0.00360356
0.00360356
0.00360356
0.00360356
0.00360356
0.00360356
0.00360356
0.00360356
0.00360327
0.00326761
0.00014493
0.00014493
0.00014493
0.00014493
0.00014493
0.00014493
0.00014493
0.00014493
0.00014493
0.00014493
0.00014493
0.00014493
0.00014493
0.00014493
0.00014493
0.00014493
0.00014493
0.00014493
0.00014493
0.00014493
0.00014493
0.00014493
0.00014493
0.00014493
0.00014493
0.00014493
0.00014493
0.00014493
0.00014493
0.00014493
0.00014493
0.00014493
0.00014493
0.00014493
0.00014493
0.00014493
0.00014493
0.00014493
0.00014493
0.00014493
0.00014493
0.00014493
0.00014493
0.00014493
0.00014493
0.00014493
0.00014493
0.00014493
0.00014493
0.00014493
0.00014493
0.00014493
0.00014493
0.00014493
0.00014493
0.00014493
0.00014493
0.00014493
0.00014493
0.00014493
0.00014493
0.00014493
0.00014493
0.00014493
0.00014493
0.00014493
0.00014493
0.00014493
0.00014493
0.00014493
0.00014493
0.00014493
0.00014493
0.00014493
0.00014493
0.00014493
0.00014493
0.00014493
0.00014493
0.00014493
0.00014493
0.00014493
0.00014493
0.00014493
0.00014493
0.00014493
0.00014493
0.00014493
0.00014493
0.00014493
0.00014493
0.00014493
0.00014493
0.00014493
0.00014493
0.00014493
0.00014493
0.00014493
0.00014493
0.00014493
0.00014493
0.00014493
0.00014493
0.00014493
0.00014493
0.00014493
0.00014493
0.00014493
0.00014493
0.00014493
0.00014493
0.00014493
0.00014493
0.00014493
0.00014493
0.00014493
0.00014493
0.00014493
0.00014493
0.00014493
0.00014493
0.00014493
0.00014493
0.00014493
0.00014493
0.00014493
0.00014493
0.00014493
0.00014493
0.00014493
0.00014493
0.00014493
0.00014493
0.00014493
0.00014493
0.00014493
0.00014493
0.00014493
0.00014493
0.00014493
0.00014493
0.00014493
0.00014493
0.00014493
0.00014493
0.00014493
0.00014493
0.00014493
0.00014493
0.00014493
0.00014493
0.00014493
0.00014493
0.00014493
0.00014493
0.00014493
0.00014493
0.00014493
0.00014493
0.00014493
0.00014493
0.00014493
0.00014493
0.00014493
0.00014493
0.00014493
0.00014493
0.00014493
0.00014493
0.00014493
0.00014493
0.00014493
0.00014493
0.00014493
0.00014493
0.00014493
0.00014493
0.00014493
0.00014493
0.00014493
0.00014493
0.00014493
0.00014493
0.00014493
0.00014493
0.00014493
0.00014493
0.00014493
0.00014493
0.00014493
0.00014493
0.00014493
0.00014493
0.00014493
0.00014493
0.00014493
0.00014493
0.00014493
0.00014493
0.00014493
0.00014493
0.00014493
0.00014493
0.00014493
0.00014493
0.00014493
0.00014493
0.00014493
0.00014493
0.00014493
0.00014493
0.00014493
0.00014493
0.00014493
0.00014493
0.00014493
0.00014493
0.00014493
0.00014493
0.00014493
0.00014493
0.00014493
0.00014493
0.00014493
0.00014493
0.00014493
0.00014493
0.00014493
0.00014493
0.00014493
0.00014493
0.00014493
0.00014493
0.00014493
0.00014493
0.00014493
0.00014493
0.00014493
0.00014493
0.00014493
0.00014493
0.00014493
0.00014493
0.00014493
0.00014493
0.00014493
0.00014493
0.00014493
0.00014493
0.00014493
0.00014493
0.00014493
0.00014493
0.00014493
0.00014493
0.00014493
0.00014493
0.00014493
0.00014493
0.00014493
0.00014493
0.00014493
0.00014493
0.00014493
0.00014493
0.00014493
0.00014493
0.00014493
0.00014493
0.00014493
0.00014493
0.00014493
0.00014493
0.00014493
0.00014493
0.00014493
0.00014493
0.00014493
0.00014493
0.00014493
0.00014493
0.00014493
0.00014493
0.00014493
0.00014493
0.00014493
0.00014493
0.00014493
0.00014493
0.00014493
0.00014493
0.00014493
0.00014493
0.00014493
0.00014493
0.00014493
0.00014493
0.00014493
0.00014493
0.00014493
0.00014493
0.00014493
0.00014493
0.00014493
0.00014493
0.00014493
0.00014493
0.00014493
0.00014493
0.00014493
0.00014493
0.00014493
0.00014493
0.00014493
0.00014493
0.00014493
0.00014493
0.00014493
0.00014493
0.00014493
0.00014493
0.00014493
0.00014493
0.00014493
0.00014493
0.00014493
0.00014493
0.00014493
0.00014493
0.00014493
0.00014493
0.00014493
0.00014493
0.00014493
0.00014493
0.00014493
0.00014493
0.00014493
0.00014493
0.00014493
0.00014493
0.00014493
0.00014493
0.00014493
0.00014493
0.00014493
0.00014493
0.00014493
0.00014493
0.00014493
0.00014493
0.00014493
0.00014493
0.00014493
0.00014493
0.00014493
0.00014493
0.00014493
0.00014493
0.00014493
0.00014493
0.00014493
0.00014493
0.00014493
0.00014493
0.00014493
0.00014493
0.00014493
0.00014493
0.00014493
0.00014493
0.00014493
0.00014493
0.00014493
0.00014493
0.00014493
0.00014493
0.00014493
0.00014493
0.00014493
0.00014493
0.00014493
0.00014493
0.00014493
0.00014493
0.00014493
0.00014493
0.00014493
0.00014493
0.00014493
0.00014493
0.00014493
0.00014493
0.00014493
0.00014493
0.00014493
0.00014493
0.00014493
0.00014493
0.000144929
0.00014493
0.00014493
0.00014493
0.00014493
0.00014493
0.00014493
0.00014493
0.00014493
0.00014493
0.00014493
0.00014493
0.00014493
0.00014493
0.00014493
0.00014493
0.00014493
0.00014493
0.00014493
0.00014493
0.00014493
0.00014493
0.00014493
0.00014493
0.00014493
0.00014493
0.00014493
0.00014493
0.00014493
0.00014493
0.00014493
0.00014493
0.00014493
0.00014493
0.00014493
0.00014493
0.00014493
0.00014493
0.00014493
0.00014493
0.00014493
0.00014493
0.00014493
0.00014493
0.00014493
0.00014493
0.00014493
0.00014493
0.00014493
0.00014493
0.00014493
0.00014493
0.00014493
0.00014493
0.00014493
0.00014493
0.00014493
0.00014493
0.00014493
0.00014493
0.00014493
0.00014493
0.00014493
0.00014493
0.00014493
0.00014493
0.00014493
0.00014493
0.00014493
0.00014493
0.00014493
0.00014493
0.00014493
0.00014493
0.00014493
0.00014493
0.00014493
0.00014493
0.00014493
0.00014493
0.00014493
0.00014493
0.00014493
0.00014493
0.00014493
0.00014493
0.00014493
0.00014493
0.00014493
0.00014493
0.00014493
0.00014493
0.00014493
0.00014493
0.00014493
0.00014493
0.00014493
0.00014493
0.00014493
0.00014493
0.00014493
0.00014493
0.00014493
0.00014493
0.00014493
0.00014493
0.00014493
0.00014493
0.00014493
0.00014493
0.00014493
0.00014493
0.00014493
0.00014493
0.00014493
0.00014493
0.00014493
0.00014493
0.00014493
0.00014493
0.00014493
0.00014493
0.00014493
0.00014493
0.00014493
0.00014493
0.00014493
0.00014493
0.00014493
0.00014493
0.00014493
0.00014493
0.00014493
0.00014493
0.00014493
0.00014493
0.00014493
0.00014493
0.00014493
0.00014493
0.00014493
0.00014493
0.00014493
0.00014493
0.00014493
0.00014493
0.00014493
0.00014493
0.00014493
0.00014493
0.00014493
0.00014493
0.00014493
0.00014493
0.00014493
0.00014493
0.00014493
0.00014493
0.00014493
0.00014493
0.00014493
0.00014493
0.00014493
0.00014493
0.00014493
0.00014493
0.00014493
0.00014493
0.00014493
0.00014493
0.00014493
0.00014493
0.00014493
0.00014493
0.00014493
0.00014493
0.00014493
0.00014493
0.00014493
0.00014493
0.00014493
0.00014493
0.00014493
0.00014493
0.00014493
0.00014493
0.00014493
0.00014493
0.00014493
0.00014493
0.00014493
0.00014493
0.00014493
0.00014493
0.00014493
0.00014493
0.00014493
0.00014493
0.00014493
0.00014493
0.00014493
0.00014493
0.00014493
0.00014493
0.00014493
0.00014493
0.00014493
0.00014493
0.00014493
0.00014493
0.00014493
0.00014493
0.00014493
0.00014493
0.00014493
0.00014493
0.00014493
0.00014493
0.00014493
0.00014493
0.00014493
0.00014493
0.00014493
0.00014493
0.00014493
0.00014493
0.00014493
0.00014493
0.00014493
0.00014493
0.00014493
0.00014493
0.00014493
0.00014493
0.00014493
0.00014493
0.00014493
0.00014493
0.00014493
0.00014493
0.00014493
0.00014493
0.00014493
0.00014493
0.00014493
0.00014493
0.00014493
0.00014493
0.00014493
0.00014493
0.00014493
0.00014493
0.00014493
0.00014493
0.00014493
0.00014493
0.00014493
0.00014493
0.00014493
0.00014493
0.00014493
0.00014493
0.00014493
0.00014493
0.00014493
0.00014493
0.00014493
0.00014493
0.00014493
0.00014493
0.00014493
0.00014493
0.00014493
0.00014493
0.00014493
0.00014493
0.00014493
0.00014493
0.00014493
0.00014493
0.00014493
0.00014493
0.00014493
0.00014493
0.00014493
0.00014493
0.00014493
0.00014493
0.00014493
0.00014493
0.00014493
0.00014493
0.00014493
0.00014493
0.00014493
0.00014493
0.00014493
0.00014493
0.00014493
0.00014493
0.00014493
0.00014493
0.00014493
0.00014493
0.00014493
0.00014493
0.00014493
0.00014493
0.00014493
0.00014493
0.00014493
0.00014493
0.00014493
0.00014493
0.00014493
0.00014493
0.00014493
0.00014493
0.00014493
0.00014493
0.00014493
0.00014493
0.00014493
0.00014493
0.00014493
0.00014493
0.00014493
0.00014493
0.00014493
0.00014493
0.00014493
0.00014493
0.00014493
0.00014493
0.00014493
0.00014493
0.00014493
0.00014493
0.00014493
0.00014493
0.00014493
0.00014493
0.00014493
0.00014493
0.00014493
0.00014493
0.00014493
0.00014493
0.00014493
0.00014493
0.00014493
0.00014493
0.00014493
0.00014493
0.00014493
0.00014493
0.00014493
0.00014493
0.00014493
0.00014493
0.00014493
0.00014493
0.00014493
0.00014493
0.00014493
0.00014493
0.00014493
0.00014493
0.00014493
0.00014493
0.00014493
0.00014493
0.00014493
0.00014493
0.00014493
0.00014493
0.00014493
0.00014493
0.00014493
0.00014493
0.00014493
0.00014493
0.00014493
0.00014493
0.00014493
0.00014493
0.00014493
0.00014493
0.00014493
0.00014493
0.00014493
0.00014493
0.00014493
0.00014493
0.00014493
0.00014493
0.00014493
0.00014493
0.00014493
0.00014493
0.000144929
0.00014493
0.00014493
0.00014493
0.00014493
0.00014493
0.00014493
0.00014493
0.00014493
0.00014493
0.00014493
0.00014493
0.00014493
0.00014493
0.00014493
0.00014493
0.00014493
0.00014493
0.00014493
0.00014493
0.00014493
0.00014493
0.00014493
0.00014493
0.00014493
0.00014493
0.00014493
0.00014493
0.00014493
0.00014493
0.00014493
0.00014493
0.00014493
0.00014493
0.00014493
0.00014493
0.00014493
0.00014493
0.00014493
0.00014493
0.00014493
0.00014493
0.00014493
0.00014493
0.00014493
0.00014493
0.00014493
0.00014493
0.00014493
0.00014493
0.00014493
0.00014493
0.00014493
0.00014493
0.00014493
0.00014493
0.00014493
0.00014493
0.00014493
0.00014493
0.00014493
0.00014493
0.00014493
0.00014493
0.00014493
0.00014493
0.00014493
0.00014493
0.00014493
0.00014493
0.00014493
0.00014493
0.00014493
0.00014493
0.00014493
0.00014493
0.00014493
0.00014493
0.00014493
0.00014493
0.00014493
0.00014493
0.00014493
0.00014493
0.00014493
0.00014493
0.00014493
0.00014493
0.00014493
0.00014493
0.00014493
0.00014493
0.00014493
0.00014493
0.00014493
0.00014493
0.00014493
0.00014493
0.00014493
0.00014493
0.00014493
0.00014493
0.00014493
0.00014493
0.00014493
0.00014493
0.00014493
0.00014493
0.00014493
0.00014493
0.00014493
0.00014493
0.00014493
0.00014493
0.00014493
0.00014493
0.00014493
0.00014493
0.00014493
0.00014493
0.00014493
0.00014493
0.00014493
0.00014493
0.00014493
0.00014493
0.00014493
0.00014493
0.00014493
0.00014493
0.00014493
0.00014493
0.00014493
0.00014493
0.00014493
0.00014493
0.00014493
0.00014493
0.00014493
0.00014493
0.00014493
0.00014493
0.00014493
0.00014493
0.00014493
0.00014493
0.00014493
0.00014493
0.00014493
0.00014493
0.00014493
0.00014493
0.00014493
0.00014493
0.00014493
0.00014493
0.00014493
0.00014493
0.00014493
0.00014493
0.00014493
0.00014493
0.00014493
0.00014493
0.00014493
0.00014493
0.00014493
0.00014493
0.00014493
0.00014493
0.00014493
0.00014493
0.00014493
0.00014493
0.00014493
0.00014493
0.00014493
0.00014493
0.00014493
0.00014493
0.00014493
0.00014493
0.00014493
0.00014493
0.00014493
0.00014493
0.00014493
0.00014493
0.00014493
0.00014493
0.00014493
0.00014493
0.00014493
0.00014493
0.00014493
0.00014493
0.00014493
0.00014493
0.00014493
0.00014493
0.00014493
0.00014493
0.00014493
0.00014493
0.00014493
0.00014493
0.00014493
0.00014493
0.00014493
0.00014493
0.00014493
0.00014493
0.00014493
0.00014493
0.00014493
0.00014493
0.00014493
0.00014493
0.00014493
0.00014493
0.00014493
0.00014493
0.00014493
0.00014493
0.00014493
0.00014493
0.00014493
0.00014493
0.00014493
0.00014493
0.00014493
0.00014493
0.00014493
0.00014493
0.00014493
0.00014493
0.00014493
0.00014493
0.00014493
0.00014493
0.00014493
0.00014493
0.00014493
0.00014493
0.00014493
0.00014493
0.00014493
0.00014493
0.00014493
0.00014493
0.00014493
0.00014493
0.00014493
0.00014493
0.00014493
0.00014493
0.00014493
0.00014493
0.00014493
0.00014493
0.00014493
0.00014493
0.00014493
0.00014493
0.00014493
0.00014493
0.00014493
0.00014493
0.00014493
0.00014493
0.00014493
0.00014493
0.00014493
0.00014493
0.00014493
0.00014493
0.00014493
0.00014493
0.00014493
0.00014493
0.00014493
0.00014493
0.00014493
0.00014493
0.00014493
0.00014493
0.00014493
0.00014493
0.00014493
0.00014493
0.00014493
0.00014493
0.00014493
0.00014493
0.00014493
0.00014493
0.00014493
0.00014493
0.00014493
0.00014493
0.00014493
0.00014493
0.00014493
0.00014493
0.00014493
0.00014493
0.00014493
0.00014493
0.00014493
0.00014493
0.00014493
0.00014493
0.00014493
0.00014493
0.00014493
0.00014493
0.00014493
0.00014493
0.00014493
0.00014493
0.00014493
0.00014493
0.00014493
0.00014493
0.00014493
0.00014493
0.00014493
0.00014493
0.00014493
0.00014493
0.00014493
0.00014493
0.00014493
0.00014493
0.00014493
0.00014493
0.00014493
0.00014493
0.00014493
0.00014493
0.00014493
0.00014493
0.00014493
0.00014493
0.00014493
0.00014493
0.00014493
0.00014493
0.00014493
0.00014493
0.00014493
0.00014493
0.00014493
0.00014493
0.00014493
0.00014493
0.00014493
0.00014493
0.00014493
0.00014493
0.00014493
0.00014493
0.00014493
0.00014493
0.00014493
0.00014493
0.00014493
0.00014493
0.00014493
0.00014493
0.00014493
0.00014493
0.00014493
0.00014493
0.00014493
0.00014493
0.00014493
0.00014493
0.00014493
0.00014493
0.00014493
0.00014493
0.00014493
0.00014493
0.00014493
0.00014493
0.00014493
0.00014493
0.00014493
0.00014493
0.00014493
0.00014493
0.00014493
0.00014493
0.00014493
0.00014493
0.00014493
0.00014493
0.00014493
0.00014493
0.000144929
0.00014493
0.00014493
0.00014493
0.00014493
0.00014493
0.00014493
0.00014493
0.00014493
0.00014493
0.00014493
0.00014493
0.00014493
0.00014493
0.00014493
0.00014493
0.00014493
0.00014493
0.00014493
0.00014493
0.00014493
0.00014493
0.00014493
0.00014493
0.00014493
0.00014493
0.00014493
0.00014493
0.00014493
0.00014493
0.00014493
0.00014493
0.00014493
0.00014493
0.00014493
0.00014493
0.00014493
0.00014493
0.00014493
0.00014493
0.00014493
0.00014493
0.00014493
0.00014493
0.00014493
0.00014493
0.00014493
0.00014493
0.00014493
0.00014493
0.00014493
0.00014493
0.00014493
0.00014493
0.00014493
0.00014493
0.00014493
0.00014493
0.00014493
0.00014493
0.00014493
0.00014493
0.00014493
0.00014493
0.00014493
0.00014493
0.00014493
0.00014493
0.00014493
0.00014493
0.00014493
0.00014493
0.00014493
0.00014493
0.00014493
0.00014493
0.00014493
0.00014493
0.00014493
0.00014493
0.00014493
0.00014493
0.00014493
0.00014493
0.00014493
0.00014493
0.00014493
0.00014493
0.00014493
0.00014493
0.00014493
0.00014493
0.00014493
0.00014493
0.00014493
0.00014493
0.00014493
0.00014493
0.00014493
0.00014493
0.00014493
0.00014493
0.00014493
0.00014493
0.00014493
0.00014493
0.00014493
0.00014493
0.00014493
0.00014493
0.00014493
0.00014493
0.00014493
0.00014493
0.00014493
0.00014493
0.00014493
0.00014493
0.00014493
0.00014493
0.00014493
0.00014493
0.00014493
0.00014493
0.00014493
0.00014493
0.00014493
0.00014493
0.00014493
0.00014493
0.00014493
0.00014493
0.00014493
0.00014493
0.00014493
0.00014493
0.00014493
0.00014493
0.00014493
0.00014493
0.00014493
0.00014493
0.00014493
0.00014493
0.00014493
0.00014493
0.00014493
0.00014493
0.00014493
0.00014493
0.00014493
0.00014493
0.00014493
0.00014493
0.00014493
0.00014493
0.00014493
0.00014493
0.00014493
0.00014493
0.00014493
0.00014493
0.00014493
0.00014493
0.00014493
0.00014493
0.00014493
0.00014493
0.00014493
0.00014493
0.00014493
0.00014493
0.00014493
0.00014493
0.00014493
0.00014493
0.00014493
0.00014493
0.00014493
0.00014493
0.00014493
0.00014493
0.00014493
0.00014493
0.00014493
0.00014493
0.00014493
0.00014493
0.00014493
0.00014493
0.00014493
0.00014493
0.00014493
0.00014493
0.00014493
0.00014493
0.00014493
0.00014493
0.00014493
0.00014493
0.00014493
0.00014493
0.00014493
0.00014493
0.00014493
0.00014493
0.00014493
0.00014493
0.00014493
0.00014493
0.00014493
0.00014493
0.00014493
0.00014493
0.00014493
0.00014493
0.00014493
0.00014493
0.00014493
0.00014493
0.00014493
0.00014493
0.00014493
0.00014493
0.00014493
0.00014493
0.00014493
0.00014493
0.00014493
0.00014493
0.00014493
0.00014493
0.00014493
0.00014493
0.00014493
0.00014493
0.00014493
0.00014493
0.00014493
0.00014493
0.00014493
0.00014493
0.00014493
0.00014493
0.00014493
0.00014493
0.00014493
0.00014493
0.00014493
0.00014493
0.00014493
0.00014493
0.00014493
0.00014493
0.00014493
0.00014493
0.00014493
0.00014493
0.00014493
0.00014493
0.00014493
0.00014493
0.00014493
0.00014493
0.00014493
0.00014493
0.00014493
0.00014493
0.00014493
0.00014493
0.00014493
0.00014493
0.00014493
0.00014493
0.00014493
0.00014493
0.00014493
0.00014493
0.00014493
0.00014493
0.00014493
0.00014493
0.00014493
0.00014493
0.00014493
0.00014493
0.00014493
0.00014493
0.00014493
0.00014493
0.00014493
0.00014493
0.00014493
0.00014493
0.00014493
0.00014493
0.00014493
0.00014493
0.00014493
0.00014493
0.00014493
0.00014493
0.00014493
0.00014493
0.00014493
0.00014493
0.00014493
0.00014493
0.00014493
0.00014493
0.00014493
0.00014493
0.00014493
0.00014493
0.00014493
0.00014493
0.00014493
0.00014493
0.00014493
0.00014493
0.00014493
0.00014493
0.00014493
0.00014493
0.00014493
0.00014493
0.00014493
0.00014493
0.00014493
0.00014493
0.00014493
0.00014493
0.00014493
0.00014493
0.00014493
0.00014493
0.00014493
0.00014493
0.00014493
0.00014493
0.00014493
0.00014493
0.00014493
0.00014493
0.00014493
0.00014493
0.00014493
0.00014493
0.00014493
0.00014493
0.00014493
0.00014493
0.00014493
0.00014493
0.00014493
0.00014493
0.00014493
0.00014493
0.00014493
0.00014493
0.00014493
0.00014493
0.00014493
0.00014493
0.00014493
0.00014493
0.00014493
0.00014493
0.00014493
0.00014493
0.00014493
0.00014493
0.00014493
0.00014493
0.00014493
0.00014493
0.00014493
0.00014493
0.00014493
0.00014493
0.00014493
0.000144929
0.000144929
0.000144929
0.000144929
0.000144929
0.000144929
0.000144929
0.000144929
0.000144929
0.000144929
0.000144929
0.000144929
0.000144929
0.000144929
0.000144929
0.000144929
0.000144929
0.000144929
0.000144929
0.000144929
0.000144929
0.000144929
0.000144929
0.000144929
0.000144929
0.000144929
0.000144929
0.000144929
0.000144929
0.000144929
0.000144929
0.000144929
0.000144929
0.000144929
0.000144929
0.000144929
0.000144929
0.000144929
0.000144929
0.000144929
0.000144929
0.000144929
0.000144929
0.000144929
0.000144929
0.000144929
0.000144929
0.000144929
0.000144929
0.000144929
0.000144929
0.000144929
0.000144929
0.000144929
0.000144929
0.000144929
0.000144929
0.000144929
0.000144929
0.000144929
0.000144929
0.000144929
0.000144929
0.000144929
0.000144929
0.000144929
0.000144929
0.000144929
0.000144929
0.000144929
0.000144929
0.000144929
0.000144929
0.000144929
0.000144929
0.000144929
0.000144929
0.000144929
0.000144929
0.000144929
0.000144929
0.000144929
0.000144929
0.000144929
0.000144929
0.000144929
0.000144929
0.000144929
0.000144929
0.000144929
0.000144929
0.000144929
0.000144929
0.000144929
0.000144929
0.000144929
0.000144929
0.000144929
0.000144929
0.000144929
0.000144929
0.000144929
0.000144929
0.000144929
0.000144929
0.000144929
0.000144929
0.000144929
0.000144929
0.000144929
0.000144929
0.000144929
0.000144929
0.000144929
0.000144929
0.000144929
0.000144929
0.000144929
0.000144929
0.000144929
0.000144929
0.000144929
0.000144929
0.000144929
0.000144929
0.000144929
0.000144929
0.000144929
0.000144929
0.000144929
0.000144929
0.000144929
0.000144929
0.000144929
0.000144929
0.000144929
0.000144929
0.000144929
0.000144929
0.000144929
0.000144929
0.000144929
0.000144929
0.000144929
0.000144929
0.000144929
0.000144929
0.000144929
0.000144929
0.000144929
0.000144929
0.000144929
0.000144929
0.000144929
0.000144929
0.000144929
0.000144929
0.000144929
0.000144929
0.000144929
0.000144929
0.000144929
0.000144929
0.000144929
0.000144929
0.000144929
0.000144929
0.000144929
0.000144929
0.000144929
0.000144929
0.000144929
0.000144929
0.000144929
0.000144929
0.000144929
0.000144929
0.000144929
0.000144929
0.000144929
0.000144929
0.000144929
0.000144929
0.000144929
0.000144929
0.000144929
0.000144929
0.000144929
0.000144929
0.000144929
0.000144929
0.000144929
0.000144929
0.000144929
0.000144929
0.000144929
0.000144929
0.000144929
0.000144929
0.000144929
0.000144929
0.000144929
0.000144929
0.000144929
0.000144929
0.000144929
0.000144929
0.000144929
0.000144929
0.000144929
0.000144929
0.000144929
0.000144929
0.000144929
0.000144929
0.000144929
0.000144929
0.000144929
0.000144929
0.000144929
0.000144929
0.000144929
0.000144929
0.000144929
0.000144929
0.000144929
0.000144929
0.000144929
0.000144929
0.000144929
0.000144929
0.000144929
0.000144929
0.000144929
0.000144929
0.000144929
0.000144929
0.000144929
0.000144929
0.000144929
0.000144929
0.000144929
0.000144929
0.000144929
0.000144929
0.000144929
0.000144929
0.000144929
0.000144929
0.000144929
0.000144929
0.000144929
0.000144929
0.000144929
0.000144929
0.000144929
0.000144929
0.000144929
0.000144929
0.000144929
0.000144929
0.000144929
0.000144929
0.000144929
0.000144929
0.000144929
0.000144929
0.000144929
0.000144929
0.000144929
0.000144929
0.000144929
0.000144929
0.000144929
0.000144929
0.000144929
0.000144929
0.000144929
0.000144929
0.000144929
0.000144929
0.000144929
0.000144929
0.000144929
0.000144929
0.000144929
0.000144929
0.000144929
0.000144929
0.000144929
0.000144929
0.000144929
0.000144929
0.000144929
0.000144929
0.000144929
0.000144929
0.000144929
0.000144929
0.000144929
0.000144929
0.000144929
0.000144929
0.000144929
0.000144929
0.000144929
0.000144929
0.000144929
0.000144929
0.000144929
0.000144929
0.000144929
0.000144929
0.000144929
0.000144929
0.000144929
0.000144929
0.000144929
0.000144929
0.000144929
0.000144929
0.000144929
0.000144929
0.000144929
0.000144929
0.000144929
0.000144929
0.000144929
0.000144929
0.000144929
0.000144929
0.000144929
0.000144929
0.000144929
0.000144929
0.000144929
0.000144929
0.000144929
0.000144929
0.000144929
0.000144929
0.000144929
0.000144929
0.000144929
0.000144929
0.000144929
0.000144929
0.000144929
0.000144929
0.000144929
0.000144929
0.000144929
0.000144929
0.000144929
0.000144929
0.000144929
0.000144929
0.000144929
0.000144929
0.000144929
0.000144929
0.000144929
0.000144929
0.000144929
0.000144929
0.000144929
0.000144929
0.000144929
0.000144929
0.000144929
0.000144929
0.000144929
0.000144929
0.000144929
0.000144929
0.000144929
0.000144929
0.000144929
0.000144929
0.000144929
0.000144929
0.000144929
0.000144929
0.000144929
0.000144929
0.000144929
0.000144929
0.000144929
0.000144929
0.000144929
0.000144929
0.000144929
0.000144929
0.000144929
0.000144929
0.000144929
0.000144929
0.000144929
0.000144929
0.000144929
0.000144929
0.000144929
0.000144929
0.000144929
0.000144929
0.000144929
0.000144929
0.000144929
0.000144929
0.000144929
0.000144929
0.000144929
0.000144929
0.000144929
0.000144929
0.000144929
0.000144929
0.000144929
0.000144929
0.000144929
0.00014493
0.00014493
0.00014493
0.00014493
0.00014493
0.00014493
0.00014493
0.00014493
0.00014493
0.00014493
0.00014493
0.00014493
0.00014493
0.00014493
0.00014493
0.00014493
0.00014493
0.00014493
0.00014493
0.000144929
0.00014493
0.00014493
0.00014493
0.00014493
0.00014493
0.00014493
0.00014493
0.00014493
0.00014493
0.00014493
0.00014493
0.00014493
0.00014493
0.00014493
0.00014493
0.00014493
0.00014493
0.00014493
0.00014493
0.000144929
0.00014493
0.00014493
0.00014493
0.00014493
0.00014493
0.00014493
0.00014493
0.00014493
0.00014493
0.00014493
0.00014493
0.00014493
0.00014493
0.00014493
0.00014493
0.00014493
0.00014493
0.00014493
0.00014493
0.000144929
0.00014493
0.00014493
0.00014493
0.00014493
0.00014493
0.00014493
0.00014493
0.00014493
0.00014493
0.00014493
0.00014493
0.00014493
0.00014493
0.00014493
0.00014493
0.00014493
0.00014493
0.00014493
0.00014493
0.000144929
0.00014493
0.00014493
0.00014493
0.00014493
0.00014493
0.00014493
0.00014493
0.00014493
0.00014493
0.00014493
0.00014493
0.00014493
0.00014493
0.00014493
0.00014493
0.00014493
0.00014493
0.00014493
0.00014493
0.000144929
0.00014493
0.00014493
0.00014493
0.00014493
0.00014493
0.00014493
0.00014493
0.00014493
0.00014493
0.00014493
0.00014493
0.00014493
0.00014493
0.00014493
0.00014493
0.00014493
0.00014493
0.00014493
0.00014493
0.000144929
0.00014493
0.00014493
0.00014493
0.00014493
0.00014493
0.00014493
0.00014493
0.00014493
0.00014493
0.00014493
0.00014493
0.00014493
0.00014493
0.00014493
0.00014493
0.00014493
0.00014493
0.00014493
0.00014493
0.000144929
0.00014493
0.00014493
0.00014493
0.00014493
0.00014493
0.00014493
0.00014493
0.00014493
0.00014493
0.00014493
0.00014493
0.00014493
0.00014493
0.00014493
0.00014493
0.00014493
0.00014493
0.00014493
0.00014493
0.000144929
0.00014493
0.00014493
0.00014493
0.00014493
0.00014493
0.00014493
0.00014493
0.00014493
0.00014493
0.00014493
0.00014493
0.00014493
0.00014493
0.00014493
0.00014493
0.00014493
0.00014493
0.00014493
0.00014493
0.000144929
0.00014493
0.00014493
0.00014493
0.00014493
0.00014493
0.00014493
0.00014493
0.00014493
0.00014493
0.00014493
0.00014493
0.00014493
0.00014493
0.00014493
0.00014493
0.00014493
0.00014493
0.00014493
0.00014493
0.000144929
0.00014493
0.00014493
0.00014493
0.00014493
0.00014493
0.00014493
0.00014493
0.00014493
0.00014493
0.00014493
0.00014493
0.00014493
0.00014493
0.00014493
0.00014493
0.00014493
0.00014493
0.00014493
0.00014493
0.000144929
0.00014493
0.00014493
0.00014493
0.00014493
0.00014493
0.00014493
0.00014493
0.00014493
0.00014493
0.00014493
0.00014493
0.00014493
0.00014493
0.00014493
0.00014493
0.00014493
0.00014493
0.00014493
0.00014493
0.000144929
0.00014493
0.00014493
0.00014493
0.00014493
0.00014493
0.00014493
0.00014493
0.00014493
0.00014493
0.00014493
0.00014493
0.00014493
0.00014493
0.00014493
0.00014493
0.00014493
0.00014493
0.00014493
0.00014493
0.000144929
0.00014493
0.00014493
0.00014493
0.00014493
0.00014493
0.00014493
0.00014493
0.00014493
0.00014493
0.00014493
0.00014493
0.00014493
0.00014493
0.00014493
0.00014493
0.00014493
0.00014493
0.00014493
0.00014493
0.000144929
0.00014493
0.00014493
0.00014493
0.00014493
0.00014493
0.00014493
0.00014493
0.00014493
0.00014493
0.00014493
0.00014493
0.00014493
0.00014493
0.00014493
0.00014493
0.00014493
0.00014493
0.00014493
0.00014493
0.000144929
0.00014493
0.00014493
0.00014493
0.00014493
0.00014493
0.00014493
0.00014493
0.00014493
0.00014493
0.00014493
0.00014493
0.00014493
0.00014493
0.00014493
0.00014493
0.00014493
0.00014493
0.00014493
0.00014493
0.000144929
0.00014493
0.00014493
0.00014493
0.00014493
0.00014493
0.00014493
0.00014493
0.00014493
0.00014493
0.00014493
0.00014493
0.00014493
0.00014493
0.00014493
0.00014493
0.00014493
0.00014493
0.00014493
0.00014493
0.000144929
0.00014493
0.00014493
0.00014493
0.00014493
0.00014493
0.00014493
0.00014493
0.00014493
0.00014493
0.00014493
0.00014493
0.00014493
0.00014493
0.00014493
0.00014493
0.00014493
0.00014493
0.00014493
0.00014493
0.000144929
0.00014493
0.00014493
0.00014493
0.00014493
0.00014493
0.00014493
0.00014493
0.00014493
0.00014493
0.00014493
0.00014493
0.00014493
0.00014493
0.00014493
0.00014493
0.00014493
0.00014493
0.00014493
0.00014493
0.000144929
0.00014493
0.00014493
0.00014493
0.00014493
0.00014493
0.00014493
0.00014493
0.00014493
0.00014493
0.00014493
0.00014493
0.00014493
0.00014493
0.00014493
0.00014493
0.00014493
0.00014493
0.00014493
0.00014493
0.000144929
0.00014493
0.00014493
0.00014493
0.00014493
0.00014493
0.00014493
0.00014493
0.00014493
0.00014493
0.00014493
0.00014493
0.00014493
0.00014493
0.00014493
0.00014493
0.00014493
0.00014493
0.00014493
0.00014493
0.000144929
0.00014493
0.00014493
0.00014493
0.00014493
0.00014493
0.00014493
0.00014493
0.00014493
0.00014493
0.00014493
0.00014493
0.00014493
0.00014493
0.00014493
0.00014493
0.00014493
0.00014493
0.00014493
0.00014493
0.000144929
0.00014493
0.00014493
0.00014493
0.00014493
0.00014493
0.00014493
0.00014493
0.00014493
0.00014493
0.00014493
0.00014493
0.00014493
0.00014493
0.00014493
0.00014493
0.00014493
0.00014493
0.00014493
0.00014493
0.000144929
0.00014493
0.00014493
0.00014493
0.00014493
0.00014493
0.00014493
0.00014493
0.00014493
0.00014493
0.00014493
0.00014493
0.00014493
0.00014493
0.00014493
0.00014493
0.00014493
0.00014493
0.00014493
0.00014493
0.000144929
0.00014493
0.00014493
0.00014493
0.00014493
0.00014493
0.00014493
0.00014493
0.00014493
0.00014493
0.00014493
0.00014493
0.00014493
0.00014493
0.00014493
0.00014493
0.00014493
0.00014493
0.00014493
0.00014493
0.000144929
0.00014493
0.00014493
0.00014493
0.00014493
0.00014493
0.00014493
0.00014493
0.00014493
0.00014493
0.00014493
0.00014493
0.00014493
0.00014493
0.00014493
0.00014493
0.00014493
0.00014493
0.00014493
0.00014493
0.000144929
0.00014493
0.00014493
0.00014493
0.00014493
0.00014493
0.00014493
0.00014493
0.00014493
0.00014493
0.00014493
0.00014493
0.00014493
0.00014493
0.00014493
0.00014493
0.00014493
0.00014493
0.00014493
0.00014493
0.000144929
0.00014493
0.00014493
0.00014493
0.00014493
0.00014493
0.00014493
0.00014493
0.00014493
0.00014493
0.00014493
0.00014493
0.00014493
0.00014493
0.00014493
0.00014493
0.00014493
0.00014493
0.00014493
0.00014493
0.000144929
0.00014493
0.00014493
0.00014493
0.00014493
0.00014493
0.00014493
0.00014493
0.00014493
0.00014493
0.00014493
0.00014493
0.00014493
0.00014493
0.00014493
0.00014493
0.00014493
0.00014493
0.00014493
0.00014493
0.000144929
0.00014493
0.00014493
0.00014493
0.00014493
0.00014493
0.00014493
0.00014493
0.00014493
0.00014493
0.00014493
0.00014493
0.00014493
0.00014493
0.00014493
0.00014493
0.00014493
0.00014493
0.00014493
0.00014493
0.000144929
0.00014493
0.00014493
0.00014493
0.00014493
0.00014493
0.00014493
0.00014493
0.00014493
0.00014493
0.00014493
0.00014493
0.00014493
0.00014493
0.00014493
0.00014493
0.00014493
0.00014493
0.00014493
0.00014493
0.000144929
0.00014493
0.00014493
0.00014493
0.00014493
0.00014493
0.00014493
0.00014493
0.00014493
0.00014493
0.00014493
0.00014493
0.00014493
0.00014493
0.00014493
0.00014493
0.00014493
0.00014493
0.00014493
0.00014493
0.000144929
0.00014493
0.00014493
0.00014493
0.00014493
0.00014493
0.00014493
0.00014493
0.00014493
0.00014493
0.00014493
0.00014493
0.00014493
0.00014493
0.00014493
0.00014493
0.00014493
0.00014493
0.00014493
0.00014493
0.000144929
0.00014493
0.00014493
0.00014493
0.00014493
0.00014493
0.00014493
0.00014493
0.00014493
0.00014493
0.00014493
0.00014493
0.00014493
0.00014493
0.00014493
0.00014493
0.00014493
0.00014493
0.00014493
0.00014493
0.000144929
0.00014493
0.00014493
0.00014493
0.00014493
0.00014493
0.00014493
0.00014493
0.00014493
0.00014493
0.00014493
0.00014493
0.00014493
0.00014493
0.00014493
0.00014493
0.00014493
0.00014493
0.00014493
0.00014493
0.000144929
0.00014493
0.00014493
0.00014493
0.00014493
0.00014493
0.00014493
0.00014493
0.00014493
0.00014493
0.00014493
0.00014493
0.00014493
0.00014493
0.00014493
0.00014493
0.00014493
0.00014493
0.00014493
0.00014493
0.000144929
0.00014493
0.00014493
0.00014493
0.00014493
0.00014493
0.00014493
0.00014493
0.00014493
0.00014493
0.00014493
0.00014493
0.00014493
0.00014493
0.00014493
0.00014493
0.00014493
0.00014493
0.00014493
0.00014493
0.000144929
0.00014493
0.00014493
0.00014493
0.00014493
0.00014493
0.00014493
0.00014493
0.00014493
0.00014493
0.00014493
0.00014493
0.00014493
0.00014493
0.00014493
0.00014493
0.00014493
0.00014493
0.00014493
0.00014493
0.000144929
0.00014493
0.00014493
0.00014493
0.00014493
0.00014493
0.00014493
0.00014493
0.00014493
0.00014493
0.00014493
0.00014493
0.00014493
0.00014493
0.00014493
0.00014493
0.00014493
0.00014493
0.00014493
0.00014493
0.000144929
0.00014493
0.00014493
0.00014493
0.00014493
0.00014493
0.00014493
0.00014493
0.00014493
0.00014493
0.00014493
0.00014493
0.00014493
0.00014493
0.00014493
0.00014493
0.00014493
0.00014493
0.00014493
0.00014493
0.000144929
0.00014493
0.00014493
0.00014493
0.00014493
0.00014493
0.00014493
0.00014493
0.00014493
0.00014493
0.00014493
0.00014493
0.00014493
0.00014493
0.00014493
0.00014493
0.00014493
0.00014493
0.00014493
0.00014493
0.000144929
0.00014493
0.00014493
0.00014493
0.00014493
0.00014493
0.00014493
0.00014493
0.00014493
0.00014493
0.00014493
0.00014493
0.00014493
0.00014493
0.00014493
0.00014493
0.00014493
0.00014493
0.00014493
0.00014493
0.000144929
0.00014493
0.00014493
0.00014493
0.00014493
0.00014493
0.00014493
0.00014493
0.00014493
0.00014493
0.00014493
0.00014493
0.00014493
0.00014493
0.00014493
0.00014493
0.00014493
0.00014493
0.00014493
0.00014493
0.000144929
0.00014493
0.00014493
0.00014493
0.00014493
0.00014493
0.00014493
0.00014493
0.00014493
0.00014493
0.00014493
0.00014493
0.00014493
0.00014493
0.00014493
0.00014493
0.00014493
0.00014493
0.00014493
0.00014493
0.000144929
0.00014493
0.00014493
0.00014493
0.00014493
0.00014493
0.00014493
0.00014493
0.00014493
0.00014493
0.00014493
0.00014493
0.00014493
0.00014493
0.00014493
0.00014493
0.00014493
0.00014493
0.00014493
0.00014493
0.000144929
0.00014493
0.00014493
0.00014493
0.00014493
0.00014493
0.00014493
0.00014493
0.00014493
0.00014493
0.00014493
0.00014493
0.00014493
0.00014493
0.00014493
0.00014493
0.00014493
0.00014493
0.00014493
0.00014493
0.000144929
0.00014493
0.00014493
0.00014493
0.00014493
0.00014493
0.00014493
0.00014493
0.00014493
0.00014493
0.00014493
0.00014493
0.00014493
0.00014493
0.00014493
0.00014493
0.00014493
0.00014493
0.00014493
0.00014493
0.000144929
0.00014493
0.00014493
0.00014493
0.00014493
0.00014493
0.00014493
0.00014493
0.00014493
0.00014493
0.00014493
0.00014493
0.00014493
0.00014493
0.00014493
0.00014493
0.00014493
0.00014493
0.00014493
0.00014493
0.000144929
0.00014493
0.00014493
0.00014493
0.00014493
0.00014493
0.00014493
0.00014493
0.00014493
0.00014493
0.00014493
0.00014493
0.00014493
0.00014493
0.00014493
0.00014493
0.00014493
0.00014493
0.00014493
0.00014493
0.000144929
0.00014493
0.00014493
0.00014493
0.00014493
0.00014493
0.00014493
0.00014493
0.00014493
0.00014493
0.00014493
0.00014493
0.00014493
0.00014493
0.00014493
0.00014493
0.00014493
0.00014493
0.00014493
0.00014493
0.000144929
0.00014493
0.00014493
0.00014493
0.00014493
0.00014493
0.00014493
0.00014493
0.00014493
0.00014493
0.00014493
0.00014493
0.00014493
0.00014493
0.00014493
0.00014493
0.00014493
0.00014493
0.00014493
0.00014493
0.000144929
0.00014493
0.00014493
0.00014493
0.00014493
0.00014493
0.00014493
0.00014493
0.00014493
0.00014493
0.00014493
0.00014493
0.00014493
0.00014493
0.00014493
0.00014493
0.00014493
0.00014493
0.00014493
0.00014493
0.000144929
0.00014493
0.00014493
0.00014493
0.00014493
0.00014493
0.00014493
0.00014493
0.00014493
0.00014493
0.00014493
0.00014493
0.00014493
0.00014493
0.00014493
0.00014493
0.00014493
0.00014493
0.00014493
0.00014493
0.000144929
0.00014493
0.00014493
0.00014493
0.00014493
0.00014493
0.00014493
0.00014493
0.00014493
0.00014493
0.00014493
0.00014493
0.00014493
0.00014493
0.00014493
0.00014493
0.00014493
0.00014493
0.00014493
0.00014493
0.000144929
0.00014493
0.00014493
0.00014493
0.00014493
0.00014493
0.00014493
0.00014493
0.00014493
0.00014493
0.00014493
0.00014493
0.00014493
0.00014493
0.00014493
0.00014493
0.00014493
0.00014493
0.00014493
0.00014493
0.000144929
0.00014493
0.00014493
0.00014493
0.00014493
0.00014493
0.00014493
0.00014493
0.00014493
0.00014493
0.00014493
0.00014493
0.00014493
0.00014493
0.00014493
0.00014493
0.00014493
0.00014493
0.00014493
0.00014493
0.000144929
0.00014493
0.00014493
0.00014493
0.00014493
0.00014493
0.00014493
0.00014493
0.00014493
0.00014493
0.00014493
0.00014493
0.00014493
0.00014493
0.00014493
0.00014493
0.00014493
0.00014493
0.00014493
0.00014493
0.000144929
0.00014493
0.00014493
0.00014493
0.00014493
0.00014493
0.00014493
0.00014493
0.00014493
0.00014493
0.00014493
0.00014493
0.00014493
0.00014493
0.00014493
0.00014493
0.00014493
0.00014493
0.00014493
0.00014493
0.000144929
0.00014493
0.00014493
0.00014493
0.00014493
0.00014493
0.00014493
0.00014493
0.00014493
0.00014493
0.00014493
0.00014493
0.00014493
0.00014493
0.00014493
0.00014493
0.00014493
0.00014493
0.00014493
0.00014493
0.000144929
0.00014493
0.00014493
0.00014493
0.00014493
0.00014493
0.00014493
0.00014493
0.00014493
0.00014493
0.00014493
0.00014493
0.00014493
0.00014493
0.00014493
0.00014493
0.00014493
0.00014493
0.00014493
0.00014493
0.000144929
0.00014493
0.00014493
0.00014493
0.00014493
0.00014493
0.00014493
0.00014493
0.00014493
0.00014493
0.00014493
0.00014493
0.00014493
0.00014493
0.00014493
0.00014493
0.00014493
0.00014493
0.00014493
0.00014493
0.000144929
0.00014493
0.00014493
0.00014493
0.00014493
0.00014493
0.00014493
0.00014493
0.00014493
0.00014493
0.00014493
0.00014493
0.00014493
0.00014493
0.00014493
0.00014493
0.00014493
0.00014493
0.00014493
0.00014493
0.000144929
0.00014493
0.00014493
0.00014493
0.00014493
0.00014493
0.00014493
0.00014493
0.00014493
0.00014493
0.00014493
0.00014493
0.00014493
0.00014493
0.00014493
0.00014493
0.00014493
0.00014493
0.00014493
0.00014493
0.000144929
0.00014493
0.00014493
0.00014493
0.00014493
0.00014493
0.00014493
0.00014493
0.00014493
0.00014493
0.00014493
0.00014493
0.00014493
0.00014493
0.00014493
0.00014493
0.00014493
0.00014493
0.00014493
0.00014493
0.000144929
0.00014493
0.00014493
0.00014493
0.00014493
0.00014493
0.00014493
0.00014493
0.00014493
0.00014493
0.00014493
0.00014493
0.00014493
0.00014493
0.00014493
0.00014493
0.00014493
0.00014493
0.00014493
0.00014493
0.000144929
0.00014493
0.00014493
0.00014493
0.00014493
0.00014493
0.00014493
0.00014493
0.00014493
0.00014493
0.00014493
0.00014493
0.00014493
0.00014493
0.00014493
0.00014493
0.00014493
0.00014493
0.00014493
0.00014493
0.000144929
0.00014493
0.00014493
0.00014493
0.00014493
0.00014493
0.00014493
0.00014493
0.00014493
0.00014493
0.00014493
0.00014493
0.00014493
0.00014493
0.00014493
0.00014493
0.00014493
0.00014493
0.00014493
0.00014493
0.000144929
0.00014493
0.00014493
0.00014493
0.00014493
0.00014493
0.00014493
0.00014493
0.00014493
0.00014493
0.00014493
0.00014493
0.00014493
0.00014493
0.00014493
0.00014493
0.00014493
0.00014493
0.00014493
0.00014493
0.000144929
0.00014493
0.00014493
0.00014493
0.00014493
0.00014493
0.00014493
0.00014493
0.00014493
0.00014493
0.00014493
0.00014493
0.00014493
0.00014493
0.00014493
0.00014493
0.00014493
0.00014493
0.00014493
0.00014493
0.000144929
0.00014493
0.00014493
0.00014493
0.00014493
0.00014493
0.00014493
0.00014493
0.00014493
0.00014493
0.00014493
0.00014493
0.00014493
0.00014493
0.00014493
0.00014493
0.00014493
0.00014493
0.00014493
0.00014493
0.000144929
0.00014493
0.00014493
0.00014493
0.00014493
0.00014493
0.00014493
0.00014493
0.00014493
0.00014493
0.00014493
0.00014493
0.00014493
0.00014493
0.00014493
0.00014493
0.00014493
0.00014493
0.00014493
0.00014493
0.000144929
0.00014493
0.00014493
0.00014493
0.00014493
0.00014493
0.00014493
0.00014493
0.00014493
0.00014493
0.00014493
0.00014493
0.00014493
0.00014493
0.00014493
0.00014493
0.00014493
0.00014493
0.00014493
0.00014493
0.000144929
0.00014493
0.00014493
0.00014493
0.00014493
0.00014493
0.00014493
0.00014493
0.00014493
0.00014493
0.00014493
0.00014493
0.00014493
0.00014493
0.00014493
0.00014493
0.00014493
0.00014493
0.00014493
0.00014493
0.000144929
0.00014493
0.00014493
0.00014493
0.00014493
0.00014493
0.00014493
0.00014493
0.00014493
0.00014493
0.00014493
0.00014493
0.00014493
0.00014493
0.00014493
0.00014493
0.00014493
0.00014493
0.00014493
0.00014493
0.000144929
0.00014493
0.00014493
0.00014493
0.00014493
0.00014493
0.00014493
0.00014493
0.00014493
0.00014493
0.00014493
0.00014493
0.00014493
0.00014493
0.00014493
0.00014493
0.00014493
0.00014493
0.00014493
0.00014493
0.000144929
0.00014493
0.00014493
0.00014493
0.00014493
0.00014493
0.00014493
0.00014493
0.00014493
0.00014493
0.00014493
0.00014493
0.00014493
0.00014493
0.00014493
0.00014493
0.00014493
0.00014493
0.00014493
0.00014493
0.000144929
0.00014493
0.00014493
0.00014493
0.00014493
0.00014493
0.00014493
0.00014493
0.00014493
0.00014493
0.00014493
0.00014493
0.00014493
0.00014493
0.00014493
0.00014493
0.00014493
0.00014493
0.00014493
0.00014493
0.000144929
0.00014493
0.00014493
0.00014493
0.00014493
0.00014493
0.00014493
0.00014493
0.00014493
0.00014493
0.00014493
0.00014493
0.00014493
0.00014493
0.00014493
0.00014493
0.00014493
0.00014493
0.00014493
0.00014493
0.000144929
0.00014493
0.00014493
0.00014493
0.00014493
0.00014493
0.00014493
0.00014493
0.00014493
0.00014493
0.00014493
0.00014493
0.00014493
0.00014493
0.00014493
0.00014493
0.00014493
0.00014493
0.00014493
0.00014493
0.000144929
0.00014493
0.00014493
0.00014493
0.00014493
0.00014493
0.00014493
0.00014493
0.00014493
0.00014493
0.00014493
0.00014493
0.00014493
0.00014493
0.00014493
0.00014493
0.00014493
0.00014493
0.00014493
0.00014493
0.000144929
)
;

boundaryField
{
    movingWall
    {
        type            nutkWallFunction;
        Cmu             0.09;
        kappa           0.41;
        E               9.8;
        value           nonuniform List<scalar> 
20
(
0.000354623
0.000387608
0.000387636
0.000387636
0.000387636
0.000387636
0.000387636
0.000387636
0.000387636
0.000387636
0.000387636
0.000387636
0.000387636
0.000387636
0.000387636
0.000387636
0.000387636
0.000387636
0.000387608
0.000354623
)
;
    }
    fixedWalls
    {
        type            nutkWallFunction;
        Cmu             0.09;
        kappa           0.41;
        E               9.8;
        value           nonuniform List<scalar> 
60
(
0.000322692
0.00095726
0.00155438
0.00155682
0.001557
0.00155701
0.00155701
0.00155701
0.00155701
0.00155701
0.00155701
0.00155701
0.00155701
0.00155701
0.00155701
0.001557
0.00155684
0.00155472
0.000960866
0.000354623
0.000322692
0.000957258
0.00155437
0.00155682
0.001557
0.00155701
0.00155701
0.00155701
0.00155701
0.00155701
0.00155701
0.00155701
0.00155701
0.00155701
0.00155701
0.001557
0.00155684
0.00155471
0.000960865
0.000354623
0.000322692
0.000319206
0.000319202
0.000319202
0.000319202
0.000319202
0.000319202
0.000319202
0.000319202
0.000319202
0.000319202
0.000319202
0.000319202
0.000319202
0.000319202
0.000319202
0.000319202
0.000319202
0.000319206
0.000322692
)
;
    }
    frontAndBack
    {
        type            empty;
    }
    defaultFaces
    {
        type            empty;
    }
}


// ************************************************************************* //
