/*--------------------------------*- C++ -*----------------------------------*\
  =========                 |
  \\      /  F ield         | OpenFOAM: The Open Source CFD Toolbox
   \\    /   O peration     | Website:  https://openfoam.org
    \\  /    A nd           | Version:  11
     \\/     M anipulation  |
\*---------------------------------------------------------------------------*/
FoamFile
{
    format      ascii;
    class       volScalarField;
    location    "4";
    object      epsilon;
}
// * * * * * * * * * * * * * * * * * * * * * * * * * * * * * * * * * * * * * //

dimensions      [0 2 -3 0 0 0 0];

internalField   nonuniform List<scalar> 
4000
(
0.000219024
0.000209858
0.000209845
0.000209845
0.000209845
0.000209845
0.000209845
0.000209845
0.000209845
0.000209845
0.000209845
0.000209845
0.000209845
0.000209845
0.000209845
0.000209845
0.000209845
0.000209845
0.000209858
0.000219024
0.000100329
9.69495e-05
9.62646e-05
9.62645e-05
9.62645e-05
9.62645e-05
9.62645e-05
9.62645e-05
9.62645e-05
9.62645e-05
9.62645e-05
9.62645e-05
9.62645e-05
9.62645e-05
9.62645e-05
9.62645e-05
9.62645e-05
9.62646e-05
9.69496e-05
0.000100329
6.47637e-05
9.21241e-05
9.09054e-05
9.09054e-05
9.09054e-05
9.09054e-05
9.09054e-05
9.09054e-05
9.09054e-05
9.09054e-05
9.09054e-05
9.09054e-05
9.09054e-05
9.09054e-05
9.09054e-05
9.09054e-05
9.09054e-05
9.09054e-05
9.21242e-05
6.47632e-05
6.51879e-05
9.2121e-05
9.08986e-05
9.08986e-05
9.08986e-05
9.08986e-05
9.08986e-05
9.08986e-05
9.08986e-05
9.08986e-05
9.08986e-05
9.08986e-05
9.08986e-05
9.08986e-05
9.08986e-05
9.08986e-05
9.08986e-05
9.08986e-05
9.21211e-05
6.51873e-05
6.52231e-05
9.21212e-05
9.08986e-05
9.08986e-05
9.08986e-05
9.08986e-05
9.08986e-05
9.08986e-05
9.08986e-05
9.08986e-05
9.08986e-05
9.08986e-05
9.08986e-05
9.08986e-05
9.08986e-05
9.08986e-05
9.08986e-05
9.08986e-05
9.21213e-05
6.52225e-05
6.52253e-05
9.21212e-05
9.08986e-05
9.08986e-05
9.08986e-05
9.08986e-05
9.08986e-05
9.08986e-05
9.08986e-05
9.08986e-05
9.08986e-05
9.08986e-05
9.08986e-05
9.08986e-05
9.08986e-05
9.08986e-05
9.08986e-05
9.08986e-05
9.21213e-05
6.52247e-05
6.52254e-05
9.21212e-05
9.08986e-05
9.08986e-05
9.08986e-05
9.08986e-05
9.08986e-05
9.08986e-05
9.08986e-05
9.08986e-05
9.08986e-05
9.08986e-05
9.08986e-05
9.08986e-05
9.08986e-05
9.08986e-05
9.08986e-05
9.08986e-05
9.21213e-05
6.52249e-05
6.52255e-05
9.21212e-05
9.08986e-05
9.08986e-05
9.08986e-05
9.08986e-05
9.08986e-05
9.08986e-05
9.08986e-05
9.08986e-05
9.08986e-05
9.08986e-05
9.08986e-05
9.08986e-05
9.08986e-05
9.08986e-05
9.08986e-05
9.08986e-05
9.21213e-05
6.52249e-05
6.52255e-05
9.21212e-05
9.08986e-05
9.08986e-05
9.08986e-05
9.08986e-05
9.08986e-05
9.08986e-05
9.08986e-05
9.08986e-05
9.08986e-05
9.08986e-05
9.08986e-05
9.08986e-05
9.08986e-05
9.08986e-05
9.08986e-05
9.08986e-05
9.21213e-05
6.52249e-05
6.52255e-05
9.21212e-05
9.08986e-05
9.08986e-05
9.08986e-05
9.08986e-05
9.08986e-05
9.08986e-05
9.08986e-05
9.08986e-05
9.08986e-05
9.08986e-05
9.08986e-05
9.08986e-05
9.08986e-05
9.08986e-05
9.08986e-05
9.08986e-05
9.21213e-05
6.52249e-05
6.52255e-05
9.21212e-05
9.08986e-05
9.08986e-05
9.08986e-05
9.08986e-05
9.08986e-05
9.08986e-05
9.08986e-05
9.08986e-05
9.08986e-05
9.08986e-05
9.08986e-05
9.08986e-05
9.08986e-05
9.08986e-05
9.08986e-05
9.08986e-05
9.21213e-05
6.52249e-05
6.52255e-05
9.21212e-05
9.08986e-05
9.08986e-05
9.08986e-05
9.08986e-05
9.08986e-05
9.08986e-05
9.08986e-05
9.08986e-05
9.08986e-05
9.08986e-05
9.08986e-05
9.08986e-05
9.08986e-05
9.08986e-05
9.08986e-05
9.08986e-05
9.21213e-05
6.52249e-05
6.52255e-05
9.21212e-05
9.08986e-05
9.08986e-05
9.08986e-05
9.08986e-05
9.08986e-05
9.08986e-05
9.08986e-05
9.08986e-05
9.08986e-05
9.08986e-05
9.08986e-05
9.08986e-05
9.08986e-05
9.08986e-05
9.08986e-05
9.08986e-05
9.21213e-05
6.52249e-05
6.52255e-05
9.21212e-05
9.08986e-05
9.08986e-05
9.08986e-05
9.08986e-05
9.08986e-05
9.08986e-05
9.08986e-05
9.08986e-05
9.08986e-05
9.08986e-05
9.08986e-05
9.08986e-05
9.08986e-05
9.08986e-05
9.08986e-05
9.08986e-05
9.21213e-05
6.52249e-05
6.52253e-05
9.21212e-05
9.08986e-05
9.08986e-05
9.08986e-05
9.08986e-05
9.08986e-05
9.08986e-05
9.08986e-05
9.08986e-05
9.08986e-05
9.08986e-05
9.08986e-05
9.08986e-05
9.08986e-05
9.08986e-05
9.08986e-05
9.08986e-05
9.21213e-05
6.52248e-05
6.52233e-05
9.21212e-05
9.08986e-05
9.08986e-05
9.08986e-05
9.08986e-05
9.08986e-05
9.08986e-05
9.08986e-05
9.08986e-05
9.08986e-05
9.08986e-05
9.08986e-05
9.08986e-05
9.08986e-05
9.08986e-05
9.08986e-05
9.08986e-05
9.21213e-05
6.52227e-05
6.51923e-05
9.2121e-05
9.08986e-05
9.08986e-05
9.08986e-05
9.08986e-05
9.08986e-05
9.08986e-05
9.08986e-05
9.08986e-05
9.08986e-05
9.08986e-05
9.08986e-05
9.08986e-05
9.08986e-05
9.08986e-05
9.08986e-05
9.08986e-05
9.21212e-05
6.51917e-05
6.48295e-05
9.21275e-05
9.09085e-05
9.09085e-05
9.09085e-05
9.09085e-05
9.09085e-05
9.09085e-05
9.09085e-05
9.09085e-05
9.09085e-05
9.09085e-05
9.09085e-05
9.09085e-05
9.09085e-05
9.09085e-05
9.09085e-05
9.09085e-05
9.21277e-05
6.4829e-05
0.000101899
0.000100378
9.97054e-05
9.97054e-05
9.97054e-05
9.97054e-05
9.97054e-05
9.97054e-05
9.97054e-05
9.97054e-05
9.97054e-05
9.97054e-05
9.97054e-05
9.97054e-05
9.97054e-05
9.97054e-05
9.97054e-05
9.97054e-05
0.000100378
0.000101899
0.000310185
0.000430711
0.000430842
0.000430842
0.000430842
0.000430842
0.000430842
0.000430842
0.000430842
0.000430842
0.000430842
0.000430842
0.000430842
0.000430842
0.000430842
0.000430842
0.000430842
0.000430842
0.000430711
0.000310185
9.08992e-05
9.08992e-05
9.08992e-05
9.08992e-05
9.08992e-05
9.08992e-05
9.08992e-05
9.08992e-05
9.08992e-05
9.08992e-05
9.08992e-05
9.08992e-05
9.08992e-05
9.08992e-05
9.08992e-05
9.08992e-05
9.08992e-05
9.08992e-05
9.08992e-05
9.08986e-05
9.08992e-05
9.08992e-05
9.08992e-05
9.08992e-05
9.08992e-05
9.08992e-05
9.08992e-05
9.08992e-05
9.08992e-05
9.08992e-05
9.08992e-05
9.08992e-05
9.08992e-05
9.08992e-05
9.08992e-05
9.08992e-05
9.08992e-05
9.08992e-05
9.08992e-05
9.08986e-05
9.08992e-05
9.08992e-05
9.08992e-05
9.08992e-05
9.08992e-05
9.08992e-05
9.08992e-05
9.08992e-05
9.08992e-05
9.08992e-05
9.08992e-05
9.08992e-05
9.08992e-05
9.08992e-05
9.08992e-05
9.08992e-05
9.08992e-05
9.08992e-05
9.08992e-05
9.08986e-05
9.08992e-05
9.08992e-05
9.08992e-05
9.08992e-05
9.08992e-05
9.08992e-05
9.08992e-05
9.08992e-05
9.08992e-05
9.08992e-05
9.08992e-05
9.08992e-05
9.08992e-05
9.08992e-05
9.08992e-05
9.08992e-05
9.08992e-05
9.08992e-05
9.08992e-05
9.08986e-05
9.08992e-05
9.08992e-05
9.08992e-05
9.08992e-05
9.08992e-05
9.08992e-05
9.08992e-05
9.08992e-05
9.08992e-05
9.08992e-05
9.08992e-05
9.08992e-05
9.08992e-05
9.08992e-05
9.08992e-05
9.08992e-05
9.08992e-05
9.08992e-05
9.08992e-05
9.08986e-05
9.08992e-05
9.08992e-05
9.08992e-05
9.08992e-05
9.08992e-05
9.08992e-05
9.08992e-05
9.08992e-05
9.08992e-05
9.08992e-05
9.08992e-05
9.08992e-05
9.08992e-05
9.08992e-05
9.08992e-05
9.08992e-05
9.08992e-05
9.08992e-05
9.08992e-05
9.08986e-05
9.08992e-05
9.08992e-05
9.08992e-05
9.08992e-05
9.08992e-05
9.08992e-05
9.08992e-05
9.08992e-05
9.08992e-05
9.08992e-05
9.08992e-05
9.08992e-05
9.08992e-05
9.08992e-05
9.08992e-05
9.08992e-05
9.08992e-05
9.08992e-05
9.08992e-05
9.08986e-05
9.08992e-05
9.08992e-05
9.08992e-05
9.08992e-05
9.08992e-05
9.08992e-05
9.08992e-05
9.08992e-05
9.08992e-05
9.08992e-05
9.08992e-05
9.08992e-05
9.08992e-05
9.08992e-05
9.08992e-05
9.08992e-05
9.08992e-05
9.08992e-05
9.08992e-05
9.08986e-05
9.08992e-05
9.08992e-05
9.08992e-05
9.08992e-05
9.08992e-05
9.08992e-05
9.08992e-05
9.08992e-05
9.08992e-05
9.08992e-05
9.08992e-05
9.08992e-05
9.08992e-05
9.08992e-05
9.08992e-05
9.08992e-05
9.08992e-05
9.08992e-05
9.08992e-05
9.08986e-05
9.08992e-05
9.08992e-05
9.08992e-05
9.08992e-05
9.08992e-05
9.08992e-05
9.08992e-05
9.08992e-05
9.08992e-05
9.08992e-05
9.08992e-05
9.08992e-05
9.08992e-05
9.08992e-05
9.08992e-05
9.08992e-05
9.08992e-05
9.08992e-05
9.08992e-05
9.08986e-05
9.08992e-05
9.08992e-05
9.08992e-05
9.08992e-05
9.08992e-05
9.08992e-05
9.08992e-05
9.08992e-05
9.08992e-05
9.08992e-05
9.08992e-05
9.08992e-05
9.08992e-05
9.08992e-05
9.08992e-05
9.08992e-05
9.08992e-05
9.08992e-05
9.08992e-05
9.08986e-05
9.08992e-05
9.08992e-05
9.08992e-05
9.08992e-05
9.08992e-05
9.08992e-05
9.08992e-05
9.08992e-05
9.08992e-05
9.08992e-05
9.08992e-05
9.08992e-05
9.08992e-05
9.08992e-05
9.08992e-05
9.08992e-05
9.08992e-05
9.08992e-05
9.08992e-05
9.08986e-05
9.08992e-05
9.08992e-05
9.08992e-05
9.08992e-05
9.08992e-05
9.08992e-05
9.08992e-05
9.08992e-05
9.08992e-05
9.08992e-05
9.08992e-05
9.08992e-05
9.08992e-05
9.08992e-05
9.08992e-05
9.08992e-05
9.08992e-05
9.08992e-05
9.08992e-05
9.08986e-05
9.08992e-05
9.08992e-05
9.08992e-05
9.08992e-05
9.08992e-05
9.08992e-05
9.08992e-05
9.08992e-05
9.08992e-05
9.08992e-05
9.08992e-05
9.08992e-05
9.08992e-05
9.08992e-05
9.08992e-05
9.08992e-05
9.08992e-05
9.08992e-05
9.08992e-05
9.08986e-05
9.08992e-05
9.08992e-05
9.08992e-05
9.08992e-05
9.08992e-05
9.08992e-05
9.08992e-05
9.08992e-05
9.08992e-05
9.08992e-05
9.08992e-05
9.08992e-05
9.08992e-05
9.08992e-05
9.08992e-05
9.08992e-05
9.08992e-05
9.08992e-05
9.08992e-05
9.08986e-05
9.08992e-05
9.08992e-05
9.08992e-05
9.08992e-05
9.08992e-05
9.08992e-05
9.08992e-05
9.08992e-05
9.08992e-05
9.08992e-05
9.08992e-05
9.08992e-05
9.08992e-05
9.08992e-05
9.08992e-05
9.08992e-05
9.08992e-05
9.08992e-05
9.08992e-05
9.08986e-05
9.08992e-05
9.08992e-05
9.08992e-05
9.08992e-05
9.08992e-05
9.08992e-05
9.08992e-05
9.08992e-05
9.08992e-05
9.08992e-05
9.08992e-05
9.08992e-05
9.08992e-05
9.08992e-05
9.08992e-05
9.08992e-05
9.08992e-05
9.08992e-05
9.08992e-05
9.08986e-05
9.08992e-05
9.08992e-05
9.08992e-05
9.08992e-05
9.08992e-05
9.08992e-05
9.08992e-05
9.08992e-05
9.08992e-05
9.08992e-05
9.08992e-05
9.08992e-05
9.08992e-05
9.08992e-05
9.08992e-05
9.08992e-05
9.08992e-05
9.08992e-05
9.08992e-05
9.08986e-05
9.08992e-05
9.08992e-05
9.08992e-05
9.08992e-05
9.08992e-05
9.08992e-05
9.08992e-05
9.08992e-05
9.08992e-05
9.08992e-05
9.08992e-05
9.08992e-05
9.08992e-05
9.08992e-05
9.08992e-05
9.08992e-05
9.08992e-05
9.08992e-05
9.08991e-05
9.08985e-05
9.08986e-05
9.08986e-05
9.08986e-05
9.08986e-05
9.08986e-05
9.08986e-05
9.08986e-05
9.08986e-05
9.08986e-05
9.08986e-05
9.08986e-05
9.08986e-05
9.08986e-05
9.08986e-05
9.08986e-05
9.08986e-05
9.08986e-05
9.08986e-05
9.08985e-05
9.0898e-05
9.08992e-05
9.08992e-05
9.08992e-05
9.08992e-05
9.08992e-05
9.08992e-05
9.08992e-05
9.08992e-05
9.08992e-05
9.08992e-05
9.08992e-05
9.08992e-05
9.08992e-05
9.08992e-05
9.08992e-05
9.08992e-05
9.08992e-05
9.08992e-05
9.08992e-05
9.08986e-05
9.08992e-05
9.08992e-05
9.08992e-05
9.08992e-05
9.08992e-05
9.08992e-05
9.08992e-05
9.08992e-05
9.08992e-05
9.08992e-05
9.08992e-05
9.08992e-05
9.08992e-05
9.08992e-05
9.08992e-05
9.08992e-05
9.08992e-05
9.08992e-05
9.08992e-05
9.08986e-05
9.08992e-05
9.08992e-05
9.08992e-05
9.08992e-05
9.08992e-05
9.08992e-05
9.08992e-05
9.08992e-05
9.08992e-05
9.08992e-05
9.08992e-05
9.08992e-05
9.08992e-05
9.08992e-05
9.08992e-05
9.08992e-05
9.08992e-05
9.08992e-05
9.08992e-05
9.08986e-05
9.08992e-05
9.08992e-05
9.08992e-05
9.08992e-05
9.08992e-05
9.08992e-05
9.08992e-05
9.08992e-05
9.08992e-05
9.08992e-05
9.08992e-05
9.08992e-05
9.08992e-05
9.08992e-05
9.08992e-05
9.08992e-05
9.08992e-05
9.08992e-05
9.08992e-05
9.08986e-05
9.08992e-05
9.08992e-05
9.08992e-05
9.08992e-05
9.08992e-05
9.08992e-05
9.08992e-05
9.08992e-05
9.08992e-05
9.08992e-05
9.08992e-05
9.08992e-05
9.08992e-05
9.08992e-05
9.08992e-05
9.08992e-05
9.08992e-05
9.08992e-05
9.08992e-05
9.08986e-05
9.08992e-05
9.08992e-05
9.08992e-05
9.08992e-05
9.08992e-05
9.08992e-05
9.08992e-05
9.08992e-05
9.08992e-05
9.08992e-05
9.08992e-05
9.08992e-05
9.08992e-05
9.08992e-05
9.08992e-05
9.08992e-05
9.08992e-05
9.08992e-05
9.08992e-05
9.08986e-05
9.08992e-05
9.08992e-05
9.08992e-05
9.08992e-05
9.08992e-05
9.08992e-05
9.08992e-05
9.08992e-05
9.08992e-05
9.08992e-05
9.08992e-05
9.08992e-05
9.08992e-05
9.08992e-05
9.08992e-05
9.08992e-05
9.08992e-05
9.08992e-05
9.08992e-05
9.08986e-05
9.08992e-05
9.08992e-05
9.08992e-05
9.08992e-05
9.08992e-05
9.08992e-05
9.08992e-05
9.08992e-05
9.08992e-05
9.08992e-05
9.08992e-05
9.08992e-05
9.08992e-05
9.08992e-05
9.08992e-05
9.08992e-05
9.08992e-05
9.08992e-05
9.08992e-05
9.08986e-05
9.08992e-05
9.08992e-05
9.08992e-05
9.08992e-05
9.08992e-05
9.08992e-05
9.08992e-05
9.08992e-05
9.08992e-05
9.08992e-05
9.08992e-05
9.08992e-05
9.08992e-05
9.08992e-05
9.08992e-05
9.08992e-05
9.08992e-05
9.08992e-05
9.08992e-05
9.08986e-05
9.08992e-05
9.08992e-05
9.08992e-05
9.08992e-05
9.08992e-05
9.08992e-05
9.08992e-05
9.08992e-05
9.08992e-05
9.08992e-05
9.08992e-05
9.08992e-05
9.08992e-05
9.08992e-05
9.08992e-05
9.08992e-05
9.08992e-05
9.08992e-05
9.08992e-05
9.08986e-05
9.08992e-05
9.08992e-05
9.08992e-05
9.08992e-05
9.08992e-05
9.08992e-05
9.08992e-05
9.08992e-05
9.08992e-05
9.08992e-05
9.08992e-05
9.08992e-05
9.08992e-05
9.08992e-05
9.08992e-05
9.08992e-05
9.08992e-05
9.08992e-05
9.08992e-05
9.08986e-05
9.08992e-05
9.08992e-05
9.08992e-05
9.08992e-05
9.08992e-05
9.08992e-05
9.08992e-05
9.08992e-05
9.08992e-05
9.08992e-05
9.08992e-05
9.08992e-05
9.08992e-05
9.08992e-05
9.08992e-05
9.08992e-05
9.08992e-05
9.08992e-05
9.08992e-05
9.08986e-05
9.08992e-05
9.08992e-05
9.08992e-05
9.08992e-05
9.08992e-05
9.08992e-05
9.08992e-05
9.08992e-05
9.08992e-05
9.08992e-05
9.08992e-05
9.08992e-05
9.08992e-05
9.08992e-05
9.08992e-05
9.08992e-05
9.08992e-05
9.08992e-05
9.08992e-05
9.08986e-05
9.08992e-05
9.08992e-05
9.08992e-05
9.08992e-05
9.08992e-05
9.08992e-05
9.08992e-05
9.08992e-05
9.08992e-05
9.08992e-05
9.08992e-05
9.08992e-05
9.08992e-05
9.08992e-05
9.08992e-05
9.08992e-05
9.08992e-05
9.08992e-05
9.08992e-05
9.08986e-05
9.08992e-05
9.08992e-05
9.08992e-05
9.08992e-05
9.08992e-05
9.08992e-05
9.08992e-05
9.08992e-05
9.08992e-05
9.08992e-05
9.08992e-05
9.08992e-05
9.08992e-05
9.08992e-05
9.08992e-05
9.08992e-05
9.08992e-05
9.08992e-05
9.08992e-05
9.08986e-05
9.08992e-05
9.08992e-05
9.08992e-05
9.08992e-05
9.08992e-05
9.08992e-05
9.08992e-05
9.08992e-05
9.08992e-05
9.08992e-05
9.08992e-05
9.08992e-05
9.08992e-05
9.08992e-05
9.08992e-05
9.08992e-05
9.08992e-05
9.08992e-05
9.08992e-05
9.08986e-05
9.08992e-05
9.08992e-05
9.08992e-05
9.08992e-05
9.08992e-05
9.08992e-05
9.08992e-05
9.08992e-05
9.08992e-05
9.08992e-05
9.08992e-05
9.08992e-05
9.08992e-05
9.08992e-05
9.08992e-05
9.08992e-05
9.08992e-05
9.08992e-05
9.08992e-05
9.08986e-05
9.08992e-05
9.08992e-05
9.08992e-05
9.08992e-05
9.08992e-05
9.08992e-05
9.08992e-05
9.08992e-05
9.08992e-05
9.08992e-05
9.08992e-05
9.08992e-05
9.08992e-05
9.08992e-05
9.08992e-05
9.08992e-05
9.08992e-05
9.08992e-05
9.08992e-05
9.08986e-05
9.08992e-05
9.08992e-05
9.08992e-05
9.08992e-05
9.08992e-05
9.08992e-05
9.08992e-05
9.08992e-05
9.08992e-05
9.08992e-05
9.08992e-05
9.08992e-05
9.08992e-05
9.08992e-05
9.08992e-05
9.08992e-05
9.08992e-05
9.08992e-05
9.08991e-05
9.08985e-05
9.08986e-05
9.08986e-05
9.08986e-05
9.08986e-05
9.08986e-05
9.08986e-05
9.08986e-05
9.08986e-05
9.08986e-05
9.08986e-05
9.08986e-05
9.08986e-05
9.08986e-05
9.08986e-05
9.08986e-05
9.08986e-05
9.08986e-05
9.08986e-05
9.08985e-05
9.0898e-05
9.08992e-05
9.08992e-05
9.08992e-05
9.08992e-05
9.08992e-05
9.08992e-05
9.08992e-05
9.08992e-05
9.08992e-05
9.08992e-05
9.08992e-05
9.08992e-05
9.08992e-05
9.08992e-05
9.08992e-05
9.08992e-05
9.08992e-05
9.08992e-05
9.08992e-05
9.08986e-05
9.08992e-05
9.08992e-05
9.08992e-05
9.08992e-05
9.08992e-05
9.08992e-05
9.08992e-05
9.08992e-05
9.08992e-05
9.08992e-05
9.08992e-05
9.08992e-05
9.08992e-05
9.08992e-05
9.08992e-05
9.08992e-05
9.08992e-05
9.08992e-05
9.08992e-05
9.08986e-05
9.08992e-05
9.08992e-05
9.08992e-05
9.08992e-05
9.08992e-05
9.08992e-05
9.08992e-05
9.08992e-05
9.08992e-05
9.08992e-05
9.08992e-05
9.08992e-05
9.08992e-05
9.08992e-05
9.08992e-05
9.08992e-05
9.08992e-05
9.08992e-05
9.08992e-05
9.08986e-05
9.08992e-05
9.08992e-05
9.08992e-05
9.08992e-05
9.08992e-05
9.08992e-05
9.08992e-05
9.08992e-05
9.08992e-05
9.08992e-05
9.08992e-05
9.08992e-05
9.08992e-05
9.08992e-05
9.08992e-05
9.08992e-05
9.08992e-05
9.08992e-05
9.08992e-05
9.08986e-05
9.08992e-05
9.08992e-05
9.08992e-05
9.08992e-05
9.08992e-05
9.08992e-05
9.08992e-05
9.08992e-05
9.08992e-05
9.08992e-05
9.08992e-05
9.08992e-05
9.08992e-05
9.08992e-05
9.08992e-05
9.08992e-05
9.08992e-05
9.08992e-05
9.08992e-05
9.08986e-05
9.08992e-05
9.08992e-05
9.08992e-05
9.08992e-05
9.08992e-05
9.08992e-05
9.08992e-05
9.08992e-05
9.08992e-05
9.08992e-05
9.08992e-05
9.08992e-05
9.08992e-05
9.08992e-05
9.08992e-05
9.08992e-05
9.08992e-05
9.08992e-05
9.08992e-05
9.08986e-05
9.08992e-05
9.08992e-05
9.08992e-05
9.08992e-05
9.08992e-05
9.08992e-05
9.08992e-05
9.08992e-05
9.08992e-05
9.08992e-05
9.08992e-05
9.08992e-05
9.08992e-05
9.08992e-05
9.08992e-05
9.08992e-05
9.08992e-05
9.08992e-05
9.08992e-05
9.08986e-05
9.08992e-05
9.08992e-05
9.08992e-05
9.08992e-05
9.08992e-05
9.08992e-05
9.08992e-05
9.08992e-05
9.08992e-05
9.08992e-05
9.08992e-05
9.08992e-05
9.08992e-05
9.08992e-05
9.08992e-05
9.08992e-05
9.08992e-05
9.08992e-05
9.08992e-05
9.08986e-05
9.08992e-05
9.08992e-05
9.08992e-05
9.08992e-05
9.08992e-05
9.08992e-05
9.08992e-05
9.08992e-05
9.08992e-05
9.08992e-05
9.08992e-05
9.08992e-05
9.08992e-05
9.08992e-05
9.08992e-05
9.08992e-05
9.08992e-05
9.08992e-05
9.08992e-05
9.08986e-05
9.08992e-05
9.08992e-05
9.08992e-05
9.08992e-05
9.08992e-05
9.08992e-05
9.08992e-05
9.08992e-05
9.08992e-05
9.08992e-05
9.08992e-05
9.08992e-05
9.08992e-05
9.08992e-05
9.08992e-05
9.08992e-05
9.08992e-05
9.08992e-05
9.08992e-05
9.08986e-05
9.08992e-05
9.08992e-05
9.08992e-05
9.08992e-05
9.08992e-05
9.08992e-05
9.08992e-05
9.08992e-05
9.08992e-05
9.08992e-05
9.08992e-05
9.08992e-05
9.08992e-05
9.08992e-05
9.08992e-05
9.08992e-05
9.08992e-05
9.08992e-05
9.08992e-05
9.08986e-05
9.08992e-05
9.08992e-05
9.08992e-05
9.08992e-05
9.08992e-05
9.08992e-05
9.08992e-05
9.08992e-05
9.08992e-05
9.08992e-05
9.08992e-05
9.08992e-05
9.08992e-05
9.08992e-05
9.08992e-05
9.08992e-05
9.08992e-05
9.08992e-05
9.08992e-05
9.08986e-05
9.08992e-05
9.08992e-05
9.08992e-05
9.08992e-05
9.08992e-05
9.08992e-05
9.08992e-05
9.08992e-05
9.08992e-05
9.08992e-05
9.08992e-05
9.08992e-05
9.08992e-05
9.08992e-05
9.08992e-05
9.08992e-05
9.08992e-05
9.08992e-05
9.08992e-05
9.08986e-05
9.08992e-05
9.08992e-05
9.08992e-05
9.08992e-05
9.08992e-05
9.08992e-05
9.08992e-05
9.08992e-05
9.08992e-05
9.08992e-05
9.08992e-05
9.08992e-05
9.08992e-05
9.08992e-05
9.08992e-05
9.08992e-05
9.08992e-05
9.08992e-05
9.08992e-05
9.08986e-05
9.08992e-05
9.08992e-05
9.08992e-05
9.08992e-05
9.08992e-05
9.08992e-05
9.08992e-05
9.08992e-05
9.08992e-05
9.08992e-05
9.08992e-05
9.08992e-05
9.08992e-05
9.08992e-05
9.08992e-05
9.08992e-05
9.08992e-05
9.08992e-05
9.08992e-05
9.08986e-05
9.08992e-05
9.08992e-05
9.08992e-05
9.08992e-05
9.08992e-05
9.08992e-05
9.08992e-05
9.08992e-05
9.08992e-05
9.08992e-05
9.08992e-05
9.08992e-05
9.08992e-05
9.08992e-05
9.08992e-05
9.08992e-05
9.08992e-05
9.08992e-05
9.08992e-05
9.08986e-05
9.08992e-05
9.08992e-05
9.08992e-05
9.08992e-05
9.08992e-05
9.08992e-05
9.08992e-05
9.08992e-05
9.08992e-05
9.08992e-05
9.08992e-05
9.08992e-05
9.08992e-05
9.08992e-05
9.08992e-05
9.08992e-05
9.08992e-05
9.08992e-05
9.08992e-05
9.08986e-05
9.08992e-05
9.08992e-05
9.08992e-05
9.08992e-05
9.08992e-05
9.08992e-05
9.08992e-05
9.08992e-05
9.08992e-05
9.08992e-05
9.08992e-05
9.08992e-05
9.08992e-05
9.08992e-05
9.08992e-05
9.08992e-05
9.08992e-05
9.08992e-05
9.08992e-05
9.08986e-05
9.08992e-05
9.08992e-05
9.08992e-05
9.08992e-05
9.08992e-05
9.08992e-05
9.08992e-05
9.08992e-05
9.08992e-05
9.08992e-05
9.08992e-05
9.08992e-05
9.08992e-05
9.08992e-05
9.08992e-05
9.08992e-05
9.08992e-05
9.08992e-05
9.08991e-05
9.08985e-05
9.08986e-05
9.08986e-05
9.08986e-05
9.08986e-05
9.08986e-05
9.08986e-05
9.08986e-05
9.08986e-05
9.08986e-05
9.08986e-05
9.08986e-05
9.08986e-05
9.08986e-05
9.08986e-05
9.08986e-05
9.08986e-05
9.08986e-05
9.08986e-05
9.08985e-05
9.0898e-05
9.08986e-05
9.08986e-05
9.08986e-05
9.08986e-05
9.08986e-05
9.08986e-05
9.08986e-05
9.08986e-05
9.08986e-05
9.08986e-05
9.08986e-05
9.08986e-05
9.08986e-05
9.08986e-05
9.08986e-05
9.08986e-05
9.08986e-05
9.08986e-05
9.08986e-05
9.08985e-05
9.08986e-05
9.08986e-05
9.08986e-05
9.08986e-05
9.08986e-05
9.08986e-05
9.08986e-05
9.08986e-05
9.08986e-05
9.08986e-05
9.08986e-05
9.08986e-05
9.08986e-05
9.08986e-05
9.08986e-05
9.08986e-05
9.08986e-05
9.08986e-05
9.08986e-05
9.08985e-05
9.08986e-05
9.08986e-05
9.08986e-05
9.08986e-05
9.08986e-05
9.08986e-05
9.08986e-05
9.08986e-05
9.08986e-05
9.08986e-05
9.08986e-05
9.08986e-05
9.08986e-05
9.08986e-05
9.08986e-05
9.08986e-05
9.08986e-05
9.08986e-05
9.08986e-05
9.08985e-05
9.08986e-05
9.08986e-05
9.08986e-05
9.08986e-05
9.08986e-05
9.08986e-05
9.08986e-05
9.08986e-05
9.08986e-05
9.08986e-05
9.08986e-05
9.08986e-05
9.08986e-05
9.08986e-05
9.08986e-05
9.08986e-05
9.08986e-05
9.08986e-05
9.08986e-05
9.08985e-05
9.08986e-05
9.08986e-05
9.08986e-05
9.08986e-05
9.08986e-05
9.08986e-05
9.08986e-05
9.08986e-05
9.08986e-05
9.08986e-05
9.08986e-05
9.08986e-05
9.08986e-05
9.08986e-05
9.08986e-05
9.08986e-05
9.08986e-05
9.08986e-05
9.08986e-05
9.08985e-05
9.08986e-05
9.08986e-05
9.08986e-05
9.08986e-05
9.08986e-05
9.08986e-05
9.08986e-05
9.08986e-05
9.08986e-05
9.08986e-05
9.08986e-05
9.08986e-05
9.08986e-05
9.08986e-05
9.08986e-05
9.08986e-05
9.08986e-05
9.08986e-05
9.08986e-05
9.08985e-05
9.08986e-05
9.08986e-05
9.08986e-05
9.08986e-05
9.08986e-05
9.08986e-05
9.08986e-05
9.08986e-05
9.08986e-05
9.08986e-05
9.08986e-05
9.08986e-05
9.08986e-05
9.08986e-05
9.08986e-05
9.08986e-05
9.08986e-05
9.08986e-05
9.08986e-05
9.08985e-05
9.08986e-05
9.08986e-05
9.08986e-05
9.08986e-05
9.08986e-05
9.08986e-05
9.08986e-05
9.08986e-05
9.08986e-05
9.08986e-05
9.08986e-05
9.08986e-05
9.08986e-05
9.08986e-05
9.08986e-05
9.08986e-05
9.08986e-05
9.08986e-05
9.08986e-05
9.08985e-05
9.08986e-05
9.08986e-05
9.08986e-05
9.08986e-05
9.08986e-05
9.08986e-05
9.08986e-05
9.08986e-05
9.08986e-05
9.08986e-05
9.08986e-05
9.08986e-05
9.08986e-05
9.08986e-05
9.08986e-05
9.08986e-05
9.08986e-05
9.08986e-05
9.08986e-05
9.08985e-05
9.08986e-05
9.08986e-05
9.08986e-05
9.08986e-05
9.08986e-05
9.08986e-05
9.08986e-05
9.08986e-05
9.08986e-05
9.08986e-05
9.08986e-05
9.08986e-05
9.08986e-05
9.08986e-05
9.08986e-05
9.08986e-05
9.08986e-05
9.08986e-05
9.08986e-05
9.08985e-05
9.08986e-05
9.08986e-05
9.08986e-05
9.08986e-05
9.08986e-05
9.08986e-05
9.08986e-05
9.08986e-05
9.08986e-05
9.08986e-05
9.08986e-05
9.08986e-05
9.08986e-05
9.08986e-05
9.08986e-05
9.08986e-05
9.08986e-05
9.08986e-05
9.08986e-05
9.08985e-05
9.08986e-05
9.08986e-05
9.08986e-05
9.08986e-05
9.08986e-05
9.08986e-05
9.08986e-05
9.08986e-05
9.08986e-05
9.08986e-05
9.08986e-05
9.08986e-05
9.08986e-05
9.08986e-05
9.08986e-05
9.08986e-05
9.08986e-05
9.08986e-05
9.08986e-05
9.08985e-05
9.08986e-05
9.08986e-05
9.08986e-05
9.08986e-05
9.08986e-05
9.08986e-05
9.08986e-05
9.08986e-05
9.08986e-05
9.08986e-05
9.08986e-05
9.08986e-05
9.08986e-05
9.08986e-05
9.08986e-05
9.08986e-05
9.08986e-05
9.08986e-05
9.08986e-05
9.08985e-05
9.08986e-05
9.08986e-05
9.08986e-05
9.08986e-05
9.08986e-05
9.08986e-05
9.08986e-05
9.08986e-05
9.08986e-05
9.08986e-05
9.08986e-05
9.08986e-05
9.08986e-05
9.08986e-05
9.08986e-05
9.08986e-05
9.08986e-05
9.08986e-05
9.08986e-05
9.08985e-05
9.08986e-05
9.08986e-05
9.08986e-05
9.08986e-05
9.08986e-05
9.08986e-05
9.08986e-05
9.08986e-05
9.08986e-05
9.08986e-05
9.08986e-05
9.08986e-05
9.08986e-05
9.08986e-05
9.08986e-05
9.08986e-05
9.08986e-05
9.08986e-05
9.08986e-05
9.08985e-05
9.08986e-05
9.08986e-05
9.08986e-05
9.08986e-05
9.08986e-05
9.08986e-05
9.08986e-05
9.08986e-05
9.08986e-05
9.08986e-05
9.08986e-05
9.08986e-05
9.08986e-05
9.08986e-05
9.08986e-05
9.08986e-05
9.08986e-05
9.08986e-05
9.08986e-05
9.08985e-05
9.08986e-05
9.08986e-05
9.08986e-05
9.08986e-05
9.08986e-05
9.08986e-05
9.08986e-05
9.08986e-05
9.08986e-05
9.08986e-05
9.08986e-05
9.08986e-05
9.08986e-05
9.08986e-05
9.08986e-05
9.08986e-05
9.08986e-05
9.08986e-05
9.08986e-05
9.08985e-05
9.08986e-05
9.08986e-05
9.08986e-05
9.08986e-05
9.08986e-05
9.08986e-05
9.08986e-05
9.08986e-05
9.08986e-05
9.08986e-05
9.08986e-05
9.08986e-05
9.08986e-05
9.08986e-05
9.08986e-05
9.08986e-05
9.08986e-05
9.08986e-05
9.08986e-05
9.08985e-05
9.08986e-05
9.08986e-05
9.08986e-05
9.08986e-05
9.08986e-05
9.08986e-05
9.08986e-05
9.08986e-05
9.08986e-05
9.08986e-05
9.08986e-05
9.08986e-05
9.08986e-05
9.08986e-05
9.08986e-05
9.08986e-05
9.08986e-05
9.08986e-05
9.08986e-05
9.08985e-05
9.0898e-05
9.0898e-05
9.0898e-05
9.0898e-05
9.0898e-05
9.0898e-05
9.0898e-05
9.0898e-05
9.0898e-05
9.0898e-05
9.0898e-05
9.0898e-05
9.0898e-05
9.0898e-05
9.0898e-05
9.0898e-05
9.0898e-05
9.0898e-05
9.0898e-05
9.08979e-05
9.0898e-05
9.0898e-05
9.0898e-05
9.0898e-05
9.0898e-05
9.0898e-05
9.0898e-05
9.0898e-05
9.0898e-05
9.0898e-05
9.0898e-05
9.0898e-05
9.0898e-05
9.0898e-05
9.0898e-05
9.0898e-05
9.0898e-05
9.0898e-05
9.0898e-05
9.0898e-05
9.0898e-05
9.0898e-05
9.0898e-05
9.0898e-05
9.0898e-05
9.0898e-05
9.0898e-05
9.0898e-05
9.0898e-05
9.0898e-05
9.0898e-05
9.0898e-05
9.0898e-05
9.0898e-05
9.0898e-05
9.0898e-05
9.0898e-05
9.0898e-05
9.0898e-05
9.0898e-05
9.0898e-05
9.0898e-05
9.0898e-05
9.0898e-05
9.0898e-05
9.0898e-05
9.0898e-05
9.0898e-05
9.0898e-05
9.0898e-05
9.0898e-05
9.0898e-05
9.0898e-05
9.0898e-05
9.0898e-05
9.0898e-05
9.0898e-05
9.0898e-05
9.0898e-05
9.0898e-05
9.0898e-05
9.0898e-05
9.0898e-05
9.0898e-05
9.0898e-05
9.0898e-05
9.0898e-05
9.0898e-05
9.0898e-05
9.0898e-05
9.0898e-05
9.0898e-05
9.0898e-05
9.0898e-05
9.0898e-05
9.0898e-05
9.0898e-05
9.0898e-05
9.0898e-05
9.0898e-05
9.0898e-05
9.0898e-05
9.0898e-05
9.0898e-05
9.0898e-05
9.0898e-05
9.0898e-05
9.0898e-05
9.0898e-05
9.0898e-05
9.0898e-05
9.0898e-05
9.0898e-05
9.0898e-05
9.0898e-05
9.0898e-05
9.0898e-05
9.0898e-05
9.0898e-05
9.0898e-05
9.0898e-05
9.0898e-05
9.0898e-05
9.0898e-05
9.0898e-05
9.0898e-05
9.0898e-05
9.0898e-05
9.0898e-05
9.0898e-05
9.0898e-05
9.0898e-05
9.0898e-05
9.0898e-05
9.0898e-05
9.0898e-05
9.0898e-05
9.0898e-05
9.0898e-05
9.0898e-05
9.0898e-05
9.0898e-05
9.0898e-05
9.0898e-05
9.0898e-05
9.0898e-05
9.0898e-05
9.0898e-05
9.0898e-05
9.0898e-05
9.0898e-05
9.0898e-05
9.0898e-05
9.0898e-05
9.0898e-05
9.0898e-05
9.0898e-05
9.0898e-05
9.0898e-05
9.0898e-05
9.0898e-05
9.0898e-05
9.0898e-05
9.0898e-05
9.0898e-05
9.0898e-05
9.0898e-05
9.0898e-05
9.0898e-05
9.0898e-05
9.0898e-05
9.0898e-05
9.0898e-05
9.0898e-05
9.0898e-05
9.0898e-05
9.0898e-05
9.0898e-05
9.0898e-05
9.0898e-05
9.0898e-05
9.0898e-05
9.0898e-05
9.0898e-05
9.0898e-05
9.0898e-05
9.0898e-05
9.0898e-05
9.0898e-05
9.0898e-05
9.0898e-05
9.0898e-05
9.0898e-05
9.0898e-05
9.0898e-05
9.0898e-05
9.0898e-05
9.0898e-05
9.0898e-05
9.0898e-05
9.0898e-05
9.0898e-05
9.0898e-05
9.0898e-05
9.0898e-05
9.0898e-05
9.0898e-05
9.0898e-05
9.0898e-05
9.0898e-05
9.0898e-05
9.0898e-05
9.0898e-05
9.0898e-05
9.0898e-05
9.0898e-05
9.0898e-05
9.0898e-05
9.0898e-05
9.0898e-05
9.0898e-05
9.0898e-05
9.0898e-05
9.0898e-05
9.0898e-05
9.0898e-05
9.0898e-05
9.0898e-05
9.0898e-05
9.0898e-05
9.0898e-05
9.0898e-05
9.0898e-05
9.0898e-05
9.0898e-05
9.0898e-05
9.0898e-05
9.0898e-05
9.0898e-05
9.0898e-05
9.0898e-05
9.0898e-05
9.0898e-05
9.0898e-05
9.0898e-05
9.0898e-05
9.0898e-05
9.0898e-05
9.0898e-05
9.0898e-05
9.0898e-05
9.0898e-05
9.0898e-05
9.0898e-05
9.0898e-05
9.0898e-05
9.0898e-05
9.0898e-05
9.0898e-05
9.0898e-05
9.0898e-05
9.0898e-05
9.0898e-05
9.0898e-05
9.0898e-05
9.0898e-05
9.0898e-05
9.0898e-05
9.0898e-05
9.0898e-05
9.0898e-05
9.0898e-05
9.0898e-05
9.0898e-05
9.0898e-05
9.0898e-05
9.0898e-05
9.0898e-05
9.0898e-05
9.0898e-05
9.0898e-05
9.0898e-05
9.0898e-05
9.0898e-05
9.0898e-05
9.0898e-05
9.0898e-05
9.0898e-05
9.0898e-05
9.0898e-05
9.0898e-05
9.0898e-05
9.0898e-05
9.0898e-05
9.0898e-05
9.0898e-05
9.0898e-05
9.0898e-05
9.0898e-05
9.0898e-05
9.0898e-05
9.0898e-05
9.0898e-05
9.0898e-05
9.0898e-05
9.0898e-05
9.0898e-05
9.0898e-05
9.0898e-05
9.0898e-05
9.0898e-05
9.0898e-05
9.0898e-05
9.0898e-05
9.0898e-05
9.0898e-05
9.0898e-05
9.0898e-05
9.0898e-05
9.0898e-05
9.0898e-05
9.0898e-05
9.0898e-05
9.0898e-05
9.0898e-05
9.0898e-05
9.0898e-05
9.0898e-05
9.0898e-05
9.0898e-05
9.0898e-05
9.0898e-05
9.0898e-05
9.0898e-05
9.0898e-05
9.0898e-05
9.0898e-05
9.0898e-05
9.0898e-05
9.0898e-05
9.0898e-05
9.0898e-05
9.0898e-05
9.0898e-05
9.0898e-05
9.0898e-05
9.0898e-05
9.0898e-05
9.0898e-05
9.0898e-05
9.0898e-05
9.0898e-05
9.0898e-05
9.0898e-05
9.0898e-05
9.0898e-05
9.0898e-05
9.0898e-05
9.0898e-05
9.0898e-05
9.0898e-05
9.0898e-05
9.0898e-05
9.0898e-05
9.0898e-05
9.0898e-05
9.0898e-05
9.0898e-05
9.0898e-05
9.0898e-05
9.0898e-05
9.0898e-05
9.0898e-05
9.0898e-05
9.0898e-05
9.0898e-05
9.0898e-05
9.0898e-05
9.0898e-05
9.0898e-05
9.0898e-05
9.0898e-05
9.0898e-05
9.0898e-05
9.0898e-05
9.0898e-05
9.0898e-05
9.0898e-05
9.0898e-05
9.0898e-05
9.0898e-05
9.0898e-05
9.0898e-05
9.0898e-05
9.0898e-05
9.0898e-05
9.0898e-05
9.0898e-05
9.0898e-05
9.0898e-05
9.0898e-05
9.0898e-05
9.0898e-05
9.0898e-05
9.0898e-05
9.0898e-05
9.0898e-05
9.0898e-05
9.0898e-05
9.0898e-05
9.0898e-05
9.0898e-05
9.0898e-05
9.0898e-05
9.0898e-05
9.0898e-05
9.0898e-05
9.0898e-05
9.0898e-05
9.08979e-05
9.08986e-05
9.08986e-05
9.08986e-05
9.08986e-05
9.08986e-05
9.08986e-05
9.08986e-05
9.08986e-05
9.08986e-05
9.08986e-05
9.08986e-05
9.08986e-05
9.08986e-05
9.08986e-05
9.08986e-05
9.08986e-05
9.08986e-05
9.08986e-05
9.08986e-05
9.0898e-05
9.08986e-05
9.08986e-05
9.08986e-05
9.08986e-05
9.08986e-05
9.08986e-05
9.08986e-05
9.08986e-05
9.08986e-05
9.08986e-05
9.08986e-05
9.08986e-05
9.08986e-05
9.08986e-05
9.08986e-05
9.08986e-05
9.08986e-05
9.08986e-05
9.08986e-05
9.0898e-05
9.08986e-05
9.08986e-05
9.08986e-05
9.08986e-05
9.08986e-05
9.08986e-05
9.08986e-05
9.08986e-05
9.08986e-05
9.08986e-05
9.08986e-05
9.08986e-05
9.08986e-05
9.08986e-05
9.08986e-05
9.08986e-05
9.08986e-05
9.08986e-05
9.08986e-05
9.0898e-05
9.08986e-05
9.08986e-05
9.08986e-05
9.08986e-05
9.08986e-05
9.08986e-05
9.08986e-05
9.08986e-05
9.08986e-05
9.08986e-05
9.08986e-05
9.08986e-05
9.08986e-05
9.08986e-05
9.08986e-05
9.08986e-05
9.08986e-05
9.08986e-05
9.08986e-05
9.0898e-05
9.08986e-05
9.08986e-05
9.08986e-05
9.08986e-05
9.08986e-05
9.08986e-05
9.08986e-05
9.08986e-05
9.08986e-05
9.08986e-05
9.08986e-05
9.08986e-05
9.08986e-05
9.08986e-05
9.08986e-05
9.08986e-05
9.08986e-05
9.08986e-05
9.08986e-05
9.0898e-05
9.08986e-05
9.08986e-05
9.08986e-05
9.08986e-05
9.08986e-05
9.08986e-05
9.08986e-05
9.08986e-05
9.08986e-05
9.08986e-05
9.08986e-05
9.08986e-05
9.08986e-05
9.08986e-05
9.08986e-05
9.08986e-05
9.08986e-05
9.08986e-05
9.08986e-05
9.0898e-05
9.08986e-05
9.08986e-05
9.08986e-05
9.08986e-05
9.08986e-05
9.08986e-05
9.08986e-05
9.08986e-05
9.08986e-05
9.08986e-05
9.08986e-05
9.08986e-05
9.08986e-05
9.08986e-05
9.08986e-05
9.08986e-05
9.08986e-05
9.08986e-05
9.08986e-05
9.0898e-05
9.08986e-05
9.08986e-05
9.08986e-05
9.08986e-05
9.08986e-05
9.08986e-05
9.08986e-05
9.08986e-05
9.08986e-05
9.08986e-05
9.08986e-05
9.08986e-05
9.08986e-05
9.08986e-05
9.08986e-05
9.08986e-05
9.08986e-05
9.08986e-05
9.08986e-05
9.0898e-05
9.08986e-05
9.08986e-05
9.08986e-05
9.08986e-05
9.08986e-05
9.08986e-05
9.08986e-05
9.08986e-05
9.08986e-05
9.08986e-05
9.08986e-05
9.08986e-05
9.08986e-05
9.08986e-05
9.08986e-05
9.08986e-05
9.08986e-05
9.08986e-05
9.08986e-05
9.0898e-05
9.08986e-05
9.08986e-05
9.08986e-05
9.08986e-05
9.08986e-05
9.08986e-05
9.08986e-05
9.08986e-05
9.08986e-05
9.08986e-05
9.08986e-05
9.08986e-05
9.08986e-05
9.08986e-05
9.08986e-05
9.08986e-05
9.08986e-05
9.08986e-05
9.08986e-05
9.0898e-05
9.08986e-05
9.08986e-05
9.08986e-05
9.08986e-05
9.08986e-05
9.08986e-05
9.08986e-05
9.08986e-05
9.08986e-05
9.08986e-05
9.08986e-05
9.08986e-05
9.08986e-05
9.08986e-05
9.08986e-05
9.08986e-05
9.08986e-05
9.08986e-05
9.08986e-05
9.0898e-05
9.08986e-05
9.08986e-05
9.08986e-05
9.08986e-05
9.08986e-05
9.08986e-05
9.08986e-05
9.08986e-05
9.08986e-05
9.08986e-05
9.08986e-05
9.08986e-05
9.08986e-05
9.08986e-05
9.08986e-05
9.08986e-05
9.08986e-05
9.08986e-05
9.08986e-05
9.0898e-05
9.08986e-05
9.08986e-05
9.08986e-05
9.08986e-05
9.08986e-05
9.08986e-05
9.08986e-05
9.08986e-05
9.08986e-05
9.08986e-05
9.08986e-05
9.08986e-05
9.08986e-05
9.08986e-05
9.08986e-05
9.08986e-05
9.08986e-05
9.08986e-05
9.08986e-05
9.0898e-05
9.08986e-05
9.08986e-05
9.08986e-05
9.08986e-05
9.08986e-05
9.08986e-05
9.08986e-05
9.08986e-05
9.08986e-05
9.08986e-05
9.08986e-05
9.08986e-05
9.08986e-05
9.08986e-05
9.08986e-05
9.08986e-05
9.08986e-05
9.08986e-05
9.08986e-05
9.0898e-05
9.08986e-05
9.08986e-05
9.08986e-05
9.08986e-05
9.08986e-05
9.08986e-05
9.08986e-05
9.08986e-05
9.08986e-05
9.08986e-05
9.08986e-05
9.08986e-05
9.08986e-05
9.08986e-05
9.08986e-05
9.08986e-05
9.08986e-05
9.08986e-05
9.08986e-05
9.0898e-05
9.08986e-05
9.08986e-05
9.08986e-05
9.08986e-05
9.08986e-05
9.08986e-05
9.08986e-05
9.08986e-05
9.08986e-05
9.08986e-05
9.08986e-05
9.08986e-05
9.08986e-05
9.08986e-05
9.08986e-05
9.08986e-05
9.08986e-05
9.08986e-05
9.08986e-05
9.0898e-05
9.08986e-05
9.08986e-05
9.08986e-05
9.08986e-05
9.08986e-05
9.08986e-05
9.08986e-05
9.08986e-05
9.08986e-05
9.08986e-05
9.08986e-05
9.08986e-05
9.08986e-05
9.08986e-05
9.08986e-05
9.08986e-05
9.08986e-05
9.08986e-05
9.08986e-05
9.0898e-05
9.08986e-05
9.08986e-05
9.08986e-05
9.08986e-05
9.08986e-05
9.08986e-05
9.08986e-05
9.08986e-05
9.08986e-05
9.08986e-05
9.08986e-05
9.08986e-05
9.08986e-05
9.08986e-05
9.08986e-05
9.08986e-05
9.08986e-05
9.08986e-05
9.08986e-05
9.0898e-05
9.08986e-05
9.08986e-05
9.08986e-05
9.08986e-05
9.08986e-05
9.08986e-05
9.08986e-05
9.08986e-05
9.08986e-05
9.08986e-05
9.08986e-05
9.08986e-05
9.08986e-05
9.08986e-05
9.08986e-05
9.08986e-05
9.08986e-05
9.08986e-05
9.08986e-05
9.0898e-05
9.08985e-05
9.08985e-05
9.08985e-05
9.08985e-05
9.08985e-05
9.08985e-05
9.08985e-05
9.08985e-05
9.08985e-05
9.08985e-05
9.08985e-05
9.08985e-05
9.08985e-05
9.08985e-05
9.08985e-05
9.08985e-05
9.08985e-05
9.08985e-05
9.08985e-05
9.08979e-05
9.08986e-05
9.08986e-05
9.08986e-05
9.08986e-05
9.08986e-05
9.08986e-05
9.08986e-05
9.08986e-05
9.08986e-05
9.08986e-05
9.08986e-05
9.08986e-05
9.08986e-05
9.08986e-05
9.08986e-05
9.08986e-05
9.08986e-05
9.08986e-05
9.08986e-05
9.0898e-05
9.08986e-05
9.08986e-05
9.08986e-05
9.08986e-05
9.08986e-05
9.08986e-05
9.08986e-05
9.08986e-05
9.08986e-05
9.08986e-05
9.08986e-05
9.08986e-05
9.08986e-05
9.08986e-05
9.08986e-05
9.08986e-05
9.08986e-05
9.08986e-05
9.08986e-05
9.0898e-05
9.08986e-05
9.08986e-05
9.08986e-05
9.08986e-05
9.08986e-05
9.08986e-05
9.08986e-05
9.08986e-05
9.08986e-05
9.08986e-05
9.08986e-05
9.08986e-05
9.08986e-05
9.08986e-05
9.08986e-05
9.08986e-05
9.08986e-05
9.08986e-05
9.08986e-05
9.0898e-05
9.08986e-05
9.08986e-05
9.08986e-05
9.08986e-05
9.08986e-05
9.08986e-05
9.08986e-05
9.08986e-05
9.08986e-05
9.08986e-05
9.08986e-05
9.08986e-05
9.08986e-05
9.08986e-05
9.08986e-05
9.08986e-05
9.08986e-05
9.08986e-05
9.08986e-05
9.0898e-05
9.08986e-05
9.08986e-05
9.08986e-05
9.08986e-05
9.08986e-05
9.08986e-05
9.08986e-05
9.08986e-05
9.08986e-05
9.08986e-05
9.08986e-05
9.08986e-05
9.08986e-05
9.08986e-05
9.08986e-05
9.08986e-05
9.08986e-05
9.08986e-05
9.08986e-05
9.0898e-05
9.08986e-05
9.08986e-05
9.08986e-05
9.08986e-05
9.08986e-05
9.08986e-05
9.08986e-05
9.08986e-05
9.08986e-05
9.08986e-05
9.08986e-05
9.08986e-05
9.08986e-05
9.08986e-05
9.08986e-05
9.08986e-05
9.08986e-05
9.08986e-05
9.08986e-05
9.0898e-05
9.08986e-05
9.08986e-05
9.08986e-05
9.08986e-05
9.08986e-05
9.08986e-05
9.08986e-05
9.08986e-05
9.08986e-05
9.08986e-05
9.08986e-05
9.08986e-05
9.08986e-05
9.08986e-05
9.08986e-05
9.08986e-05
9.08986e-05
9.08986e-05
9.08986e-05
9.0898e-05
9.08986e-05
9.08986e-05
9.08986e-05
9.08986e-05
9.08986e-05
9.08986e-05
9.08986e-05
9.08986e-05
9.08986e-05
9.08986e-05
9.08986e-05
9.08986e-05
9.08986e-05
9.08986e-05
9.08986e-05
9.08986e-05
9.08986e-05
9.08986e-05
9.08986e-05
9.0898e-05
9.08986e-05
9.08986e-05
9.08986e-05
9.08986e-05
9.08986e-05
9.08986e-05
9.08986e-05
9.08986e-05
9.08986e-05
9.08986e-05
9.08986e-05
9.08986e-05
9.08986e-05
9.08986e-05
9.08986e-05
9.08986e-05
9.08986e-05
9.08986e-05
9.08986e-05
9.0898e-05
9.08986e-05
9.08986e-05
9.08986e-05
9.08986e-05
9.08986e-05
9.08986e-05
9.08986e-05
9.08986e-05
9.08986e-05
9.08986e-05
9.08986e-05
9.08986e-05
9.08986e-05
9.08986e-05
9.08986e-05
9.08986e-05
9.08986e-05
9.08986e-05
9.08986e-05
9.0898e-05
9.08986e-05
9.08986e-05
9.08986e-05
9.08986e-05
9.08986e-05
9.08986e-05
9.08986e-05
9.08986e-05
9.08986e-05
9.08986e-05
9.08986e-05
9.08986e-05
9.08986e-05
9.08986e-05
9.08986e-05
9.08986e-05
9.08986e-05
9.08986e-05
9.08986e-05
9.0898e-05
9.08986e-05
9.08986e-05
9.08986e-05
9.08986e-05
9.08986e-05
9.08986e-05
9.08986e-05
9.08986e-05
9.08986e-05
9.08986e-05
9.08986e-05
9.08986e-05
9.08986e-05
9.08986e-05
9.08986e-05
9.08986e-05
9.08986e-05
9.08986e-05
9.08986e-05
9.0898e-05
9.08986e-05
9.08986e-05
9.08986e-05
9.08986e-05
9.08986e-05
9.08986e-05
9.08986e-05
9.08986e-05
9.08986e-05
9.08986e-05
9.08986e-05
9.08986e-05
9.08986e-05
9.08986e-05
9.08986e-05
9.08986e-05
9.08986e-05
9.08986e-05
9.08986e-05
9.0898e-05
9.08986e-05
9.08986e-05
9.08986e-05
9.08986e-05
9.08986e-05
9.08986e-05
9.08986e-05
9.08986e-05
9.08986e-05
9.08986e-05
9.08986e-05
9.08986e-05
9.08986e-05
9.08986e-05
9.08986e-05
9.08986e-05
9.08986e-05
9.08986e-05
9.08986e-05
9.0898e-05
9.08986e-05
9.08986e-05
9.08986e-05
9.08986e-05
9.08986e-05
9.08986e-05
9.08986e-05
9.08986e-05
9.08986e-05
9.08986e-05
9.08986e-05
9.08986e-05
9.08986e-05
9.08986e-05
9.08986e-05
9.08986e-05
9.08986e-05
9.08986e-05
9.08986e-05
9.0898e-05
9.08986e-05
9.08986e-05
9.08986e-05
9.08986e-05
9.08986e-05
9.08986e-05
9.08986e-05
9.08986e-05
9.08986e-05
9.08986e-05
9.08986e-05
9.08986e-05
9.08986e-05
9.08986e-05
9.08986e-05
9.08986e-05
9.08986e-05
9.08986e-05
9.08986e-05
9.0898e-05
9.08986e-05
9.08986e-05
9.08986e-05
9.08986e-05
9.08986e-05
9.08986e-05
9.08986e-05
9.08986e-05
9.08986e-05
9.08986e-05
9.08986e-05
9.08986e-05
9.08986e-05
9.08986e-05
9.08986e-05
9.08986e-05
9.08986e-05
9.08986e-05
9.08986e-05
9.0898e-05
9.08986e-05
9.08986e-05
9.08986e-05
9.08986e-05
9.08986e-05
9.08986e-05
9.08986e-05
9.08986e-05
9.08986e-05
9.08986e-05
9.08986e-05
9.08986e-05
9.08986e-05
9.08986e-05
9.08986e-05
9.08986e-05
9.08986e-05
9.08986e-05
9.08986e-05
9.0898e-05
9.08986e-05
9.08986e-05
9.08986e-05
9.08986e-05
9.08986e-05
9.08986e-05
9.08986e-05
9.08986e-05
9.08986e-05
9.08986e-05
9.08986e-05
9.08986e-05
9.08986e-05
9.08986e-05
9.08986e-05
9.08986e-05
9.08986e-05
9.08986e-05
9.08986e-05
9.0898e-05
9.08985e-05
9.08985e-05
9.08985e-05
9.08985e-05
9.08985e-05
9.08985e-05
9.08985e-05
9.08985e-05
9.08985e-05
9.08985e-05
9.08985e-05
9.08985e-05
9.08985e-05
9.08985e-05
9.08985e-05
9.08985e-05
9.08985e-05
9.08985e-05
9.08985e-05
9.08979e-05
9.08986e-05
9.08986e-05
9.08986e-05
9.08986e-05
9.08986e-05
9.08986e-05
9.08986e-05
9.08986e-05
9.08986e-05
9.08986e-05
9.08986e-05
9.08986e-05
9.08986e-05
9.08986e-05
9.08986e-05
9.08986e-05
9.08986e-05
9.08986e-05
9.08986e-05
9.0898e-05
9.08986e-05
9.08986e-05
9.08986e-05
9.08986e-05
9.08986e-05
9.08986e-05
9.08986e-05
9.08986e-05
9.08986e-05
9.08986e-05
9.08986e-05
9.08986e-05
9.08986e-05
9.08986e-05
9.08986e-05
9.08986e-05
9.08986e-05
9.08986e-05
9.08986e-05
9.0898e-05
9.08986e-05
9.08986e-05
9.08986e-05
9.08986e-05
9.08986e-05
9.08986e-05
9.08986e-05
9.08986e-05
9.08986e-05
9.08986e-05
9.08986e-05
9.08986e-05
9.08986e-05
9.08986e-05
9.08986e-05
9.08986e-05
9.08986e-05
9.08986e-05
9.08986e-05
9.0898e-05
9.08986e-05
9.08986e-05
9.08986e-05
9.08986e-05
9.08986e-05
9.08986e-05
9.08986e-05
9.08986e-05
9.08986e-05
9.08986e-05
9.08986e-05
9.08986e-05
9.08986e-05
9.08986e-05
9.08986e-05
9.08986e-05
9.08986e-05
9.08986e-05
9.08986e-05
9.0898e-05
9.08986e-05
9.08986e-05
9.08986e-05
9.08986e-05
9.08986e-05
9.08986e-05
9.08986e-05
9.08986e-05
9.08986e-05
9.08986e-05
9.08986e-05
9.08986e-05
9.08986e-05
9.08986e-05
9.08986e-05
9.08986e-05
9.08986e-05
9.08986e-05
9.08986e-05
9.0898e-05
9.08986e-05
9.08986e-05
9.08986e-05
9.08986e-05
9.08986e-05
9.08986e-05
9.08986e-05
9.08986e-05
9.08986e-05
9.08986e-05
9.08986e-05
9.08986e-05
9.08986e-05
9.08986e-05
9.08986e-05
9.08986e-05
9.08986e-05
9.08986e-05
9.08986e-05
9.0898e-05
9.08986e-05
9.08986e-05
9.08986e-05
9.08986e-05
9.08986e-05
9.08986e-05
9.08986e-05
9.08986e-05
9.08986e-05
9.08986e-05
9.08986e-05
9.08986e-05
9.08986e-05
9.08986e-05
9.08986e-05
9.08986e-05
9.08986e-05
9.08986e-05
9.08986e-05
9.0898e-05
9.08986e-05
9.08986e-05
9.08986e-05
9.08986e-05
9.08986e-05
9.08986e-05
9.08986e-05
9.08986e-05
9.08986e-05
9.08986e-05
9.08986e-05
9.08986e-05
9.08986e-05
9.08986e-05
9.08986e-05
9.08986e-05
9.08986e-05
9.08986e-05
9.08986e-05
9.0898e-05
9.08986e-05
9.08986e-05
9.08986e-05
9.08986e-05
9.08986e-05
9.08986e-05
9.08986e-05
9.08986e-05
9.08986e-05
9.08986e-05
9.08986e-05
9.08986e-05
9.08986e-05
9.08986e-05
9.08986e-05
9.08986e-05
9.08986e-05
9.08986e-05
9.08986e-05
9.0898e-05
9.08986e-05
9.08986e-05
9.08986e-05
9.08986e-05
9.08986e-05
9.08986e-05
9.08986e-05
9.08986e-05
9.08986e-05
9.08986e-05
9.08986e-05
9.08986e-05
9.08986e-05
9.08986e-05
9.08986e-05
9.08986e-05
9.08986e-05
9.08986e-05
9.08986e-05
9.0898e-05
9.08986e-05
9.08986e-05
9.08986e-05
9.08986e-05
9.08986e-05
9.08986e-05
9.08986e-05
9.08986e-05
9.08986e-05
9.08986e-05
9.08986e-05
9.08986e-05
9.08986e-05
9.08986e-05
9.08986e-05
9.08986e-05
9.08986e-05
9.08986e-05
9.08986e-05
9.0898e-05
9.08986e-05
9.08986e-05
9.08986e-05
9.08986e-05
9.08986e-05
9.08986e-05
9.08986e-05
9.08986e-05
9.08986e-05
9.08986e-05
9.08986e-05
9.08986e-05
9.08986e-05
9.08986e-05
9.08986e-05
9.08986e-05
9.08986e-05
9.08986e-05
9.08986e-05
9.0898e-05
9.08986e-05
9.08986e-05
9.08986e-05
9.08986e-05
9.08986e-05
9.08986e-05
9.08986e-05
9.08986e-05
9.08986e-05
9.08986e-05
9.08986e-05
9.08986e-05
9.08986e-05
9.08986e-05
9.08986e-05
9.08986e-05
9.08986e-05
9.08986e-05
9.08986e-05
9.0898e-05
9.08986e-05
9.08986e-05
9.08986e-05
9.08986e-05
9.08986e-05
9.08986e-05
9.08986e-05
9.08986e-05
9.08986e-05
9.08986e-05
9.08986e-05
9.08986e-05
9.08986e-05
9.08986e-05
9.08986e-05
9.08986e-05
9.08986e-05
9.08986e-05
9.08986e-05
9.0898e-05
9.08986e-05
9.08986e-05
9.08986e-05
9.08986e-05
9.08986e-05
9.08986e-05
9.08986e-05
9.08986e-05
9.08986e-05
9.08986e-05
9.08986e-05
9.08986e-05
9.08986e-05
9.08986e-05
9.08986e-05
9.08986e-05
9.08986e-05
9.08986e-05
9.08986e-05
9.0898e-05
9.08986e-05
9.08986e-05
9.08986e-05
9.08986e-05
9.08986e-05
9.08986e-05
9.08986e-05
9.08986e-05
9.08986e-05
9.08986e-05
9.08986e-05
9.08986e-05
9.08986e-05
9.08986e-05
9.08986e-05
9.08986e-05
9.08986e-05
9.08986e-05
9.08986e-05
9.0898e-05
9.08986e-05
9.08986e-05
9.08986e-05
9.08986e-05
9.08986e-05
9.08986e-05
9.08986e-05
9.08986e-05
9.08986e-05
9.08986e-05
9.08986e-05
9.08986e-05
9.08986e-05
9.08986e-05
9.08986e-05
9.08986e-05
9.08986e-05
9.08986e-05
9.08986e-05
9.0898e-05
9.08986e-05
9.08986e-05
9.08986e-05
9.08986e-05
9.08986e-05
9.08986e-05
9.08986e-05
9.08986e-05
9.08986e-05
9.08986e-05
9.08986e-05
9.08986e-05
9.08986e-05
9.08986e-05
9.08986e-05
9.08986e-05
9.08986e-05
9.08986e-05
9.08986e-05
9.0898e-05
9.08986e-05
9.08986e-05
9.08986e-05
9.08986e-05
9.08986e-05
9.08986e-05
9.08986e-05
9.08986e-05
9.08986e-05
9.08986e-05
9.08986e-05
9.08986e-05
9.08986e-05
9.08986e-05
9.08986e-05
9.08986e-05
9.08986e-05
9.08986e-05
9.08986e-05
9.0898e-05
9.08985e-05
9.08985e-05
9.08985e-05
9.08985e-05
9.08985e-05
9.08985e-05
9.08985e-05
9.08985e-05
9.08985e-05
9.08985e-05
9.08985e-05
9.08985e-05
9.08985e-05
9.08985e-05
9.08985e-05
9.08985e-05
9.08985e-05
9.08985e-05
9.08985e-05
9.08979e-05
9.08986e-05
9.08986e-05
9.08986e-05
9.08986e-05
9.08986e-05
9.08986e-05
9.08986e-05
9.08986e-05
9.08986e-05
9.08986e-05
9.08986e-05
9.08986e-05
9.08986e-05
9.08986e-05
9.08986e-05
9.08986e-05
9.08986e-05
9.08986e-05
9.08986e-05
9.0898e-05
9.08986e-05
9.08986e-05
9.08986e-05
9.08986e-05
9.08986e-05
9.08986e-05
9.08986e-05
9.08986e-05
9.08986e-05
9.08986e-05
9.08986e-05
9.08986e-05
9.08986e-05
9.08986e-05
9.08986e-05
9.08986e-05
9.08986e-05
9.08986e-05
9.08986e-05
9.0898e-05
9.08986e-05
9.08986e-05
9.08986e-05
9.08986e-05
9.08986e-05
9.08986e-05
9.08986e-05
9.08986e-05
9.08986e-05
9.08986e-05
9.08986e-05
9.08986e-05
9.08986e-05
9.08986e-05
9.08986e-05
9.08986e-05
9.08986e-05
9.08986e-05
9.08986e-05
9.0898e-05
9.08986e-05
9.08986e-05
9.08986e-05
9.08986e-05
9.08986e-05
9.08986e-05
9.08986e-05
9.08986e-05
9.08986e-05
9.08986e-05
9.08986e-05
9.08986e-05
9.08986e-05
9.08986e-05
9.08986e-05
9.08986e-05
9.08986e-05
9.08986e-05
9.08986e-05
9.0898e-05
9.08986e-05
9.08986e-05
9.08986e-05
9.08986e-05
9.08986e-05
9.08986e-05
9.08986e-05
9.08986e-05
9.08986e-05
9.08986e-05
9.08986e-05
9.08986e-05
9.08986e-05
9.08986e-05
9.08986e-05
9.08986e-05
9.08986e-05
9.08986e-05
9.08986e-05
9.0898e-05
9.08986e-05
9.08986e-05
9.08986e-05
9.08986e-05
9.08986e-05
9.08986e-05
9.08986e-05
9.08986e-05
9.08986e-05
9.08986e-05
9.08986e-05
9.08986e-05
9.08986e-05
9.08986e-05
9.08986e-05
9.08986e-05
9.08986e-05
9.08986e-05
9.08986e-05
9.0898e-05
9.08986e-05
9.08986e-05
9.08986e-05
9.08986e-05
9.08986e-05
9.08986e-05
9.08986e-05
9.08986e-05
9.08986e-05
9.08986e-05
9.08986e-05
9.08986e-05
9.08986e-05
9.08986e-05
9.08986e-05
9.08986e-05
9.08986e-05
9.08986e-05
9.08986e-05
9.0898e-05
9.08986e-05
9.08986e-05
9.08986e-05
9.08986e-05
9.08986e-05
9.08986e-05
9.08986e-05
9.08986e-05
9.08986e-05
9.08986e-05
9.08986e-05
9.08986e-05
9.08986e-05
9.08986e-05
9.08986e-05
9.08986e-05
9.08986e-05
9.08986e-05
9.08986e-05
9.0898e-05
9.08986e-05
9.08986e-05
9.08986e-05
9.08986e-05
9.08986e-05
9.08986e-05
9.08986e-05
9.08986e-05
9.08986e-05
9.08986e-05
9.08986e-05
9.08986e-05
9.08986e-05
9.08986e-05
9.08986e-05
9.08986e-05
9.08986e-05
9.08986e-05
9.08986e-05
9.0898e-05
9.08986e-05
9.08986e-05
9.08986e-05
9.08986e-05
9.08986e-05
9.08986e-05
9.08986e-05
9.08986e-05
9.08986e-05
9.08986e-05
9.08986e-05
9.08986e-05
9.08986e-05
9.08986e-05
9.08986e-05
9.08986e-05
9.08986e-05
9.08986e-05
9.08986e-05
9.0898e-05
9.08986e-05
9.08986e-05
9.08986e-05
9.08986e-05
9.08986e-05
9.08986e-05
9.08986e-05
9.08986e-05
9.08986e-05
9.08986e-05
9.08986e-05
9.08986e-05
9.08986e-05
9.08986e-05
9.08986e-05
9.08986e-05
9.08986e-05
9.08986e-05
9.08986e-05
9.0898e-05
9.08986e-05
9.08986e-05
9.08986e-05
9.08986e-05
9.08986e-05
9.08986e-05
9.08986e-05
9.08986e-05
9.08986e-05
9.08986e-05
9.08986e-05
9.08986e-05
9.08986e-05
9.08986e-05
9.08986e-05
9.08986e-05
9.08986e-05
9.08986e-05
9.08986e-05
9.0898e-05
9.08986e-05
9.08986e-05
9.08986e-05
9.08986e-05
9.08986e-05
9.08986e-05
9.08986e-05
9.08986e-05
9.08986e-05
9.08986e-05
9.08986e-05
9.08986e-05
9.08986e-05
9.08986e-05
9.08986e-05
9.08986e-05
9.08986e-05
9.08986e-05
9.08986e-05
9.0898e-05
9.08986e-05
9.08986e-05
9.08986e-05
9.08986e-05
9.08986e-05
9.08986e-05
9.08986e-05
9.08986e-05
9.08986e-05
9.08986e-05
9.08986e-05
9.08986e-05
9.08986e-05
9.08986e-05
9.08986e-05
9.08986e-05
9.08986e-05
9.08986e-05
9.08986e-05
9.0898e-05
9.08986e-05
9.08986e-05
9.08986e-05
9.08986e-05
9.08986e-05
9.08986e-05
9.08986e-05
9.08986e-05
9.08986e-05
9.08986e-05
9.08986e-05
9.08986e-05
9.08986e-05
9.08986e-05
9.08986e-05
9.08986e-05
9.08986e-05
9.08986e-05
9.08986e-05
9.0898e-05
9.08986e-05
9.08986e-05
9.08986e-05
9.08986e-05
9.08986e-05
9.08986e-05
9.08986e-05
9.08986e-05
9.08986e-05
9.08986e-05
9.08986e-05
9.08986e-05
9.08986e-05
9.08986e-05
9.08986e-05
9.08986e-05
9.08986e-05
9.08986e-05
9.08986e-05
9.0898e-05
9.08986e-05
9.08986e-05
9.08986e-05
9.08986e-05
9.08986e-05
9.08986e-05
9.08986e-05
9.08986e-05
9.08986e-05
9.08986e-05
9.08986e-05
9.08986e-05
9.08986e-05
9.08986e-05
9.08986e-05
9.08986e-05
9.08986e-05
9.08986e-05
9.08986e-05
9.0898e-05
9.08986e-05
9.08986e-05
9.08986e-05
9.08986e-05
9.08986e-05
9.08986e-05
9.08986e-05
9.08986e-05
9.08986e-05
9.08986e-05
9.08986e-05
9.08986e-05
9.08986e-05
9.08986e-05
9.08986e-05
9.08986e-05
9.08986e-05
9.08986e-05
9.08986e-05
9.0898e-05
9.08986e-05
9.08986e-05
9.08986e-05
9.08986e-05
9.08986e-05
9.08986e-05
9.08986e-05
9.08986e-05
9.08986e-05
9.08986e-05
9.08986e-05
9.08986e-05
9.08986e-05
9.08986e-05
9.08986e-05
9.08986e-05
9.08986e-05
9.08986e-05
9.08986e-05
9.0898e-05
9.08985e-05
9.08985e-05
9.08985e-05
9.08985e-05
9.08985e-05
9.08985e-05
9.08985e-05
9.08985e-05
9.08985e-05
9.08985e-05
9.08985e-05
9.08985e-05
9.08985e-05
9.08985e-05
9.08985e-05
9.08985e-05
9.08985e-05
9.08985e-05
9.08985e-05
9.08979e-05
)
;

boundaryField
{
    movingWall
    {
        type            epsilonWallFunction;
        value           nonuniform List<scalar> 
20
(
0.000310185
0.000430711
0.000430842
0.000430842
0.000430842
0.000430842
0.000430842
0.000430842
0.000430842
0.000430842
0.000430842
0.000430842
0.000430842
0.000430842
0.000430842
0.000430842
0.000430842
0.000430842
0.000430711
0.000310185
)
;
    }
    fixedWalls
    {
        type            epsilonWallFunction;
        value           nonuniform List<scalar> 
60
(
0.000219024
0.000100329
6.47637e-05
6.51879e-05
6.52231e-05
6.52253e-05
6.52254e-05
6.52255e-05
6.52255e-05
6.52255e-05
6.52255e-05
6.52255e-05
6.52255e-05
6.52255e-05
6.52253e-05
6.52233e-05
6.51923e-05
6.48295e-05
0.000101899
0.000310185
0.000219024
0.000100329
6.47632e-05
6.51873e-05
6.52225e-05
6.52247e-05
6.52249e-05
6.52249e-05
6.52249e-05
6.52249e-05
6.52249e-05
6.52249e-05
6.52249e-05
6.52249e-05
6.52248e-05
6.52227e-05
6.51917e-05
6.4829e-05
0.000101899
0.000310185
0.000219024
0.000209858
0.000209845
0.000209845
0.000209845
0.000209845
0.000209845
0.000209845
0.000209845
0.000209845
0.000209845
0.000209845
0.000209845
0.000209845
0.000209845
0.000209845
0.000209845
0.000209845
0.000209858
0.000219024
)
;
    }
    frontAndBack
    {
        type            empty;
    }
    defaultFaces
    {
        type            empty;
    }
}


// ************************************************************************* //
