/*--------------------------------*- C++ -*----------------------------------*\
  =========                 |
  \\      /  F ield         | OpenFOAM: The Open Source CFD Toolbox
   \\    /   O peration     | Website:  https://openfoam.org
    \\  /    A nd           | Version:  11
     \\/     M anipulation  |
\*---------------------------------------------------------------------------*/
FoamFile
{
    format      ascii;
    class       volScalarField;
    location    "5.5";
    object      nut;
}
// * * * * * * * * * * * * * * * * * * * * * * * * * * * * * * * * * * * * * //

dimensions      [0 2 -1 0 0 0 0];

internalField   nonuniform List<scalar> 
4000
(
0.00273451
0.00267475
0.00267465
0.00267465
0.00267465
0.00267465
0.00267465
0.00267465
0.00267465
0.00267465
0.00267465
0.00267465
0.00267465
0.00267465
0.00267465
0.00267465
0.00267465
0.00267465
0.00267475
0.0027345
0.00940411
0.000185843
0.00017876
0.00017876
0.00017876
0.00017876
0.00017876
0.00017876
0.00017876
0.00017876
0.00017876
0.00017876
0.00017876
0.00017876
0.00017876
0.00017876
0.00017876
0.00017876
0.000185844
0.0094041
0.0161933
0.00015232
0.000140221
0.00014022
0.00014022
0.00014022
0.00014022
0.00014022
0.00014022
0.00014022
0.00014022
0.00014022
0.00014022
0.00014022
0.00014022
0.00014022
0.00014022
0.000140221
0.000152322
0.0161933
0.0162542
0.00015234
0.000140162
0.000140162
0.000140162
0.000140162
0.000140162
0.000140162
0.000140162
0.000140162
0.000140162
0.000140162
0.000140162
0.000140162
0.000140162
0.000140162
0.000140162
0.000140162
0.000152342
0.0162542
0.016261
0.000152347
0.000140162
0.000140162
0.000140162
0.000140162
0.000140162
0.000140162
0.000140162
0.000140162
0.000140162
0.000140162
0.000140162
0.000140162
0.000140162
0.000140162
0.000140162
0.000140162
0.000152348
0.0162609
0.0162615
0.000152347
0.000140162
0.000140162
0.000140162
0.000140162
0.000140162
0.000140162
0.000140162
0.000140162
0.000140162
0.000140162
0.000140162
0.000140162
0.000140162
0.000140162
0.000140162
0.000140162
0.000152349
0.0162615
0.0162616
0.000152347
0.000140162
0.000140162
0.000140162
0.000140162
0.000140162
0.000140162
0.000140162
0.000140162
0.000140162
0.000140162
0.000140162
0.000140162
0.000140162
0.000140162
0.000140162
0.000140162
0.000152349
0.0162615
0.0162616
0.000152347
0.000140162
0.000140162
0.000140162
0.000140162
0.000140162
0.000140162
0.000140162
0.000140162
0.000140162
0.000140162
0.000140162
0.000140162
0.000140162
0.000140162
0.000140162
0.000140162
0.000152349
0.0162615
0.0162616
0.000152347
0.000140162
0.000140162
0.000140162
0.000140162
0.000140162
0.000140162
0.000140162
0.000140162
0.000140162
0.000140162
0.000140162
0.000140162
0.000140162
0.000140162
0.000140162
0.000140162
0.000152349
0.0162615
0.0162616
0.000152347
0.000140162
0.000140162
0.000140162
0.000140162
0.000140162
0.000140162
0.000140162
0.000140162
0.000140162
0.000140162
0.000140162
0.000140162
0.000140162
0.000140162
0.000140162
0.000140162
0.000152349
0.0162615
0.0162616
0.000152347
0.000140162
0.000140162
0.000140162
0.000140162
0.000140162
0.000140162
0.000140162
0.000140162
0.000140162
0.000140162
0.000140162
0.000140162
0.000140162
0.000140162
0.000140162
0.000140162
0.000152349
0.0162615
0.0162616
0.000152347
0.000140162
0.000140162
0.000140162
0.000140162
0.000140162
0.000140162
0.000140162
0.000140162
0.000140162
0.000140162
0.000140162
0.000140162
0.000140162
0.000140162
0.000140162
0.000140162
0.000152349
0.0162615
0.0162616
0.000152347
0.000140162
0.000140162
0.000140162
0.000140162
0.000140162
0.000140162
0.000140162
0.000140162
0.000140162
0.000140162
0.000140162
0.000140162
0.000140162
0.000140162
0.000140162
0.000140162
0.000152349
0.0162615
0.0162616
0.000152347
0.000140162
0.000140162
0.000140162
0.000140162
0.000140162
0.000140162
0.000140162
0.000140162
0.000140162
0.000140162
0.000140162
0.000140162
0.000140162
0.000140162
0.000140162
0.000140162
0.000152349
0.0162615
0.0162615
0.000152347
0.000140162
0.000140162
0.000140162
0.000140162
0.000140162
0.000140162
0.000140162
0.000140162
0.000140162
0.000140162
0.000140162
0.000140162
0.000140162
0.000140162
0.000140162
0.000140162
0.000152349
0.0162615
0.016261
0.000152347
0.000140162
0.000140162
0.000140162
0.000140162
0.000140162
0.000140162
0.000140162
0.000140162
0.000140162
0.000140162
0.000140162
0.000140162
0.000140162
0.000140162
0.000140162
0.000140162
0.000152348
0.016261
0.0162553
0.000152341
0.000140162
0.000140162
0.000140162
0.000140162
0.000140162
0.000140162
0.000140162
0.000140162
0.000140162
0.000140162
0.000140162
0.000140162
0.000140162
0.000140162
0.000140162
0.000140162
0.000152342
0.0162553
0.0162055
0.000152376
0.000140262
0.000140262
0.000140262
0.000140262
0.000140262
0.000140262
0.000140262
0.000140262
0.000140262
0.000140262
0.000140262
0.000140262
0.000140262
0.000140262
0.000140262
0.000140262
0.000152378
0.0162055
0.00948706
0.000220704
0.000213247
0.000213246
0.000213246
0.000213246
0.000213246
0.000213246
0.000213246
0.000213246
0.000213246
0.000213246
0.000213246
0.000213246
0.000213246
0.000213246
0.000213246
0.000213247
0.000220705
0.00948704
0.00318624
0.00368049
0.00368115
0.00368115
0.00368115
0.00368115
0.00368115
0.00368115
0.00368115
0.00368115
0.00368115
0.00368115
0.00368115
0.00368115
0.00368115
0.00368115
0.00368115
0.00368115
0.00368049
0.00318624
0.000140162
0.000140162
0.000140162
0.000140162
0.000140162
0.000140162
0.000140162
0.000140162
0.000140162
0.000140162
0.000140162
0.000140162
0.000140162
0.000140162
0.000140162
0.000140162
0.000140162
0.000140162
0.000140162
0.000140162
0.000140162
0.000140162
0.000140162
0.000140162
0.000140162
0.000140162
0.000140162
0.000140162
0.000140162
0.000140162
0.000140162
0.000140162
0.000140162
0.000140162
0.000140162
0.000140162
0.000140162
0.000140162
0.000140162
0.000140162
0.000140162
0.000140162
0.000140162
0.000140162
0.000140162
0.000140162
0.000140162
0.000140162
0.000140162
0.000140162
0.000140162
0.000140162
0.000140162
0.000140162
0.000140162
0.000140162
0.000140162
0.000140162
0.000140162
0.000140162
0.000140162
0.000140162
0.000140162
0.000140162
0.000140162
0.000140162
0.000140162
0.000140162
0.000140162
0.000140162
0.000140162
0.000140162
0.000140162
0.000140162
0.000140162
0.000140162
0.000140162
0.000140162
0.000140162
0.000140162
0.000140162
0.000140162
0.000140162
0.000140162
0.000140162
0.000140162
0.000140162
0.000140162
0.000140162
0.000140162
0.000140162
0.000140162
0.000140162
0.000140162
0.000140162
0.000140162
0.000140162
0.000140162
0.000140162
0.000140162
0.000140162
0.000140162
0.000140162
0.000140162
0.000140162
0.000140162
0.000140162
0.000140162
0.000140162
0.000140162
0.000140162
0.000140162
0.000140162
0.000140162
0.000140162
0.000140162
0.000140162
0.000140162
0.000140162
0.000140162
0.000140162
0.000140162
0.000140162
0.000140162
0.000140162
0.000140162
0.000140162
0.000140162
0.000140162
0.000140162
0.000140162
0.000140162
0.000140162
0.000140162
0.000140162
0.000140162
0.000140162
0.000140162
0.000140162
0.000140162
0.000140162
0.000140162
0.000140162
0.000140162
0.000140162
0.000140162
0.000140162
0.000140162
0.000140162
0.000140162
0.000140162
0.000140162
0.000140162
0.000140162
0.000140162
0.000140162
0.000140162
0.000140162
0.000140162
0.000140162
0.000140162
0.000140162
0.000140162
0.000140162
0.000140162
0.000140162
0.000140162
0.000140162
0.000140162
0.000140162
0.000140162
0.000140162
0.000140162
0.000140162
0.000140162
0.000140162
0.000140162
0.000140162
0.000140162
0.000140162
0.000140162
0.000140162
0.000140162
0.000140162
0.000140162
0.000140162
0.000140162
0.000140162
0.000140162
0.000140162
0.000140162
0.000140162
0.000140162
0.000140162
0.000140162
0.000140162
0.000140162
0.000140162
0.000140162
0.000140162
0.000140162
0.000140162
0.000140162
0.000140162
0.000140162
0.000140162
0.000140162
0.000140162
0.000140162
0.000140162
0.000140162
0.000140162
0.000140162
0.000140162
0.000140162
0.000140162
0.000140162
0.000140162
0.000140162
0.000140162
0.000140162
0.000140162
0.000140162
0.000140162
0.000140162
0.000140162
0.000140162
0.000140162
0.000140162
0.000140162
0.000140162
0.000140162
0.000140162
0.000140162
0.000140162
0.000140162
0.000140162
0.000140162
0.000140162
0.000140162
0.000140162
0.000140162
0.000140162
0.000140162
0.000140162
0.000140162
0.000140162
0.000140162
0.000140162
0.000140162
0.000140162
0.000140162
0.000140162
0.000140162
0.000140162
0.000140162
0.000140162
0.000140162
0.000140162
0.000140162
0.000140162
0.000140162
0.000140162
0.000140162
0.000140162
0.000140162
0.000140162
0.000140162
0.000140162
0.000140162
0.000140162
0.000140162
0.000140162
0.000140162
0.000140162
0.000140162
0.000140162
0.000140162
0.000140162
0.000140162
0.000140162
0.000140162
0.000140162
0.000140162
0.000140162
0.000140162
0.000140162
0.000140162
0.000140162
0.000140162
0.000140162
0.000140162
0.000140162
0.000140162
0.000140162
0.000140162
0.000140162
0.000140162
0.000140162
0.000140162
0.000140162
0.000140162
0.000140162
0.000140162
0.000140162
0.000140162
0.000140162
0.000140162
0.000140162
0.000140162
0.000140162
0.000140162
0.000140162
0.000140162
0.000140162
0.000140162
0.000140162
0.000140162
0.000140162
0.000140162
0.000140162
0.000140162
0.000140162
0.000140162
0.000140162
0.000140162
0.000140162
0.000140162
0.000140162
0.000140162
0.000140162
0.000140162
0.000140162
0.000140162
0.000140162
0.000140162
0.000140162
0.000140162
0.000140162
0.000140162
0.000140162
0.000140162
0.000140162
0.000140162
0.000140162
0.000140162
0.000140162
0.000140162
0.000140162
0.000140162
0.000140162
0.000140162
0.000140162
0.000140162
0.000140162
0.000140162
0.000140162
0.000140162
0.000140162
0.000140162
0.000140162
0.000140162
0.000140162
0.000140162
0.000140162
0.000140162
0.000140162
0.000140162
0.000140162
0.000140162
0.000140162
0.000140162
0.000140162
0.000140162
0.000140162
0.000140162
0.000140162
0.000140162
0.000140162
0.000140162
0.000140162
0.000140162
0.000140162
0.000140162
0.000140162
0.000140162
0.000140162
0.000140162
0.000140162
0.000140162
0.000140162
0.000140162
0.000140162
0.000140162
0.000140162
0.000140162
0.000140162
0.000140162
0.000140162
0.000140161
0.000140162
0.000140162
0.000140162
0.000140162
0.000140162
0.000140162
0.000140162
0.000140162
0.000140162
0.000140162
0.000140162
0.000140162
0.000140162
0.000140162
0.000140162
0.000140162
0.000140162
0.000140162
0.000140162
0.000140162
0.000140162
0.000140162
0.000140162
0.000140162
0.000140162
0.000140162
0.000140162
0.000140162
0.000140162
0.000140162
0.000140162
0.000140162
0.000140162
0.000140162
0.000140162
0.000140162
0.000140162
0.000140162
0.000140162
0.000140162
0.000140162
0.000140162
0.000140162
0.000140162
0.000140162
0.000140162
0.000140162
0.000140162
0.000140162
0.000140162
0.000140162
0.000140162
0.000140162
0.000140162
0.000140162
0.000140162
0.000140162
0.000140162
0.000140162
0.000140162
0.000140162
0.000140162
0.000140162
0.000140162
0.000140162
0.000140162
0.000140162
0.000140162
0.000140162
0.000140162
0.000140162
0.000140162
0.000140162
0.000140162
0.000140162
0.000140162
0.000140162
0.000140162
0.000140162
0.000140162
0.000140162
0.000140162
0.000140162
0.000140162
0.000140162
0.000140162
0.000140162
0.000140162
0.000140162
0.000140162
0.000140162
0.000140162
0.000140162
0.000140162
0.000140162
0.000140162
0.000140162
0.000140162
0.000140162
0.000140162
0.000140162
0.000140162
0.000140162
0.000140162
0.000140162
0.000140162
0.000140162
0.000140162
0.000140162
0.000140162
0.000140162
0.000140162
0.000140162
0.000140162
0.000140162
0.000140162
0.000140162
0.000140162
0.000140162
0.000140162
0.000140162
0.000140162
0.000140162
0.000140162
0.000140162
0.000140162
0.000140162
0.000140162
0.000140162
0.000140162
0.000140162
0.000140162
0.000140162
0.000140162
0.000140162
0.000140162
0.000140162
0.000140162
0.000140162
0.000140162
0.000140162
0.000140162
0.000140162
0.000140162
0.000140162
0.000140162
0.000140162
0.000140162
0.000140162
0.000140162
0.000140162
0.000140162
0.000140162
0.000140162
0.000140162
0.000140162
0.000140162
0.000140162
0.000140162
0.000140162
0.000140162
0.000140162
0.000140162
0.000140162
0.000140162
0.000140162
0.000140162
0.000140162
0.000140162
0.000140162
0.000140162
0.000140162
0.000140162
0.000140162
0.000140162
0.000140162
0.000140162
0.000140162
0.000140162
0.000140162
0.000140162
0.000140162
0.000140162
0.000140162
0.000140162
0.000140162
0.000140162
0.000140162
0.000140162
0.000140162
0.000140162
0.000140162
0.000140162
0.000140162
0.000140162
0.000140162
0.000140162
0.000140162
0.000140162
0.000140162
0.000140162
0.000140162
0.000140162
0.000140162
0.000140162
0.000140162
0.000140162
0.000140162
0.000140162
0.000140162
0.000140162
0.000140162
0.000140162
0.000140162
0.000140162
0.000140162
0.000140162
0.000140162
0.000140162
0.000140162
0.000140162
0.000140162
0.000140162
0.000140162
0.000140162
0.000140162
0.000140162
0.000140162
0.000140162
0.000140162
0.000140162
0.000140162
0.000140162
0.000140162
0.000140162
0.000140162
0.000140162
0.000140162
0.000140162
0.000140162
0.000140162
0.000140162
0.000140162
0.000140162
0.000140162
0.000140162
0.000140162
0.000140162
0.000140162
0.000140162
0.000140162
0.000140162
0.000140162
0.000140162
0.000140162
0.000140162
0.000140162
0.000140162
0.000140162
0.000140162
0.000140162
0.000140162
0.000140162
0.000140162
0.000140162
0.000140162
0.000140162
0.000140162
0.000140162
0.000140162
0.000140162
0.000140162
0.000140162
0.000140162
0.000140162
0.000140162
0.000140162
0.000140162
0.000140162
0.000140162
0.000140162
0.000140162
0.000140162
0.000140162
0.000140162
0.000140162
0.000140162
0.000140162
0.000140162
0.000140162
0.000140162
0.000140162
0.000140162
0.000140162
0.000140162
0.000140162
0.000140162
0.000140162
0.000140162
0.000140162
0.000140162
0.000140162
0.000140162
0.000140162
0.000140162
0.000140162
0.000140162
0.000140162
0.000140162
0.000140162
0.000140162
0.000140162
0.000140162
0.000140162
0.000140162
0.000140162
0.000140162
0.000140162
0.000140162
0.000140162
0.000140162
0.000140162
0.000140162
0.000140162
0.000140162
0.000140162
0.000140162
0.000140162
0.000140162
0.000140162
0.000140162
0.000140162
0.000140162
0.000140162
0.000140162
0.000140162
0.000140162
0.000140162
0.000140162
0.000140162
0.000140162
0.000140162
0.000140162
0.000140162
0.000140162
0.000140162
0.000140162
0.000140162
0.000140162
0.000140162
0.000140162
0.000140162
0.000140162
0.000140162
0.000140162
0.000140162
0.000140162
0.000140162
0.000140162
0.000140162
0.000140162
0.000140162
0.000140162
0.000140162
0.000140162
0.000140162
0.000140162
0.000140162
0.000140162
0.000140162
0.000140162
0.000140162
0.000140162
0.000140162
0.000140162
0.000140162
0.000140162
0.000140162
0.000140162
0.000140162
0.000140162
0.000140162
0.000140162
0.000140162
0.000140162
0.000140162
0.000140162
0.000140162
0.000140162
0.000140162
0.000140162
0.000140162
0.000140162
0.000140162
0.000140162
0.000140162
0.000140162
0.000140162
0.000140162
0.000140161
0.000140162
0.000140162
0.000140162
0.000140162
0.000140162
0.000140162
0.000140162
0.000140162
0.000140162
0.000140162
0.000140162
0.000140162
0.000140162
0.000140162
0.000140162
0.000140162
0.000140162
0.000140162
0.000140162
0.000140162
0.000140162
0.000140162
0.000140162
0.000140162
0.000140162
0.000140162
0.000140162
0.000140162
0.000140162
0.000140162
0.000140162
0.000140162
0.000140162
0.000140162
0.000140162
0.000140162
0.000140162
0.000140162
0.000140162
0.000140162
0.000140162
0.000140162
0.000140162
0.000140162
0.000140162
0.000140162
0.000140162
0.000140162
0.000140162
0.000140162
0.000140162
0.000140162
0.000140162
0.000140162
0.000140162
0.000140162
0.000140162
0.000140162
0.000140162
0.000140162
0.000140162
0.000140162
0.000140162
0.000140162
0.000140162
0.000140162
0.000140162
0.000140162
0.000140162
0.000140162
0.000140162
0.000140162
0.000140162
0.000140162
0.000140162
0.000140162
0.000140162
0.000140162
0.000140162
0.000140162
0.000140162
0.000140162
0.000140162
0.000140162
0.000140162
0.000140162
0.000140162
0.000140162
0.000140162
0.000140162
0.000140162
0.000140162
0.000140162
0.000140162
0.000140162
0.000140162
0.000140162
0.000140162
0.000140162
0.000140162
0.000140162
0.000140162
0.000140162
0.000140162
0.000140162
0.000140162
0.000140162
0.000140162
0.000140162
0.000140162
0.000140162
0.000140162
0.000140162
0.000140162
0.000140162
0.000140162
0.000140162
0.000140162
0.000140162
0.000140162
0.000140162
0.000140162
0.000140162
0.000140162
0.000140162
0.000140162
0.000140162
0.000140162
0.000140162
0.000140162
0.000140162
0.000140162
0.000140162
0.000140162
0.000140162
0.000140162
0.000140162
0.000140162
0.000140162
0.000140162
0.000140162
0.000140162
0.000140162
0.000140162
0.000140162
0.000140162
0.000140162
0.000140162
0.000140162
0.000140162
0.000140162
0.000140162
0.000140162
0.000140162
0.000140162
0.000140162
0.000140162
0.000140162
0.000140162
0.000140162
0.000140162
0.000140162
0.000140162
0.000140162
0.000140162
0.000140162
0.000140162
0.000140162
0.000140162
0.000140162
0.000140162
0.000140162
0.000140162
0.000140162
0.000140162
0.000140162
0.000140162
0.000140162
0.000140162
0.000140162
0.000140162
0.000140162
0.000140162
0.000140162
0.000140162
0.000140162
0.000140162
0.000140162
0.000140162
0.000140162
0.000140162
0.000140162
0.000140162
0.000140162
0.000140162
0.000140162
0.000140162
0.000140162
0.000140162
0.000140162
0.000140162
0.000140162
0.000140162
0.000140162
0.000140162
0.000140162
0.000140162
0.000140162
0.000140162
0.000140162
0.000140162
0.000140162
0.000140162
0.000140162
0.000140162
0.000140162
0.000140162
0.000140162
0.000140162
0.000140162
0.000140162
0.000140162
0.000140162
0.000140162
0.000140162
0.000140162
0.000140162
0.000140162
0.000140162
0.000140162
0.000140162
0.000140162
0.000140162
0.000140162
0.000140162
0.000140162
0.000140162
0.000140162
0.000140162
0.000140162
0.000140162
0.000140162
0.000140162
0.000140162
0.000140162
0.000140162
0.000140162
0.000140162
0.000140162
0.000140162
0.000140162
0.000140162
0.000140162
0.000140162
0.000140162
0.000140162
0.000140162
0.000140162
0.000140162
0.000140162
0.000140162
0.000140162
0.000140162
0.000140162
0.000140162
0.000140162
0.000140162
0.000140162
0.000140162
0.000140162
0.000140162
0.000140162
0.000140162
0.000140162
0.000140162
0.000140162
0.000140162
0.000140162
0.000140162
0.000140162
0.000140162
0.000140162
0.000140162
0.000140162
0.000140162
0.000140162
0.000140162
0.000140162
0.000140162
0.000140162
0.000140162
0.000140162
0.000140162
0.000140162
0.000140162
0.000140162
0.000140162
0.000140162
0.000140162
0.000140162
0.000140162
0.000140162
0.000140162
0.000140162
0.000140162
0.000140162
0.000140162
0.000140162
0.000140162
0.000140162
0.000140162
0.000140162
0.000140162
0.000140162
0.000140162
0.000140162
0.000140162
0.000140162
0.000140162
0.000140162
0.000140162
0.000140162
0.000140162
0.000140162
0.000140162
0.000140162
0.000140162
0.000140162
0.000140162
0.000140162
0.000140162
0.000140162
0.000140162
0.000140162
0.000140162
0.000140162
0.000140162
0.000140162
0.000140162
0.000140162
0.000140162
0.000140162
0.000140162
0.000140162
0.000140162
0.000140162
0.000140162
0.000140162
0.000140162
0.000140162
0.000140162
0.000140162
0.000140162
0.000140162
0.000140162
0.000140162
0.000140162
0.000140162
0.000140162
0.000140162
0.000140162
0.000140162
0.000140162
0.000140162
0.000140162
0.000140162
0.000140162
0.000140162
0.000140162
0.000140162
0.000140162
0.000140162
0.000140162
0.000140162
0.000140162
0.000140162
0.000140162
0.000140162
0.000140162
0.000140162
0.000140162
0.000140162
0.000140162
0.000140162
0.000140162
0.000140162
0.000140162
0.000140162
0.000140162
0.000140162
0.000140162
0.000140162
0.000140162
0.000140162
0.000140162
0.000140162
0.000140162
0.000140162
0.000140162
0.000140161
0.000140162
0.000140162
0.000140162
0.000140162
0.000140162
0.000140162
0.000140162
0.000140162
0.000140162
0.000140162
0.000140162
0.000140162
0.000140162
0.000140162
0.000140162
0.000140162
0.000140162
0.000140162
0.000140162
0.000140162
0.000140162
0.000140162
0.000140162
0.000140162
0.000140162
0.000140162
0.000140162
0.000140162
0.000140162
0.000140162
0.000140162
0.000140162
0.000140162
0.000140162
0.000140162
0.000140162
0.000140162
0.000140162
0.000140162
0.000140162
0.000140162
0.000140162
0.000140162
0.000140162
0.000140162
0.000140162
0.000140162
0.000140162
0.000140162
0.000140162
0.000140162
0.000140162
0.000140162
0.000140162
0.000140162
0.000140162
0.000140162
0.000140162
0.000140162
0.000140162
0.000140162
0.000140162
0.000140162
0.000140162
0.000140162
0.000140162
0.000140162
0.000140162
0.000140162
0.000140162
0.000140162
0.000140162
0.000140162
0.000140162
0.000140162
0.000140162
0.000140162
0.000140162
0.000140162
0.000140162
0.000140162
0.000140162
0.000140162
0.000140162
0.000140162
0.000140162
0.000140162
0.000140162
0.000140162
0.000140162
0.000140162
0.000140162
0.000140162
0.000140162
0.000140162
0.000140162
0.000140162
0.000140162
0.000140162
0.000140162
0.000140162
0.000140162
0.000140162
0.000140162
0.000140162
0.000140162
0.000140162
0.000140162
0.000140162
0.000140162
0.000140162
0.000140162
0.000140162
0.000140162
0.000140162
0.000140162
0.000140162
0.000140162
0.000140162
0.000140162
0.000140162
0.000140162
0.000140162
0.000140162
0.000140162
0.000140162
0.000140162
0.000140162
0.000140162
0.000140162
0.000140162
0.000140162
0.000140162
0.000140162
0.000140162
0.000140162
0.000140162
0.000140162
0.000140162
0.000140162
0.000140162
0.000140162
0.000140162
0.000140162
0.000140162
0.000140162
0.000140162
0.000140162
0.000140162
0.000140162
0.000140162
0.000140162
0.000140162
0.000140162
0.000140162
0.000140162
0.000140162
0.000140162
0.000140162
0.000140162
0.000140162
0.000140162
0.000140162
0.000140162
0.000140162
0.000140162
0.000140162
0.000140162
0.000140162
0.000140162
0.000140162
0.000140162
0.000140162
0.000140162
0.000140162
0.000140162
0.000140162
0.000140162
0.000140162
0.000140162
0.000140162
0.000140162
0.000140162
0.000140162
0.000140162
0.000140162
0.000140162
0.000140162
0.000140162
0.000140162
0.000140162
0.000140162
0.000140162
0.000140162
0.000140162
0.000140162
0.000140162
0.000140162
0.000140162
0.000140162
0.000140162
0.000140162
0.000140162
0.000140162
0.000140162
0.000140162
0.000140162
0.000140162
0.000140162
0.000140162
0.000140162
0.000140162
0.000140162
0.000140162
0.000140162
0.000140162
0.000140162
0.000140162
0.000140162
0.000140162
0.000140162
0.000140162
0.000140162
0.000140162
0.000140162
0.000140162
0.000140162
0.000140162
0.000140162
0.000140162
0.000140162
0.000140162
0.000140162
0.000140162
0.000140162
0.000140162
0.000140162
0.000140162
0.000140162
0.000140162
0.000140162
0.000140162
0.000140162
0.000140162
0.000140162
0.000140162
0.000140162
0.000140162
0.000140162
0.000140162
0.000140162
0.000140162
0.000140162
0.000140162
0.000140162
0.000140162
0.000140162
0.000140162
0.000140162
0.000140162
0.000140162
0.000140162
0.000140162
0.000140162
0.000140162
0.000140162
0.000140162
0.000140162
0.000140162
0.000140162
0.000140162
0.000140162
0.000140162
0.000140162
0.000140162
0.000140162
0.000140162
0.000140162
0.000140162
0.000140162
0.000140162
0.000140162
0.000140162
0.000140162
0.000140162
0.000140162
0.000140162
0.000140162
0.000140162
0.000140162
0.000140162
0.000140162
0.000140162
0.000140162
0.000140162
0.000140162
0.000140162
0.000140162
0.000140162
0.000140162
0.000140162
0.000140162
0.000140162
0.000140162
0.000140162
0.000140162
0.000140162
0.000140162
0.000140162
0.000140162
0.000140162
0.000140162
0.000140162
0.000140162
0.000140162
0.000140162
0.000140162
0.000140162
0.000140162
0.000140162
0.000140162
0.000140162
0.000140162
0.000140162
0.000140162
0.000140162
0.000140162
0.000140162
0.000140162
0.000140162
0.000140162
0.000140162
0.000140162
0.000140162
0.000140162
0.000140162
0.000140162
0.000140162
0.000140162
0.000140162
0.000140162
0.000140162
0.000140162
0.000140162
0.000140162
0.000140162
0.000140162
0.000140162
0.000140162
0.000140162
0.000140162
0.000140162
0.000140162
0.000140162
0.000140162
0.000140162
0.000140162
0.000140162
0.000140162
0.000140162
0.000140162
0.000140162
0.000140162
0.000140162
0.000140162
0.000140162
0.000140162
0.000140162
0.000140162
0.000140162
0.000140162
0.000140162
0.000140162
0.000140162
0.000140162
0.000140162
0.000140162
0.000140162
0.000140162
0.000140162
0.000140161
0.000140161
0.000140161
0.000140161
0.000140161
0.000140161
0.000140161
0.000140161
0.000140161
0.000140161
0.000140161
0.000140161
0.000140161
0.000140161
0.000140161
0.000140161
0.000140161
0.000140161
0.000140161
0.000140161
0.000140161
0.000140161
0.000140161
0.000140161
0.000140161
0.000140161
0.000140161
0.000140161
0.000140161
0.000140161
0.000140161
0.000140161
0.000140161
0.000140161
0.000140161
0.000140161
0.000140161
0.000140161
0.000140161
0.000140161
0.000140161
0.000140161
0.000140161
0.000140161
0.000140161
0.000140161
0.000140161
0.000140161
0.000140161
0.000140161
0.000140161
0.000140161
0.000140161
0.000140161
0.000140161
0.000140161
0.000140161
0.000140161
0.000140161
0.000140161
0.000140161
0.000140161
0.000140161
0.000140161
0.000140161
0.000140161
0.000140161
0.000140161
0.000140161
0.000140161
0.000140161
0.000140161
0.000140161
0.000140161
0.000140161
0.000140161
0.000140161
0.000140161
0.000140161
0.000140161
0.000140161
0.000140161
0.000140161
0.000140161
0.000140161
0.000140161
0.000140161
0.000140161
0.000140161
0.000140161
0.000140161
0.000140161
0.000140161
0.000140161
0.000140161
0.000140161
0.000140161
0.000140161
0.000140161
0.000140161
0.000140161
0.000140161
0.000140161
0.000140161
0.000140161
0.000140161
0.000140161
0.000140161
0.000140161
0.000140161
0.000140161
0.000140161
0.000140161
0.000140161
0.000140161
0.000140161
0.000140161
0.000140161
0.000140161
0.000140161
0.000140161
0.000140161
0.000140161
0.000140161
0.000140161
0.000140161
0.000140161
0.000140161
0.000140161
0.000140161
0.000140161
0.000140161
0.000140161
0.000140161
0.000140161
0.000140161
0.000140161
0.000140161
0.000140161
0.000140161
0.000140161
0.000140161
0.000140161
0.000140161
0.000140161
0.000140161
0.000140161
0.000140161
0.000140161
0.000140161
0.000140161
0.000140161
0.000140161
0.000140161
0.000140161
0.000140161
0.000140161
0.000140161
0.000140161
0.000140161
0.000140161
0.000140161
0.000140161
0.000140161
0.000140161
0.000140161
0.000140161
0.000140161
0.000140161
0.000140161
0.000140161
0.000140161
0.000140161
0.000140161
0.000140161
0.000140161
0.000140161
0.000140161
0.000140161
0.000140161
0.000140161
0.000140161
0.000140161
0.000140161
0.000140161
0.000140161
0.000140161
0.000140161
0.000140161
0.000140161
0.000140161
0.000140161
0.000140161
0.000140161
0.000140161
0.000140161
0.000140161
0.000140161
0.000140161
0.000140161
0.000140161
0.000140161
0.000140161
0.000140161
0.000140161
0.000140161
0.000140161
0.000140161
0.000140161
0.000140161
0.000140161
0.000140161
0.000140161
0.000140161
0.000140161
0.000140161
0.000140161
0.000140161
0.000140161
0.000140161
0.000140161
0.000140161
0.000140161
0.000140161
0.000140161
0.000140161
0.000140161
0.000140161
0.000140161
0.000140161
0.000140161
0.000140161
0.000140161
0.000140161
0.000140161
0.000140161
0.000140161
0.000140161
0.000140161
0.000140161
0.000140161
0.000140161
0.000140161
0.000140161
0.000140161
0.000140161
0.000140161
0.000140161
0.000140161
0.000140161
0.000140161
0.000140161
0.000140161
0.000140161
0.000140161
0.000140161
0.000140161
0.000140161
0.000140161
0.000140161
0.000140161
0.000140161
0.000140161
0.000140161
0.000140161
0.000140161
0.000140161
0.000140161
0.000140161
0.000140161
0.000140161
0.000140161
0.000140161
0.000140161
0.000140161
0.000140161
0.000140161
0.000140161
0.000140161
0.000140161
0.000140161
0.000140161
0.000140161
0.000140161
0.000140161
0.000140161
0.000140161
0.000140161
0.000140161
0.000140161
0.000140161
0.000140161
0.000140161
0.000140161
0.000140161
0.000140161
0.000140161
0.000140161
0.000140161
0.000140161
0.000140161
0.000140161
0.000140161
0.000140161
0.000140161
0.000140161
0.000140161
0.000140161
0.000140161
0.000140161
0.000140161
0.000140161
0.000140161
0.000140161
0.000140161
0.000140161
0.000140161
0.000140161
0.000140161
0.000140161
0.000140161
0.000140161
0.000140161
0.000140161
0.000140161
0.000140161
0.000140161
0.000140161
0.000140161
0.000140161
0.000140161
0.000140161
0.000140161
0.000140161
0.000140161
0.000140161
0.000140161
0.000140161
0.000140161
0.000140161
0.000140161
0.000140161
0.000140161
0.000140161
0.000140161
0.000140161
0.000140161
0.000140161
0.000140161
0.000140161
0.000140161
0.000140161
0.000140161
0.000140161
0.000140161
0.000140161
0.000140161
0.000140161
0.000140161
0.000140161
0.000140161
0.000140161
0.000140161
0.000140161
0.000140161
0.000140161
0.000140161
0.000140161
0.000140161
0.000140161
0.000140161
0.000140161
0.000140161
0.000140161
0.000140161
0.000140161
0.000140161
0.000140161
0.000140161
0.000140161
0.000140161
0.000140161
0.000140161
0.000140161
0.000140161
0.000140161
0.000140161
0.000140161
0.000140161
0.000140161
0.000140161
0.000140161
0.000140161
0.000140161
0.000140161
0.000140161
0.000140161
0.000140161
0.000140161
0.000140161
0.000140161
0.000140161
0.000140161
0.000140161
0.000140161
0.000140161
0.000140161
0.000140161
0.000140161
0.000140161
0.000140161
0.000140161
0.000140161
0.000140161
0.000140161
0.000140161
0.000140161
0.000140161
0.000140161
0.000140161
0.000140162
0.000140162
0.000140162
0.000140162
0.000140162
0.000140162
0.000140162
0.000140162
0.000140162
0.000140162
0.000140162
0.000140162
0.000140162
0.000140162
0.000140162
0.000140162
0.000140162
0.000140162
0.000140162
0.000140161
0.000140162
0.000140162
0.000140162
0.000140162
0.000140162
0.000140162
0.000140162
0.000140162
0.000140162
0.000140162
0.000140162
0.000140162
0.000140162
0.000140162
0.000140162
0.000140162
0.000140162
0.000140162
0.000140162
0.000140161
0.000140162
0.000140162
0.000140162
0.000140162
0.000140162
0.000140162
0.000140162
0.000140162
0.000140162
0.000140162
0.000140162
0.000140162
0.000140162
0.000140162
0.000140162
0.000140162
0.000140162
0.000140162
0.000140162
0.000140161
0.000140162
0.000140162
0.000140162
0.000140162
0.000140162
0.000140162
0.000140162
0.000140162
0.000140162
0.000140162
0.000140162
0.000140162
0.000140162
0.000140162
0.000140162
0.000140162
0.000140162
0.000140162
0.000140162
0.000140161
0.000140162
0.000140162
0.000140162
0.000140162
0.000140162
0.000140162
0.000140162
0.000140162
0.000140162
0.000140162
0.000140162
0.000140162
0.000140162
0.000140162
0.000140162
0.000140162
0.000140162
0.000140162
0.000140162
0.000140161
0.000140162
0.000140162
0.000140162
0.000140162
0.000140162
0.000140162
0.000140162
0.000140162
0.000140162
0.000140162
0.000140162
0.000140162
0.000140162
0.000140162
0.000140162
0.000140162
0.000140162
0.000140162
0.000140162
0.000140161
0.000140162
0.000140162
0.000140162
0.000140162
0.000140162
0.000140162
0.000140162
0.000140162
0.000140162
0.000140162
0.000140162
0.000140162
0.000140162
0.000140162
0.000140162
0.000140162
0.000140162
0.000140162
0.000140162
0.000140161
0.000140162
0.000140162
0.000140162
0.000140162
0.000140162
0.000140162
0.000140162
0.000140162
0.000140162
0.000140162
0.000140162
0.000140162
0.000140162
0.000140162
0.000140162
0.000140162
0.000140162
0.000140162
0.000140162
0.000140161
0.000140162
0.000140162
0.000140162
0.000140162
0.000140162
0.000140162
0.000140162
0.000140162
0.000140162
0.000140162
0.000140162
0.000140162
0.000140162
0.000140162
0.000140162
0.000140162
0.000140162
0.000140162
0.000140162
0.000140161
0.000140162
0.000140162
0.000140162
0.000140162
0.000140162
0.000140162
0.000140162
0.000140162
0.000140162
0.000140162
0.000140162
0.000140162
0.000140162
0.000140162
0.000140162
0.000140162
0.000140162
0.000140162
0.000140162
0.000140161
0.000140162
0.000140162
0.000140162
0.000140162
0.000140162
0.000140162
0.000140162
0.000140162
0.000140162
0.000140162
0.000140162
0.000140162
0.000140162
0.000140162
0.000140162
0.000140162
0.000140162
0.000140162
0.000140162
0.000140161
0.000140162
0.000140162
0.000140162
0.000140162
0.000140162
0.000140162
0.000140162
0.000140162
0.000140162
0.000140162
0.000140162
0.000140162
0.000140162
0.000140162
0.000140162
0.000140162
0.000140162
0.000140162
0.000140162
0.000140161
0.000140162
0.000140162
0.000140162
0.000140162
0.000140162
0.000140162
0.000140162
0.000140162
0.000140162
0.000140162
0.000140162
0.000140162
0.000140162
0.000140162
0.000140162
0.000140162
0.000140162
0.000140162
0.000140162
0.000140161
0.000140162
0.000140162
0.000140162
0.000140162
0.000140162
0.000140162
0.000140162
0.000140162
0.000140162
0.000140162
0.000140162
0.000140162
0.000140162
0.000140162
0.000140162
0.000140162
0.000140162
0.000140162
0.000140162
0.000140161
0.000140162
0.000140162
0.000140162
0.000140162
0.000140162
0.000140162
0.000140162
0.000140162
0.000140162
0.000140162
0.000140162
0.000140162
0.000140162
0.000140162
0.000140162
0.000140162
0.000140162
0.000140162
0.000140162
0.000140161
0.000140162
0.000140162
0.000140162
0.000140162
0.000140162
0.000140162
0.000140162
0.000140162
0.000140162
0.000140162
0.000140162
0.000140162
0.000140162
0.000140162
0.000140162
0.000140162
0.000140162
0.000140162
0.000140162
0.000140161
0.000140162
0.000140162
0.000140162
0.000140162
0.000140162
0.000140162
0.000140162
0.000140162
0.000140162
0.000140162
0.000140162
0.000140162
0.000140162
0.000140162
0.000140162
0.000140162
0.000140162
0.000140162
0.000140162
0.000140161
0.000140162
0.000140162
0.000140162
0.000140162
0.000140162
0.000140162
0.000140162
0.000140162
0.000140162
0.000140162
0.000140162
0.000140162
0.000140162
0.000140162
0.000140162
0.000140162
0.000140162
0.000140162
0.000140162
0.000140161
0.000140162
0.000140162
0.000140162
0.000140162
0.000140162
0.000140162
0.000140162
0.000140162
0.000140162
0.000140162
0.000140162
0.000140162
0.000140162
0.000140162
0.000140162
0.000140162
0.000140162
0.000140162
0.000140162
0.000140161
0.000140162
0.000140162
0.000140162
0.000140162
0.000140162
0.000140162
0.000140162
0.000140162
0.000140162
0.000140162
0.000140162
0.000140162
0.000140162
0.000140162
0.000140162
0.000140162
0.000140162
0.000140162
0.000140162
0.000140161
0.000140162
0.000140162
0.000140162
0.000140162
0.000140162
0.000140162
0.000140162
0.000140162
0.000140162
0.000140162
0.000140162
0.000140162
0.000140162
0.000140162
0.000140162
0.000140162
0.000140162
0.000140162
0.000140162
0.000140161
0.000140162
0.000140162
0.000140162
0.000140162
0.000140162
0.000140162
0.000140162
0.000140162
0.000140162
0.000140162
0.000140162
0.000140162
0.000140162
0.000140162
0.000140162
0.000140162
0.000140162
0.000140162
0.000140162
0.000140161
0.000140162
0.000140162
0.000140162
0.000140162
0.000140162
0.000140162
0.000140162
0.000140162
0.000140162
0.000140162
0.000140162
0.000140162
0.000140162
0.000140162
0.000140162
0.000140162
0.000140162
0.000140162
0.000140162
0.000140161
0.000140162
0.000140162
0.000140162
0.000140162
0.000140162
0.000140162
0.000140162
0.000140162
0.000140162
0.000140162
0.000140162
0.000140162
0.000140162
0.000140162
0.000140162
0.000140162
0.000140162
0.000140162
0.000140162
0.000140161
0.000140162
0.000140162
0.000140162
0.000140162
0.000140162
0.000140162
0.000140162
0.000140162
0.000140162
0.000140162
0.000140162
0.000140162
0.000140162
0.000140162
0.000140162
0.000140162
0.000140162
0.000140162
0.000140162
0.000140161
0.000140162
0.000140162
0.000140162
0.000140162
0.000140162
0.000140162
0.000140162
0.000140162
0.000140162
0.000140162
0.000140162
0.000140162
0.000140162
0.000140162
0.000140162
0.000140162
0.000140162
0.000140162
0.000140162
0.000140161
0.000140162
0.000140162
0.000140162
0.000140162
0.000140162
0.000140162
0.000140162
0.000140162
0.000140162
0.000140162
0.000140162
0.000140162
0.000140162
0.000140162
0.000140162
0.000140162
0.000140162
0.000140162
0.000140162
0.000140161
0.000140162
0.000140162
0.000140162
0.000140162
0.000140162
0.000140162
0.000140162
0.000140162
0.000140162
0.000140162
0.000140162
0.000140162
0.000140162
0.000140162
0.000140162
0.000140162
0.000140162
0.000140162
0.000140162
0.000140161
0.000140162
0.000140162
0.000140162
0.000140162
0.000140162
0.000140162
0.000140162
0.000140162
0.000140162
0.000140162
0.000140162
0.000140162
0.000140162
0.000140162
0.000140162
0.000140162
0.000140162
0.000140162
0.000140162
0.000140161
0.000140162
0.000140162
0.000140162
0.000140162
0.000140162
0.000140162
0.000140162
0.000140162
0.000140162
0.000140162
0.000140162
0.000140162
0.000140162
0.000140162
0.000140162
0.000140162
0.000140162
0.000140162
0.000140162
0.000140161
0.000140162
0.000140162
0.000140162
0.000140162
0.000140162
0.000140162
0.000140162
0.000140162
0.000140162
0.000140162
0.000140162
0.000140162
0.000140162
0.000140162
0.000140162
0.000140162
0.000140162
0.000140162
0.000140162
0.000140161
0.000140162
0.000140162
0.000140162
0.000140162
0.000140162
0.000140162
0.000140162
0.000140162
0.000140162
0.000140162
0.000140162
0.000140162
0.000140162
0.000140162
0.000140162
0.000140162
0.000140162
0.000140162
0.000140162
0.000140161
0.000140162
0.000140162
0.000140162
0.000140162
0.000140162
0.000140162
0.000140162
0.000140162
0.000140162
0.000140162
0.000140162
0.000140162
0.000140162
0.000140162
0.000140162
0.000140162
0.000140162
0.000140162
0.000140162
0.000140161
0.000140162
0.000140162
0.000140162
0.000140162
0.000140162
0.000140162
0.000140162
0.000140162
0.000140162
0.000140162
0.000140162
0.000140162
0.000140162
0.000140162
0.000140162
0.000140162
0.000140162
0.000140162
0.000140162
0.000140161
0.000140162
0.000140162
0.000140162
0.000140162
0.000140162
0.000140162
0.000140162
0.000140162
0.000140162
0.000140162
0.000140162
0.000140162
0.000140162
0.000140162
0.000140162
0.000140162
0.000140162
0.000140162
0.000140162
0.000140161
0.000140162
0.000140162
0.000140162
0.000140162
0.000140162
0.000140162
0.000140162
0.000140162
0.000140162
0.000140162
0.000140162
0.000140162
0.000140162
0.000140162
0.000140162
0.000140162
0.000140162
0.000140162
0.000140162
0.000140161
0.000140162
0.000140162
0.000140162
0.000140162
0.000140162
0.000140162
0.000140162
0.000140162
0.000140162
0.000140162
0.000140162
0.000140162
0.000140162
0.000140162
0.000140162
0.000140162
0.000140162
0.000140162
0.000140162
0.000140161
0.000140162
0.000140162
0.000140162
0.000140162
0.000140162
0.000140162
0.000140162
0.000140162
0.000140162
0.000140162
0.000140162
0.000140162
0.000140162
0.000140162
0.000140162
0.000140162
0.000140162
0.000140162
0.000140162
0.000140161
0.000140162
0.000140162
0.000140162
0.000140162
0.000140162
0.000140162
0.000140162
0.000140162
0.000140162
0.000140162
0.000140162
0.000140162
0.000140162
0.000140162
0.000140162
0.000140162
0.000140162
0.000140162
0.000140162
0.000140161
0.000140162
0.000140162
0.000140162
0.000140162
0.000140162
0.000140162
0.000140162
0.000140162
0.000140162
0.000140162
0.000140162
0.000140162
0.000140162
0.000140162
0.000140162
0.000140162
0.000140162
0.000140162
0.000140162
0.000140161
0.000140162
0.000140162
0.000140162
0.000140162
0.000140162
0.000140162
0.000140162
0.000140162
0.000140162
0.000140162
0.000140162
0.000140162
0.000140162
0.000140162
0.000140162
0.000140162
0.000140162
0.000140162
0.000140162
0.000140161
0.000140162
0.000140162
0.000140162
0.000140162
0.000140162
0.000140162
0.000140162
0.000140162
0.000140162
0.000140162
0.000140162
0.000140162
0.000140162
0.000140162
0.000140162
0.000140162
0.000140162
0.000140162
0.000140162
0.000140161
0.000140162
0.000140162
0.000140162
0.000140162
0.000140162
0.000140162
0.000140162
0.000140162
0.000140162
0.000140162
0.000140162
0.000140162
0.000140162
0.000140162
0.000140162
0.000140162
0.000140162
0.000140162
0.000140162
0.000140161
0.000140162
0.000140162
0.000140162
0.000140162
0.000140162
0.000140162
0.000140162
0.000140162
0.000140162
0.000140162
0.000140162
0.000140162
0.000140162
0.000140162
0.000140162
0.000140162
0.000140162
0.000140162
0.000140162
0.000140161
0.000140162
0.000140162
0.000140162
0.000140162
0.000140162
0.000140162
0.000140162
0.000140162
0.000140162
0.000140162
0.000140162
0.000140162
0.000140162
0.000140162
0.000140162
0.000140162
0.000140162
0.000140162
0.000140162
0.000140161
0.000140162
0.000140162
0.000140162
0.000140162
0.000140162
0.000140162
0.000140162
0.000140162
0.000140162
0.000140162
0.000140162
0.000140162
0.000140162
0.000140162
0.000140162
0.000140162
0.000140162
0.000140162
0.000140162
0.000140161
0.000140162
0.000140162
0.000140162
0.000140162
0.000140162
0.000140162
0.000140162
0.000140162
0.000140162
0.000140162
0.000140162
0.000140162
0.000140162
0.000140162
0.000140162
0.000140162
0.000140162
0.000140162
0.000140162
0.000140161
0.000140162
0.000140162
0.000140162
0.000140162
0.000140162
0.000140162
0.000140162
0.000140162
0.000140162
0.000140162
0.000140162
0.000140162
0.000140162
0.000140162
0.000140162
0.000140162
0.000140162
0.000140162
0.000140162
0.000140161
0.000140162
0.000140162
0.000140162
0.000140162
0.000140162
0.000140162
0.000140162
0.000140162
0.000140162
0.000140162
0.000140162
0.000140162
0.000140162
0.000140162
0.000140162
0.000140162
0.000140162
0.000140162
0.000140162
0.000140161
0.000140162
0.000140162
0.000140162
0.000140162
0.000140162
0.000140162
0.000140162
0.000140162
0.000140162
0.000140162
0.000140162
0.000140162
0.000140162
0.000140162
0.000140162
0.000140162
0.000140162
0.000140162
0.000140162
0.000140161
0.000140162
0.000140162
0.000140162
0.000140162
0.000140162
0.000140162
0.000140162
0.000140162
0.000140162
0.000140162
0.000140162
0.000140162
0.000140162
0.000140162
0.000140162
0.000140162
0.000140162
0.000140162
0.000140162
0.000140161
0.000140162
0.000140162
0.000140162
0.000140162
0.000140162
0.000140162
0.000140162
0.000140162
0.000140162
0.000140162
0.000140162
0.000140162
0.000140162
0.000140162
0.000140162
0.000140162
0.000140162
0.000140162
0.000140162
0.000140161
0.000140162
0.000140162
0.000140162
0.000140162
0.000140162
0.000140162
0.000140162
0.000140162
0.000140162
0.000140162
0.000140162
0.000140162
0.000140162
0.000140162
0.000140162
0.000140162
0.000140162
0.000140162
0.000140162
0.000140161
0.000140162
0.000140162
0.000140162
0.000140162
0.000140162
0.000140162
0.000140162
0.000140162
0.000140162
0.000140162
0.000140162
0.000140162
0.000140162
0.000140162
0.000140162
0.000140162
0.000140162
0.000140162
0.000140162
0.000140161
0.000140162
0.000140162
0.000140162
0.000140162
0.000140162
0.000140162
0.000140162
0.000140162
0.000140162
0.000140162
0.000140162
0.000140162
0.000140162
0.000140162
0.000140162
0.000140162
0.000140162
0.000140162
0.000140162
0.000140161
0.000140162
0.000140162
0.000140162
0.000140162
0.000140162
0.000140162
0.000140162
0.000140162
0.000140162
0.000140162
0.000140162
0.000140162
0.000140162
0.000140162
0.000140162
0.000140162
0.000140162
0.000140162
0.000140162
0.000140161
0.000140162
0.000140162
0.000140162
0.000140162
0.000140162
0.000140162
0.000140162
0.000140162
0.000140162
0.000140162
0.000140162
0.000140162
0.000140162
0.000140162
0.000140162
0.000140162
0.000140162
0.000140162
0.000140162
0.000140161
0.000140162
0.000140162
0.000140162
0.000140162
0.000140162
0.000140162
0.000140162
0.000140162
0.000140162
0.000140162
0.000140162
0.000140162
0.000140162
0.000140162
0.000140162
0.000140162
0.000140162
0.000140162
0.000140162
0.000140161
0.000140162
0.000140162
0.000140162
0.000140162
0.000140162
0.000140162
0.000140162
0.000140162
0.000140162
0.000140162
0.000140162
0.000140162
0.000140162
0.000140162
0.000140162
0.000140162
0.000140162
0.000140162
0.000140162
0.000140161
0.000140162
0.000140162
0.000140162
0.000140162
0.000140162
0.000140162
0.000140162
0.000140162
0.000140162
0.000140162
0.000140162
0.000140162
0.000140162
0.000140162
0.000140162
0.000140162
0.000140162
0.000140162
0.000140162
0.000140161
0.000140162
0.000140162
0.000140162
0.000140162
0.000140162
0.000140162
0.000140162
0.000140162
0.000140162
0.000140162
0.000140162
0.000140162
0.000140162
0.000140162
0.000140162
0.000140162
0.000140162
0.000140162
0.000140162
0.000140161
0.000140162
0.000140162
0.000140162
0.000140162
0.000140162
0.000140162
0.000140162
0.000140162
0.000140162
0.000140162
0.000140162
0.000140162
0.000140162
0.000140162
0.000140162
0.000140162
0.000140162
0.000140162
0.000140162
0.000140161
0.000140162
0.000140162
0.000140162
0.000140162
0.000140162
0.000140162
0.000140162
0.000140162
0.000140162
0.000140162
0.000140162
0.000140162
0.000140162
0.000140162
0.000140162
0.000140162
0.000140162
0.000140162
0.000140162
0.000140161
0.000140162
0.000140162
0.000140162
0.000140162
0.000140162
0.000140162
0.000140162
0.000140162
0.000140162
0.000140162
0.000140162
0.000140162
0.000140162
0.000140162
0.000140162
0.000140162
0.000140162
0.000140162
0.000140162
0.000140161
0.000140162
0.000140162
0.000140162
0.000140162
0.000140162
0.000140162
0.000140162
0.000140162
0.000140162
0.000140162
0.000140162
0.000140162
0.000140162
0.000140162
0.000140162
0.000140162
0.000140162
0.000140162
0.000140162
0.000140161
0.000140162
0.000140162
0.000140162
0.000140162
0.000140162
0.000140162
0.000140162
0.000140162
0.000140162
0.000140162
0.000140162
0.000140162
0.000140162
0.000140162
0.000140162
0.000140162
0.000140162
0.000140162
0.000140162
0.000140161
0.000140162
0.000140162
0.000140162
0.000140162
0.000140162
0.000140162
0.000140162
0.000140162
0.000140162
0.000140162
0.000140162
0.000140162
0.000140162
0.000140162
0.000140162
0.000140162
0.000140162
0.000140162
0.000140162
0.000140161
0.000140162
0.000140162
0.000140162
0.000140162
0.000140162
0.000140162
0.000140162
0.000140162
0.000140162
0.000140162
0.000140162
0.000140162
0.000140162
0.000140162
0.000140162
0.000140162
0.000140162
0.000140162
0.000140162
0.000140161
0.000140162
0.000140162
0.000140162
0.000140162
0.000140162
0.000140162
0.000140162
0.000140162
0.000140162
0.000140162
0.000140162
0.000140162
0.000140162
0.000140162
0.000140162
0.000140162
0.000140162
0.000140162
0.000140162
0.000140161
0.000140162
0.000140162
0.000140162
0.000140162
0.000140162
0.000140162
0.000140162
0.000140162
0.000140162
0.000140162
0.000140162
0.000140162
0.000140162
0.000140162
0.000140162
0.000140162
0.000140162
0.000140162
0.000140162
0.000140161
0.000140162
0.000140162
0.000140162
0.000140162
0.000140162
0.000140162
0.000140162
0.000140162
0.000140162
0.000140162
0.000140162
0.000140162
0.000140162
0.000140162
0.000140162
0.000140162
0.000140162
0.000140162
0.000140162
0.000140161
0.000140162
0.000140162
0.000140162
0.000140162
0.000140162
0.000140162
0.000140162
0.000140162
0.000140162
0.000140162
0.000140162
0.000140162
0.000140162
0.000140162
0.000140162
0.000140162
0.000140162
0.000140162
0.000140162
0.000140161
0.000140162
0.000140162
0.000140162
0.000140162
0.000140162
0.000140162
0.000140162
0.000140162
0.000140162
0.000140162
0.000140162
0.000140162
0.000140162
0.000140162
0.000140162
0.000140162
0.000140162
0.000140162
0.000140162
0.000140161
0.000140162
0.000140162
0.000140162
0.000140162
0.000140162
0.000140162
0.000140162
0.000140162
0.000140162
0.000140162
0.000140162
0.000140162
0.000140162
0.000140162
0.000140162
0.000140162
0.000140162
0.000140162
0.000140162
0.000140161
0.000140162
0.000140162
0.000140162
0.000140162
0.000140162
0.000140162
0.000140162
0.000140162
0.000140162
0.000140162
0.000140162
0.000140162
0.000140162
0.000140162
0.000140162
0.000140162
0.000140162
0.000140162
0.000140162
0.000140161
0.000140162
0.000140162
0.000140162
0.000140162
0.000140162
0.000140162
0.000140162
0.000140162
0.000140162
0.000140162
0.000140162
0.000140162
0.000140162
0.000140162
0.000140162
0.000140162
0.000140162
0.000140162
0.000140162
0.000140161
0.000140162
0.000140162
0.000140162
0.000140162
0.000140162
0.000140162
0.000140162
0.000140162
0.000140162
0.000140162
0.000140162
0.000140162
0.000140162
0.000140162
0.000140162
0.000140162
0.000140162
0.000140162
0.000140162
0.000140161
0.000140162
0.000140162
0.000140162
0.000140162
0.000140162
0.000140162
0.000140162
0.000140162
0.000140162
0.000140162
0.000140162
0.000140162
0.000140162
0.000140162
0.000140162
0.000140162
0.000140162
0.000140162
0.000140162
0.000140161
0.000140162
0.000140162
0.000140162
0.000140162
0.000140162
0.000140162
0.000140162
0.000140162
0.000140162
0.000140162
0.000140162
0.000140162
0.000140162
0.000140162
0.000140162
0.000140162
0.000140162
0.000140162
0.000140162
0.000140161
0.000140162
0.000140162
0.000140162
0.000140162
0.000140162
0.000140162
0.000140162
0.000140162
0.000140162
0.000140162
0.000140162
0.000140162
0.000140162
0.000140162
0.000140162
0.000140162
0.000140162
0.000140162
0.000140162
0.000140161
)
;

boundaryField
{
    movingWall
    {
        type            nutkWallFunction;
        Cmu             0.09;
        kappa           0.41;
        E               9.8;
        value           nonuniform List<scalar> 
20
(
0.00034654
0.000395189
0.000395253
0.000395253
0.000395253
0.000395253
0.000395253
0.000395253
0.000395253
0.000395253
0.000395253
0.000395253
0.000395253
0.000395253
0.000395253
0.000395253
0.000395253
0.000395253
0.000395189
0.00034654
)
;
    }
    fixedWalls
    {
        type            nutkWallFunction;
        Cmu             0.09;
        kappa           0.41;
        E               9.8;
        value           nonuniform List<scalar> 
60
(
0.000301412
0.000928715
0.00152315
0.00152835
0.00152892
0.00152897
0.00152897
0.00152897
0.00152897
0.00152897
0.00152897
0.00152897
0.00152897
0.00152897
0.00152897
0.00152892
0.00152844
0.00152419
0.000936133
0.00034654
0.000301412
0.000928713
0.00152314
0.00152834
0.00152891
0.00152896
0.00152896
0.00152896
0.00152896
0.00152896
0.00152896
0.00152896
0.00152896
0.00152896
0.00152896
0.00152892
0.00152843
0.00152418
0.000936131
0.00034654
0.000301412
0.000295397
0.000295386
0.000295386
0.000295386
0.000295386
0.000295386
0.000295386
0.000295386
0.000295386
0.000295386
0.000295386
0.000295386
0.000295386
0.000295386
0.000295386
0.000295386
0.000295386
0.000295397
0.000301412
)
;
    }
    frontAndBack
    {
        type            empty;
    }
    defaultFaces
    {
        type            empty;
    }
}


// ************************************************************************* //
