/*--------------------------------*- C++ -*----------------------------------*\
  =========                 |
  \\      /  F ield         | OpenFOAM: The Open Source CFD Toolbox
   \\    /   O peration     | Website:  https://openfoam.org
    \\  /    A nd           | Version:  11
     \\/     M anipulation  |
\*---------------------------------------------------------------------------*/
FoamFile
{
    format      ascii;
    class       volScalarField;
    location    "2.3";
    object      gradTy;
}
// * * * * * * * * * * * * * * * * * * * * * * * * * * * * * * * * * * * * * //

dimensions      [0 -1 0 1 0 0 0];

internalField   nonuniform List<scalar> 
5712
(
11622.3
6701.74
18849.5
12352.7
20561.8
15219.5
32290
40003.5
42441.4
51917.5
27442.9
23840.4
17434.2
13813.9
8749.62
5917.78
19529.8
19991.7
16814.8
19761.2
26381.8
23573.4
30420.4
24635.8
8213.17
5923.51
4612.4
3426.23
9836.29
8014.67
5961.46
4813.48
17824.9
18526.7
18230.3
15426.6
14233.1
11097.9
11142.2
12647.2
17960.7
17865.7
37637.1
38899.8
26696.1
27487.5
15196.5
12815.9
16575.7
11822.7
7710.55
7908.73
6289.62
8717
3288.51
3940.19
8628.22
11716.5
5131.1
5963.12
9579.71
15946.5
6630.33
10804.3
2532.47
6432.92
2105.94
4804.29
17645.7
21784
18176.3
21673.7
21599
21824.8
21964.7
21524.1
15446.7
20913
15905.8
20668.7
17888.3
21513
17872.7
21455.6
22126.4
21234.7
22039.8
21024.5
14261.4
20993.6
13761.5
21063.9
17344.2
20280.7
21904.6
30452.1
18359.3
23357.2
21699.2
32995.4
16450.6
17881.1
21998.8
29316.6
16278.1
16745.5
22238.7
29113.2
5106.8
6651
13000.3
22562
6360.27
7209.59
16803.4
25765.5
7963.04
8035.91
21392.3
28933
24268.1
26135.8
20464.7
19705.2
28344
26341.9
24823
20900.5
18084.9
32299.5
23990.7
23636.4
21004.8
20783.3
37061.9
1989.39
2383.16
4235.44
9537.93
2832.5
3192.01
5888.28
10763.9
4247.88
3592.65
8053.82
12448
26153.6
25971.7
23544.7
23289.2
20093
18525.2
15184.8
13487.6
10644.4
14689.5
23777.6
23071.8
23912.8
23627.6
20727.5
19501.8
17089.8
15356.5
11369.3
14893.5
23639.2
26652.5
23554.8
27281.9
22898.7
23764.2
22332.3
23895.4
21435.1
21821.1
21265.5
21198.5
23361.5
27386.2
23245.6
27350.5
21667.1
24170.3
21478.8
24103.5
21517.2
21772.2
21505.9
21754.6
17997.7
17116
11588.3
12862.1
17865.6
16653.8
11404.3
12875.5
18255.3
17073.8
11845.5
12932.2
18329.9
16903.8
12216
12948.2
1636.71
1124.48
789.373
959.095
672.071
629.111
2269.88
1385.78
1061.34
1900.78
1545.57
1345.24
2665.48
2263.9
2290.08
3352.57
2773
2505.9
25007.9
22780.4
21189.1
22961.1
21458.7
20215
16447.1
15393.9
14819.6
11119.2
9749.74
9175.14
5103.04
3816.53
3256.52
22573.9
21092
19776.6
23102.5
21247.3
19762.4
17064.6
14819.2
13535.3
11102.1
8996.02
8139.72
5433.34
3803.9
3075.37
26815.5
26297.6
29164.4
26223.3
30010.2
26236
36177.5
27586.5
20822.7
21202.9
20546.1
19103.9
23362.8
22063.2
22912.6
19613.7
22674.3
22549.4
20918
22424.4
27960.4
25048.2
27589.6
27994.1
29921
30925.1
22980.2
23834.1
20597.8
19986.2
25062.9
25694.9
16383.4
8756.27
15285.3
9704.69
16620.3
8834.36
15231.9
9638.88
16409.4
8884.61
15201.5
10051.2
14771.9
10519.3
14942.9
10432.6
21090.2
18094.8
20928.4
18042.9
23251.8
21049
23441.2
20812.3
20520.5
15100.3
21451.4
14925.6
21363.4
17940.8
21618.7
17732.1
24013.5
20623
24014.8
20350.8
20293.4
15132.3
20221.3
15035.6
13469.6
8918.78
11959.7
7549.44
12575.2
7984.44
11508.7
7045.77
13785.9
9483.37
12143.4
7781.92
13796.5
9833.32
12108.9
7836.87
2543.13
1309.3
4590.64
2347.79
2723.01
1629.14
4899.95
2862.79
3374.09
2502.46
5449.96
3838.96
13182.3
20349.3
9492.39
9097.88
6348.13
19973.4
13969.3
8198.61
8236.6
5197.01
20716.1
16374.1
13053.2
10150.5
6159.02
682.958
521.47
1239.52
866.444
1005.79
697.489
1864.91
1463.49
1799.42
1432.74
2836.86
2296.56
20361.1
19875.6
13885.6
13467.2
9062.6
9287
7627.9
7154.7
4424.18
3634.01
19054.8
17483.1
14859
13213
11623.6
10500.7
8833.49
8147.2
5443.8
5526.9
15176.4
12465.2
15238.6
12127
18136.1
15196.6
18057.2
14929.9
12834.7
10598.3
12473
10669.8
15222.4
11914.7
15122.9
11889.7
17967
15182.1
17785.8
15127.2
13052.8
10413.9
13028.2
10552.2
10006.7
8649.18
6473.83
7021.39
9656.72
8485.11
6166.89
6668.76
10429.5
8812.83
6639.35
7447.63
10683.6
8815.04
6908.91
7557.69
1949.35
1725.94
1433.78
8542.28
4563.32
3734.52
1884.08
1873.56
1669.79
9223.48
5381.15
4570.25
2573.58
2909.38
2994.62
10129.6
6714.84
5998.87
18931.5
17875.6
17073.2
13121.4
12867.4
12680.8
9697.11
9692.53
9737.62
8452.81
8257.72
8093.02
11471.2
8273.91
7505.23
16111.6
15024.8
14263
12178.1
11484.2
11073.4
10284.3
9671.19
9299.87
10055.3
9015.85
8389.41
13923.2
9330.1
8419.6
4767.17
3016.63
2215.14
1971.75
5406.34
3300.48
2346.09
2018.68
4786.9
3008.91
2218.68
1986.98
5526.26
3369.23
2390.35
2038.54
4761.44
2965.38
2211.46
1968.97
5634.96
3407.54
2432.16
2025.67
6084.8
3623.14
2501.34
2122.66
6274.39
3771.49
2589.94
2210.6
5088.3
3164.24
2296.99
1988.68
4051.14
2715.92
2080.73
1911.72
4414.05
2836.03
2126.62
1840.29
3693.76
2543.97
1990.79
1830.59
5538.58
3411.46
2419.34
2087.18
4263.28
2841.49
2138.73
1976.48
5791.82
3578.53
2504.8
2155.1
4353.58
2930.58
2185.49
2010.66
3509.24
2544.98
1996.77
1865.24
2109.9
1973.35
1728.93
1751.44
3511.65
2526.73
1990.64
1859.41
2214.84
2001.47
1739.19
1761.18
3591.62
2517.07
1993.51
1863.87
2548.68
2099.16
1777.5
1805.69
3521.44
2435.97
1944.77
1896.78
2831.93
2164.14
1823.57
1789.73
3213.15
2342.86
1887.59
1801.28
650.669
1503.66
1345.24
403.722
-1036.92
1237.64
1183.81
433.837
902.654
1586.07
1377.09
427.116
-713.788
1330.4
1211.96
443.46
1373.46
1731.45
1427.75
425.918
-169.806
1486.18
1254.51
449.094
1944.44
1902.17
1496.96
463.709
399.965
1656.66
1313.72
469.062
2309.19
2055.1
1582.03
544.733
525.654
1781.66
1368.28
486.405
2463.56
2217.93
1622.28
515.562
140.079
1904
1467.4
516.426
2403.16
2145.76
1591.78
516.242
111.77
1846.88
1417.8
498.658
2475.55
2269.09
1650.39
478.77
64.0026
1953.92
1502.5
519.889
2531.54
2324.35
1698.12
490.325
169.028
2011.57
1545.04
533.483
1877.62
1459.21
1019.61
599.15
197.349
1856.03
1456.19
1020.35
599.933
197.62
1900.52
1470.62
1025.25
601.802
198.126
1883.66
1470.8
1027.93
603.572
198.699
1943.6
1486.95
1032.6
605.163
199.105
1917.72
1488.34
1036.88
607.888
199.99
1947.79
1508.52
1048.76
613.952
201.843
1993.8
1537.75
1065.78
622.637
204.499
1988.03
1506.67
1043.22
610.421
200.697
2123.52
1531.06
1050.19
613.041
201.419
1997.41
1501.61
1038.08
607.49
199.765
2120.55
1522.3
1044.5
610.071
200.496
2006.73
1524.46
1053.88
615.899
202.381
2162.07
1548.32
1059.9
617.987
202.941
2051.54
1552.79
1069.89
624.002
204.858
2209.69
1573.57
1073.76
624.991
205.091
1930.61
1466.57
1019.56
598.522
197.111
2031.5
1474.76
1019.79
598.158
196.967
1952.04
1475.56
1023.76
600.444
197.665
2048.44
1481.51
1022.99
599.633
197.395
1995.55
1490.65
1030.38
603.46
198.536
2085.76
1493.82
1028.69
602.282
198.162
2067.4
1508.1
1037.1
606.421
199.383
2130.49
1507.07
1035.22
605.355
199.044
2135.88
1517.09
1040.92
608.188
199.902
9396.36
14412.7
9874.31
14719
10584
15125.2
11086.8
15401.1
10681.9
14854.5
9966.04
11215.1
9952.51
11710
10036.9
11143.1
10219.1
11290.5
8303.3
1419.79
302.786
67.7784
11.9829
9228.55
2623.95
636.083
144.051
25.4594
8401.21
1410.33
298.523
66.5599
11.7347
9324.24
2616.12
631.622
142.341
24.939
8503.64
1407.49
295.302
65.54
11.5288
9413.48
2611.57
626.922
140.727
24.6161
8457.54
1369.54
284.679
63.007
11.0742
9334.69
2564.69
613.254
137.396
24.0051
8053.92
1271.27
263.641
58.5171
10.3069
8872.17
2441.55
585.604
131.553
23.0161
7219.16
1184.87
253.708
57.2229
10.155
7386.73
2131.37
524.604
119.77
21.1509
7457.62
1204.31
254.822
57.1139
10.103
7803.1
2247.25
548.279
124.19
21.8166
7131.22
1181.82
254.255
57.4859
10.2117
7253.74
2081.15
512.739
117.434
20.7964
7110.57
1173.71
252.333
57.0784
10.1309
7269.32
2070.93
508.95
116.846
20.6594
33261
47086.8
46027.5
32292.5
19063.6
20051.3
28109.3
29339
21970.5
24600.3
34901.3
47554.9
44097.5
58360.5
28817
32819.3
22635.9
24164.8
12295.6
13474.5
4932.19
3279.03
904.55
704.533
790.527
696.273
841.171
4848.34
4816.65
2921.07
4113.62
3963.77
1733.43
2378.22
2171.59
1442.7
1658.55
1366.74
4364.18
2398.36
1557.03
1381.38
1741.3
1514.61
1196.04
1136.33
1073.76
946.848
1272.84
1151.6
4553.41
2786.3
3190.48
2052.46
1702.49
2373.6
1221.28
969.775
1339.1
10056.7
10213.1
10495.3
11876.7
19690.9
7286.38
8414.31
9273.18
10486.5
12269.6
2381.72
3409.63
4198.22
4740.07
5021.73
1868.73
2702.92
3353.75
3800.52
4029.02
2093.92
3021.06
3737.5
4223.91
4470.31
1848.42
2676.3
3322.05
3763.59
3988.1
2222.97
3197.4
3947.58
4458.35
4719
10221.1
10588
10529.6
11257.3
17718.7
10124.8
10306.3
10066.1
10372.3
11879.7
6731.98
8023.25
8716.87
9371.29
10144.9
8920.07
9417.66
9237.04
9217.57
9477.4
8587.38
9141.7
8930.11
8751.77
8777.58
4330.28
5747.73
6661.36
7253.75
7585.81
5667.52
7045.92
7795.2
8294.82
8648.44
5240.79
6614.11
7351.02
7766.38
7987.48
3683.13
5035.71
5958.55
6549.12
6852.55
4160.27
5545.62
6426.75
6965.6
7238.88
3509.97
4836.58
5751.52
6331.55
6621.13
9382.35
10057.5
10303.1
11298.1
18002.8
5719.74
7171.16
8102.92
8923.51
9739.05
3948.37
5356.28
6322.55
6975.71
7347.6
3542.77
4886.79
5849.31
6511.34
6882.95
4351.12
5800.28
6797.21
7531.33
8027.49
3853.41
5265.28
6280.94
7015.91
7464.15
3101.43
4349.99
5284.16
5941.57
6306.8
2961.86
4178.34
5084.44
5703.04
6029.9
2810.49
3982.84
4850.33
5423.94
5712.74
2492.22
3562.19
4371.83
4915.66
5191.24
3290.38
4582.03
5506.74
6117
6433.49
2998.61
4221.52
5122.57
5728.37
6043.79
9522.52
9963.34
10293.4
11561.8
18910
6396.74
7702.23
8654.35
9761.91
11146.8
7432.94
8766.55
9499.43
10624.8
12980.4
5017.15
6531.62
7617.55
8559.57
9345.45
4274.52
5748.19
6808.64
7628.4
8188.16
5670.7
7150.16
8152.01
9085.66
10026.4
3164.61
4431.45
5370.83
6024.39
6383.59
2547.73
3633.54
4456.01
5014.05
5301.33
3444.3
4773.03
5739.56
6413.65
6794.09
18248.5
12112.6
18804.5
13422.9
24389.2
34793.1
25480.9
34615.2
19340.7
20473.9
16589.5
19772.5
21993.6
20928.8
27969.4
22953.3
14051.8
13108.9
6884.57
5864.42
15319.6
13977.6
7910.41
6445.92
18935.8
20474.9
19426.2
17738.1
19781.1
13032.8
10934.4
12607
17856.5
17829.4
37073.8
38774.6
25948.5
27282.2
15767.8
12936.3
17233
11936.7
8349.88
8062.18
13757.4
15204.4
5758.1
6272.74
15148.5
17256.9
7186.26
7924.84
14465.8
20173.7
8402.91
12934.1
2941.16
7163.51
2187.31
4946.55
18030.2
20623.4
17969.1
20993.4
19698.3
19989.6
20744.6
20493.8
16381
20731.6
18579
20438.7
17673.7
21147.5
17790.1
21337
21496.1
20706.9
21853.7
20860.9
14526
20869.2
13799.4
21016.1
18214.7
21514
22123.6
30781.2
19835.3
25450.9
22185.8
33707.7
16841.6
18469.1
22074.3
29454.4
16377.1
16907.5
22249.9
29147.8
18859.5
20379.2
23615.2
34990.1
18988.5
19440.9
25284
35460.7
18733
18414
27227.2
35211
18237.3
19142.4
19454.2
20663
30988
18405.3
17172.1
20776.1
18902.9
35398
19202.1
19998.5
19806.9
21429
38311
11362.6
10411.3
10502.8
13553.7
12435.4
11411
10886.3
13936.5
13681.5
11885
11394.3
14257.4
17864.9
17212.2
16741.9
16315.8
19289.3
18071.7
15914.3
14349.1
11940.8
14886.1
18879.2
18699.3
19970.5
20132.1
19130.7
18028.9
17328.8
15403.5
11766.6
14406.4
21732.1
24477.3
22584.6
26108.7
20576.3
21502.6
21209.7
22775.4
20899.7
21132.6
20355.6
20096.6
22884.9
26814.7
23100.4
27179.6
21140.2
23625.6
21322.2
23944
21225.5
21417
21413.3
21647.8
17852
16837.2
11616.1
12770.9
17759.7
16340.6
11575.9
12799.7
18147
16906.7
11834
12866.8
18290.3
16849.3
12206.8
12923.2
9542.7
9686.41
4098.66
3777.82
10644.7
10302.7
4592.68
4397.43
10376.5
9731.01
5231.73
5053.01
16990.7
16501.4
16548.9
16632.9
16477.2
15990.9
12376.5
11090.9
6167.53
5098.21
19041.9
18293.3
20305.9
19536.7
16099.2
14946.6
11554.3
9943.86
5675.22
4278.17
21973.4
20917.1
26905.3
23535.1
24426.6
21799.1
33404
25232.4
20106.8
16610.6
21881
17410
19992.5
16895
21975.9
17636.2
20523.1
18219.3
18594.7
17322.2
21143.7
22381
26233.2
27580.5
28770.8
30590.1
21627.6
23355
19556.1
19688.4
23538.1
25181.2
13557.7
9985.34
13979.5
10211.7
13839.4
9895.03
14163.4
10059
13771.2
9747.34
14118.8
10251.8
14148.1
10558.9
14740.7
10438.8
17227
16768.6
19000.7
17223.2
19710.7
18917.1
21553.1
19623.6
18714.1
14795.6
17814.9
14633.7
20405
17504.5
21333.4
17599.7
23090.6
20022.7
23746.7
20169.1
19399.1
14940.7
19961
14976
13065.3
9337.35
12167
7928.63
12526.5
9057.59
12116.1
7850.55
13470.3
9638.36
12208.5
7958.64
13684.9
9870.19
12125.4
7894.45
13090.4
13333.6
9372.06
8627.5
13237.7
13449.2
9224.87
8554.69
13205.4
12919.9
8990.62
8454.64
15293.7
17990.8
16127.8
12016.9
8737.2
16705.1
15682.7
17581
12088.3
8439.97
18415.2
16383.6
14589.8
12256
7781
14023
15335
8610.91
9370.55
13867.6
14905.1
8528.4
9232.6
12930.5
13535.4
8144.05
8335.46
16560
15752.8
15031.4
14545.3
15676.8
16223.5
12269.9
13183.5
7894.81
7766.75
16770.7
15443.6
15186.2
13973.5
13727.6
13250.9
11635.1
11770.7
7266.56
7879.3
14862.7
12832.1
14926.7
12246.9
16732.5
14283.2
17251.8
14454.6
12999.4
11165.7
13091.4
11955.1
15025.7
11965.7
15061.6
11903.4
17563
14948.4
17665.1
15060.5
13070.8
10660.4
13019.9
10614.6
10509.9
9453.1
6965.16
7763.01
10803.6
10160.8
7138.89
8158.49
10630.3
9172.15
6867.52
7845.64
10740.8
8920.32
6986.67
7683.22
18442.9
18413.2
25505.3
21412.1
17664.2
17771.4
24443.5
20457.3
15485.7
16182.8
22418.3
19010.8
15324.4
14844.3
14201.4
14054.3
16526.3
17036.5
15410.3
15432.4
20564.4
17415.6
14508.2
13858
13421.8
13300.3
13798
14196.8
14900.2
14602.1
20136
16029.5
6263.52
4018.73
2826.47
2403.34
6518.1
4161.03
2912.04
2423.41
6141.87
3939.69
2776.49
2380
6454.84
4114.02
2878.58
2389.36
5918.79
3783.46
2696.95
2309.85
6355.57
4006.87
2839.44
2319.91
6505.95
4000.03
2778.89
2333.29
6415.37
3902.49
2683.52
2283.87
5693.9
3635.79
2630.3
2248.91
4454.93
3050.47
2313.97
2106.91
5365.08
3505.8
2556.99
2155.4
4353.43
3059.6
2299.66
2061.41
5873.49
3693.03
2629.3
2254.73
4481.26
3030.01
2285.75
2110.11
5895.56
3672.85
2577.15
2213.85
4422.23
2991.95
2235.85
2056.61
5729.74
3748.13
2665.68
2325.4
4832.58
3347.65
2454.05
2240.65
5568.23
3665.81
2616.81
2288.1
4721.18
3301.37
2428.52
2229.09
5340.87
3532.3
2553.92
2251.43
4639.26
3241.54
2396.77
2226.96
4862.56
3287.66
2423.61
2234.87
4456.86
3140.87
2345.58
2128.71
4191.13
3040.77
2269.71
2058.15
3497.84
2938.58
2017.09
561.587
1418.33
2674.5
1866.83
628.919
3539.46
2937.69
2016.38
581.383
1595.95
2679.25
1863.79
631.157
3613.16
2918.22
1993.36
553.113
1842.39
2668.16
1839.15
616.184
3577.85
2865.22
1994.99
582.783
1878.5
2622.23
1818
615.488
3301.62
2755.48
1984.77
662.472
1339.91
2508.02
1779.66
611.181
2763.01
2513.12
1869.04
607.035
276.805
2216.97
1686.69
592.517
2956.03
2616.69
1924.03
623.919
466.884
2342.23
1727.57
597.978
2623.6
2430.56
1800.93
537.475
108.116
2123.89
1631.47
566.749
2573.89
2375.75
1747.95
510.281
175.523
2064.68
1586.83
548.964
2214.8
1663.99
1134.88
656.865
214.806
2163.99
1650.58
1131.09
655.588
214.472
2213.65
1657.52
1130.32
654.398
214.036
2155.59
1640.62
1124.56
652.139
213.407
2229.57
1652.01
1124.94
651.345
213.073
2147.24
1629.17
1116.84
648.062
212.156
2105.81
1606.3
1104.5
642.004
210.344
2051.92
1574.63
1086.91
633.296
207.734
2198.9
1634.08
1114.72
646.23
211.533
2324.66
1644.59
1113.05
644.422
210.909
2265.56
1652.89
1122.04
649.41
212.439
2379.98
1658.64
1119.44
647.403
211.778
2146.11
1611.93
1103.32
640.717
209.897
2292.4
1625.31
1102.82
639.476
209.447
2099.84
1583.11
1087.11
632.673
207.491
2254.49
1600.4
1088.78
632.536
207.386
2313.18
1683.53
1139.38
658.192
215.135
2475.24
1701.12
1142.52
659.032
215.338
2317.89
1679.51
1136.18
656.412
214.571
2476.74
1697.55
1139.98
657.657
214.906
2336.56
1674.06
1131.1
653.585
213.677
2484.12
1690.58
1135.14
655.089
214.102
2387.74
1671.97
1126.55
650.901
212.818
2495.18
1680.37
1129.15
651.997
213.127
2442.19
1668.16
1123.43
649.228
212.299
11436.7
15051.2
11500
15063.6
11636.8
15071.6
11454.4
14896.8
10716.7
14174.8
9954.34
11139.9
9977.8
11574.3
10020.1
11097.9
10211.8
11275.3
8795.24
1463.23
307.441
68.2898
12.0235
9469.78
2677.59
644.571
145.139
25.5544
8761.03
1439.68
301.346
66.8068
11.742
9431.49
2645.27
636.191
142.827
24.9565
8654.1
1414.81
295.254
65.3685
11.4827
9328.51
2605.26
625.769
140.335
24.5207
8416.29
1357.79
282.162
62.471
10.9809
9098.68
2529.19
607.198
136.227
23.808
7945.18
1253.61
260.304
57.8455
10.1952
8615.05
2397.67
577.629
130.027
22.769
7177.48
1176.78
251.807
56.7833
10.0772
7329.17
2112.74
519.887
118.701
20.9652
7394.16
1191.74
252.045
56.5087
9.99933
7696.24
2216.63
541.373
122.742
21.5757
7106.61
1177.2
253.151
57.223
10.1642
7222.52
2071.1
510.077
116.805
20.6839
7102.34
1172.19
251.969
56.9908
10.115
7259.11
2067.77
508.101
116.641
20.6221
32807.9
46783.2
44969.3
30930.5
24183
28788.3
23382.5
28678.3
27061.7
42889.4
28681.9
43911.1
231.737
248.684
286.443
347.607
436.631
558.772
246.038
263.447
302.084
364.09
452.529
571.045
220.956
215.643
238.946
235.436
279.158
279.854
344.81
353.695
439.268
458.841
562.57
585.13
720.271
927.923
1199.45
1561.99
1981.35
2283.19
723.285
911.843
1138.42
1394.02
1639.38
1798.71
620.468
910.266
1143.8
1307.37
1391.57
665.603
975.959
1225.73
1400.46
1490.34
766.196
1122.37
1408.3
1607.92
1710.47
928.869
1358.55
1702.17
1941.37
2064.06
1164.89
1699.62
2124.84
2419.73
2570.75
1486.88
2161.04
2692.82
3060.11
3248.17
658.585
965.835
1213.24
1386.4
1475.49
704.892
1033.09
1296.94
1481.37
1576.17
807.665
1182.33
1482.66
1692.12
1799.67
972.278
1420.69
1778.59
2027.49
2155.11
1206.24
1757.75
2195.34
2498.65
2654.07
1517.96
2203.1
2742.48
3115.26
3306.54
591.656
868.16
1091.13
1247.36
1327.81
577.435
847.352
1065.08
1217.68
1296.25
639.628
938.101
1178.48
1346.72
1433.28
630.246
924.405
1161.38
1327.28
1412.63
746.845
1094.36
1373.56
1568.58
1668.79
748.717
1097.15
1377.15
1572.74
1673.23
921.62
1348.47
1690.11
1928.01
2050.03
945.333
1383.1
1733.42
1977.3
2102.33
1172.31
1711.24
2140.1
2437.48
2589.66
1224.38
1786.83
2234.03
2543.78
2702.13
1497.81
2178.52
2715.74
3086.3
3275.57
1557.81
2265.4
2823.07
3206.88
3402.46
1908.17
2755.85
3416.86
3872.33
4106.72
2439.88
3487.53
4292.38
4849.75
5142.65
3113.1
4374.02
5324.85
5999.24
6374.97
3964.71
5415.2
6487.71
7300.14
7817.96
4873.71
6402.33
7517.76
8465.54
9206.09
5499.7
7038.83
8159.87
9201.11
10121.9
1914.63
2762.39
3423.14
3879.43
4115.1
2398.74
3431.29
4226.33
4777.95
5067.82
2967.72
4194.05
5125.41
5781.44
6139.04
3589.74
4993.05
6044.33
6807.92
7251.45
4164.49
5693.56
6827.2
7686.22
8226.76
4529.56
6125.89
7304.85
8226.8
8838.41
234.55
257.231
301.25
369.489
466.645
598.064
248.924
272.208
317.13
385.984
481.78
607.705
223.793
218.579
247.638
244.485
294.357
295.815
367.613
377.998
470.972
492.43
605.69
632.057
768.337
980.687
1249.81
1599.83
2001.48
2288.89
766.06
957.354
1181.39
1428.3
1660.67
1805.8
628.015
921.41
1157.93
1323.63
1408.94
688.623
1010.06
1269.01
1450.33
1543.66
806.119
1181.62
1483.66
1694.91
1803.57
987.994
1446.61
1814.57
2071.5
2203.56
1246.29
1821.56
2281.41
2601.86
2766.51
1594.05
2323.06
2902.69
3305.95
3513.42
666.347
977.327
1227.84
1403.23
1493.49
728.514
1068.14
1341.51
1532.81
1631.23
848.281
1242.73
1559.63
1781.12
1895.01
1031.51
1509.08
1891.65
2158.58
2295.79
1285.64
1876.89
2348.56
2677.1
2846.02
1617.97
2354.35
2938.51
3344.99
3554.49
599.273
879.407
1105.37
1263.74
1345.3
585.322
858.992
1079.81
1234.61
1314.33
663.019
972.706
1222.34
1397.23
1487.25
654.588
960.397
1206.98
1379.75
1468.69
787.796
1155.07
1450.69
1657.54
1763.95
791.712
1160.88
1458.09
1666.07
1773.05
983.206
1440.12
1807.01
2063.27
2194.98
1010.99
1480.86
1858.17
2121.7
2257.11
1258.31
1840.13
2305.66
2630.1
2796.72
1315.65
1924.01
2410.71
2749.79
2923.85
1615.54
2356.76
2946.93
3357.36
3568.19
1686.22
2460.51
3077.05
3505.51
3725.34
2040.5
2958.76
3683.28
4187.68
4448.97
2587.4
3718.82
4602.21
5222.12
5550.27
3257.95
4609.79
5650.66
6400.04
6819.74
4080.09
5615.48
6777.42
7668.95
8236.74
4942.21
6532.22
7714.7
8725.57
9510.6
5521.47
7083.14
8229.14
9294.82
10234
2032.19
2942.2
3658.72
4157.88
4417.07
2525.19
3627.82
4487.68
5090.42
5408.91
3089.09
4387.06
5387.23
6099.3
6489.15
3688.98
5155.74
6270.48
7087.68
7563.28
4228.07
5801.3
6980.47
7879.31
8444.8
4551.21
6163.4
7358.98
8295.77
8916.95
4913.96
3278.16
967.71
758.699
864.499
756.652
910.928
4525.42
4368.12
2865.67
3615.47
1799.42
2359.85
1525.94
1685.94
1433.87
4220.37
2421.92
1638.46
1464.15
1810.08
1584.37
1259.38
1214.71
1172.06
1037.62
1364.59
1238.99
4500.11
2792.76
3161.32
2085.29
1756.94
2399.65
1293.48
1047.18
1416.53
10055.5
10268.4
10601.6
12050.1
20009.3
7301.41
8464.41
9362.09
10618.1
12441.8
2558.98
3689.13
4574.41
5193.55
5518.75
2018.02
2932.29
3655.5
4158.14
4417.33
2299.28
3340
4161.36
4730.22
5022.46
2014.92
2932.28
3659.03
4163.2
4422.12
2417.88
3502.79
4356.33
4948.88
5255.14
10024.6
11249.8
12006.7
13513.2
21272.3
9889.14
11332
12291.9
13652.8
15988.4
6857.8
8711.96
10060.1
11309.5
12485
8683.94
10557
11626.2
12732.6
13697.1
4614.07
6384.16
7699.78
8645.59
9188.94
5861.07
7783.09
9162.97
10223.2
10916.4
3975.19
5612.81
6852.55
7718.21
8183.93
4364.21
6109.41
7414.12
8328.16
8826.86
3754.2
5335.45
6540.2
7374.44
7814.47
9303.05
10455.2
11225.6
12734.9
20381.4
5909.13
7698.7
9029.2
10221
11295.2
4230.36
5908.04
7174.4
8089.93
8618.99
3803.17
5355.3
6541.21
7395.95
7882.33
4599.98
6303.39
7587.2
8577.96
9235.85
4075.38
5669.15
6882.47
7791.14
8345.83
3286.64
4657.77
5716.14
6478.14
6904.99
3191.06
4559.38
5619.03
6365.6
6766.43
3096.44
4455.48
5510.98
6240.89
6619.69
2748.93
3971.29
4927.55
5589.87
5932.48
3575.74
5089.66
6250.78
7062.4
7496.31
3257.55
4658.7
5742.28
6500.78
6904.4
9520.49
10137.5
10632.2
12102.9
19898.4
6453.97
7855.5
8915.86
10136.1
11619.5
7488.14
9078.85
10109.3
11543.3
14222.8
5140.53
6785.11
8019.37
9102.73
9988.57
4454.09
6085.39
7320.7
8298.77
8960.23
5826.76
7554.32
8852.97
10071.3
11218.6
3378.39
4792.07
5882.22
6663.19
7097.28
2768.37
3988.7
4942.01
5606.26
5953.74
3681.58
5188.77
6344.09
7180.39
7657.41
9734.54
9173.24
8192.89
6821.69
4955.6
1939.51
18579.8
18925.8
21489.4
22163.1
18230.6
19346.1
20561.2
19936.2
15236.6
18732.9
15894.2
19293.3
18240.6
16453.9
25439.8
17878.9
18087.5
20300.8
20737
17272
18369.8
19675.3
19247.1
15178.1
22617.3
15751.2
22514.6
18418.9
19981.5
27293.7
17098.3
17180.6
18792.9
18989
16567.2
18056.6
18493.4
18553.2
17412.8
20036.5
18171.6
20055.6
20006.1
21987.1
24599.5
16366
16467.1
17440.1
17480.6
16163.7
17887.5
17308.7
17638.6
16340.6
17545.5
17073.4
17114.7
18319.8
19808
21301.3
15595.9
15730.3
16527
16484.9
15888.4
17766.7
16540.2
17053.5
15492.4
14514.7
16252.3
13953.3
16876.2
16743.4
17641.8
15261.5
15437.8
15925.3
15851.5
15527.9
17089.2
16050.6
16485.3
14809.9
12509
15380.5
12271.6
15729.4
14760.8
16008.6
21437.6
20623
22460.7
23581.1
19898.3
19896.2
20945.5
20020.1
18971.3
14113
18937.8
14194
16833.3
15290.2
18411.4
20255.5
19669.6
20783.3
21515.8
19238.3
19398.3
19782.3
19008.3
17627.8
13697.3
17621.3
13796.5
15471.8
13812.1
17088.5
18711.6
18369.7
18779.9
19130.4
18128.5
18302.2
18287.1
17827.6
16789.7
13482.2
16598.5
13224.6
14906.9
12672.5
16839.7
17271.2
17080.9
17260.8
17412.6
16927.7
17043.5
17098.3
16739.3
15915.3
13972.5
15818.6
13654.9
14372.5
12787.6
17232.4
16546.7
16423.8
16433.1
16499.7
16137.2
16247.3
16406.3
16186.3
15760.3
15101.6
15699.6
14955.1
14517.4
13340.8
17875.1
16029.5
15915.4
15962.8
16001.5
15678.3
15968
15911.8
15827.5
15702.8
15813.2
15701.7
15731.1
14646.6
13898
18620.8
11432.9
6487.41
18842.3
12359.8
20583
15207.1
32317.9
40017.2
42491.7
51942.5
27492.2
23841
17441.9
13839.7
8487.04
5647.68
19532.9
19994.1
16813.5
19762.2
26394.8
23579.1
30428.7
24640.1
8044.69
5805.92
4457.1
3323.14
9808.98
8005.02
5959.97
4826.92
17820.2
18522.1
18228.8
15427
14228.9
11100.9
11143.1
12648.7
17962.3
17867.3
37644
38904.6
26699.4
27489.8
15197.3
12817.4
16577.2
11824
7711.69
7909.82
6177.42
8579.18
3200.69
3843.26
8629.93
11728.6
5145.24
5979.62
9580.88
15952.6
6636.43
10812
2533.83
6435.91
2106.42
4805.44
17646.7
21785
18177.6
21674.8
21601.8
21826.3
21967
21525.2
15448.6
20914.2
15906
20669.6
17889.5
21514
17873.7
21456.5
22128.2
21235.6
22040.9
21025.1
14262.7
20994.8
13762.6
21065.1
17346.1
20284.4
21906.4
30454.6
18360.7
23361.1
21700.8
32998.3
16452.4
17883.8
22000.5
29318.9
16279.8
16747.7
22240.3
29115.5
5024.45
6570.08
12826.3
22372.6
6365.76
7213.38
16818.7
25784
7965.51
8037.99
21399.1
28940.1
24268.1
26136.5
20464.3
19706.3
28348
26342.4
24822.9
20899.6
18085.5
32303.7
23991.6
23637
21005.3
20784.8
37065.4
1948.73
2351.78
4148.84
9446.06
2836.88
3196.27
5899.73
10773.6
4249.88
3593.81
8057.57
12450.3
26153.8
25971.7
23544.5
23289.2
20092.4
18524.9
15185.6
13488.3
10646.3
14690.9
23778
23071.9
23913.1
23627.8
20727.9
19502.2
17090.9
15357.4
11370.5
14894.4
23639.7
26652.7
23555.4
27282.2
22899.2
23764.3
22332.8
23895.5
21435.9
21821.6
21266.2
21199.1
23362
27386.4
23246.1
27350.7
21667.4
24170.3
21479
24103.4
21518
21772.7
21506.6
21755.1
17998.7
17116.8
11589.1
12862.8
17866.6
16654.6
11405.2
12876.3
18256.2
17074.5
11846.2
12932.8
18330.8
16904.4
12216.7
12948.8
1614.32
1107
774.937
954.547
666.563
622.556
2276.57
1389.37
1062.95
1907.06
1549.57
1347.58
2666.05
2264.65
2290.9
3353.6
2774.4
2507.29
25008
22780.6
21189.5
22961.3
21459.2
20215.7
16447.5
15394.6
14820.4
11119.9
9750.56
9176.05
5103.7
3817.29
3257.24
22573.9
21092.3
19777
23102.7
21247.8
19763.1
17065
14819.8
13536.1
11102.7
8996.64
8140.39
5433.82
3804.36
3075.77
26819.9
26298.9
29167.6
26224.6
30024.2
26241.6
36190
27591.4
20647.4
21150.2
20339.8
19039.9
23332.4
22035.2
22878.6
19586.4
22669.1
22545
20918
22422.7
27943.7
25033.3
27590.5
27994.4
29924.6
30927.1
22978.4
23833.2
20596.9
19985.3
25055.6
25691.4
16387.8
8761.39
15283.4
9711.74
16601.7
8829.52
15216.2
9635.2
16397.3
8880.05
15191
10046.6
14766
10515.8
14939.8
10430.5
21088.5
18094.5
20927.4
18042.6
23253.8
21049.9
23443
20812.9
20515.2
15099.1
21444.6
14924
21362.9
17940.5
21618.3
17731.7
24014.8
20623.4
24015.5
20350.9
20290.3
15131.3
20219.4
15034.8
13466.4
8916.37
11958
7548.19
12571.8
7982.06
11506.7
7044.4
13783.7
9481.35
12142.1
7780.87
13794.9
9831.8
12107.9
7836
2530.31
1293.16
4576.09
2329.1
2723.49
1630.23
4899.88
2863.67
3373.23
2502.34
5448.46
3838.38
13183
20350.5
9492.02
9096.38
6346.68
19974.3
13969.6
8198.53
8235.51
5196.07
20716.9
16374.1
13052.1
10149
6157.84
665.29
500.371
1219.78
856.575
1007.17
697.29
1865.17
1462.85
1799.71
1433.39
2836.81
2297.02
20361.4
19875.6
13885.4
13466.8
9062.25
9286.5
7627.26
7154.43
4423.68
3633.95
19055.1
17483.1
14858.9
13212.7
11623
10500.2
8832.62
8146.75
5443.04
5526.43
15176.2
12464.8
15238.4
12126.7
18136.5
15196.7
18057.4
14929.9
12834
10597.8
12472.2
10669.2
15222.1
11914.4
15122.5
11889.4
17967.1
15182.1
17785.7
15127
13052.1
10413.4
13027.6
10551.7
10005.8
8648.57
6473.07
7020.72
9655.73
8484.49
6166.06
6668.1
10428.7
8812.26
6638.69
7446.99
10682.9
8814.52
6908.32
7557.12
1914.84
1697.04
1410.6
8494.3
4520.87
3693.79
1881.24
1872.26
1669.8
9219.6
5380.97
4570.49
2574.26
2909.88
2995.02
10129.6
6715.38
5999.5
18931.4
17875.5
17073.2
13121
12867
12680.5
9696.5
9691.97
9737.18
8452.61
8257.51
8092.81
11470.8
8273.98
7505.43
16111.4
15024.7
14263
12177.8
11483.9
11073.2
10284
9670.92
9299.66
10054.9
9015.63
8389.27
13922.3
9329.86
8419.56
4767.36
3016.49
2215.1
1971.13
5404.83
3298.72
2345.24
2017.63
4785.73
3008.41
2218.33
1986.76
5525.58
3368.96
2390.14
2038.35
4760.16
2964.88
2211.14
1968.76
5633.68
3407.09
2431.88
2025.46
6083.52
3622.66
2501.08
2122.48
6273.4
3771.08
2589.71
2210.43
5087.26
3163.77
2296.72
1988.49
4050.46
2715.53
2080.49
1911.54
4413.06
2835.56
2126.34
1840.1
3693.05
2543.57
1990.54
1830.41
5537.61
3411.01
2419.08
2087
4262.66
2841.13
2138.5
1976.3
5791.01
3578.14
2504.58
2154.94
4353.04
2930.26
2185.29
2010.5
3508.2
2545.28
1997.28
1864.8
2107.45
1972.82
1729.33
1750.44
3510.84
2526.29
1990.3
1859.2
2214.19
2001.17
1738.94
1761.08
3590.75
2516.64
1993.22
1863.68
2548.06
2098.81
1777.26
1805.55
3520.66
2435.55
1944.5
1896.58
2831.29
2163.78
1823.33
1789.56
3212.49
2342.47
1887.33
1801.08
650.209
1503.17
1345.91
403.786
-1035.72
1236.19
1183.46
433.666
902.066
1585.94
1376.91
427.102
-714.472
1330.47
1211.97
443.488
1373.04
1731.21
1427.58
425.872
-170.078
1486.02
1254.42
449.069
1944
1901.86
1496.77
463.655
399.741
1656.41
1313.57
469.014
2308.72
2054.77
1581.82
544.668
525.441
1781.36
1368.1
486.347
2463.15
2217.61
1622.08
515.505
139.936
1903.71
1467.22
516.365
2402.71
2145.42
1591.57
516.184
111.608
1846.58
1417.61
498.597
2475.2
2268.8
1650.21
478.722
63.8887
1953.66
1502.33
519.834
2531.23
2324.09
1697.95
490.283
168.929
2011.34
1544.88
533.434
1876.16
1458.51
1019.31
599.02
197.31
1854.4
1455.34
1019.95
599.748
197.565
1900.46
1470.54
1025.21
601.782
198.12
1883.56
1470.72
1027.88
603.556
198.698
1943.49
1486.88
1032.56
605.146
199.101
1917.6
1488.26
1036.84
607.871
199.987
1947.67
1508.44
1048.71
613.931
201.839
1993.68
1537.66
1065.73
622.615
204.493
1987.89
1506.58
1043.18
610.4
200.692
2123.35
1530.97
1050.14
613.018
201.413
1997.28
1501.53
1038.04
607.47
199.76
2120.38
1522.21
1044.46
610.049
200.49
2006.58
1524.37
1053.83
615.877
202.374
2161.9
1548.23
1059.85
617.963
202.935
2051.4
1552.71
1069.84
623.979
204.852
2209.53
1573.49
1073.71
624.967
205.085
1929.11
1465.98
1019.33
598.42
197.081
2030.07
1474.26
1019.59
598.078
196.947
1952.01
1475.49
1023.72
600.427
197.662
2048.44
1481.43
1022.94
599.62
197.397
1995.45
1490.58
1030.34
603.443
198.532
2085.66
1493.74
1028.65
602.266
198.161
2067.26
1508.01
1037.06
606.401
199.379
2130.34
1506.99
1035.18
605.336
199.04
2135.72
1517.01
1040.87
608.167
199.896
9346.62
14356.9
9876.68
14720.8
10585.5
15126.1
11087.8
15401.8
10682.7
14855.1
9966.63
11215.7
9953.15
11710.6
10037.5
11143.7
10219.6
11291.1
8292.44
1410.32
300.347
67.2179
11.8838
9213.07
2618.1
634.406
143.65
25.3861
8398.71
1410.93
298.637
66.5779
11.737
9322.61
2615.51
631.406
142.279
24.927
8503.07
1407.55
295.311
65.5383
11.528
9413.05
2611.37
626.842
140.701
24.6106
8457.6
1369.55
284.677
63.0047
11.0735
9334.74
2564.64
613.227
137.385
24.0026
8054.19
1271.3
263.645
58.5169
10.3067
8872.41
2441.58
585.602
131.551
23.0152
7219.53
1184.93
253.719
57.2252
10.1553
7387.1
2131.47
524.625
119.774
21.1515
7457.96
1204.36
254.83
57.1153
10.1032
7803.44
2247.32
548.292
124.192
21.8167
7131.6
1181.89
254.267
57.4886
10.2121
7254.12
2081.25
512.764
117.439
20.7973
7110.96
1173.77
252.347
57.0813
10.1314
7269.71
2071.04
508.976
116.852
20.6604
33262.3
47091.8
46036.1
32294.9
18778.9
19703.8
28110.4
29331
22000.7
24628.4
34931.9
47582.2
44146.1
58400.9
28857.6
32859.6
22606.6
24128.3
11838.2
12955.4
4932.14
3278.97
904.509
704.498
790.489
696.238
841.131
4848.33
4816.62
2921.03
4113.59
3963.76
1733.38
2378.17
2171.55
1442.66
1658.51
1366.7
4364.17
2398.31
1556.99
1381.33
1741.25
1514.56
1195.99
1136.28
1073.71
946.806
1272.8
1151.55
4553.38
2786.24
3190.44
2052.4
1702.44
2373.55
1221.23
969.732
1339.05
10056.5
10212.7
10494.7
11876
19689.5
7286.19
8413.99
9272.73
10485.9
12268.8
2381.61
3409.46
4198
4739.8
5021.45
1868.63
2702.78
3353.57
3800.3
4028.79
2093.82
3020.91
3737.31
4223.68
4470.06
1848.33
2676.16
3321.87
3763.38
3987.87
2222.87
3197.24
3947.37
4458.1
4718.74
10221
10587.6
10529.1
11256.6
17717.2
10124.7
10306
10065.7
10371.8
11878.9
6731.84
8023
8716.49
9370.79
10144.3
8919.95
9417.44
9236.75
9217.23
9477.01
8587.3
9141.53
8929.89
8751.55
8777.36
4330.15
5747.52
6661.08
7253.41
7585.43
5667.39
7045.7
7794.9
8294.45
8648.02
5240.67
6613.93
7350.77
7766.08
7987.15
3683
5035.52
5958.29
6548.81
6852.22
4160.14
5545.43
6426.5
6965.3
7238.55
3509.85
4836.39
5751.27
6331.26
6620.81
9382.22
10057.2
10302.5
11297.3
18001.3
5719.59
7170.9
8102.54
8923
9738.43
3948.24
5356.07
6322.26
6975.36
7347.21
3542.63
4886.58
5849.02
6511
6882.56
4350.98
5800.05
6796.89
7530.92
8027.02
3853.26
5265.05
6280.63
7015.52
7463.72
3101.3
4349.78
5283.88
5941.24
6306.43
2961.74
4178.15
5084.18
5702.73
6029.56
2810.37
3982.67
4850.09
5423.67
5712.45
2492.11
3562.02
4371.61
4915.41
5190.96
3290.26
4581.83
5506.49
6116.7
6433.16
2998.49
4221.33
5122.32
5728.07
6043.46
9522.36
9962.99
10292.9
11561.1
18908.6
6396.57
7701.93
8653.92
9761.33
11146
7432.78
8766.24
9498.95
10624.2
12979.5
5016.99
6531.35
7617.16
8559.06
9344.86
4274.37
5747.94
6808.29
7627.96
8187.66
5670.55
7149.89
8151.6
9085.13
10025.7
3164.48
4431.24
5370.56
6024.06
6383.22
2547.62
3633.36
4455.78
5013.78
5301.04
3444.17
4772.81
5739.27
6413.3
6793.7
18214.9
12037.8
18808.7
13445.9
24376.1
34756.1
25526.5
34686.9
19341
20473.9
16593.5
19773.3
21988.2
20926.5
27956.3
22950.1
13993
13046.4
6804.75
5783.64
15327.8
13984.3
7934.7
6474.81
18941.3
20477
19426
17739
19786.8
13047.2
10935.6
12608.3
17857.4
17830.8
37073.5
38777.5
25947.5
27283.3
15772.1
12938.4
17236.1
11938.4
8355.05
8064.11
13685.2
15110.5
5676.26
6182.09
15155.9
17271.9
7209.58
7947.09
14472.1
20182.1
8415.47
12945.7
2944.31
7168.06
2188.13
4948
18031.2
20623.9
17971
20994
19697.1
19989
20743.6
20493.5
16386.4
20733.2
18582.4
20440.2
17674.8
21148.2
17791
21337.8
21495.9
20706.9
21854.2
20861.2
14528.8
20870.6
13800.7
21017.3
18218.4
21519.3
22126
30784.4
19838.4
25456.1
22188.3
33711.5
16844.3
18472.8
22076.3
29457.1
16379.1
16910
22251.6
29150.2
18813.3
20360.4
23534.6
34923.6
18986.3
19432.3
25296.4
35475.2
18734.9
18413.5
27233.2
35216.2
18237.7
19141.5
19455.7
20665.1
30992.4
18404.5
17172.5
20776.7
18904.1
35402
19201.5
19998.8
19808.1
21431.1
38315.1
11368.7
10415.4
10482
13534.9
12429.5
11404.9
10893.7
13941.7
13680.4
11884
11395.9
14258.5
17864.4
17212
16742
16315.8
19288.9
18071
15915
14349.2
11941.9
14886.9
18878.7
18699
19970.6
20132
19131.4
18029.2
17330
15404.1
11767.8
14407.2
21732.3
24477.3
22584.8
26108.7
20575.8
21502.1
21209.4
22775
20900.5
21133.1
20356.5
20097.2
22885.2
26814.7
23100.7
27179.8
21140.1
23625.3
21322.3
23943.9
21226.2
21417.4
21413.9
21648.3
17853.1
16838
11617
12771.7
17761
16341.5
11577
12800.5
18148
16907.4
11834.8
12867.5
18291.2
16850
12207.6
12923.9
9548.33
9700.11
4143.75
3819.45
10635.4
10292.6
4594.61
4397.52
10375.4
9730.21
5231.74
5053.18
16990.6
16501.4
16548.8
16632.8
16476.7
15990.4
12376.4
11090.8
6167.61
5098.29
19041.7
18293.1
20305.9
19536.6
16099.2
14946.5
11554.5
9943.86
5675.38
4278.23
21968.5
20913.9
26897.5
23531
24418.3
21795.3
33385.4
25226.8
20136.8
16626.7
21908.4
17424.5
19990.8
16891.8
21975
17634.4
20519.3
18216.3
18591.7
17319.8
21140.4
22377.9
26230.6
27579.6
28768.7
30590.4
21624.6
23353.3
19554
19687.2
23535.2
25178.6
13570.8
9995.75
13992.5
10224.1
13837.9
9896.83
14162.3
10060.8
13769.9
9747.25
14117.7
10251.6
14146.8
10558.2
14739
10437.5
17225
16767.2
18998.5
17222
19708.5
18915.7
21550.6
19622.5
18712.2
14794.5
17813.1
14632.5
20403.5
17503.6
21332.6
17599.1
23089.4
20022
23746.6
20168.9
19397.4
14939.8
19959.5
14975.1
13064
9336.8
12166.1
7928.04
12525.3
9057.14
12115.2
7850.04
13469
9637.57
12207.6
7957.98
13683.5
9869.07
12124.5
7893.7
13099.8
13339.8
9380.96
8635.29
13235.4
13447
9225.75
8555.13
13204.1
12918.7
8990.32
8454.15
15292.4
17989.4
16126.4
12015.9
8736.74
16703.9
15681.5
17579.6
12087.4
8439.48
18413.9
16382.3
14588.7
12255.1
7780.54
14025.7
15347.1
8626.47
9416.95
13865.1
14894.6
8527.92
9228.34
12929.5
13534.6
8143.57
8335.33
16559.3
15752.5
15030.7
14544.9
15675.8
16222.9
12269.2
13183
7894.35
7766.44
16769.9
15443.2
15185.3
13972.9
13726.8
13250.3
11634.4
11770.2
7266.11
7878.9
14861.8
12831.5
14925.9
12246.3
16731.7
14282.7
17251.2
14454.2
12998.7
11165.1
13090.6
11954.5
15025.1
11965.3
15061.1
11903
17562.6
14948.1
17664.9
15060.2
13070.1
10659.9
13019.3
10614
10509.3
9452.59
6964.7
7762.56
10803
10160.3
7138.44
8158.05
10629.6
9171.65
6867.03
7845.16
10740.1
8919.82
6986.14
7682.7
18446.5
18418.6
25512.8
21429.7
17640.4
17749.6
24433.2
20451.7
15484.8
16181.8
22417.9
19010.6
15324.4
14844.2
14201.2
14054.1
16525.7
17035.8
15409.9
15432
20563.9
17415.3
14508
13857.8
13421.4
13300
13797.6
14196.4
14899.8
14601.7
20135.4
16029
6270.48
4022.6
2828.92
2404.24
6524.47
4164.73
2914.6
2424.56
6142.25
3939.81
2776.45
2379.94
6455.63
4114.34
2878.66
2389.3
5918.88
3783.49
2696.91
2309.78
6355.72
4006.93
2839.42
2319.83
6505.74
3999.93
2778.8
2333.2
6414.77
3902.22
2683.36
2283.74
5693.69
3635.68
2630.21
2248.82
4454.64
3050.29
2313.85
2106.81
5364.94
3505.74
2556.94
2155.34
4353.21
3059.48
2299.57
2061.33
5873.11
3692.83
2629.17
2254.62
4480.89
3029.79
2285.61
2109.99
5894.96
3672.54
2576.97
2213.71
4421.79
2991.67
2235.67
2056.46
5737.67
3752.02
2668.13
2326.01
4841.06
3350.8
2456.17
2240.37
5568.38
3665.87
2616.75
2288.05
4720.99
3301.49
2428.5
2229.15
5340.86
3532.33
2553.89
2251.39
4639.11
3241.58
2396.78
2226.97
4862.4
3287.62
2423.56
2234.8
4456.68
3140.86
2345.56
2128.67
4190.94
3040.69
2269.64
2058.06
3510.53
2941.9
2019.06
561.982
1436.52
2677.17
1867.76
629.031
3538.94
2938.02
2016.44
581.463
1594.83
2679.73
1864
631.249
3612.87
2918.32
1993.39
553.126
1841.94
2668.3
1839.24
616.218
3577.64
2865.21
1994.98
582.783
1878.26
2622.24
1818.02
615.496
3301.43
2755.41
1984.72
662.461
1339.76
2507.96
1779.63
611.174
2762.8
2512.97
1868.95
607.018
276.712
2216.83
1686.61
592.491
2955.84
2616.57
1923.97
623.908
466.777
2342.13
1727.52
597.961
2623.36
2430.37
1800.82
537.452
108.035
2123.72
1631.36
566.715
2573.62
2375.53
1747.81
510.248
175.434
2064.48
1586.7
548.922
2214.2
1664
1135.02
656.961
214.837
2163.82
1650.77
1131.32
655.727
214.516
2213.69
1657.48
1130.29
654.39
214.034
2155.54
1640.56
1124.53
652.131
213.408
2229.56
1651.97
1124.91
651.337
213.072
2147.18
1629.11
1116.81
648.052
212.156
2105.73
1606.24
1104.46
641.988
210.341
2051.81
1574.56
1086.87
633.276
207.729
2198.83
1634.02
1114.69
646.217
211.531
2324.55
1644.52
1113.01
644.406
210.905
2265.51
1652.84
1122.02
649.399
212.437
2379.89
1658.58
1119.4
647.389
211.775
2146.02
1611.87
1103.28
640.699
209.892
2292.28
1625.24
1102.78
639.457
209.442
2099.72
1583.03
1087.07
632.651
207.486
2254.34
1600.31
1088.74
632.514
207.38
2312.18
1683.47
1139.48
658.263
215.158
2474.17
1701.08
1142.6
659.096
215.362
2317.98
1679.48
1136.16
656.409
214.572
2476.85
1697.49
1139.96
657.657
214.912
2336.57
1674.03
1131.08
653.58
213.677
2484.13
1690.54
1135.12
655.086
214.104
2387.69
1671.93
1126.53
650.891
212.817
2495.14
1680.32
1129.13
651.988
213.126
2442.12
1668.11
1123.4
649.216
212.297
11412.3
15024.5
11502.3
15065.4
11638.2
15072.6
11455.5
14897.7
10717.6
14175.6
9955.05
11140.6
9978.57
11575.1
10020.7
11098.5
10212.4
11275.9
8792.84
1454.38
305.068
67.7393
11.9258
9463.82
2673.07
643.082
144.765
25.4846
8759.82
1440.49
301.489
66.8294
11.7449
9431.08
2645
636.039
142.776
24.946
8654.12
1414.99
295.286
65.3713
11.4825
9328.66
2605.27
625.739
140.319
24.5168
8416.64
1357.87
282.175
62.4721
10.9808
9099.05
2529.28
607.206
136.224
23.8068
7945.62
1253.67
260.316
57.8475
10.1954
8615.49
2397.78
577.65
130.029
22.769
7177.92
1176.85
251.821
56.7863
10.0777
7329.62
2112.86
519.916
118.707
20.9661
7394.61
1191.81
252.059
56.5114
9.99974
7696.7
2216.75
541.4
122.747
21.5764
7107.03
1177.27
253.165
57.2261
10.1647
7222.94
2071.22
510.106
116.811
20.685
7102.75
1172.25
251.983
56.9938
10.1155
7259.51
2067.88
508.129
116.647
20.6232
32807.2
46785.2
44966.4
30926.5
24241.9
28865.4
23376
28663.6
27043.8
42830
28768.7
44074.1
231.722
248.668
286.425
347.586
436.606
558.742
246.023
263.431
302.066
364.069
452.504
571.014
220.942
215.629
238.931
235.421
279.14
279.837
344.789
353.674
439.243
458.815
562.539
585.099
720.236
927.88
1199.4
1561.93
1981.29
2283.12
723.249
911.8
1138.37
1393.97
1639.32
1798.65
620.429
910.208
1143.73
1307.28
1391.48
665.561
975.897
1225.65
1400.37
1490.24
766.148
1122.3
1408.21
1607.82
1710.36
928.813
1358.47
1702.07
1941.25
2063.93
1164.83
1699.52
2124.71
2419.59
2570.6
1486.79
2160.92
2692.66
3059.94
3247.97
658.544
965.774
1213.17
1386.31
1475.4
704.848
1033.02
1296.86
1481.27
1576.07
807.616
1182.25
1482.57
1692.02
1799.56
972.22
1420.6
1778.49
2027.36
2154.98
1206.18
1757.65
2195.21
2498.5
2653.91
1517.88
2202.98
2742.32
3115.08
3306.34
591.618
868.104
1091.06
1247.28
1327.72
577.398
847.297
1065.01
1217.6
1296.17
639.587
938.04
1178.4
1346.64
1433.19
630.206
924.346
1161.31
1327.19
1412.54
746.798
1094.29
1373.47
1568.48
1668.68
748.67
1097.09
1377.07
1572.64
1673.12
921.565
1348.39
1690
1927.89
2049.9
945.277
1383.02
1733.32
1977.18
2102.2
1172.24
1711.14
2139.97
2437.33
2589.5
1224.31
1786.73
2233.9
2543.63
2701.97
1497.73
2178.4
2715.58
3086.12
3275.38
1557.72
2265.27
2822.91
3206.7
3402.26
1908.07
2755.7
3416.67
3872.11
4106.48
2439.76
3487.35
4292.15
4849.47
5142.35
3112.96
4373.8
5324.57
5998.9
6374.59
3964.55
5414.96
6487.37
7299.72
7817.49
4873.53
6402.05
7517.38
8465.06
9205.53
5499.52
7038.54
8159.46
9200.59
10121.3
1914.53
2762.25
3422.94
3879.21
4114.86
2398.63
3431.11
4226.1
4777.67
5067.53
2967.58
4193.85
5125.13
5781.11
6138.68
3589.59
4992.81
6044.01
6807.53
7251.02
4164.33
5693.3
6826.85
7685.79
8226.27
4529.38
6125.62
7304.48
8226.34
8837.89
234.535
257.215
301.233
369.468
466.62
598.034
248.909
272.191
317.112
385.963
481.755
607.675
223.778
218.565
247.623
244.47
294.339
295.798
367.592
377.977
470.947
492.404
605.66
632.025
768.3
980.643
1249.76
1599.77
2001.42
2288.82
766.023
957.31
1181.33
1428.24
1660.61
1805.74
627.975
921.352
1157.86
1323.55
1408.85
688.581
1010
1268.93
1450.25
1543.57
806.072
1181.55
1483.57
1694.81
1803.47
987.939
1446.53
1814.47
2071.39
2203.44
1246.22
1821.47
2281.29
2601.72
2766.36
1593.97
2322.94
2902.54
3305.77
3513.24
666.306
977.267
1227.76
1403.14
1493.39
728.47
1068.08
1341.43
1532.72
1631.13
848.232
1242.65
1559.54
1781.01
1894.89
1031.45
1509
1891.54
2158.46
2295.66
1285.58
1876.79
2348.43
2676.95
2845.87
1617.89
2354.23
2938.35
3344.81
3554.31
599.235
879.351
1105.3
1263.66
1345.21
585.285
858.937
1079.74
1234.53
1314.24
662.978
972.646
1222.27
1397.14
1487.16
654.548
960.338
1206.91
1379.67
1468.6
787.75
1155
1450.61
1657.44
1763.84
791.666
1160.81
1458
1665.97
1772.94
983.151
1440.04
1806.91
2063.15
2194.86
1010.93
1480.78
1858.07
2121.58
2256.99
1258.24
1840.03
2305.53
2629.96
2796.57
1315.58
1923.91
2410.58
2749.65
2923.69
1615.46
2356.64
2946.77
3357.19
3568.01
1686.14
2460.38
3076.89
3505.33
3725.15
2040.4
2958.61
3683.09
4187.46
4448.74
2587.28
3718.64
4601.98
5221.86
5549.99
3257.81
4609.58
5650.38
6399.72
6819.39
4079.92
5615.23
6777.09
7668.56
8236.31
4942.02
6531.94
7714.32
8725.11
9510.08
5521.28
7082.85
8228.74
9294.31
10233.4
2032.09
2942.05
3658.53
4157.66
4416.84
2525.07
3627.65
4487.45
5090.16
5408.63
3088.95
4386.86
5386.96
6098.99
6488.81
3688.82
5155.5
6270.16
7087.31
7562.87
4227.89
5801.04
6980.12
7878.89
8444.33
4551.03
6163.13
7358.61
8295.32
8916.44
4913.88
3278.08
967.666
758.663
864.459
756.616
910.886
4525.29
4368.02
2865.58
3615.39
1799.35
2359.78
1525.89
1685.88
1433.81
4220.25
2421.84
1638.4
1464.09
1810.02
1584.31
1259.33
1214.66
1172.01
1037.58
1364.53
1238.93
4500.01
2792.68
3161.23
2085.21
1756.88
2399.57
1293.42
1047.13
1416.47
10055.3
10268.1
10601.1
12049.4
20008
7301.2
8464.08
9361.64
10617.5
12441
2558.87
3688.96
4574.19
5193.3
5518.47
2017.92
2932.15
3655.32
4157.93
4417.1
2299.17
3339.84
4161.17
4729.99
5022.21
2014.82
2932.14
3658.85
4162.99
4421.9
2417.77
3502.62
4356.12
4948.64
5254.88
10024.3
11249.4
12006.2
13512.6
21271.5
9888.88
11331.7
12291.5
13652.3
15987.8
6857.57
8711.64
10059.7
11309
12484.5
8683.74
10556.7
11625.9
12732.1
13696.7
4613.91
6383.92
7699.48
8645.24
9188.56
5860.88
7782.82
9162.63
10222.8
10916
3975.04
5612.59
6852.27
7717.89
8183.58
4364.05
6109.18
7413.82
8327.82
8826.49
3754.05
5335.24
6539.93
7374.13
7814.14
9302.72
10454.7
11225.1
12734.3
20380.5
5908.91
7698.39
9028.81
10220.5
11294.7
4230.2
5907.8
7174.1
8089.58
8618.62
3803.02
5355.08
6540.92
7395.62
7881.97
4599.81
6303.13
7586.87
8577.58
9235.43
4075.21
5668.91
6882.16
7790.78
8345.44
3286.5
4657.56
5715.87
6477.82
6904.65
3190.92
4559.18
5618.77
6365.3
6766.11
3096.3
4455.29
5510.73
6240.61
6619.39
2748.81
3971.11
4927.33
5589.6
5932.2
3575.59
5089.45
6250.51
7062.09
7495.98
3257.41
4658.5
5742.03
6500.49
6904.08
9520.23
10137
10631.7
12102.3
19897.3
6453.76
7855.18
8915.43
10135.5
11618.9
7487.88
9078.47
10108.8
11542.7
14222.1
5140.34
6784.82
8018.99
9102.27
9988.06
4453.91
6085.12
7320.36
8298.37
8959.79
5826.55
7554.01
8852.57
10070.9
11218.1
3378.25
4791.86
5881.95
6662.87
7096.94
2768.24
3988.52
4941.78
5605.99
5953.46
3681.43
5188.54
6343.81
7180.06
7657.05
9734.15
9172.88
8192.57
6821.44
4955.43
1939.45
18567.5
18928
21484.8
22189.3
18231.3
19346.6
20558.4
19934.6
15194.9
18704.2
15900.7
19288.1
18243.4
16454.7
25440.1
17869
18090.1
20298.6
20755.2
17273
18370.5
19673.6
19246.1
15139
22607.8
15756.9
22508.8
18420.8
19980.8
27291.9
17093.4
17182.6
18792.9
18998
16567.9
18057
18493
18552.7
17392.8
20033.7
18172.2
20053.9
20005.8
21985.9
24596.6
16361.9
16468.8
17440.9
17483.3
16164.1
17887.6
17309
17638.5
16319.8
17531.9
17073.5
17116.1
18319.5
19807.3
21298.7
15591.3
15731.8
16528
16484.3
15888.8
17766.8
16540.7
17053.6
15480.9
14511.8
16252.3
13959.7
16876.1
16743.1
17639.7
15257.3
15439.4
15926.3
15849.5
15528.3
17089.3
16051.1
16485.5
14805.4
12513.7
15381
12276.4
15729.4
14760.7
16007
21473.7
20621.8
22454.5
23627.6
19895.8
19894
20941.4
20017.7
18996.3
14124.8
18937.4
14189.6
16831.6
15288.7
18408.5
20282.7
19670.1
20780.5
21547.8
19236.8
19396.8
19779.9
19006.6
17644.8
13708.3
17621.3
13793.5
15470.9
13811.2
17086.2
18727
18371.7
18780
19146.4
18128.3
18301.5
18286.4
17826.8
16801.3
13489.1
16599.9
13226.2
14906.8
12672.1
16838.1
17279.1
17083.2
17261.6
17419.5
16928.1
17043.4
17098.5
16739.2
15926.3
13982.5
15820.2
13657.6
14372.8
12787.7
17231.1
16551.3
16426.1
16434.1
16502.8
16137.8
16247.4
16406.7
16186.4
15767.8
15128.6
15700.9
14961.3
14517.7
13340.9
17873.3
16032.9
15917.1
15963.7
16003.1
15678.7
15968.1
15912.3
15827.7
15708.2
15849.1
15702.1
15734.2
14646.4
13897.9
18618.6
)
;

boundaryField
{
    patch1
    {
        type            calculated;
        value           nonuniform List<scalar> 
2440
(
14233.1
27960.4
0
0
0
0
0
0
0
0
14228.9
27943.7
0
0
0
0
0
0
0
0
11622.3
18849.5
20561.8
32290
42441.4
27442.9
17434.2
8749.62
47077.9
19063.6
28109.3
21970.5
34901.3
44097.5
28817
22635.9
12295.6
0
0
0
0
0
0
0
0
0
0
0
0
0
0
0
0
0
0
0
0
0
0
0
0
0
0
0
0
0
0
0
0
0
0
0
46774.2
0
0
0
0
0
0
0
0
0
0
0
0
0
0
0
0
0
0
0
0
0
0
0
0
0
0
0
0
0
0
0
0
0
0
0
0
0
0
0
0
0
0
0
0
0
0
0
0
0
0
0
0
0
0
0
0
0
11432.9
18842.3
20583
32317.9
42491.7
27492.2
17441.9
8487.04
47082.8
18778.9
28110.4
22000.7
34931.9
44146.1
28857.6
22606.6
11838.2
0
0
0
0
0
0
0
0
0
0
0
0
0
0
0
0
0
0
0
0
0
0
0
0
0
0
0
0
0
0
0
0
0
0
0
46776.2
0
0
0
0
0
0
0
0
0
0
0
0
0
0
0
0
0
0
0
0
0
0
0
0
0
0
0
0
0
0
0
0
0
0
0
0
0
0
0
0
0
0
0
0
0
0
0
0
0
0
0
0
0
0
0
0
0
15426.6
22424.4
0
0
0
0
0
14760.8
16008.6
13898
18620.8
15427
22422.7
0
0
0
0
0
14760.7
16007
13897.9
18618.6
18526.7
26820.5
27552.6
22046.6
21327.6
27752.6
27727.6
22086.6
22076.7
17313.2
12972.9
16778.2
12961.6
17304
13056.4
17160.2
13116.9
789.373
629.111
1061.34
1345.24
2290.08
2505.9
21189.1
20215
14819.6
9175.14
3256.52
19776.6
19762.4
13535.3
8139.72
3075.37
22549.4
1433.78
3734.52
1669.79
4570.25
2994.62
5998.87
17073.2
12680.8
9737.62
8093.02
7505.23
14263
11073.4
9299.87
8389.41
8419.6
0
0
0
0
0
0
0
0
0
0
0
0
0
0
0
0
0
0
0
0
0
0
0
0
0
0
0
0
0
0
0
0
0
0
0
0
0
0
0
0
0
0.764463
-0.292855
0.762052
-0.363405
0.754553
-0.362453
0.736285
-0.350408
0.716217
-0.340306
0.224215
-0.125706
0.471336
-0.246434
0.0817519
-0.0468901
0.0164272
-0.00856254
33260.3
46035.2
32293.8
20001
29365.5
24608.1
47552.6
58350.7
32854.4
24153
13461.7
24631.3
26367.2
21347.7
20214.2
27173.5
27554.3
21725
21968
17027.9
12880.1
16458.4
12886.2
17133.2
12990
17104.6
13091.5
9686.46
3777.8
10302.7
4397.43
9731.01
5053.01
16501.4
16632.9
15990.9
11090.9
5098.21
18293.3
19536.7
14946.6
9943.86
4278.17
18413.2
21412.1
17771.4
20457.3
16182.8
19010.8
14844.3
14054.3
17036.5
15432.4
17415.6
13858
13300.3
14196.8
14602.1
16029.5
0
0
0
0
0
0
0
0
0
0
0
0
0
0
0
0
0
0
0
0
0
0
0
0
0
0
0
0
0
0
0
0
0
0
0
0
0
0
0
0
0
0.763198
-0.292242
0.759475
-0.362328
0.749888
-0.360122
0.729664
-0.347001
0.708752
-0.336546
0.222323
-0.124961
0.466516
-0.243975
0.0812486
-0.0468296
0.0163655
-0.00859899
32807.3
44977.3
30931.7
28768.1
28700.1
42933.2
43860.3
15261.6
15437.9
15925.4
15851.6
15527.9
17089.2
16050.6
16485.3
14809.9
12509
15380.5
12271.6
15729.4
16029.4
15915.3
15962.8
16001.5
15678.3
15968
15911.8
15827.5
15702.8
15813.2
15701.7
15731.1
14646.6
18522.1
26820.7
27552.9
22047.1
21328.1
27752.8
27727.8
22087.2
22077.2
17313.9
12973.6
16779
12962.4
17304.7
13057
17160.8
13117.6
774.937
622.556
1062.95
1347.58
2290.9
2507.29
21189.5
20215.7
14820.4
9176.05
3257.24
19777
19763.1
13536.1
8140.39
3075.77
22545
1410.6
3693.79
1669.8
4570.49
2995.02
5999.5
17073.2
12680.5
9737.18
8092.81
7505.43
14263
11073.2
9299.66
8389.27
8419.56
0
0
0
0
0
0
0
0
0
0
0
0
0
0
0
0
0
0
0
0
0
0
0
0
0
0
0
0
0
0
0
0
0
0
0
0
0
0
0
0
0
0.76338
-0.294707
0.761877
-0.362921
0.75436
-0.362305
0.736184
-0.350358
0.716177
-0.340294
0.224219
-0.125712
0.471331
-0.246445
0.0817545
-0.0468927
0.0164278
-0.00856302
33261.5
46043.9
32296.3
19641.5
29357.5
24636.3
47579.9
58391.2
32894.8
24116.5
12932.4
24631.3
26367.2
21348.3
20214.7
27173.6
27554.5
21725.5
21968.5
17028.7
12880.9
16459.3
12887
17134
12990.7
17105.2
13092.2
9700.15
3819.43
10292.6
4397.52
9730.21
5053.18
16501.4
16632.8
15990.4
11090.8
5098.29
18293.1
19536.6
14946.5
9943.86
4278.23
18418.6
21429.7
17749.6
20451.7
16181.8
19010.6
14844.2
14054.1
17035.8
15432
17415.3
13857.8
13300
14196.4
14601.7
16029
0
0
0
0
0
0
0
0
0
0
0
0
0
0
0
0
0
0
0
0
0
0
0
0
0
0
0
0
0
0
0
0
0
0
0
0
0
0
0
0
0
0.76219
-0.294127
0.759331
-0.361862
0.749731
-0.359992
0.729596
-0.346968
0.708738
-0.336545
0.22233
-0.124969
0.466524
-0.24399
0.0812522
-0.0468321
0.0163663
-0.0085994
32806.5
44974.4
30927.8
28843.4
28685.6
42874
44019.2
15257.4
15439.5
15926.4
15849.6
15528.3
17089.3
16051.1
16485.5
14805.4
12513.7
15381
12276.4
15729.4
16032.8
15917
15963.7
16003
15678.7
15968.1
15912.3
15827.7
15708.2
15849.1
15702.1
15734.2
14646.4
19058.2
7306.5
1939.51
19057.3
7306.41
1939.45
19529.8
19991.7
26381.8
23573.4
8213.17
5923.51
9836.29
8014.67
537.567
674.084
4648.89
5112.42
9507.24
10272
25100
25865.3
19421.1
501.171
160.908
3750.46
3030.13
7414.36
6312.96
234.019
204.236
209.774
2410.38
1939.35
1695.91
4976.4
4309.88
4067.29
26815.5
26297.6
30010.2
26236
20822.7
21202.9
23362.8
22063.2
127.013
95.2793
1413.69
1128.84
1536.05
1818.05
14889.4
21213.8
8705.47
121.771
191.041
1018.98
967.373
1883.94
2022.79
93.4032
97.6067
114.663
1127.38
1193.53
1204.73
2658.8
3011.24
3110.84
9396.36
9874.31
10584
11086.8
10681.9
9966.04
9952.51
10036.9
10219.1
11436.7
11500
11636.8
11454.4
10716.7
9954.34
9977.8
10020.1
10211.8
19532.9
19994.1
26394.8
23579.1
8044.69
5805.92
9808.98
8005.02
463.559
577.548
4632.8
5098.61
9504.18
10268.6
25100.1
25866.2
19420.5
419.62
82.2766
3758.73
3037.15
7411.77
6312.05
187.009
164.42
175.562
2419.33
1942.78
1696.11
4976.64
4310.54
4067.94
26819.9
26298.9
30024.2
26241.6
20647.4
21150.2
23332.4
22035.2
109.955
80.4214
1405.15
1119.86
1535.09
1817.35
14890
21214.9
8705.38
106.421
183.709
1008.96
958.806
1883.33
2021.91
78.9675
81.1252
95.5391
1118.29
1188.46
1201.23
2657.67
3010.15
3110.09
9346.62
9876.68
10585.5
11087.8
10682.7
9966.63
9953.15
10037.5
10219.6
11412.3
11502.3
11638.2
11455.5
10717.6
9955.05
9978.57
10020.7
10212.4
20959.5
15757.3
2130.49
1507.07
1035.22
605.355
199.044
2135.88
1517.09
1040.92
608.188
199.902
23529.3
25174.5
26026.7
23901.7
25045.5
25684.4
2495.14
1680.32
1129.13
651.988
213.126
2442.12
1668.11
1123.4
649.216
212.297
9734.15
9172.88
8192.57
6821.44
4955.43
26472.7
26493.9
24417.9
24333.8
19510
17937.9
25435
23153.3
21572.1
23510.1
21332.3
19814.2
15437.2
13490
12420.8
20305.9
19536.7
16099.2
14946.6
11554.3
9943.86
5675.22
4278.17
14160.3
10562.9
14774.3
10445.5
6505.95
4000.03
2778.89
2333.29
6415.37
3902.49
2683.52
2283.87
2105.81
1606.3
1104.5
642.004
210.344
2051.92
1574.63
1086.91
633.296
207.734
218.579
244.485
295.815
377.998
492.43
632.057
585.322
858.992
1079.81
1234.61
1314.33
654.588
960.397
1206.98
1379.75
1468.69
791.712
1160.88
1458.09
1666.07
1773.05
1010.99
1480.86
1858.17
2121.7
2257.11
1315.65
1924.01
2410.71
2749.79
2923.85
1686.22
2460.51
3077.05
3505.51
3725.34
1172.06
3096.44
4455.48
5510.98
6240.89
6619.69
23102.7
21247.8
19763.1
17065
14819.8
13536.1
11102.7
8996.64
8140.39
5433.82
3804.36
3075.77
14779.7
10520.7
14974.6
10437.6
20680.3
19850.9
14775.3
13365.2
7535.68
7276.62
18781.3
17719.9
16892.4
12599.1
12419.7
12170.8
7714.76
7910.76
7901.24
6083.52
3622.66
2501.08
2122.48
6273.4
3771.08
2589.71
2210.43
1947.67
1508.44
1048.71
613.931
201.839
1993.68
1537.66
1065.73
622.615
204.493
1073.71
2810.37
3982.67
4850.09
5423.67
5712.45
215.629
235.421
279.837
353.674
458.815
585.099
577.398
847.297
1065.01
1217.6
1296.17
630.206
924.346
1161.31
1327.19
1412.54
748.67
1097.09
1377.07
1572.64
1673.12
945.277
1383.02
1733.32
1977.18
2102.2
1224.31
1786.73
2233.9
2543.63
2701.97
1557.72
2265.27
2822.91
3206.7
3402.26
26026.1
23901.7
25052.7
25687.8
2495.18
1680.37
1129.15
651.997
213.127
2442.19
1668.16
1123.43
649.228
212.299
9734.54
9173.24
8192.89
6821.69
4955.6
20960.2
15757.2
2130.34
1506.99
1035.18
605.336
199.04
2135.72
1517.01
1040.87
608.167
199.896
23526.4
25171.9
43612.9
56109.1
29032.2
31670.2
14412.3
16002.9
1977.75
2105.02
0
0
0
0
0
0
0
0
0
0
0
0
0
0
0
20547.2
19106.3
22912.6
19614.3
22982.9
23839
15285.3
9704.77
15218.1
9635.82
5406.34
3300.48
2346.09
2018.68
5526.26
3369.23
2390.35
2038.54
-1036.92
1237.64
1183.81
433.837
-713.788
1330.4
1211.96
443.46
-169.806
1486.18
1254.51
449.094
399.965
1656.66
1313.72
469.062
525.654
1781.66
1368.28
486.405
140.079
1904
1467.4
516.426
111.77
1846.88
1417.8
498.658
64.0026
1953.92
1502.5
519.889
169.028
2011.57
1545.04
533.483
1856.03
1456.19
1020.35
599.933
197.62
1883.66
1470.8
1027.93
603.572
198.699
2123.52
1531.06
1050.19
613.041
201.419
2120.55
1522.3
1044.5
610.071
200.496
2162.07
1548.32
1059.9
617.987
202.941
2209.69
1573.57
1073.76
624.991
205.091
2031.5
1474.76
1019.79
598.158
196.967
2048.44
1481.51
1022.99
599.633
197.395
2085.76
1493.82
1028.69
602.282
198.162
14494.5
14802.9
15210.6
15445.6
14890.8
11250.7
11738.8
11182.9
11333.8
9279.23
2637.6
639.718
144.879
25.6439
9376.51
2631.55
635.424
143.222
25.1644
9465.94
2627
630.718
141.605
24.8413
9388.74
2580.51
617.122
138.287
24.2325
8923.33
2456.85
589.368
132.425
23.239
7427.1
2143.51
527.57
120.446
21.3243
7844.38
2259.91
551.414
124.915
22.0024
7293.5
2092.96
515.602
118.08
20.9623
7309.24
2082.85
511.87
117.456
20.8256
42896.2
56942.7
24200.5
28420.6
13459.2
15407.5
1562.59
1917.56
790.527
3963.77
2171.59
1366.74
2093.92
3021.06
3737.5
4223.91
4470.31
8587.38
9141.7
8930.11
8751.77
8777.58
5240.79
6614.11
7351.02
7766.38
7987.48
3509.97
4836.58
5751.52
6331.55
6621.13
0
0
0
0
0
0
0
0
0
0
21885
17413.1
21975.9
17636.8
21630.7
23359.9
13979.4
10211.7
14155.5
10057
6518.1
4161.03
2912.04
2423.41
6454.84
4114.02
2878.58
2389.36
1418.33
2674.5
1866.83
628.919
1595.95
2679.25
1863.79
631.157
1842.39
2668.16
1839.15
616.184
1878.5
2622.23
1818
615.488
1339.91
2508.02
1779.66
611.181
276.805
2216.97
1686.69
592.517
466.884
2342.23
1727.57
597.978
108.116
2123.89
1631.47
566.749
175.523
2064.68
1586.83
548.964
2163.99
1650.58
1131.09
655.588
214.472
2155.59
1640.62
1124.56
652.139
213.407
2324.66
1644.59
1113.05
644.422
210.909
2379.98
1658.64
1119.44
647.403
211.778
2292.4
1625.31
1102.82
639.476
209.447
2254.49
1600.4
1088.78
632.536
207.386
2475.24
1701.12
1142.52
659.032
215.338
2476.74
1697.55
1139.98
657.657
214.906
2484.12
1690.58
1135.14
655.089
214.102
15124.2
15137.2
15145.6
14935.3
14206.7
11175.3
11603.4
11137.5
11318.5
9520.81
2691.36
648.236
145.969
25.7386
9483.7
2660.77
640.005
143.709
25.1813
9380.23
2620.63
629.547
141.21
24.7443
9151.51
2544.83
611.024
137.109
24.0331
8665.13
2412.74
581.344
130.887
22.9896
7369.3
2124.79
522.83
119.371
21.1372
7737.07
2229.14
544.472
123.458
21.7596
7262.13
2082.88
512.927
117.448
20.8491
7298.98
2079.67
511.017
117.25
20.7882
246.038
263.447
302.084
364.09
452.529
571.045
723.285
911.843
1138.42
1394.02
1639.38
1798.71
658.585
965.835
1213.24
1386.4
1475.49
704.892
1033.09
1296.94
1481.37
1576.17
807.665
1182.33
1482.66
1692.12
1799.67
972.278
1420.69
1778.59
2027.49
2155.11
1206.24
1757.75
2195.34
2498.65
2654.07
1517.96
2203.1
2742.48
3115.26
3306.54
1914.63
2762.39
3423.14
3879.43
4115.1
2398.74
3431.29
4226.33
4777.95
5067.82
2967.72
4194.05
5125.41
5781.44
6139.04
3589.74
4993.05
6044.33
6807.92
7251.45
4164.49
5693.56
6827.2
7686.22
8226.76
4529.56
6125.89
7304.85
8226.8
8838.41
248.924
272.208
317.13
385.984
481.78
607.705
766.06
957.354
1181.39
1428.3
1660.67
1805.8
666.347
977.327
1227.84
1403.23
1493.49
728.514
1068.14
1341.51
1532.81
1631.23
848.281
1242.73
1559.63
1781.12
1895.01
1031.51
1509.08
1891.65
2158.58
2295.79
1285.64
1876.89
2348.56
2677.1
2846.02
1617.97
2354.35
2938.51
3344.99
3554.49
2032.19
2942.2
3658.72
4157.88
4417.07
2525.19
3627.82
4487.68
5090.42
5408.91
3089.09
4387.06
5387.23
6099.3
6489.15
3688.98
5155.74
6270.48
7087.68
7563.28
4228.07
5801.3
6980.47
7879.31
8444.8
4551.21
6163.4
7358.98
8295.77
8916.95
864.499
3615.47
1433.87
2299.28
3340
4161.36
4730.22
5022.46
8683.94
10557
11626.2
12732.6
13697.1
3754.2
5335.45
6540.2
7374.44
7814.47
43663.8
56134.2
29086.9
31671.6
14421.3
16047.8
1349.69
1436.72
0
0
0
0
0
0
0
0
0
0
0
0
0
0
0
20341.1
19042.5
22878.6
19587
22981.1
23838.1
15283.4
9711.82
15202.2
9632.12
5404.83
3298.72
2345.24
2017.63
5525.58
3368.96
2390.14
2038.35
-1035.72
1236.19
1183.46
433.666
-714.472
1330.47
1211.97
443.488
-170.078
1486.02
1254.42
449.069
399.741
1656.41
1313.57
469.014
525.441
1781.36
1368.1
486.347
139.936
1903.71
1467.22
516.365
111.608
1846.58
1417.61
498.597
63.8887
1953.66
1502.33
519.834
168.929
2011.34
1544.88
533.434
1854.4
1455.34
1019.95
599.748
197.565
1883.56
1470.72
1027.88
603.556
198.698
2123.35
1530.97
1050.14
613.018
201.413
2120.38
1522.21
1044.46
610.049
200.49
2161.9
1548.23
1059.85
617.963
202.935
2209.53
1573.49
1073.71
624.967
205.085
2030.07
1474.26
1019.59
598.078
196.947
2048.44
1481.43
1022.94
599.62
197.397
2085.66
1493.74
1028.65
602.266
198.161
14438.2
14804.7
15211.4
15446.2
14891.3
11251.3
11739.4
11183.5
11334.4
9264.16
2631.85
638.064
144.483
25.5717
9374.83
2630.92
635.204
143.159
25.1522
9465.5
2626.79
630.637
141.579
24.8357
9388.79
2580.47
617.095
138.276
24.2299
8923.57
2456.89
589.367
132.422
23.2381
7427.47
2143.61
527.591
120.45
21.3249
7844.72
2259.99
551.428
124.917
22.0025
7293.88
2093.07
515.627
118.085
20.9632
7309.63
2082.96
511.896
117.462
20.8266
42945.8
56984.9
24244.6
28467
13414.6
15356
1050.43
1292.79
790.489
3963.76
2171.55
1366.7
2093.82
3020.91
3737.31
4223.68
4470.06
8587.3
9141.53
8929.89
8751.55
8777.36
5240.67
6613.93
7350.77
7766.08
7987.15
3509.85
4836.39
5751.27
6331.26
6620.81
0
0
0
0
0
0
0
0
0
0
21912.7
17427.8
21975
17635.1
21627.7
23358.2
13992.4
10224.1
14154.3
10058.8
6524.47
4164.73
2914.6
2424.56
6455.63
4114.34
2878.66
2389.3
1436.52
2677.17
1867.76
629.031
1594.83
2679.73
1864
631.249
1841.94
2668.3
1839.24
616.218
1878.26
2622.24
1818.02
615.496
1339.76
2507.96
1779.63
611.174
276.712
2216.83
1686.61
592.491
466.777
2342.13
1727.52
597.961
108.035
2123.72
1631.36
566.715
175.434
2064.48
1586.7
548.922
2163.82
1650.77
1131.32
655.727
214.516
2155.54
1640.56
1124.53
652.131
213.408
2324.55
1644.52
1113.01
644.406
210.905
2379.89
1658.58
1119.4
647.389
211.775
2292.28
1625.24
1102.78
639.457
209.442
2254.34
1600.31
1088.74
632.514
207.38
2474.17
1701.08
1142.6
659.096
215.362
2476.85
1697.49
1139.96
657.657
214.912
2484.13
1690.54
1135.12
655.086
214.104
15097.2
15139.1
15146.7
14936.1
14207.5
11176
11604.1
11138.2
11319.1
9515.3
2686.94
646.77
145.6
25.67
9483.25
2660.49
639.849
143.657
25.1706
9380.37
2620.63
629.516
141.193
24.7403
9151.88
2544.91
611.033
137.106
24.0319
8665.57
2412.86
581.366
130.89
22.9897
7369.75
2124.92
522.859
119.378
21.1382
7737.53
2229.27
544.5
123.463
21.7603
7262.56
2083
512.956
117.454
20.8502
7299.38
2079.79
511.045
117.256
20.7893
246.023
263.431
302.066
364.069
452.504
571.014
723.249
911.8
1138.37
1393.97
1639.32
1798.65
658.544
965.774
1213.17
1386.31
1475.4
704.848
1033.02
1296.86
1481.27
1576.07
807.616
1182.25
1482.57
1692.02
1799.56
972.22
1420.6
1778.49
2027.36
2154.98
1206.18
1757.65
2195.21
2498.5
2653.91
1517.88
2202.98
2742.32
3115.08
3306.34
1914.53
2762.25
3422.94
3879.21
4114.86
2398.63
3431.11
4226.1
4777.67
5067.53
2967.58
4193.85
5125.13
5781.11
6138.68
3589.59
4992.81
6044.01
6807.53
7251.02
4164.33
5693.3
6826.85
7685.79
8226.27
4529.38
6125.62
7304.48
8226.34
8837.89
248.909
272.191
317.112
385.963
481.755
607.675
766.023
957.31
1181.33
1428.24
1660.61
1805.74
666.306
977.267
1227.76
1403.14
1493.39
728.47
1068.08
1341.43
1532.72
1631.13
848.232
1242.65
1559.54
1781.01
1894.89
1031.45
1509
1891.54
2158.46
2295.66
1285.58
1876.79
2348.43
2676.95
2845.87
1617.89
2354.23
2938.35
3344.81
3554.31
2032.09
2942.05
3658.53
4157.66
4416.84
2525.07
3627.65
4487.45
5090.16
5408.63
3088.95
4386.86
5386.96
6098.99
6488.81
3688.82
5155.5
6270.16
7087.31
7562.87
4227.89
5801.04
6980.12
7878.89
8444.33
4551.03
6163.13
7358.61
8295.32
8916.44
864.459
3615.39
1433.81
2299.17
3339.84
4161.17
4729.99
5022.21
8683.74
10556.7
11625.9
12732.1
13696.7
3754.05
5335.24
6539.93
7374.13
7814.14
23102.5
21247.3
19762.4
17064.6
14819.2
13535.3
11102.1
8996.02
8139.72
5433.34
3803.9
3075.37
14785.6
10524.3
14977.6
10439.7
20680
19850.9
14775.6
13365.5
7535.75
7276.9
18781.4
17720
16892.4
12599.5
12420.1
12171.2
7715.24
7911.29
7901.69
6084.8
3623.14
2501.34
2122.66
6274.39
3771.49
2589.94
2210.6
1947.79
1508.52
1048.76
613.952
201.843
1993.8
1537.75
1065.78
622.637
204.499
1073.76
2810.49
3982.84
4850.33
5423.94
5712.74
215.643
235.436
279.854
353.695
458.841
585.13
577.435
847.352
1065.08
1217.68
1296.25
630.246
924.405
1161.38
1327.28
1412.63
748.717
1097.15
1377.15
1572.74
1673.23
945.333
1383.1
1733.42
1977.3
2102.33
1224.38
1786.83
2234.03
2543.78
2702.13
1557.81
2265.4
2823.07
3206.88
3402.46
26472.9
26493.9
24417.7
24333.7
19509.1
17937.3
25435.1
23153.5
21572.5
23510.2
21332.8
19814.9
15437.3
13490.5
12421.5
20305.9
19536.6
16099.2
14946.5
11554.5
9943.86
5675.38
4278.23
14159
10562.3
14772.5
10444.3
6505.74
3999.93
2778.8
2333.2
6414.77
3902.22
2683.36
2283.74
2105.73
1606.24
1104.46
641.988
210.341
2051.81
1574.56
1086.87
633.276
207.729
218.565
244.47
295.798
377.977
492.404
632.025
585.285
858.937
1079.74
1234.53
1314.24
654.548
960.338
1206.91
1379.67
1468.6
791.666
1160.81
1458
1665.97
1772.94
1010.93
1480.78
1858.07
2121.58
2256.99
1315.58
1923.91
2410.58
2749.65
2923.69
1686.14
2460.38
3076.89
3505.33
3725.15
1172.01
3096.3
4455.29
5510.73
6240.61
6619.39
)
;
    }
    patch2
    {
        type            calculated;
        value           nonuniform List<scalar> 
348
(
9897.15
9896.75
10479.3
6483.85
5375.42
6904.33
11746.1
7218.32
6043.96
7794.79
10478.6
6483.47
5375.12
6903.93
11745.6
7217.97
6043.67
7794.42
19680.6
13298.6
5094.84
4087.06
4532.49
4044.82
4785.29
17315.7
12503.9
10556.4
9670.89
8840.31
7685.08
8784.41
8054.4
6933.38
7312.25
6695.48
17691.8
10137.4
7459
6991
8205.8
7605.42
6409.58
6116.99
5786.04
5261.18
6517.49
6126.97
18917
11894.8
14087.9
9673
8384.48
1412.94
1513.13
1736.46
2095.13
2608.99
3295.86
1498.09
1600.21
1826.92
2187.44
2693.46
3355.16
1348.22
1316.19
1455.24
1434.27
1694.19
1698.69
2080.93
2133.98
2628.16
2742.16
3323.46
3451.85
4166.62
5219.43
6480.41
7986.1
9496.67
10516.7
4175.52
5143.65
6236.52
7381.07
8398.58
9042.83
1430.59
1567.34
1831.14
2237.05
2808.28
3566.17
1516.38
1656.19
1923.89
2330.58
2888.91
3607.87
1365.99
1334.55
1510.1
1491.25
1790.94
1800.18
2228.38
2291.43
2838.97
2967.96
3621.7
3781.07
4515.95
5636.51
6937.42
8419.99
9816.47
10635.5
4483.67
5492.37
6595.43
7702.01
8624.1
9124.32
20001
13489.2
5603.5
4483.43
5096.76
4487.88
5333.51
20891.8
16836.1
13031.7
14098.7
9347.25
11148.7
8309.4
8963.36
7930.22
20152.2
11783.9
8774.63
8022.61
9463.19
8518.02
7024.95
6873.66
6717.35
6020.38
7612.37
7011.53
19899.8
12410
15457.2
10350.7
9187.84
19679.3
13297.7
5094.55
4086.82
4532.24
4044.59
4785.02
17314.3
12503
10555.7
9670.47
8840.08
7684.69
8783.97
8054.07
6933.04
7311.92
6695.15
17690.3
10136.7
7458.59
6990.61
8205.31
7604.96
6409.2
6116.65
5785.74
5260.9
6517.15
6126.64
18915.6
11894
14086.8
9672.37
8383.96
1412.84
1513.04
1736.35
2095
2608.84
3295.66
1498
1600.11
1826.81
2187.31
2693.3
3354.96
1348.13
1316.1
1455.15
1434.18
1694.08
1698.58
2080.8
2133.85
2628
2742
3323.26
3451.65
4166.37
5219.12
6480.02
7985.61
9496.08
10516.1
4175.27
5143.34
6236.15
7380.63
8398.08
9042.3
1430.5
1567.25
1831.03
2236.93
2808.13
3565.99
1516.29
1656.09
1923.78
2330.45
2888.75
3607.67
1365.91
1334.47
1510
1491.16
1790.83
1800.07
2228.25
2291.31
2838.81
2967.8
3621.51
3780.88
4515.71
5636.22
6937.06
8419.55
9815.93
10634.9
4483.44
5492.09
6595.09
7701.59
8623.62
9123.8
19999.7
13488.4
5603.22
4483.2
5096.51
4487.66
5333.25
20891
16835.4
13031.1
14098.2
9346.86
11148.3
8309.04
8962.99
7929.88
20151.3
11783.4
8774.25
8022.24
9462.76
8517.62
7024.6
6873.33
6717.04
6020.09
7612.03
7011.21
19898.7
12409.3
15456.4
10350.2
9187.39
9965.91
5859.6
4652.28
10764.9
6676.37
5448.28
12011.6
7927.07
6729.57
13517.7
9231.62
7960.55
15204.4
10123.9
8665.4
27585
23834.2
26674.7
22713.9
25299.7
21057.7
24046.3
19322.1
22357.2
17605.4
9941.63
5825.39
4615.79
10760.8
6677.56
5449.45
12010.1
7927.18
6730.01
13516.5
9231.4
7960.65
15203.2
10123.6
8665.32
27620.8
23862.3
26668.2
22715.7
25297.5
21057
24045.1
19321.5
22356.4
17604.8
)
;
    }
    patch3
    {
        type            calculated;
        value           uniform 0;
    }
    patch4
    {
        type            calculated;
        value           nonuniform List<scalar> 
384
(
6305.7
12252.8
15176.3
39967.2
51687.5
23587.8
13853.6
5601.3
12040.3
13490.6
34933.9
34422.2
6066.05
12259.6
15163.7
39980.9
51712.3
23588
13879.6
5284.43
11961.5
13514.2
34897.4
34481.4
11149
12631.2
37661.1
38859.5
10941.9
12590.6
37098.5
38733.9
11150
12632.7
37668.1
38864.2
10943
12591.9
37098.1
38736.8
7700.16
7897.09
8343.83
8052.12
2535.7
6436.15
2113.59
4809.05
2948.87
7172.26
2196.7
4953.2
8338.67
8050.2
7701.3
7898.17
4626.54
3435.49
5961.5
4814.66
15191
12809.3
3288.51
3940.16
5124.22
5962.07
6899.92
5874.65
7910.44
6447.08
15761
12929.3
5757.95
6272.75
7178.39
7923.39
4471.83
3332.8
5960
4828.11
15191.9
12810.8
3200.69
3843.24
5138.22
5978.53
6820.64
5794.13
7934.74
6475.98
15765.3
12931.4
5676.12
6182.1
7201.52
7945.59
2945.71
7167.7
2195.87
4951.74
2537.06
6439.14
2114.07
4810.2
47635.1
52445.4
50939
53656.3
47641.2
52450
50945.2
53661.7
9731.38
4218.73
12997.8
6320.14
18422.2
11555.2
6855.73
5124.83
22354.1
37492.8
27304
42621.8
19207.6
35155.1
17819
34526.5
15932.4
6500.85
18327.4
8277.53
22553
13683.6
7629.76
5283.44
23652.8
37848.7
29475.8
43356.1
19839.5
35306.6
17996.1
34564.5
9583.38
4116.99
13012.1
6338.42
18430.1
11564
6859.14
5126.15
22358.3
37495.8
27308.8
42625.5
19210.6
35157.8
17821.4
34529
15825.4
6404.66
18344.7
8301.75
22562.9
13696
7634.63
5285.07
23658.6
37852.6
29481.9
43360.7
19843.5
35309.7
17998.8
34567.3
16070.9
32451.6
20448.7
36949.5
26598.9
41337.9
36983.5
25965.3
44589
28556.4
46637.7
32304.9
47641.8
39759.3
15875.2
32193.3
20466.3
36975.8
26607.9
41348.1
36988.7
25853
44448.4
28572.9
46662.6
32313.6
47651
39765
8303.3
8401.21
8503.64
8457.54
8053.92
7219.16
7457.62
7131.22
7110.57
8795.25
8761.03
8654.1
8416.29
7945.18
7177.48
7394.15
7106.61
7102.34
8292.44
8398.71
8503.07
8457.6
8054.19
7219.53
7457.96
7131.6
7110.96
8792.85
8759.83
8654.12
8416.64
7945.62
7177.92
7394.61
7107.03
7102.75
1419.79
1410.33
1407.49
1369.54
1271.27
1184.87
1204.31
1181.82
1173.71
1463.23
1439.68
1414.81
1357.79
1253.61
1176.78
1191.74
1177.2
1172.19
1410.32
1410.93
1407.55
1369.55
1271.3
1184.93
1204.36
1181.89
1173.77
1454.38
1440.49
1414.99
1357.87
1253.67
1176.85
1191.81
1177.27
1172.25
302.786
298.523
295.302
284.679
263.641
253.708
254.822
254.255
252.333
307.441
301.346
295.254
282.162
260.304
251.807
252.045
253.151
251.969
300.347
298.637
295.311
284.677
263.645
253.719
254.83
254.267
252.347
305.068
301.489
295.286
282.175
260.316
251.821
252.059
253.165
251.983
67.7784
66.5599
65.54
63.007
58.5171
57.2229
57.1139
57.4859
57.0784
68.2898
66.8068
65.3685
62.471
57.8455
56.7833
56.5087
57.223
56.9908
67.2179
66.5779
65.5383
63.0047
58.5169
57.2252
57.1153
57.4886
57.0813
67.7393
66.8294
65.3713
62.4721
57.8475
56.7863
56.5114
57.2261
56.9938
11.9829
11.7347
11.5288
11.0742
10.3069
10.155
10.103
10.2117
10.1309
12.0235
11.742
11.4827
10.9809
10.1952
10.0772
9.99933
10.1642
10.115
11.8838
11.737
11.528
11.0735
10.3067
10.1553
10.1032
10.2121
10.1314
11.9258
11.7449
11.4825
10.9808
10.1954
10.0777
9.99974
10.1647
10.1155
)
;
    }
}


// ************************************************************************* //
