/*--------------------------------*- C++ -*----------------------------------*\
  =========                 |
  \\      /  F ield         | OpenFOAM: The Open Source CFD Toolbox
   \\    /   O peration     | Website:  https://openfoam.org
    \\  /    A nd           | Version:  11
     \\/     M anipulation  |
\*---------------------------------------------------------------------------*/
FoamFile
{
    format      ascii;
    class       volScalarField;
    location    "9";
    object      k;
}
// * * * * * * * * * * * * * * * * * * * * * * * * * * * * * * * * * * * * * //

dimensions      [0 2 -2 0 0 0 0];

internalField   nonuniform List<scalar> 
4000
(
0.00189492
0.00174135
0.00174102
0.00174102
0.00174102
0.00174102
0.00174102
0.00174102
0.00174102
0.00174102
0.00174102
0.00174102
0.00174102
0.00174102
0.00174102
0.00174102
0.00174102
0.00174102
0.00174135
0.00189492
0.00278852
0.00025046
0.000237401
0.0002374
0.0002374
0.0002374
0.0002374
0.0002374
0.0002374
0.0002374
0.0002374
0.0002374
0.0002374
0.0002374
0.0002374
0.0002374
0.0002374
0.000237401
0.000250462
0.00278851
0.00307662
0.000194741
0.000170603
0.000170601
0.000170601
0.000170601
0.000170601
0.000170601
0.000170601
0.000170601
0.000170601
0.000170601
0.000170601
0.000170601
0.000170601
0.000170601
0.000170601
0.000170603
0.000194744
0.0030766
0.00312645
0.000194864
0.000170412
0.00017041
0.00017041
0.00017041
0.00017041
0.00017041
0.00017041
0.00017041
0.00017041
0.00017041
0.00017041
0.00017041
0.00017041
0.00017041
0.00017041
0.000170412
0.000194866
0.00312643
0.00313475
0.000194903
0.000170412
0.00017041
0.00017041
0.00017041
0.00017041
0.00017041
0.00017041
0.00017041
0.00017041
0.00017041
0.00017041
0.00017041
0.00017041
0.00017041
0.00017041
0.000170412
0.000194905
0.00313473
0.00313585
0.000194907
0.000170412
0.00017041
0.00017041
0.00017041
0.00017041
0.00017041
0.00017041
0.00017041
0.00017041
0.00017041
0.00017041
0.00017041
0.00017041
0.00017041
0.00017041
0.000170412
0.00019491
0.00313583
0.00313597
0.000194908
0.000170412
0.00017041
0.00017041
0.00017041
0.00017041
0.00017041
0.00017041
0.00017041
0.00017041
0.00017041
0.00017041
0.00017041
0.00017041
0.00017041
0.00017041
0.000170412
0.00019491
0.00313595
0.00313598
0.000194908
0.000170412
0.00017041
0.00017041
0.00017041
0.00017041
0.00017041
0.00017041
0.00017041
0.00017041
0.00017041
0.00017041
0.00017041
0.00017041
0.00017041
0.00017041
0.000170412
0.00019491
0.00313596
0.00313598
0.000194908
0.000170412
0.00017041
0.00017041
0.00017041
0.00017041
0.00017041
0.00017041
0.00017041
0.00017041
0.00017041
0.00017041
0.00017041
0.00017041
0.00017041
0.00017041
0.000170412
0.00019491
0.00313597
0.00313598
0.000194908
0.000170412
0.00017041
0.00017041
0.00017041
0.00017041
0.00017041
0.00017041
0.00017041
0.00017041
0.00017041
0.00017041
0.00017041
0.00017041
0.00017041
0.00017041
0.000170412
0.00019491
0.00313597
0.00313598
0.000194908
0.000170412
0.00017041
0.00017041
0.00017041
0.00017041
0.00017041
0.00017041
0.00017041
0.00017041
0.00017041
0.00017041
0.00017041
0.00017041
0.00017041
0.00017041
0.000170412
0.00019491
0.00313597
0.00313598
0.000194908
0.000170412
0.00017041
0.00017041
0.00017041
0.00017041
0.00017041
0.00017041
0.00017041
0.00017041
0.00017041
0.00017041
0.00017041
0.00017041
0.00017041
0.00017041
0.000170412
0.00019491
0.00313597
0.00313598
0.000194908
0.000170412
0.00017041
0.00017041
0.00017041
0.00017041
0.00017041
0.00017041
0.00017041
0.00017041
0.00017041
0.00017041
0.00017041
0.00017041
0.00017041
0.00017041
0.000170412
0.00019491
0.00313596
0.00313597
0.000194908
0.000170412
0.00017041
0.00017041
0.00017041
0.00017041
0.00017041
0.00017041
0.00017041
0.00017041
0.00017041
0.00017041
0.00017041
0.00017041
0.00017041
0.00017041
0.000170412
0.00019491
0.00313596
0.00313587
0.000194907
0.000170412
0.00017041
0.00017041
0.00017041
0.00017041
0.00017041
0.00017041
0.00017041
0.00017041
0.00017041
0.00017041
0.00017041
0.00017041
0.00017041
0.00017041
0.000170412
0.00019491
0.00313585
0.00313497
0.000194904
0.000170412
0.00017041
0.00017041
0.00017041
0.00017041
0.00017041
0.00017041
0.00017041
0.00017041
0.00017041
0.00017041
0.00017041
0.00017041
0.00017041
0.00017041
0.000170412
0.000194906
0.00313495
0.0031284
0.000194872
0.000170413
0.00017041
0.00017041
0.00017041
0.00017041
0.00017041
0.00017041
0.00017041
0.00017041
0.00017041
0.00017041
0.00017041
0.00017041
0.00017041
0.00017041
0.000170413
0.000194874
0.00312839
0.00309099
0.000195092
0.000170871
0.000170868
0.000170868
0.000170868
0.000170868
0.000170868
0.000170868
0.000170868
0.000170868
0.000170868
0.000170868
0.000170868
0.000170868
0.000170868
0.000170868
0.000170871
0.000195094
0.00309097
0.00289302
0.000355395
0.000342026
0.000342024
0.000342024
0.000342024
0.000342024
0.000342024
0.000342024
0.000342024
0.000342024
0.000342024
0.000342024
0.000342024
0.000342024
0.000342024
0.000342024
0.000342026
0.000355398
0.00289301
0.002981
0.00456851
0.00457222
0.00457223
0.00457223
0.00457223
0.00457223
0.00457223
0.00457223
0.00457223
0.00457223
0.00457223
0.00457223
0.00457223
0.00457223
0.00457223
0.00457223
0.00457222
0.00456851
0.002981
0.000170411
0.000170411
0.000170411
0.000170411
0.000170411
0.000170411
0.000170411
0.000170411
0.000170411
0.000170411
0.000170411
0.000170411
0.000170411
0.000170411
0.000170411
0.000170411
0.000170411
0.000170411
0.000170411
0.00017041
0.000170411
0.000170411
0.000170411
0.000170411
0.000170411
0.000170411
0.000170411
0.000170411
0.000170411
0.000170411
0.000170411
0.000170411
0.000170411
0.000170411
0.000170411
0.000170411
0.000170411
0.000170411
0.000170411
0.00017041
0.000170411
0.000170411
0.000170411
0.000170411
0.000170411
0.000170411
0.000170411
0.000170411
0.000170411
0.000170411
0.000170411
0.000170411
0.000170411
0.000170411
0.000170411
0.000170411
0.000170411
0.000170411
0.000170411
0.00017041
0.000170411
0.000170411
0.000170411
0.000170411
0.000170411
0.000170411
0.000170411
0.000170411
0.000170411
0.000170411
0.000170411
0.000170411
0.000170411
0.000170411
0.000170411
0.000170411
0.000170411
0.000170411
0.000170411
0.00017041
0.000170411
0.000170411
0.000170411
0.000170411
0.000170411
0.000170411
0.000170411
0.000170411
0.000170411
0.000170411
0.000170411
0.000170411
0.000170411
0.000170411
0.000170411
0.000170411
0.000170411
0.000170411
0.000170411
0.00017041
0.000170411
0.000170411
0.000170411
0.000170411
0.000170411
0.000170411
0.000170411
0.000170411
0.000170411
0.000170411
0.000170411
0.000170411
0.000170411
0.000170411
0.000170411
0.000170411
0.000170411
0.000170411
0.000170411
0.00017041
0.000170411
0.000170411
0.000170411
0.000170411
0.000170411
0.000170411
0.000170411
0.000170411
0.000170411
0.000170411
0.000170411
0.000170411
0.000170411
0.000170411
0.000170411
0.000170411
0.000170411
0.000170411
0.000170411
0.00017041
0.000170411
0.000170411
0.000170411
0.000170411
0.000170411
0.000170411
0.000170411
0.000170411
0.000170411
0.000170411
0.000170411
0.000170411
0.000170411
0.000170411
0.000170411
0.000170411
0.000170411
0.000170411
0.000170411
0.00017041
0.000170411
0.000170411
0.000170411
0.000170411
0.000170411
0.000170411
0.000170411
0.000170411
0.000170411
0.000170411
0.000170411
0.000170411
0.000170411
0.000170411
0.000170411
0.000170411
0.000170411
0.000170411
0.000170411
0.00017041
0.000170411
0.000170411
0.000170411
0.000170411
0.000170411
0.000170411
0.000170411
0.000170411
0.000170411
0.000170411
0.000170411
0.000170411
0.000170411
0.000170411
0.000170411
0.000170411
0.000170411
0.000170411
0.000170411
0.00017041
0.000170411
0.000170411
0.000170411
0.000170411
0.000170411
0.000170411
0.000170411
0.000170411
0.000170411
0.000170411
0.000170411
0.000170411
0.000170411
0.000170411
0.000170411
0.000170411
0.000170411
0.000170411
0.000170411
0.00017041
0.000170411
0.000170411
0.000170411
0.000170411
0.000170411
0.000170411
0.000170411
0.000170411
0.000170411
0.000170411
0.000170411
0.000170411
0.000170411
0.000170411
0.000170411
0.000170411
0.000170411
0.000170411
0.000170411
0.00017041
0.000170411
0.000170411
0.000170411
0.000170411
0.000170411
0.000170411
0.000170411
0.000170411
0.000170411
0.000170411
0.000170411
0.000170411
0.000170411
0.000170411
0.000170411
0.000170411
0.000170411
0.000170411
0.000170411
0.00017041
0.000170411
0.000170411
0.000170411
0.000170411
0.000170411
0.000170411
0.000170411
0.000170411
0.000170411
0.000170411
0.000170411
0.000170411
0.000170411
0.000170411
0.000170411
0.000170411
0.000170411
0.000170411
0.000170411
0.00017041
0.000170411
0.000170411
0.000170411
0.000170411
0.000170411
0.000170411
0.000170411
0.000170411
0.000170411
0.000170411
0.000170411
0.000170411
0.000170411
0.000170411
0.000170411
0.000170411
0.000170411
0.000170411
0.000170411
0.00017041
0.000170411
0.000170411
0.000170411
0.000170411
0.000170411
0.000170411
0.000170411
0.000170411
0.000170411
0.000170411
0.000170411
0.000170411
0.000170411
0.000170411
0.000170411
0.000170411
0.000170411
0.000170411
0.000170411
0.00017041
0.000170411
0.000170411
0.000170411
0.000170411
0.000170411
0.000170411
0.000170411
0.000170411
0.000170411
0.000170411
0.000170411
0.000170411
0.000170411
0.000170411
0.000170411
0.000170411
0.000170411
0.000170411
0.000170411
0.00017041
0.000170411
0.000170411
0.000170411
0.000170411
0.000170411
0.000170411
0.000170411
0.000170411
0.000170411
0.000170411
0.000170411
0.000170411
0.000170411
0.000170411
0.000170411
0.000170411
0.000170411
0.000170411
0.000170411
0.00017041
0.000170411
0.000170411
0.000170411
0.000170411
0.000170411
0.000170411
0.000170411
0.000170411
0.000170411
0.000170411
0.000170411
0.000170411
0.000170411
0.000170411
0.000170411
0.000170411
0.000170411
0.000170411
0.000170411
0.00017041
0.00017041
0.00017041
0.00017041
0.00017041
0.00017041
0.00017041
0.00017041
0.00017041
0.00017041
0.00017041
0.00017041
0.00017041
0.00017041
0.00017041
0.00017041
0.00017041
0.00017041
0.00017041
0.00017041
0.000170409
0.000170411
0.000170411
0.000170411
0.000170411
0.000170411
0.000170411
0.000170411
0.000170411
0.000170411
0.000170411
0.000170411
0.000170411
0.000170411
0.000170411
0.000170411
0.000170411
0.000170411
0.000170411
0.000170411
0.00017041
0.000170411
0.000170411
0.000170411
0.000170411
0.000170411
0.000170411
0.000170411
0.000170411
0.000170411
0.000170411
0.000170411
0.000170411
0.000170411
0.000170411
0.000170411
0.000170411
0.000170411
0.000170411
0.000170411
0.00017041
0.000170411
0.000170411
0.000170411
0.000170411
0.000170411
0.000170411
0.000170411
0.000170411
0.000170411
0.000170411
0.000170411
0.000170411
0.000170411
0.000170411
0.000170411
0.000170411
0.000170411
0.000170411
0.000170411
0.00017041
0.000170411
0.000170411
0.000170411
0.000170411
0.000170411
0.000170411
0.000170411
0.000170411
0.000170411
0.000170411
0.000170411
0.000170411
0.000170411
0.000170411
0.000170411
0.000170411
0.000170411
0.000170411
0.000170411
0.00017041
0.000170411
0.000170411
0.000170411
0.000170411
0.000170411
0.000170411
0.000170411
0.000170411
0.000170411
0.000170411
0.000170411
0.000170411
0.000170411
0.000170411
0.000170411
0.000170411
0.000170411
0.000170411
0.000170411
0.00017041
0.000170411
0.000170411
0.000170411
0.000170411
0.000170411
0.000170411
0.000170411
0.000170411
0.000170411
0.000170411
0.000170411
0.000170411
0.000170411
0.000170411
0.000170411
0.000170411
0.000170411
0.000170411
0.000170411
0.00017041
0.000170411
0.000170411
0.000170411
0.000170411
0.000170411
0.000170411
0.000170411
0.000170411
0.000170411
0.000170411
0.000170411
0.000170411
0.000170411
0.000170411
0.000170411
0.000170411
0.000170411
0.000170411
0.000170411
0.00017041
0.000170411
0.000170411
0.000170411
0.000170411
0.000170411
0.000170411
0.000170411
0.000170411
0.000170411
0.000170411
0.000170411
0.000170411
0.000170411
0.000170411
0.000170411
0.000170411
0.000170411
0.000170411
0.000170411
0.00017041
0.000170411
0.000170411
0.000170411
0.000170411
0.000170411
0.000170411
0.000170411
0.000170411
0.000170411
0.000170411
0.000170411
0.000170411
0.000170411
0.000170411
0.000170411
0.000170411
0.000170411
0.000170411
0.000170411
0.00017041
0.000170411
0.000170411
0.000170411
0.000170411
0.000170411
0.000170411
0.000170411
0.000170411
0.000170411
0.000170411
0.000170411
0.000170411
0.000170411
0.000170411
0.000170411
0.000170411
0.000170411
0.000170411
0.000170411
0.00017041
0.000170411
0.000170411
0.000170411
0.000170411
0.000170411
0.000170411
0.000170411
0.000170411
0.000170411
0.000170411
0.000170411
0.000170411
0.000170411
0.000170411
0.000170411
0.000170411
0.000170411
0.000170411
0.000170411
0.00017041
0.000170411
0.000170411
0.000170411
0.000170411
0.000170411
0.000170411
0.000170411
0.000170411
0.000170411
0.000170411
0.000170411
0.000170411
0.000170411
0.000170411
0.000170411
0.000170411
0.000170411
0.000170411
0.000170411
0.00017041
0.000170411
0.000170411
0.000170411
0.000170411
0.000170411
0.000170411
0.000170411
0.000170411
0.000170411
0.000170411
0.000170411
0.000170411
0.000170411
0.000170411
0.000170411
0.000170411
0.000170411
0.000170411
0.000170411
0.00017041
0.000170411
0.000170411
0.000170411
0.000170411
0.000170411
0.000170411
0.000170411
0.000170411
0.000170411
0.000170411
0.000170411
0.000170411
0.000170411
0.000170411
0.000170411
0.000170411
0.000170411
0.000170411
0.000170411
0.00017041
0.000170411
0.000170411
0.000170411
0.000170411
0.000170411
0.000170411
0.000170411
0.000170411
0.000170411
0.000170411
0.000170411
0.000170411
0.000170411
0.000170411
0.000170411
0.000170411
0.000170411
0.000170411
0.000170411
0.00017041
0.000170411
0.000170411
0.000170411
0.000170411
0.000170411
0.000170411
0.000170411
0.000170411
0.000170411
0.000170411
0.000170411
0.000170411
0.000170411
0.000170411
0.000170411
0.000170411
0.000170411
0.000170411
0.000170411
0.00017041
0.000170411
0.000170411
0.000170411
0.000170411
0.000170411
0.000170411
0.000170411
0.000170411
0.000170411
0.000170411
0.000170411
0.000170411
0.000170411
0.000170411
0.000170411
0.000170411
0.000170411
0.000170411
0.000170411
0.00017041
0.000170411
0.000170411
0.000170411
0.000170411
0.000170411
0.000170411
0.000170411
0.000170411
0.000170411
0.000170411
0.000170411
0.000170411
0.000170411
0.000170411
0.000170411
0.000170411
0.000170411
0.000170411
0.000170411
0.00017041
0.000170411
0.000170411
0.000170411
0.000170411
0.000170411
0.000170411
0.000170411
0.000170411
0.000170411
0.000170411
0.000170411
0.000170411
0.000170411
0.000170411
0.000170411
0.000170411
0.000170411
0.000170411
0.000170411
0.00017041
0.00017041
0.00017041
0.00017041
0.00017041
0.00017041
0.00017041
0.00017041
0.00017041
0.00017041
0.00017041
0.00017041
0.00017041
0.00017041
0.00017041
0.00017041
0.00017041
0.00017041
0.00017041
0.00017041
0.000170409
0.000170411
0.000170411
0.000170411
0.000170411
0.000170411
0.000170411
0.000170411
0.000170411
0.000170411
0.000170411
0.000170411
0.000170411
0.000170411
0.000170411
0.000170411
0.000170411
0.000170411
0.000170411
0.000170411
0.00017041
0.000170411
0.000170411
0.000170411
0.000170411
0.000170411
0.000170411
0.000170411
0.000170411
0.000170411
0.000170411
0.000170411
0.000170411
0.000170411
0.000170411
0.000170411
0.000170411
0.000170411
0.000170411
0.000170411
0.00017041
0.000170411
0.000170411
0.000170411
0.000170411
0.000170411
0.000170411
0.000170411
0.000170411
0.000170411
0.000170411
0.000170411
0.000170411
0.000170411
0.000170411
0.000170411
0.000170411
0.000170411
0.000170411
0.000170411
0.00017041
0.000170411
0.000170411
0.000170411
0.000170411
0.000170411
0.000170411
0.000170411
0.000170411
0.000170411
0.000170411
0.000170411
0.000170411
0.000170411
0.000170411
0.000170411
0.000170411
0.000170411
0.000170411
0.000170411
0.00017041
0.000170411
0.000170411
0.000170411
0.000170411
0.000170411
0.000170411
0.000170411
0.000170411
0.000170411
0.000170411
0.000170411
0.000170411
0.000170411
0.000170411
0.000170411
0.000170411
0.000170411
0.000170411
0.000170411
0.00017041
0.000170411
0.000170411
0.000170411
0.000170411
0.000170411
0.000170411
0.000170411
0.000170411
0.000170411
0.000170411
0.000170411
0.000170411
0.000170411
0.000170411
0.000170411
0.000170411
0.000170411
0.000170411
0.000170411
0.00017041
0.000170411
0.000170411
0.000170411
0.000170411
0.000170411
0.000170411
0.000170411
0.000170411
0.000170411
0.000170411
0.000170411
0.000170411
0.000170411
0.000170411
0.000170411
0.000170411
0.000170411
0.000170411
0.000170411
0.00017041
0.000170411
0.000170411
0.000170411
0.000170411
0.000170411
0.000170411
0.000170411
0.000170411
0.000170411
0.000170411
0.000170411
0.000170411
0.000170411
0.000170411
0.000170411
0.000170411
0.000170411
0.000170411
0.000170411
0.00017041
0.000170411
0.000170411
0.000170411
0.000170411
0.000170411
0.000170411
0.000170411
0.000170411
0.000170411
0.000170411
0.000170411
0.000170411
0.000170411
0.000170411
0.000170411
0.000170411
0.000170411
0.000170411
0.000170411
0.00017041
0.000170411
0.000170411
0.000170411
0.000170411
0.000170411
0.000170411
0.000170411
0.000170411
0.000170411
0.000170411
0.000170411
0.000170411
0.000170411
0.000170411
0.000170411
0.000170411
0.000170411
0.000170411
0.000170411
0.00017041
0.000170411
0.000170411
0.000170411
0.000170411
0.000170411
0.000170411
0.000170411
0.000170411
0.000170411
0.000170411
0.000170411
0.000170411
0.000170411
0.000170411
0.000170411
0.000170411
0.000170411
0.000170411
0.000170411
0.00017041
0.000170411
0.000170411
0.000170411
0.000170411
0.000170411
0.000170411
0.000170411
0.000170411
0.000170411
0.000170411
0.000170411
0.000170411
0.000170411
0.000170411
0.000170411
0.000170411
0.000170411
0.000170411
0.000170411
0.00017041
0.000170411
0.000170411
0.000170411
0.000170411
0.000170411
0.000170411
0.000170411
0.000170411
0.000170411
0.000170411
0.000170411
0.000170411
0.000170411
0.000170411
0.000170411
0.000170411
0.000170411
0.000170411
0.000170411
0.00017041
0.000170411
0.000170411
0.000170411
0.000170411
0.000170411
0.000170411
0.000170411
0.000170411
0.000170411
0.000170411
0.000170411
0.000170411
0.000170411
0.000170411
0.000170411
0.000170411
0.000170411
0.000170411
0.000170411
0.00017041
0.000170411
0.000170411
0.000170411
0.000170411
0.000170411
0.000170411
0.000170411
0.000170411
0.000170411
0.000170411
0.000170411
0.000170411
0.000170411
0.000170411
0.000170411
0.000170411
0.000170411
0.000170411
0.000170411
0.00017041
0.000170411
0.000170411
0.000170411
0.000170411
0.000170411
0.000170411
0.000170411
0.000170411
0.000170411
0.000170411
0.000170411
0.000170411
0.000170411
0.000170411
0.000170411
0.000170411
0.000170411
0.000170411
0.000170411
0.00017041
0.000170411
0.000170411
0.000170411
0.000170411
0.000170411
0.000170411
0.000170411
0.000170411
0.000170411
0.000170411
0.000170411
0.000170411
0.000170411
0.000170411
0.000170411
0.000170411
0.000170411
0.000170411
0.000170411
0.00017041
0.000170411
0.000170411
0.000170411
0.000170411
0.000170411
0.000170411
0.000170411
0.000170411
0.000170411
0.000170411
0.000170411
0.000170411
0.000170411
0.000170411
0.000170411
0.000170411
0.000170411
0.000170411
0.000170411
0.00017041
0.000170411
0.000170411
0.000170411
0.000170411
0.000170411
0.000170411
0.000170411
0.000170411
0.000170411
0.000170411
0.000170411
0.000170411
0.000170411
0.000170411
0.000170411
0.000170411
0.000170411
0.000170411
0.000170411
0.00017041
0.00017041
0.00017041
0.00017041
0.00017041
0.00017041
0.00017041
0.00017041
0.00017041
0.00017041
0.00017041
0.00017041
0.00017041
0.00017041
0.00017041
0.00017041
0.00017041
0.00017041
0.00017041
0.00017041
0.000170409
0.00017041
0.00017041
0.00017041
0.00017041
0.00017041
0.00017041
0.00017041
0.00017041
0.00017041
0.00017041
0.00017041
0.00017041
0.00017041
0.00017041
0.00017041
0.00017041
0.00017041
0.00017041
0.00017041
0.00017041
0.00017041
0.00017041
0.00017041
0.00017041
0.00017041
0.00017041
0.00017041
0.00017041
0.00017041
0.00017041
0.00017041
0.00017041
0.00017041
0.00017041
0.00017041
0.00017041
0.00017041
0.00017041
0.00017041
0.00017041
0.00017041
0.00017041
0.00017041
0.00017041
0.00017041
0.00017041
0.00017041
0.00017041
0.00017041
0.00017041
0.00017041
0.00017041
0.00017041
0.00017041
0.00017041
0.00017041
0.00017041
0.00017041
0.00017041
0.00017041
0.00017041
0.00017041
0.00017041
0.00017041
0.00017041
0.00017041
0.00017041
0.00017041
0.00017041
0.00017041
0.00017041
0.00017041
0.00017041
0.00017041
0.00017041
0.00017041
0.00017041
0.00017041
0.00017041
0.00017041
0.00017041
0.00017041
0.00017041
0.00017041
0.00017041
0.00017041
0.00017041
0.00017041
0.00017041
0.00017041
0.00017041
0.00017041
0.00017041
0.00017041
0.00017041
0.00017041
0.00017041
0.00017041
0.00017041
0.00017041
0.00017041
0.00017041
0.00017041
0.00017041
0.00017041
0.00017041
0.00017041
0.00017041
0.00017041
0.00017041
0.00017041
0.00017041
0.00017041
0.00017041
0.00017041
0.00017041
0.00017041
0.00017041
0.00017041
0.00017041
0.00017041
0.00017041
0.00017041
0.00017041
0.00017041
0.00017041
0.00017041
0.00017041
0.00017041
0.00017041
0.00017041
0.00017041
0.00017041
0.00017041
0.00017041
0.00017041
0.00017041
0.00017041
0.00017041
0.00017041
0.00017041
0.00017041
0.00017041
0.00017041
0.00017041
0.00017041
0.00017041
0.00017041
0.00017041
0.00017041
0.00017041
0.00017041
0.00017041
0.00017041
0.00017041
0.00017041
0.00017041
0.00017041
0.00017041
0.00017041
0.00017041
0.00017041
0.00017041
0.00017041
0.00017041
0.00017041
0.00017041
0.00017041
0.00017041
0.00017041
0.00017041
0.00017041
0.00017041
0.00017041
0.00017041
0.00017041
0.00017041
0.00017041
0.00017041
0.00017041
0.00017041
0.00017041
0.00017041
0.00017041
0.00017041
0.00017041
0.00017041
0.00017041
0.00017041
0.00017041
0.00017041
0.00017041
0.00017041
0.00017041
0.00017041
0.00017041
0.00017041
0.00017041
0.00017041
0.00017041
0.00017041
0.00017041
0.00017041
0.00017041
0.00017041
0.00017041
0.00017041
0.00017041
0.00017041
0.00017041
0.00017041
0.00017041
0.00017041
0.00017041
0.00017041
0.00017041
0.00017041
0.00017041
0.00017041
0.00017041
0.00017041
0.00017041
0.00017041
0.00017041
0.00017041
0.00017041
0.00017041
0.00017041
0.00017041
0.00017041
0.00017041
0.00017041
0.00017041
0.00017041
0.00017041
0.00017041
0.00017041
0.00017041
0.00017041
0.00017041
0.00017041
0.00017041
0.00017041
0.00017041
0.00017041
0.00017041
0.00017041
0.00017041
0.00017041
0.00017041
0.00017041
0.00017041
0.00017041
0.00017041
0.00017041
0.00017041
0.00017041
0.00017041
0.00017041
0.00017041
0.00017041
0.00017041
0.00017041
0.00017041
0.00017041
0.00017041
0.00017041
0.00017041
0.00017041
0.00017041
0.00017041
0.00017041
0.00017041
0.00017041
0.00017041
0.00017041
0.00017041
0.00017041
0.00017041
0.00017041
0.00017041
0.00017041
0.00017041
0.00017041
0.00017041
0.00017041
0.00017041
0.00017041
0.00017041
0.00017041
0.00017041
0.00017041
0.00017041
0.00017041
0.00017041
0.00017041
0.00017041
0.00017041
0.00017041
0.00017041
0.00017041
0.00017041
0.00017041
0.00017041
0.00017041
0.00017041
0.00017041
0.00017041
0.00017041
0.00017041
0.00017041
0.00017041
0.00017041
0.00017041
0.00017041
0.00017041
0.00017041
0.00017041
0.00017041
0.00017041
0.00017041
0.00017041
0.00017041
0.00017041
0.00017041
0.00017041
0.00017041
0.00017041
0.00017041
0.00017041
0.00017041
0.00017041
0.00017041
0.00017041
0.00017041
0.00017041
0.00017041
0.00017041
0.00017041
0.00017041
0.00017041
0.00017041
0.00017041
0.00017041
0.00017041
0.00017041
0.00017041
0.00017041
0.00017041
0.00017041
0.00017041
0.00017041
0.00017041
0.00017041
0.00017041
0.00017041
0.00017041
0.00017041
0.00017041
0.00017041
0.00017041
0.00017041
0.00017041
0.00017041
0.00017041
0.00017041
0.00017041
0.00017041
0.00017041
0.00017041
0.00017041
0.00017041
0.00017041
0.00017041
0.00017041
0.00017041
0.00017041
0.00017041
0.00017041
0.00017041
0.000170409
0.000170409
0.000170409
0.000170409
0.000170409
0.000170409
0.000170409
0.000170409
0.000170409
0.000170409
0.000170409
0.000170409
0.000170409
0.000170409
0.000170409
0.000170409
0.000170409
0.000170409
0.000170409
0.000170409
0.000170409
0.000170409
0.000170409
0.000170409
0.000170409
0.000170409
0.000170409
0.000170409
0.000170409
0.000170409
0.000170409
0.000170409
0.000170409
0.000170409
0.000170409
0.000170409
0.000170409
0.000170409
0.000170409
0.000170409
0.000170409
0.000170409
0.000170409
0.000170409
0.000170409
0.000170409
0.000170409
0.000170409
0.000170409
0.000170409
0.000170409
0.000170409
0.000170409
0.000170409
0.000170409
0.000170409
0.000170409
0.000170409
0.000170409
0.000170409
0.000170409
0.000170409
0.000170409
0.000170409
0.000170409
0.000170409
0.000170409
0.000170409
0.000170409
0.000170409
0.000170409
0.000170409
0.000170409
0.000170409
0.000170409
0.000170409
0.000170409
0.000170409
0.000170409
0.000170409
0.000170409
0.000170409
0.000170409
0.000170409
0.000170409
0.000170409
0.000170409
0.000170409
0.000170409
0.000170409
0.000170409
0.000170409
0.000170409
0.000170409
0.000170409
0.000170409
0.000170409
0.000170409
0.000170409
0.000170409
0.000170409
0.000170409
0.000170409
0.000170409
0.000170409
0.000170409
0.000170409
0.000170409
0.000170409
0.000170409
0.000170409
0.000170409
0.000170409
0.000170409
0.000170409
0.000170409
0.000170409
0.000170409
0.000170409
0.000170409
0.000170409
0.000170409
0.000170409
0.000170409
0.000170409
0.000170409
0.000170409
0.000170409
0.000170409
0.000170409
0.000170409
0.000170409
0.000170409
0.000170409
0.000170409
0.000170409
0.000170409
0.000170409
0.000170409
0.000170409
0.000170409
0.000170409
0.000170409
0.000170409
0.000170409
0.000170409
0.000170409
0.000170409
0.000170409
0.000170409
0.000170409
0.000170409
0.000170409
0.000170409
0.000170409
0.000170409
0.000170409
0.000170409
0.000170409
0.000170409
0.000170409
0.000170409
0.000170409
0.000170409
0.000170409
0.000170409
0.000170409
0.000170409
0.000170409
0.000170409
0.000170409
0.000170409
0.000170409
0.000170409
0.000170409
0.000170409
0.000170409
0.000170409
0.000170409
0.000170409
0.000170409
0.000170409
0.000170409
0.000170409
0.000170409
0.000170409
0.000170409
0.000170409
0.000170409
0.000170409
0.000170409
0.000170409
0.000170409
0.000170409
0.000170409
0.000170409
0.000170409
0.000170409
0.000170409
0.000170409
0.000170409
0.000170409
0.000170409
0.000170409
0.000170409
0.000170409
0.000170409
0.000170409
0.000170409
0.000170409
0.000170409
0.000170409
0.000170409
0.000170409
0.000170409
0.000170409
0.000170409
0.000170409
0.000170409
0.000170409
0.000170409
0.000170409
0.000170409
0.000170409
0.000170409
0.000170409
0.000170409
0.000170409
0.000170409
0.000170409
0.000170409
0.000170409
0.000170409
0.000170409
0.000170409
0.000170409
0.000170409
0.000170409
0.000170409
0.000170409
0.000170409
0.000170409
0.000170409
0.000170409
0.000170409
0.000170409
0.000170409
0.000170409
0.000170409
0.000170409
0.000170409
0.000170409
0.000170409
0.000170409
0.000170409
0.000170409
0.000170409
0.000170409
0.000170409
0.000170409
0.000170409
0.000170409
0.000170409
0.000170409
0.000170409
0.000170409
0.000170409
0.000170409
0.000170409
0.000170409
0.000170409
0.000170409
0.000170409
0.000170409
0.000170409
0.000170409
0.000170409
0.000170409
0.000170409
0.000170409
0.000170409
0.000170409
0.000170409
0.000170409
0.000170409
0.000170409
0.000170409
0.000170409
0.000170409
0.000170409
0.000170409
0.000170409
0.000170409
0.000170409
0.000170409
0.000170409
0.000170409
0.000170409
0.000170409
0.000170409
0.000170409
0.000170409
0.000170409
0.000170409
0.000170409
0.000170409
0.000170409
0.000170409
0.000170409
0.000170409
0.000170409
0.000170409
0.000170409
0.000170409
0.000170409
0.000170409
0.000170409
0.000170409
0.000170409
0.000170409
0.000170409
0.000170409
0.000170409
0.000170409
0.000170409
0.000170409
0.000170409
0.000170409
0.000170409
0.000170409
0.000170409
0.000170409
0.000170409
0.000170409
0.000170409
0.000170409
0.000170409
0.000170409
0.000170409
0.000170409
0.000170409
0.000170409
0.000170409
0.000170409
0.000170409
0.000170409
0.000170409
0.000170409
0.000170409
0.000170409
0.000170409
0.000170409
0.000170409
0.000170409
0.000170409
0.000170409
0.000170409
0.000170409
0.000170409
0.000170409
0.000170409
0.000170409
0.000170409
0.000170409
0.000170409
0.000170409
0.000170409
0.000170409
0.000170409
0.000170409
0.000170409
0.000170409
0.000170409
0.000170409
0.000170409
0.000170409
0.000170409
0.000170409
0.000170409
0.000170409
0.000170409
0.000170409
0.000170409
0.000170409
0.000170409
0.000170409
0.000170409
0.000170409
0.000170409
0.000170409
0.000170409
0.000170409
0.000170409
0.000170409
0.000170409
0.000170409
0.000170409
0.000170409
0.000170409
0.000170409
0.000170409
0.000170409
0.000170409
0.000170409
0.000170409
0.000170409
0.000170409
0.000170409
0.000170409
0.000170409
0.000170409
0.000170409
0.000170409
0.000170409
0.000170409
0.000170409
0.000170409
0.000170409
0.000170409
0.000170409
0.00017041
0.00017041
0.00017041
0.00017041
0.00017041
0.00017041
0.00017041
0.00017041
0.00017041
0.00017041
0.00017041
0.00017041
0.00017041
0.00017041
0.00017041
0.00017041
0.00017041
0.00017041
0.00017041
0.000170409
0.00017041
0.00017041
0.00017041
0.00017041
0.00017041
0.00017041
0.00017041
0.00017041
0.00017041
0.00017041
0.00017041
0.00017041
0.00017041
0.00017041
0.00017041
0.00017041
0.00017041
0.00017041
0.00017041
0.000170409
0.00017041
0.00017041
0.00017041
0.00017041
0.00017041
0.00017041
0.00017041
0.00017041
0.00017041
0.00017041
0.00017041
0.00017041
0.00017041
0.00017041
0.00017041
0.00017041
0.00017041
0.00017041
0.00017041
0.000170409
0.00017041
0.00017041
0.00017041
0.00017041
0.00017041
0.00017041
0.00017041
0.00017041
0.00017041
0.00017041
0.00017041
0.00017041
0.00017041
0.00017041
0.00017041
0.00017041
0.00017041
0.00017041
0.00017041
0.000170409
0.00017041
0.00017041
0.00017041
0.00017041
0.00017041
0.00017041
0.00017041
0.00017041
0.00017041
0.00017041
0.00017041
0.00017041
0.00017041
0.00017041
0.00017041
0.00017041
0.00017041
0.00017041
0.00017041
0.000170409
0.00017041
0.00017041
0.00017041
0.00017041
0.00017041
0.00017041
0.00017041
0.00017041
0.00017041
0.00017041
0.00017041
0.00017041
0.00017041
0.00017041
0.00017041
0.00017041
0.00017041
0.00017041
0.00017041
0.000170409
0.00017041
0.00017041
0.00017041
0.00017041
0.00017041
0.00017041
0.00017041
0.00017041
0.00017041
0.00017041
0.00017041
0.00017041
0.00017041
0.00017041
0.00017041
0.00017041
0.00017041
0.00017041
0.00017041
0.000170409
0.00017041
0.00017041
0.00017041
0.00017041
0.00017041
0.00017041
0.00017041
0.00017041
0.00017041
0.00017041
0.00017041
0.00017041
0.00017041
0.00017041
0.00017041
0.00017041
0.00017041
0.00017041
0.00017041
0.000170409
0.00017041
0.00017041
0.00017041
0.00017041
0.00017041
0.00017041
0.00017041
0.00017041
0.00017041
0.00017041
0.00017041
0.00017041
0.00017041
0.00017041
0.00017041
0.00017041
0.00017041
0.00017041
0.00017041
0.000170409
0.00017041
0.00017041
0.00017041
0.00017041
0.00017041
0.00017041
0.00017041
0.00017041
0.00017041
0.00017041
0.00017041
0.00017041
0.00017041
0.00017041
0.00017041
0.00017041
0.00017041
0.00017041
0.00017041
0.000170409
0.00017041
0.00017041
0.00017041
0.00017041
0.00017041
0.00017041
0.00017041
0.00017041
0.00017041
0.00017041
0.00017041
0.00017041
0.00017041
0.00017041
0.00017041
0.00017041
0.00017041
0.00017041
0.00017041
0.000170409
0.00017041
0.00017041
0.00017041
0.00017041
0.00017041
0.00017041
0.00017041
0.00017041
0.00017041
0.00017041
0.00017041
0.00017041
0.00017041
0.00017041
0.00017041
0.00017041
0.00017041
0.00017041
0.00017041
0.000170409
0.00017041
0.00017041
0.00017041
0.00017041
0.00017041
0.00017041
0.00017041
0.00017041
0.00017041
0.00017041
0.00017041
0.00017041
0.00017041
0.00017041
0.00017041
0.00017041
0.00017041
0.00017041
0.00017041
0.000170409
0.00017041
0.00017041
0.00017041
0.00017041
0.00017041
0.00017041
0.00017041
0.00017041
0.00017041
0.00017041
0.00017041
0.00017041
0.00017041
0.00017041
0.00017041
0.00017041
0.00017041
0.00017041
0.00017041
0.000170409
0.00017041
0.00017041
0.00017041
0.00017041
0.00017041
0.00017041
0.00017041
0.00017041
0.00017041
0.00017041
0.00017041
0.00017041
0.00017041
0.00017041
0.00017041
0.00017041
0.00017041
0.00017041
0.00017041
0.000170409
0.00017041
0.00017041
0.00017041
0.00017041
0.00017041
0.00017041
0.00017041
0.00017041
0.00017041
0.00017041
0.00017041
0.00017041
0.00017041
0.00017041
0.00017041
0.00017041
0.00017041
0.00017041
0.00017041
0.000170409
0.00017041
0.00017041
0.00017041
0.00017041
0.00017041
0.00017041
0.00017041
0.00017041
0.00017041
0.00017041
0.00017041
0.00017041
0.00017041
0.00017041
0.00017041
0.00017041
0.00017041
0.00017041
0.00017041
0.000170409
0.00017041
0.00017041
0.00017041
0.00017041
0.00017041
0.00017041
0.00017041
0.00017041
0.00017041
0.00017041
0.00017041
0.00017041
0.00017041
0.00017041
0.00017041
0.00017041
0.00017041
0.00017041
0.00017041
0.000170409
0.00017041
0.00017041
0.00017041
0.00017041
0.00017041
0.00017041
0.00017041
0.00017041
0.00017041
0.00017041
0.00017041
0.00017041
0.00017041
0.00017041
0.00017041
0.00017041
0.00017041
0.00017041
0.00017041
0.000170409
0.00017041
0.00017041
0.00017041
0.00017041
0.00017041
0.00017041
0.00017041
0.00017041
0.00017041
0.00017041
0.00017041
0.00017041
0.00017041
0.00017041
0.00017041
0.00017041
0.00017041
0.00017041
0.00017041
0.000170409
0.00017041
0.00017041
0.00017041
0.00017041
0.00017041
0.00017041
0.00017041
0.00017041
0.00017041
0.00017041
0.00017041
0.00017041
0.00017041
0.00017041
0.00017041
0.00017041
0.00017041
0.00017041
0.00017041
0.000170409
0.00017041
0.00017041
0.00017041
0.00017041
0.00017041
0.00017041
0.00017041
0.00017041
0.00017041
0.00017041
0.00017041
0.00017041
0.00017041
0.00017041
0.00017041
0.00017041
0.00017041
0.00017041
0.00017041
0.000170409
0.00017041
0.00017041
0.00017041
0.00017041
0.00017041
0.00017041
0.00017041
0.00017041
0.00017041
0.00017041
0.00017041
0.00017041
0.00017041
0.00017041
0.00017041
0.00017041
0.00017041
0.00017041
0.00017041
0.000170409
0.00017041
0.00017041
0.00017041
0.00017041
0.00017041
0.00017041
0.00017041
0.00017041
0.00017041
0.00017041
0.00017041
0.00017041
0.00017041
0.00017041
0.00017041
0.00017041
0.00017041
0.00017041
0.00017041
0.000170409
0.00017041
0.00017041
0.00017041
0.00017041
0.00017041
0.00017041
0.00017041
0.00017041
0.00017041
0.00017041
0.00017041
0.00017041
0.00017041
0.00017041
0.00017041
0.00017041
0.00017041
0.00017041
0.00017041
0.000170409
0.00017041
0.00017041
0.00017041
0.00017041
0.00017041
0.00017041
0.00017041
0.00017041
0.00017041
0.00017041
0.00017041
0.00017041
0.00017041
0.00017041
0.00017041
0.00017041
0.00017041
0.00017041
0.00017041
0.000170409
0.00017041
0.00017041
0.00017041
0.00017041
0.00017041
0.00017041
0.00017041
0.00017041
0.00017041
0.00017041
0.00017041
0.00017041
0.00017041
0.00017041
0.00017041
0.00017041
0.00017041
0.00017041
0.00017041
0.000170409
0.00017041
0.00017041
0.00017041
0.00017041
0.00017041
0.00017041
0.00017041
0.00017041
0.00017041
0.00017041
0.00017041
0.00017041
0.00017041
0.00017041
0.00017041
0.00017041
0.00017041
0.00017041
0.00017041
0.000170409
0.00017041
0.00017041
0.00017041
0.00017041
0.00017041
0.00017041
0.00017041
0.00017041
0.00017041
0.00017041
0.00017041
0.00017041
0.00017041
0.00017041
0.00017041
0.00017041
0.00017041
0.00017041
0.00017041
0.000170409
0.00017041
0.00017041
0.00017041
0.00017041
0.00017041
0.00017041
0.00017041
0.00017041
0.00017041
0.00017041
0.00017041
0.00017041
0.00017041
0.00017041
0.00017041
0.00017041
0.00017041
0.00017041
0.00017041
0.000170409
0.00017041
0.00017041
0.00017041
0.00017041
0.00017041
0.00017041
0.00017041
0.00017041
0.00017041
0.00017041
0.00017041
0.00017041
0.00017041
0.00017041
0.00017041
0.00017041
0.00017041
0.00017041
0.00017041
0.000170409
0.00017041
0.00017041
0.00017041
0.00017041
0.00017041
0.00017041
0.00017041
0.00017041
0.00017041
0.00017041
0.00017041
0.00017041
0.00017041
0.00017041
0.00017041
0.00017041
0.00017041
0.00017041
0.00017041
0.000170409
0.00017041
0.00017041
0.00017041
0.00017041
0.00017041
0.00017041
0.00017041
0.00017041
0.00017041
0.00017041
0.00017041
0.00017041
0.00017041
0.00017041
0.00017041
0.00017041
0.00017041
0.00017041
0.00017041
0.000170409
0.00017041
0.00017041
0.00017041
0.00017041
0.00017041
0.00017041
0.00017041
0.00017041
0.00017041
0.00017041
0.00017041
0.00017041
0.00017041
0.00017041
0.00017041
0.00017041
0.00017041
0.00017041
0.00017041
0.000170409
0.00017041
0.00017041
0.00017041
0.00017041
0.00017041
0.00017041
0.00017041
0.00017041
0.00017041
0.00017041
0.00017041
0.00017041
0.00017041
0.00017041
0.00017041
0.00017041
0.00017041
0.00017041
0.00017041
0.000170409
0.00017041
0.00017041
0.00017041
0.00017041
0.00017041
0.00017041
0.00017041
0.00017041
0.00017041
0.00017041
0.00017041
0.00017041
0.00017041
0.00017041
0.00017041
0.00017041
0.00017041
0.00017041
0.00017041
0.000170409
0.00017041
0.00017041
0.00017041
0.00017041
0.00017041
0.00017041
0.00017041
0.00017041
0.00017041
0.00017041
0.00017041
0.00017041
0.00017041
0.00017041
0.00017041
0.00017041
0.00017041
0.00017041
0.00017041
0.000170409
0.00017041
0.00017041
0.00017041
0.00017041
0.00017041
0.00017041
0.00017041
0.00017041
0.00017041
0.00017041
0.00017041
0.00017041
0.00017041
0.00017041
0.00017041
0.00017041
0.00017041
0.00017041
0.00017041
0.000170409
0.00017041
0.00017041
0.00017041
0.00017041
0.00017041
0.00017041
0.00017041
0.00017041
0.00017041
0.00017041
0.00017041
0.00017041
0.00017041
0.00017041
0.00017041
0.00017041
0.00017041
0.00017041
0.00017041
0.000170409
0.00017041
0.00017041
0.00017041
0.00017041
0.00017041
0.00017041
0.00017041
0.00017041
0.00017041
0.00017041
0.00017041
0.00017041
0.00017041
0.00017041
0.00017041
0.00017041
0.00017041
0.00017041
0.00017041
0.000170409
0.00017041
0.00017041
0.00017041
0.00017041
0.00017041
0.00017041
0.00017041
0.00017041
0.00017041
0.00017041
0.00017041
0.00017041
0.00017041
0.00017041
0.00017041
0.00017041
0.00017041
0.00017041
0.00017041
0.000170409
0.00017041
0.00017041
0.00017041
0.00017041
0.00017041
0.00017041
0.00017041
0.00017041
0.00017041
0.00017041
0.00017041
0.00017041
0.00017041
0.00017041
0.00017041
0.00017041
0.00017041
0.00017041
0.00017041
0.000170409
0.00017041
0.00017041
0.00017041
0.00017041
0.00017041
0.00017041
0.00017041
0.00017041
0.00017041
0.00017041
0.00017041
0.00017041
0.00017041
0.00017041
0.00017041
0.00017041
0.00017041
0.00017041
0.00017041
0.000170409
0.00017041
0.00017041
0.00017041
0.00017041
0.00017041
0.00017041
0.00017041
0.00017041
0.00017041
0.00017041
0.00017041
0.00017041
0.00017041
0.00017041
0.00017041
0.00017041
0.00017041
0.00017041
0.00017041
0.000170409
0.00017041
0.00017041
0.00017041
0.00017041
0.00017041
0.00017041
0.00017041
0.00017041
0.00017041
0.00017041
0.00017041
0.00017041
0.00017041
0.00017041
0.00017041
0.00017041
0.00017041
0.00017041
0.00017041
0.000170409
0.00017041
0.00017041
0.00017041
0.00017041
0.00017041
0.00017041
0.00017041
0.00017041
0.00017041
0.00017041
0.00017041
0.00017041
0.00017041
0.00017041
0.00017041
0.00017041
0.00017041
0.00017041
0.00017041
0.000170409
0.00017041
0.00017041
0.00017041
0.00017041
0.00017041
0.00017041
0.00017041
0.00017041
0.00017041
0.00017041
0.00017041
0.00017041
0.00017041
0.00017041
0.00017041
0.00017041
0.00017041
0.00017041
0.00017041
0.000170409
0.00017041
0.00017041
0.00017041
0.00017041
0.00017041
0.00017041
0.00017041
0.00017041
0.00017041
0.00017041
0.00017041
0.00017041
0.00017041
0.00017041
0.00017041
0.00017041
0.00017041
0.00017041
0.00017041
0.000170409
0.00017041
0.00017041
0.00017041
0.00017041
0.00017041
0.00017041
0.00017041
0.00017041
0.00017041
0.00017041
0.00017041
0.00017041
0.00017041
0.00017041
0.00017041
0.00017041
0.00017041
0.00017041
0.00017041
0.000170409
0.00017041
0.00017041
0.00017041
0.00017041
0.00017041
0.00017041
0.00017041
0.00017041
0.00017041
0.00017041
0.00017041
0.00017041
0.00017041
0.00017041
0.00017041
0.00017041
0.00017041
0.00017041
0.00017041
0.000170409
0.00017041
0.00017041
0.00017041
0.00017041
0.00017041
0.00017041
0.00017041
0.00017041
0.00017041
0.00017041
0.00017041
0.00017041
0.00017041
0.00017041
0.00017041
0.00017041
0.00017041
0.00017041
0.00017041
0.000170409
0.00017041
0.00017041
0.00017041
0.00017041
0.00017041
0.00017041
0.00017041
0.00017041
0.00017041
0.00017041
0.00017041
0.00017041
0.00017041
0.00017041
0.00017041
0.00017041
0.00017041
0.00017041
0.00017041
0.000170409
0.00017041
0.00017041
0.00017041
0.00017041
0.00017041
0.00017041
0.00017041
0.00017041
0.00017041
0.00017041
0.00017041
0.00017041
0.00017041
0.00017041
0.00017041
0.00017041
0.00017041
0.00017041
0.00017041
0.000170409
0.00017041
0.00017041
0.00017041
0.00017041
0.00017041
0.00017041
0.00017041
0.00017041
0.00017041
0.00017041
0.00017041
0.00017041
0.00017041
0.00017041
0.00017041
0.00017041
0.00017041
0.00017041
0.00017041
0.000170409
0.00017041
0.00017041
0.00017041
0.00017041
0.00017041
0.00017041
0.00017041
0.00017041
0.00017041
0.00017041
0.00017041
0.00017041
0.00017041
0.00017041
0.00017041
0.00017041
0.00017041
0.00017041
0.00017041
0.000170409
0.00017041
0.00017041
0.00017041
0.00017041
0.00017041
0.00017041
0.00017041
0.00017041
0.00017041
0.00017041
0.00017041
0.00017041
0.00017041
0.00017041
0.00017041
0.00017041
0.00017041
0.00017041
0.00017041
0.000170409
0.00017041
0.00017041
0.00017041
0.00017041
0.00017041
0.00017041
0.00017041
0.00017041
0.00017041
0.00017041
0.00017041
0.00017041
0.00017041
0.00017041
0.00017041
0.00017041
0.00017041
0.00017041
0.00017041
0.000170409
0.00017041
0.00017041
0.00017041
0.00017041
0.00017041
0.00017041
0.00017041
0.00017041
0.00017041
0.00017041
0.00017041
0.00017041
0.00017041
0.00017041
0.00017041
0.00017041
0.00017041
0.00017041
0.00017041
0.000170409
0.00017041
0.00017041
0.00017041
0.00017041
0.00017041
0.00017041
0.00017041
0.00017041
0.00017041
0.00017041
0.00017041
0.00017041
0.00017041
0.00017041
0.00017041
0.00017041
0.00017041
0.00017041
0.00017041
0.000170409
0.00017041
0.00017041
0.00017041
0.00017041
0.00017041
0.00017041
0.00017041
0.00017041
0.00017041
0.00017041
0.00017041
0.00017041
0.00017041
0.00017041
0.00017041
0.00017041
0.00017041
0.00017041
0.00017041
0.000170409
0.00017041
0.00017041
0.00017041
0.00017041
0.00017041
0.00017041
0.00017041
0.00017041
0.00017041
0.00017041
0.00017041
0.00017041
0.00017041
0.00017041
0.00017041
0.00017041
0.00017041
0.00017041
0.00017041
0.000170409
0.00017041
0.00017041
0.00017041
0.00017041
0.00017041
0.00017041
0.00017041
0.00017041
0.00017041
0.00017041
0.00017041
0.00017041
0.00017041
0.00017041
0.00017041
0.00017041
0.00017041
0.00017041
0.00017041
0.000170409
0.00017041
0.00017041
0.00017041
0.00017041
0.00017041
0.00017041
0.00017041
0.00017041
0.00017041
0.00017041
0.00017041
0.00017041
0.00017041
0.00017041
0.00017041
0.00017041
0.00017041
0.00017041
0.00017041
0.000170409
0.00017041
0.00017041
0.00017041
0.00017041
0.00017041
0.00017041
0.00017041
0.00017041
0.00017041
0.00017041
0.00017041
0.00017041
0.00017041
0.00017041
0.00017041
0.00017041
0.00017041
0.00017041
0.00017041
0.000170409
0.00017041
0.00017041
0.00017041
0.00017041
0.00017041
0.00017041
0.00017041
0.00017041
0.00017041
0.00017041
0.00017041
0.00017041
0.00017041
0.00017041
0.00017041
0.00017041
0.00017041
0.00017041
0.00017041
0.000170409
0.00017041
0.00017041
0.00017041
0.00017041
0.00017041
0.00017041
0.00017041
0.00017041
0.00017041
0.00017041
0.00017041
0.00017041
0.00017041
0.00017041
0.00017041
0.00017041
0.00017041
0.00017041
0.00017041
0.000170409
0.00017041
0.00017041
0.00017041
0.00017041
0.00017041
0.00017041
0.00017041
0.00017041
0.00017041
0.00017041
0.00017041
0.00017041
0.00017041
0.00017041
0.00017041
0.00017041
0.00017041
0.00017041
0.00017041
0.000170409
0.00017041
0.00017041
0.00017041
0.00017041
0.00017041
0.00017041
0.00017041
0.00017041
0.00017041
0.00017041
0.00017041
0.00017041
0.00017041
0.00017041
0.00017041
0.00017041
0.00017041
0.00017041
0.00017041
0.000170409
0.00017041
0.00017041
0.00017041
0.00017041
0.00017041
0.00017041
0.00017041
0.00017041
0.00017041
0.00017041
0.00017041
0.00017041
0.00017041
0.00017041
0.00017041
0.00017041
0.00017041
0.00017041
0.00017041
0.000170409
0.00017041
0.00017041
0.00017041
0.00017041
0.00017041
0.00017041
0.00017041
0.00017041
0.00017041
0.00017041
0.00017041
0.00017041
0.00017041
0.00017041
0.00017041
0.00017041
0.00017041
0.00017041
0.00017041
0.000170409
0.00017041
0.00017041
0.00017041
0.00017041
0.00017041
0.00017041
0.00017041
0.00017041
0.00017041
0.00017041
0.00017041
0.00017041
0.00017041
0.00017041
0.00017041
0.00017041
0.00017041
0.00017041
0.00017041
0.000170409
0.00017041
0.00017041
0.00017041
0.00017041
0.00017041
0.00017041
0.00017041
0.00017041
0.00017041
0.00017041
0.00017041
0.00017041
0.00017041
0.00017041
0.00017041
0.00017041
0.00017041
0.00017041
0.00017041
0.000170409
0.00017041
0.00017041
0.00017041
0.00017041
0.00017041
0.00017041
0.00017041
0.00017041
0.00017041
0.00017041
0.00017041
0.00017041
0.00017041
0.00017041
0.00017041
0.00017041
0.00017041
0.00017041
0.00017041
0.000170409
0.00017041
0.00017041
0.00017041
0.00017041
0.00017041
0.00017041
0.00017041
0.00017041
0.00017041
0.00017041
0.00017041
0.00017041
0.00017041
0.00017041
0.00017041
0.00017041
0.00017041
0.00017041
0.00017041
0.000170409
0.00017041
0.00017041
0.00017041
0.00017041
0.00017041
0.00017041
0.00017041
0.00017041
0.00017041
0.00017041
0.00017041
0.00017041
0.00017041
0.00017041
0.00017041
0.00017041
0.00017041
0.00017041
0.00017041
0.000170409
0.00017041
0.00017041
0.00017041
0.00017041
0.00017041
0.00017041
0.00017041
0.00017041
0.00017041
0.00017041
0.00017041
0.00017041
0.00017041
0.00017041
0.00017041
0.00017041
0.00017041
0.00017041
0.00017041
0.000170409
0.00017041
0.00017041
0.00017041
0.00017041
0.00017041
0.00017041
0.00017041
0.00017041
0.00017041
0.00017041
0.00017041
0.00017041
0.00017041
0.00017041
0.00017041
0.00017041
0.00017041
0.00017041
0.00017041
0.000170409
0.00017041
0.00017041
0.00017041
0.00017041
0.00017041
0.00017041
0.00017041
0.00017041
0.00017041
0.00017041
0.00017041
0.00017041
0.00017041
0.00017041
0.00017041
0.00017041
0.00017041
0.00017041
0.00017041
0.000170409
0.00017041
0.00017041
0.00017041
0.00017041
0.00017041
0.00017041
0.00017041
0.00017041
0.00017041
0.00017041
0.00017041
0.00017041
0.00017041
0.00017041
0.00017041
0.00017041
0.00017041
0.00017041
0.00017041
0.000170409
0.00017041
0.00017041
0.00017041
0.00017041
0.00017041
0.00017041
0.00017041
0.00017041
0.00017041
0.00017041
0.00017041
0.00017041
0.00017041
0.00017041
0.00017041
0.00017041
0.00017041
0.00017041
0.00017041
0.000170409
)
;

boundaryField
{
    movingWall
    {
        type            kqRWallFunction;
        value           nonuniform List<scalar> 
20
(
0.002981
0.00456851
0.00457222
0.00457223
0.00457223
0.00457223
0.00457223
0.00457223
0.00457223
0.00457223
0.00457223
0.00457223
0.00457223
0.00457223
0.00457223
0.00457223
0.00457223
0.00457222
0.00456851
0.002981
)
;
    }
    fixedWalls
    {
        type            kqRWallFunction;
        value           nonuniform List<scalar> 
60
(
0.00189492
0.00278852
0.00307662
0.00312645
0.00313475
0.00313585
0.00313597
0.00313598
0.00313598
0.00313598
0.00313598
0.00313598
0.00313598
0.00313597
0.00313587
0.00313497
0.0031284
0.00309099
0.00289302
0.002981
0.00189492
0.00278851
0.0030766
0.00312643
0.00313473
0.00313583
0.00313595
0.00313596
0.00313597
0.00313597
0.00313597
0.00313597
0.00313596
0.00313596
0.00313585
0.00313495
0.00312839
0.00309097
0.00289301
0.002981
0.00189492
0.00174135
0.00174102
0.00174102
0.00174102
0.00174102
0.00174102
0.00174102
0.00174102
0.00174102
0.00174102
0.00174102
0.00174102
0.00174102
0.00174102
0.00174102
0.00174102
0.00174102
0.00174135
0.00189492
)
;
    }
    frontAndBack
    {
        type            empty;
    }
    defaultFaces
    {
        type            empty;
    }
}


// ************************************************************************* //
