/*--------------------------------*- C++ -*----------------------------------*\
  =========                 |
  \\      /  F ield         | OpenFOAM: The Open Source CFD Toolbox
   \\    /   O peration     | Website:  https://openfoam.org
    \\  /    A nd           | Version:  11
     \\/     M anipulation  |
\*---------------------------------------------------------------------------*/
FoamFile
{
    format      ascii;
    class       volScalarField;
    location    "5.5";
    object      k;
}
// * * * * * * * * * * * * * * * * * * * * * * * * * * * * * * * * * * * * * //

dimensions      [0 2 -2 0 0 0 0];

internalField   nonuniform List<scalar> 
2200
(
0.00027958
0.00027958
0.00027958
0.00027958
0.00027958
0.00027958
0.00027958
0.00027958
0.00027958
0.00027958
0.00027958
0.00027958
0.00027958
0.00027958
0.00027958
0.00027958
0.00027958
0.00027958
0.00027958
0.00027958
0.00027958
0.00027958
0.00027958
0.00027958
0.00027958
0.00027958
0.00027958
0.00027958
0.00027958
0.00027958
0.00027958
0.00027958
0.00027958
0.00027958
0.00027958
0.00027958
0.00027958
0.00027958
0.00027958
0.00027958
0.00027958
0.00027958
0.00027958
0.00027958
0.00027958
0.00027958
0.00027958
0.00027958
0.00027958
0.00027958
0.00027958
0.00027958
0.00027958
0.00027958
0.00027958
0.00027958
0.00027958
0.00027958
0.00027958
0.00027958
0.00027958
0.00027958
0.00027958
0.00027958
0.00027958
0.00027958
0.00027958
0.00027958
0.00027958
0.00027958
0.00027958
0.00027958
0.00027958
0.00027958
0.00027958
0.00027958
0.00027958
0.00027958
0.00027958
0.00027958
0.00027958
0.00027958
0.00027958
0.00027958
0.00027958
0.00027958
0.00027958
0.00027958
0.00027958
0.00027958
0.00027958
0.00027958
0.00027958
0.00027958
0.00027958
0.00027958
0.00027958
0.00027958
0.00027958
0.00027958
0.00027958
0.00027958
0.00027958
0.00027958
0.00027958
0.00027958
0.00027958
0.00027958
0.00027958
0.00027958
0.00027958
0.00027958
0.00027958
0.00027958
0.00027958
0.00027958
0.00027958
0.00027958
0.00027958
0.00027958
0.00027958
0.00027958
0.00027958
0.00027958
0.00027958
0.00027958
0.00027958
0.00027958
0.00027958
0.00027958
0.00027958
0.00027958
0.00027958
0.00027958
0.00027958
0.00027958
0.00027958
0.00027958
0.00027958
0.00027958
0.00027958
0.00027958
0.00027958
0.00027958
0.00027958
0.00027958
0.00027958
0.00027958
0.00027958
0.00027958
0.00027958
0.00027958
0.00027958
0.00027958
0.00027958
0.00027958
0.00027958
0.00027958
0.00027958
0.00027958
0.00027958
0.00027958
0.00027958
0.00027958
0.00027958
0.00027958
0.00027958
0.00027958
0.00027958
0.00027958
0.00027958
0.00027958
0.00027958
0.00027958
0.00027958
0.00027958
0.00027958
0.00027958
0.00027958
0.00027958
0.00027958
0.00027958
0.00027958
0.00027958
0.00027958
0.00027958
0.00027958
0.00027958
0.00027958
0.00027958
0.00027958
0.00027958
0.00027958
0.00027958
0.00027958
0.00027958
0.00027958
0.00027958
0.00027958
0.00027958
0.00027958
0.00027958
0.00027958
0.00027958
0.00027958
0.00027958
0.00027958
0.00027958
0.00027958
0.00027958
0.00027958
0.00027958
0.00027958
0.00027958
0.00027958
0.00027958
0.00027958
0.00027958
0.00027958
0.00027958
0.00027958
0.00027958
0.00027958
0.00027958
0.00027958
0.00027958
0.00027958
0.00027958
0.00027958
0.00027958
0.00027958
0.00027958
0.00027958
0.00027958
0.00027958
0.00027958
0.00027958
0.00027958
0.00027958
0.00027958
0.00027958
0.00027958
0.00027958
0.00027958
0.00027958
0.00027958
0.00027958
0.00027958
0.00027958
0.00027958
0.00027958
0.00027958
0.00027958
0.00027958
0.00027958
0.00027958
0.00027958
0.00027958
0.00027958
0.00027958
0.00027958
0.00027958
0.00027958
0.00027958
0.00027958
0.00027958
0.00027958
0.00027958
0.00027958
0.00027958
0.00027958
0.00027958
0.00027958
0.00027958
0.00027958
0.00027958
0.00027958
0.00027958
0.00027958
0.00027958
0.00027958
0.00027958
0.00027958
0.00027958
0.00027958
0.00027958
0.00027958
0.00027958
0.00027958
0.00027958
0.00027958
0.00027958
0.00027958
0.00027958
0.00027958
0.00027958
0.00027958
0.00027958
0.00027958
0.00027958
0.00027958
0.00027958
0.00027958
0.00027958
0.00027958
0.00027958
0.00027958
0.00027958
0.00027958
0.00027958
0.00027958
0.00027958
0.00027958
0.00027958
0.00027958
0.00027958
0.00027958
0.00027958
0.00027958
0.00027958
0.00027958
0.00027958
0.00027958
0.00027958
0.00027958
0.00027958
0.00027958
0.00027958
0.00027958
0.00027958
0.00027958
0.00027958
0.00027958
0.00027958
0.00027958
0.00027958
0.00027958
0.00027958
0.00027958
0.00027958
0.00027958
0.00027958
0.00027958
0.00027958
0.00027958
0.00027958
0.00027958
0.00027958
0.00027958
0.00027958
0.00027958
0.00027958
0.00027958
0.00027958
0.00027958
0.00027958
0.00027958
0.00027958
0.00027958
0.00027958
0.00027958
0.00027958
0.00027958
0.00027958
0.00027958
0.00027958
0.00027958
0.00027958
0.00027958
0.00027958
0.00027958
0.00027958
0.00027958
0.00027958
0.00027958
0.00027958
0.00027958
0.00027958
0.00027958
0.00027958
0.00027958
0.00027958
0.00027958
0.00027958
0.00027958
0.00027958
0.00027958
0.00027958
0.00027958
0.00027958
0.00027958
0.00027958
0.00027958
0.00027958
0.00027958
0.00027958
0.00027958
0.00027958
0.00027958
0.00027958
0.00027958
0.00027958
0.00027958
0.00027958
0.00027958
0.00027958
0.00027958
0.00027958
0.00027958
0.00027958
0.00027958
0.00027958
0.00027958
0.00027958
0.00027958
0.00027958
0.00027958
0.00027958
0.00027958
0.00027958
0.00027958
0.00027958
0.00027958
0.00027958
0.00027958
0.00027958
0.00027958
0.00027958
0.00027958
0.00027958
0.00027958
0.00027958
0.00027958
0.00027958
0.00027958
0.00027958
0.00027958
0.00027958
0.00027958
0.00027958
0.00027958
0.00027958
0.00027958
0.00027958
0.00027958
0.00027958
0.00027958
0.00027958
0.00027958
0.00027958
0.00027958
0.00027958
0.00027958
0.00027958
0.00027958
0.00027958
0.00027958
0.00027958
0.00027958
0.000279579
0.00027958
0.00027958
0.00027958
0.00027958
0.00027958
0.00027958
0.00027958
0.00027958
0.000279579
0.000279578
0.000279582
0.000279581
0.000279581
0.00027958
0.00027958
0.00027958
0.00027958
0.000279579
0.000279577
0.000279575
0.000279585
0.000279583
0.000279582
0.000279581
0.00027958
0.00027958
0.00027958
0.000279577
0.000279572
0.000279568
0.000279593
0.000279589
0.000279584
0.000279582
0.000279581
0.000279581
0.000279579
0.000279573
0.00027956
0.000279547
0.000279613
0.000279602
0.000279591
0.000279585
0.000279583
0.000279583
0.000279579
0.000279564
0.000279532
0.000279499
0.000279662
0.000279635
0.000279607
0.000279592
0.000279587
0.000279587
0.000279579
0.000279544
0.00027947
0.00027939
0.000279773
0.000279707
0.000279642
0.000279607
0.000279597
0.000279597
0.000279582
0.000279508
0.000279343
0.000279159
0.00028001
0.000279859
0.000279713
0.000279637
0.000279617
0.00027962
0.000279594
0.000279447
0.000279101
0.000278697
0.000280491
0.000280157
0.000279849
0.000279693
0.000279656
0.000279668
0.000279628
0.000279358
0.000278675
0.000277822
0.000281411
0.000280705
0.000280088
0.00027979
0.000279724
0.000279758
0.000279712
0.000279255
0.000277991
0.000276249
0.000283085
0.00028164
0.000280475
0.000279942
0.000279834
0.000279914
0.00027989
0.000279195
0.00027701
0.000273537
0.000285985
0.000283111
0.000281043
0.000280156
0.000279995
0.000280164
0.000280226
0.00027931
0.000275833
0.000268989
0.000290799
0.000285204
0.000281781
0.000280421
0.000280207
0.000280523
0.000280794
0.000279844
0.000274932
0.000261423
0.00029852
0.000287762
0.000282588
0.000280699
0.000280451
0.000280985
0.000281639
0.000281141
0.000275679
0.00024859
0.000303316
0.000291519
0.000284116
0.000281283
0.000280689
0.000281235
0.000282341
0.000283452
0.00028386
0.000280364
0.000299464
0.000293104
0.000286045
0.000282397
0.000280937
0.000280796
0.000281479
0.000282615
0.000283795
0.000283323
0.000291776
0.000291006
0.000286349
0.000283207
0.000281411
0.000280629
0.000280595
0.000281098
0.00028193
0.000282454
0.000281613
0.000285558
0.000284215
0.000282745
0.000281537
0.000280717
0.0002803
0.000280256
0.000280531
0.000280952
0.000270593
0.000277658
0.000279572
0.000280318
0.000280446
0.000280303
0.000280101
0.000279961
0.000279946
0.000280064
0.0002608
0.000269196
0.000273552
0.000276299
0.000277936
0.000278844
0.000279304
0.000279516
0.000279614
0.000279681
0.000254367
0.000262745
0.000268407
0.000272401
0.000275127
0.000276921
0.000278054
0.000278741
0.000279139
0.000279364
0.000252856
0.000260569
0.000266456
0.000270765
0.000273835
0.000275956
0.000277375
0.000278291
0.000278861
0.000279201
0.000256988
0.000263664
0.000268724
0.000272381
0.000274962
0.000276733
0.000277916
0.000278688
0.000279188
0.000279519
0.000267394
0.000271325
0.00027406
0.000276055
0.000277458
0.000278416
0.000279068
0.000279544
0.000279952
0.00028038
0.000277044
0.000276652
0.000277238
0.000277976
0.000278602
0.000279066
0.000279396
0.000279638
0.000279828
0.000279969
0.000278325
0.000278297
0.000278495
0.000278792
0.000279079
0.000279312
0.000279486
0.000279615
0.000279711
0.000279772
0.000279037
0.000279049
0.000279122
0.000279236
0.000279355
0.000279458
0.00027954
0.000279601
0.000279645
0.000279671
0.000279375
0.000279383
0.000279408
0.000279448
0.000279492
0.000279533
0.000279567
0.000279593
0.000279611
0.000279622
0.000279515
0.000279518
0.000279525
0.000279537
0.000279551
0.000279565
0.000279578
0.000279588
0.000279595
0.000279598
0.000279565
0.000279565
0.000279567
0.000279569
0.000279573
0.000279577
0.000279581
0.000279584
0.000279586
0.000279588
0.000279579
0.000279579
0.000279579
0.000279579
0.000279579
0.00027958
0.000279581
0.000279582
0.000279583
0.000279583
0.000279582
0.000279582
0.000279581
0.000279581
0.000279581
0.000279581
0.000279581
0.000279581
0.000279581
0.000279581
0.000279581
0.000279581
0.000279581
0.000279581
0.000279581
0.00027958
0.00027958
0.00027958
0.00027958
0.00027958
0.000279581
0.000279581
0.000279581
0.00027958
0.00027958
0.00027958
0.00027958
0.00027958
0.00027958
0.00027958
0.00027958
0.00027958
0.00027958
0.00027958
0.00027958
0.00027958
0.00027958
0.00027958
0.00027958
0.00027958
0.00027958
0.00027958
0.00027958
0.00027958
0.00027958
0.00027958
0.00027958
0.00027958
0.00027958
0.00027958
0.00027958
0.00027958
0.00027958
0.00027958
0.00027958
0.00027958
0.00027958
0.00027958
0.00027958
0.00027958
0.00027958
0.00027958
0.00027958
0.00027958
0.00027958
0.00027958
0.00027958
0.00027958
0.00027958
0.00027958
0.00027958
0.00027958
0.00027958
0.00027958
0.00027958
0.00027958
0.00027958
0.00027958
0.00027958
0.00027958
0.00027958
0.00027958
0.00027958
0.00027958
0.00027958
0.00027958
0.00027958
0.00027958
0.00027958
0.00027958
0.00027958
0.00027958
0.00027958
0.00027958
0.00027958
0.00027958
0.00027958
0.00027958
0.00027958
0.00027958
0.00027958
0.00027958
0.00027958
0.00027958
0.00027958
0.00027958
0.00027958
0.00027958
0.00027958
0.00027958
0.00027958
0.00027958
0.00027958
0.00027958
0.00027958
0.00027958
0.00027958
0.00027958
0.00027958
0.00027958
0.00027958
0.00027958
0.00027958
0.00027958
0.00027958
0.00027958
0.00027958
0.00027958
0.00027958
0.00027958
0.00027958
0.00027958
0.00027958
0.00027958
0.00027958
0.00027958
0.00027958
0.00027958
0.00027958
0.00027958
0.00027958
0.00027958
0.00027958
0.00027958
0.00027958
0.00027958
0.00027958
0.00027958
0.00027958
0.00027958
0.00027958
0.00027958
0.00027958
0.00027958
0.00027958
0.00027958
0.00027958
0.00027958
0.00027958
0.00027958
0.00027958
0.00027958
0.00027958
0.00027958
0.00027958
0.00027958
0.00027958
0.00027958
0.00027958
0.00027958
0.00027958
0.00027958
0.00027958
0.00027958
0.00027958
0.00027958
0.00027958
0.00027958
0.00027958
0.00027958
0.00027958
0.00027958
0.00027958
0.00027958
0.00027958
0.00027958
0.00027958
0.00027958
0.00027958
0.00027958
0.00027958
0.00027958
0.00027958
0.00027958
0.00027958
0.00027958
0.00027958
0.00027958
0.00027958
0.00027958
0.00027958
0.00027958
0.00027958
0.00027958
0.00027958
0.00027958
0.00027958
0.00027958
0.00027958
0.00027958
0.00027958
0.00027958
0.00027958
0.00027958
0.00027958
0.00027958
0.00027958
0.00027958
0.00027958
0.00027958
0.00027958
0.00027958
0.00027958
0.00027958
0.00027958
0.00027958
0.00027958
0.00027958
0.00027958
0.00027958
0.00027958
0.00027958
0.00027958
0.00027958
0.00027958
0.00027958
0.00027958
0.00027958
0.00027958
0.00027958
0.00027958
0.00027958
0.00027958
0.00027958
0.00027958
0.00027958
0.00027958
0.00027958
0.00027958
0.00027958
0.00027958
0.00027958
0.00027958
0.00027958
0.00027958
0.00027958
0.00027958
0.00027958
0.00027958
0.00027958
0.00027958
0.00027958
0.00027958
0.00027958
0.00027958
0.00027958
0.00027958
0.00027958
0.00027958
0.00027958
0.00027958
0.00027958
0.00027958
0.00027958
0.00027958
0.00027958
0.00027958
0.00027958
0.00027958
0.00027958
0.00027958
0.00027958
0.00027958
0.00027958
0.00027958
0.00027958
0.00027958
0.00027958
0.00027958
0.00027958
0.00027958
0.00027958
0.00027958
0.00027958
0.00027958
0.00027958
0.00027958
0.00027958
0.00027958
0.00027958
0.00027958
0.00027958
0.00027958
0.00027958
0.00027958
0.00027958
0.00027958
0.00027958
0.00027958
0.00027958
0.00027958
0.00027958
0.00027958
0.00027958
0.00027958
0.00027958
0.00027958
0.00027958
0.00027958
0.00027958
0.00027958
0.00027958
0.00027958
0.00027958
0.00027958
0.00027958
0.00027958
0.00027958
0.00027958
0.00027958
0.00027958
0.00027958
0.00027958
0.00027958
0.00027958
0.00027958
0.00027958
0.00027958
0.00027958
0.00027958
0.00027958
0.00027958
0.00027958
0.00027958
0.00027958
0.00027958
0.00027958
0.00027958
0.00027958
0.00027958
0.00027958
0.00027958
0.00027958
0.00027958
0.00027958
0.00027958
0.00027958
0.00027958
0.00027958
0.00027958
0.00027958
0.00027958
0.00027958
0.00027958
0.00027958
0.00027958
0.00027958
0.00027958
0.00027958
0.00027958
0.00027958
0.00027958
0.00027958
0.00027958
0.00027958
0.00027958
0.00027958
0.00027958
0.00027958
0.00027958
0.00027958
0.00027958
0.00027958
0.00027958
0.00027958
0.00027958
0.00027958
0.00027958
0.00027958
0.00027958
0.00027958
0.00027958
0.00027958
0.00027958
0.00027958
0.00027958
0.00027958
0.00027958
0.00027958
0.00027958
0.00027958
0.00027958
0.00027958
0.00027958
0.00027958
0.00027958
0.00027958
0.00027958
0.00027958
0.00027958
0.00027958
0.00027958
0.00027958
0.00027958
0.00027958
0.00027958
0.00027958
0.00027958
0.00027958
0.00027958
0.00027958
0.00027958
0.00027958
0.00027958
0.00027958
0.00027958
0.00027958
0.00027958
0.00027958
0.00027958
0.00027958
0.00027958
0.00027958
0.00027958
0.00027958
0.00027958
0.00027958
0.00027958
0.00027958
0.00027958
0.00027958
0.00027958
0.00027958
0.00027958
0.00027958
0.00027958
0.00027958
0.00027958
0.00027958
0.00027958
0.00027958
0.00027958
0.00027958
0.00027958
0.00027958
0.00027958
0.00027958
0.00027958
0.00027958
0.00027958
0.00027958
0.00027958
0.00027958
0.00027958
0.00027958
0.00027958
0.00027958
0.00027958
0.00027958
0.00027958
0.00027958
0.00027958
0.00027958
0.00027958
0.00027958
0.00027958
0.00027958
0.00027958
0.00027958
0.00027958
0.00027958
0.00027958
0.00027958
0.00027958
0.00027958
0.00027958
0.00027958
0.00027958
0.00027958
0.00027958
0.00027958
0.00027958
0.00027958
0.00027958
0.00027958
0.00027958
0.00027958
0.00027958
0.00027958
0.00027958
0.00027958
0.00027958
0.00027958
0.00027958
0.00027958
0.00027958
0.00027958
0.00027958
0.00027958
0.00027958
0.00027958
0.00027958
0.00027958
0.00027958
0.00027958
0.00027958
0.00027958
0.00027958
0.00027958
0.00027958
0.00027958
0.00027958
0.00027958
0.00027958
0.00027958
0.00027958
0.00027958
0.00027958
0.00027958
0.00027958
0.00027958
0.00027958
0.00027958
0.00027958
0.00027958
0.00027958
0.00027958
0.00027958
0.00027958
0.00027958
0.00027958
0.00027958
0.00027958
0.00027958
0.00027958
0.00027958
0.00027958
0.00027958
0.00027958
0.00027958
0.00027958
0.00027958
0.00027958
0.00027958
0.00027958
0.00027958
0.00027958
0.00027958
0.00027958
0.00027958
0.00027958
0.00027958
0.00027958
0.00027958
0.00027958
0.00027958
0.00027958
0.00027958
0.00027958
0.00027958
0.00027958
0.00027958
0.00027958
0.00027958
0.00027958
0.00027958
0.00027958
0.00027958
0.00027958
0.00027958
0.00027958
0.00027958
0.00027958
0.00027958
0.00027958
0.00027958
0.00027958
0.00027958
0.00027958
0.00027958
0.00027958
0.00027958
0.00027958
0.00027958
0.00027958
0.00027958
0.00027958
0.00027958
0.00027958
0.00027958
0.00027958
0.00027958
0.00027958
0.00027958
0.00027958
0.00027958
0.00027958
0.00027958
0.00027958
0.00027958
0.00027958
0.00027958
0.00027958
0.00027958
0.00027958
0.00027958
0.00027958
0.00027958
0.00027958
0.00027958
0.00027958
0.00027958
0.00027958
0.00027958
0.00027958
0.00027958
0.00027958
0.00027958
0.00027958
0.00027958
0.000280267
0.000280395
0.000280535
0.000280665
0.000280759
0.000280809
0.000280815
0.00028077
0.000280692
0.000280602
0.000280001
0.000280129
0.000280253
0.00028033
0.000280331
0.000280263
0.000280143
0.000279994
0.000279837
0.00027968
0.000279872
0.00027996
0.000280028
0.000280038
0.000279981
0.000279874
0.000279742
0.000279607
0.000279478
0.000279358
0.000279829
0.000279883
0.000279901
0.000279869
0.000279795
0.000279702
0.00027961
0.000279532
0.000279473
0.000279435
0.000279875
0.00027992
0.000279896
0.000279827
0.00027974
0.000279661
0.000279602
0.000279571
0.000279577
0.000279638
0.000280035
0.000280128
0.000280061
0.00027993
0.000279799
0.000279699
0.000279644
0.000279643
0.000279721
0.000279924
0.000280358
0.00028062
0.000280505
0.000280254
0.000280011
0.000279836
0.00027975
0.000279786
0.000280012
0.000280532
0.000280924
0.0002816
0.000281434
0.000280972
0.000280513
0.000280164
0.000279957
0.000279944
0.00028025
0.000281124
0.000281873
0.000283395
0.000283166
0.00028238
0.00028157
0.000280879
0.00028028
0.000279692
0.000279124
0.000279106
0.000282907
0.000286481
0.000286565
0.00028572
0.000284764
0.000283827
0.000282649
0.000280522
0.000276016
0.000266578
0.000280009
0.000279881
0.000279785
0.000279735
0.000279725
0.000279735
0.000279726
0.000279591
0.000279028
0.000277154
0.000279784
0.000279742
0.000279693
0.000279651
0.000279615
0.000279567
0.000279474
0.000279281
0.000278912
0.000278383
0.000279675
0.000279658
0.000279632
0.000279601
0.000279565
0.000279511
0.000279425
0.000279289
0.000279103
0.000278926
0.000279622
0.000279614
0.0002796
0.00027958
0.000279553
0.000279513
0.000279456
0.000279377
0.000279289
0.000279221
0.000279598
0.000279594
0.000279586
0.000279574
0.000279558
0.000279534
0.000279501
0.00027946
0.000279419
0.000279392
0.000279587
0.000279585
0.000279581
0.000279575
0.000279566
0.000279553
0.000279537
0.000279517
0.000279499
0.000279487
0.000279583
0.000279582
0.00027958
0.000279577
0.000279573
0.000279566
0.000279559
0.00027955
0.000279542
0.000279538
0.000279581
0.000279581
0.00027958
0.000279578
0.000279576
0.000279574
0.000279571
0.000279567
0.000279564
0.000279562
0.00027958
0.00027958
0.00027958
0.000279579
0.000279579
0.000279577
0.000279576
0.000279575
0.000279574
0.000279573
0.00027958
0.00027958
0.00027958
0.00027958
0.000279579
0.000279579
0.000279579
0.000279578
0.000279578
0.000279577
0.00027958
0.00027958
0.00027958
0.00027958
0.00027958
0.00027958
0.00027958
0.000279579
0.000279579
0.000279579
0.00027958
0.00027958
0.00027958
0.00027958
0.00027958
0.00027958
0.00027958
0.00027958
0.00027958
0.00027958
0.00027958
0.00027958
0.00027958
0.00027958
0.00027958
0.00027958
0.00027958
0.00027958
0.00027958
0.00027958
0.00027958
0.00027958
0.00027958
0.00027958
0.00027958
0.00027958
0.00027958
0.00027958
0.00027958
0.00027958
0.00027958
0.00027958
0.00027958
0.00027958
0.00027958
0.00027958
0.00027958
0.00027958
0.00027958
0.00027958
0.00027958
0.00027958
0.00027958
0.00027958
0.00027958
0.00027958
0.00027958
0.00027958
0.00027958
0.00027958
0.00027958
0.00027958
0.00027958
0.00027958
0.00027958
0.00027958
0.00027958
0.00027958
0.00027958
0.00027958
0.00027958
0.00027958
0.00027958
0.00027958
0.00027958
0.00027958
0.00027958
0.00027958
0.00027958
0.00027958
0.00027958
0.00027958
0.00027958
0.00027958
0.00027958
0.00027958
0.00027958
0.00027958
0.00027958
0.00027958
0.00027958
0.00027958
0.00027958
0.00027958
0.00027958
0.00027958
0.00027958
0.00027958
0.00027958
0.00027958
0.00027958
0.00027958
0.00027958
0.00027958
0.00027958
0.00027958
0.00027958
0.00027958
0.00027958
0.00027958
0.00027958
0.00027958
0.00027958
0.00027958
0.00027958
0.00027958
0.00027958
0.00027958
0.00027958
0.00027958
0.00027958
0.00027958
0.00027958
0.00027958
0.00027958
0.00027958
0.00027958
0.00027958
0.00027958
0.00027958
0.00027958
0.00027958
0.00027958
0.00027958
0.00027958
0.00027958
0.00027958
0.00027958
0.00027958
0.00027958
0.00027958
0.00027958
0.00027958
0.00027958
0.00027958
0.00027958
0.00027958
0.00027958
0.00027958
0.00027958
0.00027958
0.00027958
0.00027958
0.00027958
0.00027958
0.00027958
0.00027958
0.00027958
0.00027958
0.00027958
0.00027958
0.00027958
0.00027958
0.00027958
0.00027958
0.00027958
0.00027958
0.00027958
0.00027958
0.00027958
0.00027958
0.00027958
0.00027958
0.00027958
0.00027958
0.00027958
0.00027958
0.00027958
0.00027958
0.00027958
0.00027958
0.00027958
0.00027958
0.00027958
0.00027958
0.00027958
0.00027958
0.00027958
0.00027958
0.00027958
0.00027958
0.00027958
0.00027958
0.00027958
0.00027958
0.00027958
0.00027958
0.00027958
0.00027958
0.00027958
0.00027958
0.00027958
0.00027958
0.00027958
0.00027958
0.00027958
0.00027958
0.00027958
0.00027958
0.00027958
0.00027958
0.00027958
0.00027958
0.00027958
0.00027958
0.00027958
0.00027958
0.00027958
0.00027958
0.00027958
0.00027958
0.00027958
0.00027958
0.00027958
0.00027958
0.00027958
0.00027958
0.00027958
0.00027958
0.00027958
0.00027958
0.00027958
0.00027958
0.00027958
0.00027958
0.00027958
0.00027958
0.00027958
0.00027958
0.00027958
0.00027958
0.00027958
0.00027958
0.00027958
0.00027958
0.00027958
0.00027958
0.00027958
0.00027958
0.00027958
0.00027958
0.00027958
0.00027958
0.00027958
0.00027958
0.00027958
0.00027958
0.00027958
0.00027958
0.00027958
0.00027958
0.00027958
0.00027958
0.00027958
0.00027958
0.00027958
0.00027958
0.00027958
0.00027958
0.00027958
0.00027958
0.00027958
0.00027958
0.00027958
0.00027958
0.00027958
0.00027958
0.00027958
0.00027958
0.00027958
0.00027958
0.00027958
0.00027958
0.00027958
0.00027958
0.00027958
0.00027958
0.00027958
0.00027958
0.00027958
0.00027958
0.00027958
0.00027958
0.00027958
0.00027958
0.00027958
0.00027958
0.00027958
0.00027958
0.00027958
0.00027958
0.00027958
0.00027958
0.00027958
0.00027958
0.00027958
0.00027958
0.00027958
0.00027958
0.00027958
0.00027958
0.00027958
0.00027958
0.00027958
0.00027958
0.00027958
0.00027958
0.00027958
0.00027958
0.00027958
0.00027958
0.00027958
0.00027958
0.00027958
0.00027958
0.00027958
0.00027958
0.00027958
0.00027958
0.00027958
0.00027958
0.00027958
0.00027958
0.00027958
0.00027958
0.00027958
0.00027958
0.00027958
0.00027958
0.00027958
0.00027958
0.00027958
0.00027958
0.00027958
0.00027958
0.00027958
0.00027958
0.00027958
0.00027958
0.00027958
0.00027958
0.00027958
0.00027958
0.00027958
0.00027958
0.00027958
0.00027958
0.00027958
0.00027958
0.00027958
0.00027958
0.00027958
0.00027958
0.00027958
0.00027958
0.00027958
0.00027958
0.00027958
0.00027958
0.00027958
0.00027958
0.00027958
0.00027958
0.00027958
0.00027958
0.00027958
0.00027958
0.00027958
0.00027958
0.00027958
0.00027958
0.00027958
0.00027958
0.00027958
0.00027958
0.00027958
0.00027958
0.00027958
0.00027958
0.00027958
0.00027958
0.00027958
0.00027958
0.00027958
0.00027958
0.00027958
0.00027958
0.00027958
0.00027958
0.00027958
0.00027958
0.00027958
0.00027958
0.00027958
0.00027958
0.00027958
0.00027958
0.00027958
0.00027958
0.00027958
0.00027958
0.00027958
0.00027958
0.00027958
0.00027958
0.00027958
0.00027958
0.00027958
0.00027958
0.00027958
0.00027958
0.00027958
0.00027958
0.00027958
0.00027958
0.00027958
0.00027958
0.00027958
0.00027958
0.00027958
0.00027958
0.00027958
0.00027958
0.00027958
0.00027958
0.00027958
0.00027958
0.00027958
0.00027958
0.00027958
0.00027958
0.00027958
0.00027958
0.00027958
0.00027958
0.00027958
0.00027958
0.00027958
0.00027958
0.00027958
0.00027958
0.00027958
0.00027958
0.00027958
0.00027958
0.00027958
0.00027958
0.00027958
0.00027958
0.00027958
0.00027958
0.00027958
0.00027958
0.00027958
0.00027958
0.00027958
0.00027958
0.00027958
0.00027958
0.00027958
0.00027958
0.00027958
0.00027958
0.00027958
0.00027958
0.00027958
0.00027958
0.00027958
0.00027958
0.00027958
0.00027958
0.00027958
0.00027958
0.00027958
0.00027958
0.00027958
0.00027958
0.00027958
0.00027958
0.00027958
0.00027958
0.00027958
0.00027958
0.00027958
0.00027958
0.00027958
0.00027958
0.00027958
0.00027958
0.00027958
0.00027958
0.00027958
0.00027958
0.00027958
0.00027958
0.00027958
0.00027958
0.00027958
0.00027958
0.00027958
0.00027958
0.00027958
0.00027958
0.00027958
0.00027958
0.00027958
0.00027958
0.00027958
0.00027958
0.00027958
0.00027958
0.00027958
0.00027958
0.00027958
0.00027958
0.00027958
0.00027958
0.00027958
0.00027958
0.00027958
0.00027958
0.00027958
0.00027958
0.00027958
0.00027958
0.00027958
0.00027958
0.00027958
0.00027958
0.00027958
0.00027958
0.00027958
0.00027958
0.00027958
0.00027958
0.00027958
0.00027958
0.00027958
0.00027958
0.00027958
0.00027958
0.00027958
0.00027958
0.00027958
0.00027958
0.00027958
0.00027958
0.00027958
0.00027958
0.00027958
0.00027958
0.00027958
0.00027958
0.00027958
0.00027958
0.00027958
0.00027958
0.00027958
0.00027958
0.00027958
0.00027958
0.00027958
0.00027958
0.00027958
0.00027958
0.00027958
0.00027958
0.00027958
0.00027958
0.00027958
0.00027958
0.00027958
0.00027958
0.00027958
0.00027958
0.00027958
0.00027958
0.00027958
0.00027958
0.00027958
0.00027958
0.00027958
0.00027958
0.00027958
0.00027958
0.00027958
0.00027958
0.00027958
0.00027958
0.00027958
)
;

boundaryField
{
    defaultFaces
    {
        type            empty;
    }
}


// ************************************************************************* //
