/*--------------------------------*- C++ -*----------------------------------*\
  =========                 |
  \\      /  F ield         | OpenFOAM: The Open Source CFD Toolbox
   \\    /   O peration     | Website:  https://openfoam.org
    \\  /    A nd           | Version:  11
     \\/     M anipulation  |
\*---------------------------------------------------------------------------*/
FoamFile
{
    format      ascii;
    class       volScalarField;
    location    "0.7";
    object      gradTz;
}
// * * * * * * * * * * * * * * * * * * * * * * * * * * * * * * * * * * * * * //

dimensions      [0 -1 0 1 0 0 0];

internalField   nonuniform List<scalar> 
5712
(
9304.63
30410.3
7467.96
31120.5
5492.63
31807.7
8425.76
47777.4
10311.8
65343.3
10387.7
48350.7
10168.3
40554.5
10587.1
36477.4
6372.28
4099.83
17158.8
10327.8
6101.48
3296.87
18199.7
8972.92
7271.22
5563.12
23182.9
17066.8
5503.8
4256.44
22755.4
17254.9
12984.2
5579.32
11327.8
5168.58
5464.17
12446.1
42599.4
11293.9
15297
4751.68
53556.8
14163.5
13808.5
4244.54
31208.4
9524.61
16002.9
5322.78
27824.8
8727.56
9924.65
4920.55
12809.3
5144.9
10772.4
5782.3
12404.8
4931.87
13106.7
7588.67
10650.6
4818.06
14983.9
5540.84
5047.08
1807.84
16825.1
11949.7
9988.97
7353.22
17038.9
13954.5
9075.82
7671.35
10163.9
7161.22
15227.3
10691.9
6251.28
4559.49
2742.27
2226.03
5531.44
4656.83
2370.78
2322.57
6446.41
4333.07
2945.87
1864.69
9588.39
5396.18
7549.83
8990.31
13778.4
9980.9
11470
15757.4
6040.24
2984.76
4244.58
5002.79
2735.44
1201.09
1616.6
1753.18
14141.7
24989.3
9389.01
27711.9
16181.6
24218.4
11370.6
28620.1
17845.2
21519.3
14257.6
27303.1
17349.2
18351.8
15064.7
15102.8
16230.2
18345.3
19373.7
21235.3
23079.4
32760.2
15026.1
13372.6
12916.7
14921.5
22550.3
29226.5
26282.3
33670.7
32718.4
26707.1
24864.2
32972.5
31787.5
22890.3
22488.1
30531.5
30296.2
13615.7
10988.9
14922.1
13553.3
17545.6
16669
20030.2
20019.7
27401.1
28796.9
12539.4
11441.9
13740.7
14515.2
15478.1
17826.1
18165.9
21700.4
23702.3
28710.3
10970
8558.81
7129.72
8604.51
13155.6
15023.5
8735.93
13171.4
6702.36
8241.51
10490.5
8673.75
1819.92
5468.75
535.882
1678.37
4203.58
8503.78
1161.64
2635.5
1266.78
5064.01
303.481
1533.59
7006.92
6871.21
8211.07
5318.69
11485.3
9347.38
13731.7
9833.41
1997.67
3659
4052.02
2427.3
1874.48
2361.98
2694.37
2001.76
21230.6
13003.2
4187.82
23854.3
13848.7
4556.99
20371.8
12840.6
4413.33
23286.9
13802.9
4544.67
18600.7
11768.3
3903.58
22440.1
13707
4583.01
7870.5
4777.22
1476.62
11351.7
7590.88
2586.98
14542.8
9915.5
3403.74
17534.2
11470.7
3827.36
21995.9
13887.6
4795
8877.37
5511.56
1934.5
11403.2
8297.88
3165.42
14406.8
10540.1
3921.94
17954.7
12602
4554.68
22316.8
14202.3
5081.25
242.586
2029.84
2779.94
4109.5
2546.03
2798.73
6254.88
5821.67
570.9
873.981
608.419
907.725
388.429
1208.62
747.618
1598.89
2785.65
1404.6
3725.72
2221.4
1862.95
3125.49
3241
55.7346
6788.92
984.425
-2909.4
-559.421
1148.86
311.473
351.41
-168.173
8314.22
3277.77
2218.11
1202.66
8470.62
3369.6
2797.74
1495.64
8431.27
3574.26
3874.51
2287.19
2497
1497.94
475.199
532.283
13041.9
11220.9
5880.81
5907.35
15344.2
14030.3
7353.86
7165.73
4667.32
4651.98
10253.3
8151.86
3139.09
3298.81
1238.91
1671.58
4193.03
4092.6
1789.52
2060.3
2336.41
2624.67
802.817
1412.28
3695.62
2081.82
3522.74
1964.17
6148.28
2871.21
5501.74
2843
1850.92
1322.19
2042.69
1140.74
560.66
555.295
1093.63
527.899
9402.22
5504.52
4027.76
3481.99
9457.36
5829.51
4022.78
3480.6
10120.4
6499.88
4084.82
3473.52
14315.5
16955.7
11856.2
7056.82
3154.96
15932
13253.2
11026.7
8030.77
3995.5
14829.6
12134
8734.09
5884.23
2840.89
3745.6
2692.13
2996.95
2752.94
4158.28
2889.67
3146.95
2849.03
4884.44
3384.96
3385.92
3042.69
11878.9
8458.01
9793.09
6612.59
6777.06
5066.52
5428.07
4105.76
3298.27
3210.35
9929.07
8589.39
7829.77
6574.18
5861.51
4949.17
4324.24
3819.14
2523.13
3027.13
6957.77
4703.53
4453.83
2808.73
10038
7623.32
6706.39
5467.75
3194.84
1945.41
4807.07
3396.85
4152.38
1984.58
1167.52
615.904
4849.38
3542.86
1303.44
1098
3208.24
1389.66
971.811
448.904
2142.88
1767.13
1365.79
1802.59
3128.59
2600.23
1783.06
2285.41
2165.15
1215.41
982.641
1221.47
436.282
162.535
-183.417
67.1291
1677.87
705.495
204.767
1690.43
475.85
127.755
1862.66
828.83
251.799
1780.73
528.149
148.026
2093.11
989.85
275.042
1913.49
595.227
152.45
5522.06
3108.61
880.853
4065.65
2133.89
607.682
3184.66
1607.72
475.07
2505.1
1194.64
311.247
2048.61
637.086
132.552
6472.21
3543.86
1113.85
4821.53
2479.96
750.588
3622.46
1816.26
548.5
2742.7
1244.03
344.856
2237.49
622.527
162.611
1079
333.765
83.6157
-2.83318
446.659
142.111
39.7853
4.52369
1119.57
352.14
96.5419
8.6611
538.234
177.803
71.4764
27.3063
1166.75
372.735
123.76
31.5993
828.766
290.157
75.0931
11.5603
499.324
200.962
18.7917
-20.0894
306.723
152.916
48.2835
16.1486
857.005
296.858
66.1153
-21.9327
681.997
229.584
80.0877
-10.8918
1091.32
351.759
107.158
7.68527
925.72
293.802
103.573
-17.241
584.952
221.813
55.3018
-8.3975
453.234
165.362
65.0979
5.41369
305.715
136.071
50.1565
19.4628
227.359
98.4866
46.6266
18.2289
1328.7
405.861
103.116
-16.1624
1223.01
367.873
131.843
-19.0894
1314.97
403.047
104.262
-16.1093
1186.71
355.349
130.827
-19.7103
1272.98
391.546
124.572
1.83506
1116.6
332.018
139.721
-7.79899
1085.27
341.782
135.688
36.385
1214.92
359.796
175.558
-5.12125
923.627
288.01
122.564
10.9082
885.817
250.456
105.791
-3.01671
334.287
89.2597
30.4575
5.15734
933.077
265.263
109.952
-1.85882
356.376
95.9946
34.1797
7.55517
978.282
279.99
120.191
2.40249
377.046
103.019
37.7976
9.91784
896.904
259.024
126.256
7.61006
377.224
104.451
44.9448
13.7382
817.471
244.37
121.148
14.0639
344.075
103.716
52.0062
17.6979
501.092
156.11
58.6518
4.63122
282.309
100.83
41.9502
16.3252
628.415
185.981
81.6773
7.60339
314.95
104.217
48.4563
17.8884
349.709
119.413
44.0802
6.20716
208.615
82.2391
32.3273
14.0661
180.345
75.4683
34.8459
13.7427
122.281
57.8314
26.3367
13.4399
1.17522
0.728112
0.312987
0.122074
0.0559888
0.939285
0.418009
0.169489
0.0652692
0.0298601
3.34027
1.47437
0.585671
0.223881
0.102379
3.40236
1.28312
0.48944
0.185129
0.0845233
5.08719
2.23325
0.887916
0.340891
0.156763
8.82432
3.76893
1.46751
0.560222
0.257701
8.34544
3.88023
1.56293
0.609351
0.284591
10.9429
4.65905
1.84882
0.723617
0.340968
5.16288
2.78812
1.15209
0.450155
0.209472
5.23474
2.56773
1.04256
0.406075
0.189023
4.90524
2.44249
0.983748
0.378955
0.174681
7.00619
2.9598
1.12614
0.424891
0.194265
5.53744
2.98728
1.25559
0.497923
0.234459
6.29587
2.83791
1.14725
0.450247
0.211421
8.62779
3.68199
1.46871
0.57726
0.272858
7.24964
3.01922
1.20154
0.473045
0.223995
-0.0180241
0.50371
0.240711
0.0953545
0.0437969
-0.28224
0.182636
0.093091
0.0370027
0.0169645
1.38282
1.00014
0.416904
0.15993
0.0729118
0.238136
0.370055
0.158625
0.0607563
0.0276024
2.77206
1.45434
0.58307
0.222701
0.101852
2.30386
0.989552
0.369129
0.13668
0.0615774
6.36644
2.61572
0.986884
0.369506
0.167905
4.46246
1.7366
0.634591
0.233947
0.105408
9.35943
3.39773
1.23152
0.454349
0.205223
3030.1
6929.34
3177.75
6918.64
3593.35
6911.31
4187.89
7095.96
4208.4
7118.99
1726.48
2503.46
2784.28
4234.35
906.027
1230.63
235.225
343.346
15817.8
3880.4
924.66
220.426
62.1894
4366.28
1204.49
330.477
79.7805
19.919
15486.9
3777.05
900.963
213.511
60.7904
4454.43
1337.53
340.989
84.0428
23.4445
14531.3
3533.65
842.849
200.179
57.265
4318.6
1288.33
327.581
80.4003
22.528
13004.6
3151
752.945
179.536
51.652
4148.11
1213.11
305.123
74.3824
20.7766
10618.8
2573.89
618.627
148.545
43.083
3839.54
1097.61
274.114
66.6458
18.635
4831.92
1233.61
304.142
74.2901
21.8521
1842.11
535.531
133.087
31.9184
8.94529
7324.4
1837.81
447.889
108.388
31.6527
2728.86
782.925
195.977
47.7333
13.4767
2800.07
722.132
179.35
44.1586
13.0666
1022.74
308.451
76.3166
18.2879
5.17054
946.75
243.674
60.7847
15.0457
4.46675
372.076
104.265
24.1865
7.11985
1.60066
-1139.2
-348.084
5069.64
-1550.47
818.708
876.9
2527.4
3265.81
2069.9
3943.21
3488.9
5398.47
4387.58
5432.02
2226.49
2983.47
2290.53
2722.11
1186.59
1233.74
2014.93
1250.6
615.272
49.7039
-100.727
-114.936
204.494
14249
4860.47
5132.83
3959.83
750.616
733.845
3319.05
-50.3815
249.044
86.7548
-36.3762
7664.93
4208.54
2075.7
1395.93
3350.57
2062.01
764.925
1292.35
-329.659
38.8918
1029.24
894.36
8553.49
3719.72
5374.25
2597.68
3346.18
4857
1519.58
4.11522
1268.55
1239.91
870.762
647.503
493.398
308.714
896.18
648.318
452.403
285.561
112.06
525.564
418.277
299.962
180.005
60.1627
43.357
35.2682
25.7958
15.6867
5.25858
-89.0882
-73.2393
-53.6475
-32.3835
-10.7792
-101.739
-83.7401
-61.4355
-37.1446
-12.3754
177.578
144.238
105.677
64.5392
21.7785
9346.98
6957.81
4958.45
3545.34
2440.64
3639.02
2636.29
1947.77
1283.32
550.944
3717.59
2693.9
1911.37
1216.22
505.181
2794.14
1920.74
1348.67
844.3
308.31
580.228
393.307
297.914
192.828
71.652
644.045
528.597
392.675
244.668
84.9002
2618.3
1967.66
1363.88
825.514
297.583
92.903
157.434
149.24
106.975
40.2588
222.738
189.508
147.36
95.8555
34.274
136.2
153.322
138.405
96.9165
35.6
-43.256
-40.9175
-31.0435
-18.1124
-5.5993
5113.12
3952.86
2874.44
2094.1
1450.82
3081.78
2241.19
1600.96
1014.71
406.681
1739.18
1373.02
990.942
608.028
211.987
1160.37
907.796
648.849
394.099
135.655
2673.07
2019.4
1407.14
846.404
297.03
1730.9
1362.81
976.85
592.465
201.397
640.137
502.9
359.632
217.457
73.8979
1094.47
865.292
618.766
371.931
124.96
-277.065
-214.576
-147.998
-84.9884
-27.3844
31.3452
24.6238
18.776
12.5866
4.64902
865.748
681.513
487.269
294.285
99.8645
758.572
601.763
432.527
261.517
88.3657
5128.78
3333.63
2426.61
1769.83
1176.3
2655.96
1893.33
1305.45
815.707
321.527
3681.86
2712.45
1904.75
1236.2
508.259
1953.4
1459.62
1020.83
633.978
241.598
2708.9
2072.75
1458.86
881.096
304.895
3543.15
2489.43
1752.35
1099.15
402.973
1277.09
1003.2
714.592
429.284
144.624
0.388187
-1.40445
-1.08151
-0.0123055
0.274044
1060.36
832.188
595.478
361.109
123.176
-38771.3
-61766.5
-32379.5
-49846.6
-33706.7
-67708.2
-40117.6
-86137.3
-24963.4
-17489.3
-27216.7
-17514.1
-22601.4
-14843.8
-27102.9
-14908.3
-33078.3
-25753
-46941.6
-34785.6
-28550.1
-23530.7
-39003.5
-30103.7
-22390.1
-23557.7
-18642.5
-18536.8
-22650
-20605.5
-50943.2
-14125
-20157.4
-7787.19
-60898.9
-17152.5
-17909.3
-7104.72
-38847
-12261.2
-20707.1
-8126.91
-35221.3
-10865.4
-18045.1
-7396.28
-22272.3
-8184.85
-17253.5
-7741.96
-19300.6
-7117.33
-17778.1
-8918.17
-15432.8
-6282.6
-19163.7
-6898.86
-6706.57
-2397.58
-14656.3
-10493
-12618.1
-8182.1
-12488.9
-10373.9
-10837.7
-7917.81
-13139.3
-8141.17
-15631.5
-10677.1
-8736.61
-5579.84
-4834.62
-3250.84
-7511.22
-5358.17
-4160.12
-3140.36
-8998.38
-5359.18
-5003.75
-2849.86
-11852.7
-6162.95
-8293.24
-9285.91
-15305.4
-10517.9
-11847
-15854.7
-7962.67
-3646.54
-5003.62
-5312.11
-4271.16
-1753.86
-2337.51
-2044.38
-18529.2
-23332
-10700.6
-26911.7
-19255.9
-22232
-12323.2
-27461.8
-19388.8
-20037.9
-14677.6
-25975.9
-12610.6
-9994.03
-14433.1
-16358.3
-16552.3
-13342
-16144.3
-19533
-21879.1
-31285
-9617.91
-10635.4
-12003
-14583.5
-22042
-22603.2
-15891.6
-29035.8
-22589.5
-20944.3
-15593.2
-28611.6
-22537.2
-18461.2
-14687
-26715
-22384.8
-10834.5
-8661.85
-12249.1
-10070.6
-14168.3
-11942.2
-16196.3
-14199
-24242.1
-22534.6
-9860.79
-8854.44
-11045.6
-10589.7
-12885.7
-13142.8
-15810.5
-16660.4
-21819.4
-23365.2
-9433.11
-7459.36
-6904.94
-8214.22
-10564.9
-13138
-7961.52
-12104.7
-6809.96
-8145.26
-9749.87
-7938.5
-2126.52
-5509.27
-1010.6
-1920.87
-4219.44
-8223.67
-1447.79
-2666.63
-1683.51
-5250.56
-834.448
-1845.84
-7189.95
-6845.07
-8326.91
-5243.51
-11131.3
-8739.2
-13492.5
-9149.89
-2357.14
-3847.11
-4272.5
-2537
-2317.95
-2645.97
-2967.53
-2193.77
-9760.69
-3354.25
-13313.2
-4514
-9978.48
-3519.54
-13630.8
-4857.33
-9920.53
-3464.64
-14318.9
-5424.27
-5352.83
-1663.68
-7086.35
-2628.85
-8493.89
-3219.49
-10532.2
-3903.63
-15189.7
-5934.63
-6342.64
-2139.08
-7251.86
-3252.44
-9157.72
-3996.92
-12051
-5003.99
-16064.9
-6022.55
-8652.05
-7965
-7020.36
-6688.36
-14423.9
-11095.5
-12031.1
-9950.14
-5451.13
-4151.36
-2303.05
-1522.49
-5328.72
-4544.23
-2334.7
-2133.34
-4569.61
-6143.78
-5095.9
-6512
-4840.73
-3778.72
-5199.06
-1943.74
-9692.91
-3422.7
1309.87
-1160.54
-2386.92
-1700.79
-1103.42
-912.108
-2515.49
-1347.49
-1008.76
-481.21
-2806.94
-1480.96
-1593.52
-671.262
-3314.69
-1804.54
-2636.03
-1215.88
-2264.99
-842.095
-714.023
-43.1852
-6767.11
-6881.32
-5565.36
-4919.73
-9453.44
-9253.7
-8054.2
-6675.9
-3648.44
-3514.14
-4805.42
-4961.37
-3794.93
-3143.32
-2128.86
-1814.02
-5506.47
-4335.09
-3151
-2541.98
-2416.11
-2211.57
-1226.02
-1284.15
-2267.58
-1194.18
-2523.62
-1350.72
-2931.95
-1614.6
-3526.95
-1947.96
-1392.4
-751.134
-1550.9
-725.771
-485.352
-143.944
-819.886
-211.772
-3243.47
-3485.52
-2006.32
-2420.83
-3342.07
-3666.96
-2059.7
-2426.93
-3739.61
-3716.72
-2205.46
-2361.6
-4530.64
-7133.94
-3514.88
-2453.59
-1551.94
-10065.7
-6932.44
-5509.74
-4352.41
-2775.45
-8089.28
-6250.03
-4609.71
-3434.38
-1826.74
-3466.96
-2947.49
-3056.15
-4190.52
-3543.6
-2893.45
-3007.73
-4080.29
-3690.47
-3131.01
-2890.57
-3907.37
-9148.45
-6984.83
-7424.56
-5522.63
-5552.6
-4199
-4377.69
-3559.24
-2788.88
-3655.81
-7337.91
-6764.7
-5559.2
-5203.84
-4145.42
-3916.2
-3197.76
-3217.11
-1855.27
-3051.58
-4601.05
-3323.02
-3383.31
-1832.23
-7161.43
-6000.4
-5599.7
-4367.66
-2295.84
-1144.28
-3140.82
-2332.94
-3727.53
-1554.8
-1053.25
-412.333
-4571.58
-3137.58
-1369.19
-966.686
-2754.71
-1001.31
-748.076
-228.759
-1509.28
-1237.52
-1017.45
-1566.37
-2113.07
-1918.3
-1317.63
-2052.74
-1770.37
-922.084
-707.241
-1045.43
-171.514
37.5341
414.053
86.2667
-1973.4
-604.02
-2697.62
-255.973
-2004.87
-693.048
-2684.76
-279.09
-1918.55
-580.288
-2499.25
-205.722
-4074.17
-1141.93
-3253.2
-929.927
-2751.54
-889.713
-2110.74
-523.68
-2376.71
-300.826
-4899.54
-1276.51
-3740.81
-837.249
-2926.1
-671.061
-2356.15
-427.956
-2474.23
-341.979
-546.141
-171.841
-28.0534
26.8903
-211.933
-66.9211
-14.8547
4.89956
-573.633
-176.028
-33.7933
18.4254
-228.394
-66.3239
-33.1076
-13.3092
-625.269
-183.878
-52.9333
-0.96999
-329.482
-78.9778
15.0838
28.9153
-68.6695
11.7503
80.3183
65.1875
139.982
91.0087
66.6149
34.9684
-449.248
-119.343
14.7876
61.9311
-357.37
-76.9144
-8.77317
48.8342
-645.158
-180.015
-35.6557
27.4048
-523.528
-123.863
-28.2991
60.5263
-232.947
-46.0583
27.0452
47.1848
-189.996
-28.2664
2.8603
30.0724
16.834
40.0749
36.3701
21.6532
4.41592
30.4073
20.0703
16.8894
-751.848
-226.952
-38.155
49.1229
-817.716
-224.506
-85.4841
53.4265
-741.986
-219.175
-35.6215
51.1824
-796.569
-215.588
-84.5189
54.0969
-721.629
-205.587
-56.9358
31.3891
-747.543
-198.578
-95.7956
41.585
-548.04
-147.339
-61.2136
0.279923
-804.076
-205.022
-120.569
47.5422
-506.868
-120.061
-49.9691
33.9614
-679.691
-157.824
-75.8533
28.2627
-279.286
-57.6173
-16.2776
3.48183
-659.69
-152.139
-73.2241
29.0894
-274.391
-56.1959
-17.1686
2.31389
-610.156
-138.116
-76.2666
26.4189
-250.978
-50.1264
-15.6763
2.4938
-537.649
-120.732
-83.667
19.8567
-224.029
-43.7242
-19.9345
0.570564
-453.645
-98.0154
-71.0767
14.3638
-158.214
-28.0836
-21.5222
-0.527453
-286.552
-50.3993
-8.0051
25.9277
-77.2077
-1.43206
3.21383
8.73331
-384.476
-78.0527
-35.2498
21.0777
-102.299
-11.3723
-8.8588
4.05312
-154.761
-14.25
9.10632
25.074
-33.6088
12.6502
13.9818
11.9433
0.0349823
27.8314
18.5533
17.304
31.8403
32.5441
19.2717
12.3348
4.64467
0.953793
0.236365
0.0749727
0.0334803
1.74232
0.426255
0.117288
0.0393248
0.0179674
4.74057
1.2264
0.375053
0.135264
0.0637858
2.21297
0.806781
0.289661
0.111939
0.0540975
5.89371
1.72304
0.57765
0.217694
0.104062
7.05064
2.4688
0.930019
0.367714
0.178496
9.0397
3.18311
1.20101
0.47071
0.225848
10.3443
4.1628
1.64176
0.64882
0.309929
8.43189
2.43067
0.844246
0.322493
0.154101
7.14037
2.15561
0.763489
0.293576
0.140528
7.03628
1.91702
0.649951
0.247475
0.118702
5.71463
1.77778
0.666968
0.265614
0.129723
9.29919
2.94339
1.05358
0.403624
0.191749
7.03559
2.48639
0.928338
0.361193
0.172596
8.53735
3.41942
1.3416
0.528734
0.252183
6.93591
2.81818
1.10759
0.436359
0.208075
5.72924
0.922369
0.199431
0.0590556
0.0256715
2.81098
0.3891
0.0781174
0.0225061
0.00971539
5.67042
1.04869
0.275172
0.0935291
0.0433183
2.77556
0.428239
0.103696
0.0344093
0.0158639
5.40911
1.20442
0.367624
0.134646
0.0639843
2.41351
0.560874
0.189587
0.0738042
0.0361077
5.39166
1.51756
0.542821
0.213555
0.104211
2.89974
0.829962
0.313062
0.126588
0.0626216
3.92544
1.51408
0.617661
0.255019
0.126703
-2805.81
-5635.49
-2976.2
-5709.66
-3390.54
-5852.73
-3848.94
-6102.19
-3791.1
-6168.09
-1719.98
-2427.46
-2602.31
-3868.13
-1001.85
-1287.06
-382.929
-459.324
-15468.3
-3819.81
-916.207
-219.699
-62.3013
-4221.21
-1184.45
-327.255
-79.4702
-19.9603
-15140.6
-3717.87
-892.791
-212.841
-60.9035
-4310.01
-1313.8
-337.537
-83.6939
-23.4695
-14199.9
-3479.06
-835.538
-199.618
-57.3786
-4176.47
-1264.42
-324.099
-80.0552
-22.5515
-12722.8
-3107.08
-747.396
-179.186
-51.7728
-4002.26
-1189.05
-301.734
-74.0568
-20.7988
-10442.3
-2548.01
-615.724
-148.49
-43.2106
-3699.77
-1076.07
-271.267
-66.4038
-18.6647
-4840.88
-1235.7
-304.927
-74.5677
-21.953
-1815.33
-531.253
-132.752
-31.9914
-9.00165
-7276.48
-1830.68
-447.466
-108.572
-31.7724
-2645.3
-770.072
-194.39
-47.6422
-13.5162
-2824.09
-726.773
-180.413
-44.4255
-13.1457
-1036.36
-311.581
-77.1833
-18.539
-5.25165
-971.94
-248.328
-61.7741
-15.2724
-4.52909
-406.511
-111.667
-25.8022
-7.49303
-1.70051
-1468.39
-2810.4
-8408.77
-819.859
-8976.33
-3983.63
-8767.14
-4207.38
-15973.3
-8535.28
-17738.1
-9306.65
-26.0868
-80.3833
-127.762
-153.549
-118.096
74.9862
-48.4661
-149.744
-240.438
-292.404
-248.644
-22.1309
-18.7846
-17.6724
-55.9836
-54.0087
-80.441
-82.8401
-69.0206
-81.9797
-38.6439
-78.1048
41.1469
-33.7148
607.361
1394.9
2377.42
1692.11
1478.31
570.176
471.47
1255.63
2154.02
2609.27
2183.65
874.463
-23.2189
-19.3043
-14.3686
-8.82036
-2.96955
-71.5709
-59.5334
-44.3382
-27.2325
-9.17138
-113.655
-94.4415
-70.2637
-43.1214
-14.5162
-136.484
-113.302
-84.2137
-51.643
-17.3775
-105.306
-87.734
-65.4247
-40.2128
-13.546
63.4038
49.6326
34.8571
20.5107
6.76517
-43.0393
-35.6841
-26.4855
-16.2221
-5.45483
-132.974
-110.256
-81.8494
-50.1445
-16.8645
-213.131
-176.35
-130.649
-79.919
-26.8571
-258.519
-213.261
-157.537
-96.1606
-32.2804
-219.289
-180.4
-132.924
-80.9922
-27.1659
-20.7149
-18.1491
-14.1228
-8.92345
-3.04313
-16.7505
-13.9585
-10.4145
-6.40548
-2.15879
-15.7753
-13.163
-9.83442
-6.0554
-2.04207
-49.9325
-41.6229
-31.0671
-19.1147
-6.44346
-48.197
-40.2024
-30.0268
-18.4844
-6.2328
-71.7098
-59.7395
-44.5609
-27.4028
-9.23458
-73.8208
-61.4682
-45.8265
-28.1691
-9.49063
-61.6742
-51.52
-38.53
-23.7391
-8.0074
-72.9742
-60.679
-45.1706
-27.7312
-9.33646
-35.0966
-29.8438
-22.6757
-14.1228
-4.78788
-69.4247
-57.6124
-42.7875
-26.213
-8.81431
34.2726
26.3494
18.1852
10.5709
3.46834
-30.437
-25.6611
-19.301
-11.9107
-4.01521
523.994
420.842
303.588
182.453
60.8664
1191.23
947.966
679.651
407.682
136.237
1991.58
1560.55
1109.14
665.179
224.046
1399.21
1087.85
772.636
464.979
157.073
1250.3
974.325
688.013
408.606
130.716
501.249
398.121
284.752
169.671
52.6158
406.721
326.598
235.547
141.526
47.2019
1075.76
858.403
616.457
369.856
123.455
1825.8
1443.13
1030.06
616.992
206.383
2187.72
1713.53
1216.76
728.33
244.324
1827.51
1426.97
1010.74
604.102
201.874
736.393
578.25
411.975
247.374
82.6619
29.8475
85.1908
134.756
164.229
134.778
-46.3407
54.699
157.398
250.437
304.56
261.685
35.903
21.3669
19.7253
59.4309
57.0685
85.5175
87.7732
76.2966
88.5126
52.2518
78.4455
-3.4962
48.2214
-560.867
-1324.34
-2263.99
-1575.54
-1387.74
-501.24
-453.745
-1228.94
-2107.24
-2546.16
-2115.3
-806.069
26.6437
22.2344
16.6169
10.2357
3.45282
75.9492
63.2792
47.2123
29.0415
9.78905
120.023
99.8861
74.4386
45.7478
15.4127
146.195
121.592
90.56
55.6298
18.7372
120.436
100.609
75.247
46.3656
15.6411
-37.6087
-27.8722
-18.4083
-10.2837
-3.29726
48.7247
40.5576
30.2323
18.5843
6.26209
139.963
116.254
86.4659
53.0575
17.8605
222.274
184.21
136.708
83.7471
28.1668
269.649
222.843
164.933
100.838
33.8815
231.218
190.656
140.829
85.9851
28.8739
33.1737
28.7179
22.1581
13.9428
4.7496
19.0995
15.9654
11.9522
7.37233
2.48872
17.6415
14.7562
11.0543
6.82192
2.30354
53.0671
44.2997
33.1171
20.403
6.88297
50.9779
42.5759
31.8435
19.6256
6.62202
76.3209
63.6719
47.568
29.2904
9.87808
78.3024
65.2908
48.7503
30.0046
10.1165
68.2632
57.1182
42.7944
26.4074
8.91544
78.9039
65.7312
49.0301
30.1518
10.1613
47.4014
40.2784
30.6077
19.0776
6.4725
69.9696
58.3161
43.5092
26.7565
9.01635
-0.451129
2.09765
3.25541
2.73036
1.03729
43.6101
36.8846
27.8717
17.2835
5.84582
-482.508
-386.232
-277.73
-166.533
-55.5
-1128.53
-895.882
-640.911
-383.934
-128.26
-1889.72
-1474.75
-1044.44
-625.116
-210.546
-1286.69
-986.143
-690.809
-411.582
-138.333
-1155.46
-883.141
-610.762
-355.964
-111.508
-423.554
-319.073
-214.899
-120.657
-34.4923
-391.003
-313.582
-225.899
-135.626
-45.2211
-1052.27
-839.123
-602.298
-361.272
-120.591
-1783.75
-1407.7
-1003.32
-600.414
-200.78
-2128.41
-1661.1
-1175.31
-701.652
-235.083
-1759.79
-1364.06
-958.807
-569.51
-189.611
-666.1
-510.799
-354.795
-208.555
-68.7661
-1942.18
-1173.69
-504.305
35.9382
204.969
256.757
-47.8709
-12276.8
-3020.35
-3954.46
-1848.63
-279.429
-3357.23
136.693
1240.37
417.596
-6788.22
-3396.78
-1293.91
-1007.1
-3068.26
-1628.35
-596.019
-1071.98
771.593
261.695
-743.641
-594.42
-8230.07
-3567
-4870.54
-2333.93
-3081.26
-4158.59
-1278.9
246.222
-921.97
-1101.8
-711.737
-496.165
-379.874
-261.373
-796.058
-539.74
-352.456
-212.937
-83.9142
-426.234
-335.081
-237.548
-141.454
-47.1447
34.0268
30.2492
23.8947
15.2874
5.26051
182.642
151.829
112.801
69.0445
23.1911
228.424
189.606
140.73
86.1091
28.9213
-36.2684
-24.8749
-15.4115
-8.4287
-2.7588
-7985.17
-6014.53
-4364.1
-3298.94
-2541.26
-2018.22
-1292.1
-966.23
-700.101
-355.767
-2745.3
-1909.65
-1345.64
-882.333
-401.681
-1204.28
-755.479
-542.694
-363.056
-137.808
-221.306
-166.007
-116.994
-73.0065
-26.7308
-2641.31
-1990.1
-1381.4
-838.251
-303.624
134.38
117.106
86.8488
50.9524
15.8254
1033.74
802.85
562.978
331.809
109.555
369.187
302.012
219.834
131.996
43.6746
-4329.57
-3336.3
-2442.19
-1863.97
-1428.57
-2357.06
-1633.34
-1147.79
-739.6
-318.136
-1040.11
-790.864
-557.673
-342.634
-123.208
-814.177
-619.889
-434.616
-262.859
-91.7331
-2443.73
-1845.54
-1288.98
-779.938
-276.756
-1334.69
-1024.93
-719.924
-432.41
-147.084
-486.943
-372.638
-260.513
-155.599
-52.9186
-898.23
-702.052
-497.259
-297.418
-99.9303
670.693
542.149
392.385
235.565
78.2421
236.522
198.575
147.936
90.1627
30.0431
-611.035
-470.009
-330.309
-198.222
-67.6392
-490.824
-378.551
-266.009
-159.16
-53.9199
-4823.48
-3060.4
-2208.89
-1635.49
-1145.6
-2504.61
-1752.69
-1189.66
-738.946
-294.404
-3178.1
-2269.21
-1554.42
-1012.79
-424.646
-1702.08
-1234.87
-842.574
-519.428
-202.463
-2470.47
-1871.63
-1307.5
-787.791
-273.616
-2920.83
-1959.37
-1354.38
-855.636
-322.659
-1062.52
-824.307
-581.073
-347.242
-117.052
223.233
188.236
140.955
86.3378
28.8833
-748.286
-569.493
-397.782
-238.876
-81.9468
-16.2681
-39.3038
-66.2253
-114.99
-205.654
-348.427
-28246.7
-25087.4
-23281.6
-26423.3
-20958.4
-16744.6
-18404.2
-14077.8
-25392.8
-22934.5
-23483.4
-22641.2
-20778.1
-17892.1
-22055
-23738.6
-21366.5
-19109
-21427.2
-18120.4
-15377
-15742.7
-12660.5
-23236.7
-21383.9
-21513.9
-20217.6
-18799.7
-17448.7
-18555.6
-19123.1
-17625.9
-15411.7
-16801
-15410.7
-13338.3
-13333.7
-11392
-19850.5
-18892.7
-18542.7
-17726.3
-16263.7
-14989.7
-16108.3
-13801.4
-13034.1
-11119.6
-11784.7
-11760.2
-10591.5
-10076.7
-9082.32
-14876.1
-15290.5
-14075.2
-14489.6
-12663.7
-11520.3
-12986.7
-9016.36
-8638.11
-7251.8
-7574.18
-7985.88
-7252.64
-6727.64
-6144.1
-9997.69
-10176.8
-9556.51
-9621.51
-8760.71
-7962.87
-8781.68
-3279.48
-3166.2
-2639.95
-2738.13
-2967.47
-2756.55
-2479.33
-2288.94
-3747.59
-3840.66
-3545.08
-3502.01
-3291.56
-3022.42
-3294.32
-10206.8
-9993.33
-15586.3
-16804.4
-9478.17
-8373.75
-13656
-11079.7
-7268.4
-4909.93
-7263.39
-5028.81
-7241.92
-7037.06
-5282.91
-10097.2
-9568.79
-14004.4
-15241.7
-8855.78
-7948.71
-12189.6
-10376.7
-7217.73
-4115.22
-7120.91
-4424.52
-6513.3
-6350.61
-4949.62
-9094.22
-8634.16
-11913.8
-12780.2
-8047.36
-7379.14
-10623.1
-9273.99
-5878.88
-3970.98
-5851.26
-4316.51
-5403.48
-5452.49
-4664.33
-7162.81
-6850.08
-8936.17
-9415.42
-6437.87
-5927.01
-8206.4
-7370.92
-5175.05
-3255.47
-5089.98
-3559.05
-4716.3
-4718.5
-3832.73
-4827.47
-4643.42
-5893.66
-6143.98
-4307.73
-3921.69
-5503.68
-4978.51
-3475.41
-2288.91
-3414.03
-2498.56
-3177.33
-3148.01
-2593.31
-1774.02
-1710
-2150.39
-2230.73
-1584.73
-1438.01
-2023.11
-1841.68
-1166.27
-824.108
-1211.13
-919.98
-1162.3
-1142.56
-932.548
9264.04
29793.1
7428.52
31119.7
5472.46
31810.7
8420.3
47786.9
10305.4
65356.2
10367
48346
10125.8
40533.2
10560.2
35707.3
6363.32
4097.73
17160.1
10328
6099.38
3296.55
18203.4
8974.18
7226.22
5525.53
22723.9
16751.3
5477.6
4245.25
22776.2
17279.9
12992.9
5571.11
11328.7
5165.68
5458.45
12457.3
42611.1
11295.4
15299.6
4751.53
53568.9
14165.8
13811
4245.01
31225.3
9527.62
16007.6
5323.45
27847.5
8731.62
9840.1
4878.41
12594.1
5062.61
10773.3
5783.46
12425.1
4939.64
13105.7
7589.12
10657.3
4821.32
14996.6
5545.67
5050.1
1809.04
16823.9
11948.9
9988.78
7352.99
17037
13953
9075.89
7671.08
10164.2
7161.26
15226.5
10691.6
6251.7
4559.47
2741.65
2225.7
5532.05
4656.89
2370.59
2322.42
6447.52
4333.19
2945.5
1864.4
9589.71
5397.02
7550.16
8990.77
13778.4
9981.45
11470.3
15758.1
6042.17
2985.61
4244.87
5003.08
2735.63
1201.24
1616.46
1753.19
14075.6
24995.9
9339.49
27714
16184.6
24212.9
11376.4
28616
17845.5
21518.1
14259.1
27302.5
17348.1
18349.3
15064.3
15103.6
16231.5
18343
19372.3
21234.4
23079
32760.5
15024.2
13371.6
12916.4
14921.8
22551.1
29279.4
26356.4
33698.6
32700.6
26696.1
24856.7
32959.9
31780.4
22886.4
22482.8
30530
30294.2
13614.1
10987.7
14920.8
13552
17544.2
16667.2
20028.1
20017.2
27400.4
28795.9
12538
11440.7
13739.7
14514
15477.3
17824.9
18165.3
21699.4
23702.6
28709.9
10969.4
8558.52
7129.48
8604.45
13154.4
15022.5
8735.4
13170.8
6702.34
8241.66
10490.3
8673.69
1819.75
5468.72
535.722
1678.29
4203.37
8503.48
1161.56
2635.4
1266.69
5064.09
303.319
1533.53
7007.11
6871.42
8211.42
5318.87
11485.4
9347.51
13732.1
9833.6
1997.71
3659.11
4052.19
2427.38
1874.46
2362.01
2694.44
2001.79
21283.3
13033.1
4205.9
23875.9
13870.5
4564.32
20366.3
12839.8
4413.52
23282.5
13800.9
4544.74
18597.1
11766.7
3903.3
22437.8
13705.4
4582.64
7869.6
4776.64
1476.44
11350.5
7590.08
2586.72
14541.1
9914.42
3403.4
17531.9
11469.4
3826.98
21994.5
13886.4
4794.59
8876.41
5510.94
1934.27
11402.1
8297.02
3165.09
14405.5
10539.1
3921.55
17953.4
12600.9
4554.26
22315.9
14201.2
5080.83
248.537
2032.11
2795.93
4114.4
2548.54
2799.88
6263.75
5824.47
554.631
863.835
590.059
894.025
392.676
1207.76
752.071
1597.67
2799
1410.09
3730.71
2222.72
1866.44
3133.95
3246.16
59.9187
6792
986.419
-2896.08
-550.231
1155.15
317.112
362.105
-159.659
8327.78
3279
2211.03
1199.39
8461.17
3368.82
2795.25
1495.13
8425.61
3572.87
3875.88
2286.64
2501.36
1498.42
480.565
534.102
13037.8
11218.5
5881.8
5907.33
15341.1
14028.2
7354.38
7165.62
4668.35
4651.9
10249.2
8149.83
3141.39
3299.38
1240.72
1672.14
4194.38
4092.92
1790.26
2060.5
2339.04
2625.24
805.25
1412.96
3695.94
2081.7
3522.56
1964.01
6145.56
2870.32
5500.29
2842.31
1852.81
1322.7
2043.11
1140.95
562.924
556.311
1094.25
528.333
9427.89
5504.72
4031.78
3482.15
9448.59
5828.33
4021.07
3479.94
10112
6496.17
4082.77
3472.11
14309.8
16951.5
11850.5
7052.93
3153.66
15928.7
13248.8
11021.9
8026.84
3993.91
14826.8
12130.8
8731.28
5882.21
2840
3739.71
2686.8
2995.06
2749.75
4157.1
2889.84
3145.21
2848.27
4882.43
3383.97
3384.84
3042
11876.7
8456.67
9790.31
6611.06
6774.43
5065.01
5425.82
4104.44
3297.11
3209.44
9927.25
8588.02
7827.57
6572.65
5859.45
4947.73
4322.62
3817.95
2522.26
3026.24
6955.93
4702.41
4453.2
2808.19
10036.3
7622.21
6705.75
5467.17
3194.31
1944.98
4805.55
3395.89
4152.29
1984.39
1167.75
615.988
4849.23
3542.63
1303.52
1098
3208.17
1389.53
972.102
449.021
2142.5
1766.74
1365.55
1802.21
3127.54
2599.46
1782.53
2284.78
2165.11
1215.28
982.651
1221.32
436.59
162.67
-183.131
67.2437
1674.9
704.67
204.88
1690.57
477.465
128.103
1862.5
829.069
251.873
1779.98
527.72
148.034
2092.64
989.732
275.035
1913.03
594.999
152.402
5521.23
3108.16
880.713
4064.83
2133.5
607.567
3183.88
1607.38
474.978
2504.43
1194.38
311.182
2048.06
636.894
132.504
6471.27
3543.35
1113.69
4820.58
2479.51
750.451
3621.59
1815.87
548.388
2741.96
1243.72
344.772
2236.89
622.361
162.568
1076
332.458
83.1202
-2.97133
443.028
140.736
39.3823
4.40755
1119.62
352.149
96.5379
8.64417
538.171
177.775
71.4329
27.2728
1166.54
372.682
123.74
31.5808
828.497
290.059
75.0481
11.5289
499.308
200.929
18.7812
-20.0949
307.17
153.046
48.3267
16.1619
856.928
296.836
66.1145
-21.9297
681.979
229.591
80.0943
-10.8793
1091.07
351.695
107.141
7.67766
925.541
293.756
103.558
-17.2367
585.079
221.856
55.3243
-8.38487
453.348
165.419
65.1239
5.4289
306.065
136.198
50.2065
19.4814
227.582
98.5879
46.6725
18.2502
1328.86
405.778
102.825
-16.3736
1224.44
368.367
131.902
-19.2887
1314.57
402.907
104.231
-16.123
1186.4
355.245
130.821
-19.7144
1272.56
391.425
124.539
1.8274
1116.22
331.909
139.69
-7.80375
1084.9
341.66
135.637
36.3584
1214.51
359.686
175.513
-5.12561
923.38
287.936
122.526
10.8869
888.677
251.488
106.23
-3.13979
335.918
89.7925
30.6264
5.1501
931.802
264.854
109.815
-1.87341
355.86
95.8311
34.1109
7.54871
977.836
279.822
120.136
2.38922
376.837
102.939
37.7635
9.90552
896.565
258.911
126.211
7.60112
377.065
104.393
44.9174
13.7245
817.213
244.289
121.111
14.0564
343.957
103.673
51.9822
17.6845
501.06
156.117
58.6573
4.63895
282.306
100.834
41.9499
16.3244
628.278
185.949
81.6641
7.60366
314.883
104.191
48.4406
17.879
349.779
119.46
44.1039
6.22295
208.685
82.2788
32.3458
14.0759
180.499
75.5504
34.8855
13.765
122.408
57.9026
26.3711
13.4588
1.08027
0.690716
0.299142
0.116908
0.0536307
0.876427
0.393883
0.160506
0.0618987
0.0283178
3.33331
1.47118
0.58429
0.223274
0.102054
3.39658
1.28072
0.488383
0.18465
0.0842617
5.0792
2.22974
0.886386
0.340204
0.156389
8.81096
3.76348
1.46509
0.559105
0.257088
8.34016
3.87778
1.56171
0.608743
0.28424
10.9469
4.66036
1.84916
0.72367
0.340954
5.15784
2.78549
1.15087
0.449579
0.209149
5.23189
2.56595
1.04171
0.405675
0.188795
4.8977
2.43899
0.982199
0.378253
0.174295
6.99684
2.95583
1.12445
0.424141
0.193857
5.53744
2.98658
1.25512
0.497653
0.23429
6.29649
2.83759
1.14697
0.450071
0.211304
8.63351
3.6839
1.46932
0.577439
0.272916
7.25562
3.0212
1.20219
0.47325
0.22407
-0.077677
0.481149
0.232655
0.0924081
0.0424645
-0.30891
0.173741
0.0900548
0.0359137
0.0164762
1.37655
0.997012
0.41552
0.159336
0.0726043
0.235592
0.368665
0.157986
0.060481
0.0274619
2.76597
1.45157
0.581888
0.222185
0.101579
2.29845
0.98738
0.368223
0.136286
0.0613695
6.35504
2.61113
0.984959
0.368659
0.167452
4.45346
1.73311
0.633139
0.23331
0.10507
9.34416
3.39195
1.22915
0.453307
0.204663
2979.79
6900.29
3176.43
6915.55
3592.57
6910.68
4187.41
7095.45
4208.22
7118.75
1726.51
2503.49
2784.26
4234.31
906.032
1230.65
235.187
343.32
15838.8
3879.9
924.258
220.297
62.1481
4401.47
1213.97
332.53
80.2522
20.0575
15479
3774.36
900.207
213.313
60.7293
4445.27
1334.71
340.247
83.8413
23.3853
14531.6
3533.49
842.748
200.142
57.2504
4316.91
1287.74
327.403
80.352
22.5128
13004.5
3150.9
752.887
179.513
51.6426
4147.58
1212.9
305.052
74.3609
20.7692
10618.9
2573.87
618.604
148.534
43.0781
3839.37
1097.53
274.083
66.6352
18.6309
4832.09
1233.64
304.146
74.2897
21.8514
1842.12
535.526
133.082
31.9161
8.94422
7324.59
1837.83
447.887
108.385
31.6508
2728.83
782.902
195.966
47.7286
13.4747
2800.18
722.155
179.354
44.159
13.0664
1022.75
308.45
76.3146
18.2869
5.16999
946.782
243.681
60.786
15.0458
4.4667
372.074
104.263
24.1854
7.11946
1.60046
-1130.65
-343.596
5078.48
-1535.53
776.943
831.953
2530.33
3269.3
2078.9
3953.98
3491.36
5401.85
4386.68
5431.33
2227.91
2985.65
2288.89
2720.49
1117.4
1161.08
2014.85
1250.53
615.216
49.7031
-100.713
-114.918
204.477
14247.9
4859.93
5132.36
3959.39
750.474
733.745
3318.72
-50.4615
248.996
86.6918
-36.3707
7664.48
4208.21
2075.48
1395.79
3350.28
2061.83
764.862
1292.23
-329.631
38.8902
1029.13
894.27
8553.08
3719.5
5373.96
2597.52
3345.91
4856.66
1519.45
4.11977
1268.43
1239.87
870.758
647.515
493.403
308.7
896.135
648.296
452.398
285.562
112.061
525.513
418.232
299.927
179.983
60.1548
43.3563
35.2676
25.7952
15.6863
5.25845
-89.0752
-73.2284
-53.6393
-32.3785
-10.7775
-101.724
-83.727
-61.4256
-37.1385
-12.3733
177.562
144.224
105.666
64.5318
21.7759
9345.85
6956.7
4957.44
3544.52
2440.04
3638.48
2635.8
1947.35
1283.01
550.801
3717.13
2693.47
1911.01
1215.96
505.062
2793.75
1920.4
1348.39
844.104
308.232
580.108
393.209
297.835
192.774
71.6314
643.95
528.512
392.605
244.621
84.8831
2617.99
1967.37
1363.65
825.352
297.52
92.8314
157.369
149.186
106.938
40.2451
222.692
189.467
147.325
95.8321
34.2654
136.142
153.27
138.362
96.8873
35.5893
-43.2516
-40.9143
-31.0416
-18.1116
-5.5992
5112.62
3952.36
2873.98
2093.7
1450.5
3081.45
2240.88
1600.71
1014.52
406.598
1738.97
1372.83
990.787
607.923
211.948
1160.24
907.682
648.756
394.036
135.633
2672.79
2019.15
1406.94
846.265
296.977
1730.73
1362.66
976.731
592.385
201.369
640.079
502.849
359.591
217.43
73.8883
1094.36
865.193
618.687
371.879
124.942
-277.04
-214.556
-147.983
-84.9792
-27.3814
31.343
24.621
18.773
12.5841
4.64803
865.647
681.424
487.197
294.237
99.8472
758.489
601.689
432.467
261.478
88.3517
5128.38
3333.28
2426.3
1769.56
1176.09
2655.76
1893.16
1305.32
815.61
321.484
3681.59
2712.19
1904.53
1236.04
508.184
1953.25
1459.49
1020.72
633.904
241.567
2708.65
2072.53
1458.68
880.975
304.85
3542.82
2489.14
1752.1
1098.97
402.898
1276.96
1003.09
714.502
429.225
144.603
0.391792
-1.40199
-1.08024
-0.0119056
0.274074
1060.25
832.092
595.401
361.058
123.157
-38905.3
-61390.3
-32321.1
-49911.5
-33639.2
-67776
-40338.4
-85814.6
-24945.1
-17482.4
-27242.1
-17518.4
-22585.6
-14838.8
-27125.8
-14911
-33156.3
-25804.4
-46627.6
-34552.3
-28501.8
-23498.1
-39056.2
-30142
-22409.7
-23541
-18646.7
-18527.4
-22633.7
-20624.6
-50989.6
-14136.1
-20167.7
-7792.63
-60936.7
-17161.9
-17915.6
-7108.16
-38886
-12272
-20719.9
-8133.38
-35263.6
-10875
-18053
-7377.42
-22115.5
-8119.59
-17245.1
-7740.67
-19325
-7126.59
-17770.3
-8916.73
-15441.4
-6286.45
-19183.5
-6905.75
-6712.65
-2399.73
-14652.7
-10491.3
-12618.8
-8182.16
-12485.8
-10372.1
-10837.9
-7917.53
-13140.5
-8141.45
-15628
-10675.8
-8740
-5580.76
-4836.74
-3251.5
-7513.31
-5358.66
-4161.26
-3140.66
-9002.42
-5360.17
-5006.23
-2850.56
-11854.2
-6163.84
-8293.67
-9286.46
-15303
-10517.8
-11846.5
-15855.2
-7966.44
-3647.94
-5004.48
-5312.63
-4273.24
-1754.62
-2338.05
-2044.66
-18535.3
-23346.2
-10672.4
-26934.8
-19249.9
-22225.6
-12327
-27457.7
-19382.3
-20034.9
-14677.4
-25975.3
-12606.9
-9990.91
-14429.1
-16355.8
-16552.7
-13337.9
-16139.5
-19528.4
-21876.3
-31285
-9615.68
-10633.1
-12001.1
-14582.5
-22042.6
-22630.7
-15920.8
-29091.5
-22575.1
-20941.1
-15585.7
-28601.8
-22533.4
-18459.3
-14684.7
-26714.2
-22383.8
-10831.5
-8660.1
-12245.7
-10068.7
-14165.3
-11940.3
-16194.3
-14197.4
-24241.7
-22534.3
-9858.83
-8852.87
-11043.5
-10588
-12884
-13141.3
-15809.5
-16659.5
-21819.6
-23365.2
-9431.78
-7458.76
-6904.57
-8214.1
-10563.3
-13136.8
-7960.88
-12104
-6809.88
-8145.4
-9748.99
-7938.19
-2126.66
-5509.38
-1010.85
-1921.02
-4219.33
-8223.38
-1447.87
-2666.61
-1683.73
-5250.82
-834.746
-1846.05
-7190.14
-6845.3
-8327.34
-5243.75
-11131
-8739.21
-13492.9
-9150.12
-2357.41
-3847.37
-4272.83
-2537.19
-2318.29
-2646.22
-2967.81
-2193.95
-9773.76
-3356.78
-13310
-4513.87
-9975.34
-3518.5
-13628.6
-4855.93
-9919.03
-3464.12
-14317.9
-5423.74
-5351.97
-1663.42
-7085.36
-2628.54
-8492.88
-3219.14
-10531.1
-3903.25
-15189.3
-5934.37
-6341.64
-2138.72
-7250.75
-3252.02
-9156.73
-3996.54
-12050.3
-5003.7
-16064.7
-6022.37
-8649.79
-7962.97
-7016.93
-6687.01
-14417.2
-11092.2
-12032.1
-9950.1
-5442.54
-4144.6
-2291.83
-1513.78
-5329.86
-4542.34
-2332.88
-2129.05
-4566.59
-6143.12
-5094.29
-6510.85
-4840.4
-3775.48
-5198.16
-1941.74
-9694.48
-3423.22
1312.61
-1155.63
-2384.98
-1697.31
-1099.64
-906.858
-2510.77
-1347.54
-1005.08
-480.783
-2806.05
-1481.5
-1590.83
-671.078
-3314.38
-1804.48
-2633.23
-1214.43
-2261.28
-840.025
-709.658
-40.9582
-6765.62
-6879.97
-5564.27
-4918.84
-9451.24
-9252.05
-8053.61
-6675.25
-3647.19
-3513.18
-4804.4
-4960.29
-3794.03
-3142.66
-2127.48
-1813.28
-5506.88
-4334.93
-3150.84
-2541.73
-2414.54
-2210.66
-1223.96
-1283.2
-2266.33
-1193.35
-2522.73
-1350.09
-2931.38
-1614.2
-3526.11
-1947.42
-1390.57
-749.954
-1550
-725.132
-483.165
-142.702
-818.966
-211.172
-3242.4
-3487.56
-2005.83
-2416.09
-3344.08
-3669.92
-2060.13
-2427.97
-3739.98
-3716.8
-2205.56
-2361.8
-4529.28
-7131.74
-3514.02
-2453.18
-1551.65
-10062.8
-6930.65
-5508.68
-4351.93
-2775.3
-8087.44
-6248.65
-4608.72
-3433.67
-1826.32
-3468.45
-2944.74
-3043.99
-4180.82
-3543.3
-2896.37
-3006.76
-4079.91
-3690.29
-3130.76
-2890.78
-3907.56
-9146.22
-6983.47
-7423.06
-5521.65
-5551.78
-4198.38
-4377.34
-3558.9
-2788.81
-3655.7
-7336.42
-6763.48
-5558.16
-5202.96
-4144.76
-3915.62
-3197.36
-3216.74
-1855.04
-3051.32
-4600.19
-3322.42
-3382.7
-1831.83
-7160.2
-5999.52
-5599.02
-4367.13
-2295.31
-1143.95
-3140.24
-2332.52
-3726.98
-1554.47
-1052.9
-412.131
-4571.21
-3137.27
-1369.04
-966.555
-2754.1
-1001.01
-747.632
-228.536
-1508.85
-1237.21
-1017.11
-1566.04
-2112.68
-1917.99
-1317.37
-2052.45
-1769.83
-921.788
-706.859
-1045.13
-171.12
37.7249
414.321
86.4387
-1973.89
-605.938
-2696.86
-256.603
-2003.31
-692.453
-2682.82
-277.926
-1918.06
-580.008
-2499.11
-205.519
-4073.48
-1141.72
-3252.67
-929.763
-2751.14
-889.566
-2110.44
-523.536
-2376.6
-300.762
-4898.76
-1276.24
-3740.23
-837.059
-2925.7
-670.928
-2355.88
-427.863
-2474.05
-341.941
-544.878
-171.636
-28.1282
26.7348
-210.429
-66.5406
-14.9086
4.80743
-573.81
-176.046
-33.7745
18.4606
-228.363
-66.2857
-33.0517
-13.2659
-625.165
-183.802
-52.8859
-0.93191
-328.918
-78.7486
15.1884
28.972
-67.9148
12.0365
80.4289
65.233
140.745
91.282
66.718
35.0105
-448.855
-119.171
14.8639
61.9661
-357.05
-76.7625
-8.70076
48.8646
-644.925
-179.897
-35.5975
27.4391
-523.25
-123.724
-28.2287
60.561
-232.441
-45.8531
27.1267
47.2167
-189.666
-28.1147
2.93166
30.1038
17.3267
40.2642
36.447
21.6867
4.71335
30.5421
20.1337
16.9195
-751.974
-227.204
-38.0641
49.238
-818.765
-225.008
-85.6233
53.6411
-741.928
-219.118
-35.6122
51.2018
-796.424
-215.509
-84.5314
54.1035
-721.517
-205.506
-56.9019
31.4116
-747.445
-198.509
-95.7764
41.6002
-547.822
-147.219
-61.1514
0.321751
-803.938
-204.937
-120.525
47.5695
-506.636
-119.94
-49.8995
34.0099
-681.261
-158.536
-76.2868
28.4482
-280.368
-57.9808
-16.3839
3.52614
-658.683
-151.858
-73.1415
29.0848
-273.961
-56.0848
-17.1164
2.30899
-609.925
-138.001
-76.2375
26.4321
-250.861
-50.0721
-15.6531
2.50041
-537.491
-120.642
-83.6296
19.8748
-223.948
-43.6797
-19.9124
0.583156
-453.468
-97.9171
-71.0277
14.3879
-158.124
-28.0323
-21.4933
-0.509409
-286.351
-50.2972
-7.95293
25.9561
-77.054
-1.34377
3.26049
8.76133
-384.312
-77.9678
-35.2041
21.103
-102.177
-11.3021
-8.82003
4.07717
-154.538
-14.1373
9.16202
25.1033
-33.4405
12.7463
14.0309
11.9718
0.24318
27.9376
18.6054
17.3321
32.0022
32.6352
19.3171
12.3604
4.623
0.943213
0.231267
0.0727333
0.0323475
1.72579
0.418292
0.113767
0.0378354
0.0172243
4.75152
1.23109
0.377055
0.136127
0.0642366
2.2219
0.810378
0.291205
0.112617
0.0544548
5.90792
1.72864
0.579962
0.218685
0.104579
7.07134
2.47681
0.933417
0.369206
0.179284
9.05767
3.19014
1.2039
0.471934
0.226476
10.3605
4.16894
1.6441
0.649749
0.310379
8.4472
2.43676
0.846707
0.323526
0.154631
7.15434
2.16112
0.765644
0.294453
0.14097
7.05097
1.92281
0.652334
0.248495
0.119235
5.73161
1.78424
0.669548
0.266704
0.130288
9.31328
2.94907
1.05582
0.404539
0.192206
7.04911
2.49167
0.930375
0.362003
0.172994
8.55032
3.42435
1.34345
0.529445
0.252519
6.94708
2.82239
1.10915
0.436948
0.208349
5.73454
0.920106
0.197261
0.0579429
0.025081
2.82253
0.389718
0.0776031
0.0221708
0.0095273
5.67416
1.05123
0.276449
0.0941068
0.0436247
2.7751
0.428873
0.104132
0.0346215
0.0159784
5.41786
1.20799
0.369126
0.135293
0.0643214
2.41907
0.563083
0.190545
0.0742296
0.0363336
5.40738
1.52351
0.545268
0.214613
0.104766
2.90988
0.833811
0.314689
0.127307
0.0630018
3.94533
1.52141
0.620636
0.256303
0.12738
-2771.54
-5614.26
-2975.26
-5707.36
-3390.11
-5852.39
-3848.7
-6101.93
-3791.04
-6167.99
-1720.09
-2427.55
-2602.36
-3868.17
-1001.96
-1287.16
-383.013
-459.397
-15492.2
-3819.59
-915.832
-219.573
-62.2603
-4255.98
-1193.8
-329.296
-79.9409
-20.099
-15134.1
-3715.43
-892.075
-212.648
-60.8432
-4301.6
-1311.11
-336.815
-83.495
-23.4105
-14201
-3479.07
-835.469
-199.585
-57.365
-4175.21
-1263.91
-323.937
-80.0095
-22.5367
-12723.2
-3107.09
-747.361
-179.168
-51.7643
-4001.98
-1188.91
-301.676
-74.0377
-20.7918
-10442.6
-2548.05
-615.716
-148.483
-43.2064
-3699.74
-1076.04
-271.245
-66.395
-18.661
-4841.1
-1235.75
-304.935
-74.5682
-21.9526
-1815.38
-531.261
-132.751
-31.99
-9.00076
-7276.76
-1830.73
-447.471
-108.57
-31.7709
-2645.34
-770.071
-194.384
-47.6387
-13.5145
-2824.23
-726.804
-180.419
-44.4263
-13.1457
-1036.41
-311.59
-77.1839
-18.5385
-5.25124
-971.995
-248.34
-61.7765
-15.2728
-4.52912
-406.543
-111.673
-25.8032
-7.49314
-1.70044
-1465.32
-2812.33
-8415.03
-818.5
-8984.33
-3977.41
-8765.74
-4205.39
-15959.3
-8525.23
-17787.9
-9308.75
-26.084
-80.3729
-127.745
-153.529
-118.079
74.9822
-48.4607
-149.725
-240.407
-292.367
-248.614
-22.1259
-18.7825
-17.6704
-55.9762
-54.0014
-80.4301
-82.8288
-69.0107
-81.9685
-38.6368
-78.0941
41.1463
-33.7089
607.302
1394.77
2377.21
1691.97
1478.19
570.13
471.423
1255.51
2153.82
2609.04
2183.46
874.389
-23.2163
-19.302
-14.3669
-8.81928
-2.96918
-71.5615
-59.5254
-44.3321
-27.2287
-9.17007
-113.64
-94.4285
-70.2538
-43.1152
-14.5141
-136.466
-113.286
-84.2017
-51.6355
-17.375
-105.291
-87.721
-65.4148
-40.2066
-13.5439
63.4001
49.6293
34.8545
20.509
6.76457
-43.0344
-35.6799
-26.4823
-16.2201
-5.45412
-132.957
-110.242
-81.8383
-50.1375
-16.8622
-213.103
-176.327
-130.631
-79.9078
-26.8533
-258.487
-213.233
-157.516
-96.1471
-32.2758
-219.262
-180.377
-132.906
-80.9808
-27.162
-20.7104
-18.1453
-14.1199
-8.92167
-3.04253
-16.7486
-13.9569
-10.4133
-6.40469
-2.15853
-15.7734
-13.1614
-9.8332
-6.05463
-2.0418
-49.9258
-41.6172
-31.0628
-19.112
-6.44253
-48.1904
-40.1968
-30.0226
-18.4817
-6.23189
-71.6999
-59.731
-44.5545
-27.3988
-9.23321
-73.8106
-61.4596
-45.8199
-28.1649
-9.48923
-61.6653
-51.5123
-38.5242
-23.7355
-8.00617
-72.9641
-60.6704
-45.1641
-27.7271
-9.33507
-35.0903
-29.8384
-22.6716
-14.1202
-4.78702
-69.4149
-57.6041
-42.7812
-26.209
-8.81296
34.2719
26.3487
18.1846
10.5705
3.46816
-30.4317
-25.6566
-19.2976
-11.9086
-4.0145
523.94
420.796
303.552
182.43
60.8585
1191.11
947.862
679.57
407.629
136.218
1991.39
1560.38
1109.01
665.094
224.016
1399.09
1087.75
772.558
464.93
157.056
1250.2
974.246
687.957
408.574
130.707
501.218
398.105
284.747
169.673
52.6187
406.679
326.561
235.519
141.508
47.1957
1075.65
858.307
616.383
369.808
123.439
1825.62
1442.98
1029.94
616.914
206.355
2187.51
1713.35
1216.62
728.242
244.293
1827.35
1426.83
1010.63
604.035
201.851
736.331
578.203
411.943
247.356
82.6563
29.8424
85.1781
134.737
164.205
134.758
-46.3405
54.6904
157.376
250.404
304.52
261.652
35.8961
21.3632
19.7218
59.4218
57.0597
85.5047
87.7603
76.2848
88.4999
52.2426
78.4345
-3.49979
48.2141
-560.813
-1324.21
-2263.79
-1575.41
-1387.63
-501.199
-453.701
-1228.82
-2107.05
-2545.93
-2115.12
-806.001
26.6392
22.2306
16.6141
10.2339
3.45223
75.9378
63.2696
47.205
29.037
9.78751
120.005
99.8714
74.4275
45.7409
15.4103
146.174
121.575
90.5467
55.6215
18.7344
120.418
100.595
75.2357
46.3586
15.6388
-37.6083
-27.8717
-18.4077
-10.2833
-3.29709
48.717
40.5511
30.2274
18.5813
6.26107
139.943
116.237
86.4532
53.0496
17.8578
222.244
184.185
136.689
83.735
28.1627
269.614
222.813
164.911
100.824
33.8768
231.188
190.631
140.81
85.9733
28.8699
33.1675
28.7128
22.1543
13.9404
4.74882
19.0961
15.9625
11.9501
7.37101
2.48828
17.6384
14.7536
11.0523
6.8207
2.30313
53.0588
44.2927
33.1118
20.3998
6.88186
50.97
42.5692
31.8385
19.6225
6.62095
76.3094
63.6622
47.5607
29.2858
9.87653
78.2908
65.281
48.7429
30
10.1149
68.2526
57.1093
42.7876
26.4033
8.91402
78.8925
65.7216
49.0228
30.1473
10.1598
47.3932
40.2715
30.6025
19.0744
6.47143
69.9597
58.3078
43.503
26.7526
9.01504
-0.454231
2.09518
3.2537
2.72938
1.03697
43.6036
36.8792
27.8677
17.281
5.845
-482.459
-386.191
-277.698
-166.513
-55.493
-1128.42
-895.786
-640.837
-383.887
-128.244
-1889.54
-1474.6
-1044.32
-625.036
-210.518
-1286.57
-986.031
-690.719
-411.521
-138.311
-1155.35
-883.037
-610.674
-355.904
-111.487
-423.506
-319.021
-214.85
-120.621
-34.4793
-390.963
-313.548
-225.873
-135.609
-45.2155
-1052.17
-839.031
-602.228
-361.227
-120.576
-1783.58
-1407.55
-1003.2
-600.338
-200.754
-2128.2
-1660.92
-1175.17
-701.561
-235.051
-1759.62
-1363.91
-958.686
-569.43
-189.582
-666.031
-510.734
-354.74
-208.517
-68.752
-1942.12
-1173.63
-504.26
35.9318
204.945
256.727
-47.8649
-12275.7
-3019.87
-3954.03
-1848.43
-279.375
-3356.96
136.697
1240.31
417.564
-6787.72
-3396.45
-1293.74
-1006.99
-3067.99
-1628.19
-595.964
-1071.88
771.533
261.673
-743.564
-594.355
-8229.64
-3566.77
-4870.25
-2333.77
-3081.01
-4158.26
-1278.78
246.198
-921.875
-1101.69
-711.596
-496.017
-379.741
-261.289
-795.979
-539.651
-352.369
-212.868
-83.8836
-426.192
-335.045
-237.521
-141.436
-47.1386
34.0215
30.2452
23.8921
15.2859
5.26008
182.621
151.811
112.788
69.0366
23.1884
228.397
189.584
140.714
86.0991
28.9179
-36.2624
-24.8691
-15.4065
-8.4252
-2.75752
-7984.23
-6013.81
-4363.56
-3298.55
-2541
-2017.84
-1291.81
-966.024
-699.967
-355.712
-2744.95
-1909.38
-1345.44
-882.204
-401.627
-1204.12
-755.368
-542.615
-363.006
-137.79
-221.258
-165.967
-116.963
-72.9865
-26.7237
-2641.08
-1989.92
-1381.27
-838.169
-303.594
134.384
117.109
86.8519
50.9548
15.8264
1033.69
802.811
562.95
331.792
109.549
369.158
301.988
219.816
131.985
43.671
-4329.11
-3335.9
-2441.86
-1863.71
-1428.38
-2356.78
-1633.11
-1147.62
-739.48
-318.086
-1039.96
-790.738
-557.577
-342.572
-123.186
-814.08
-619.807
-434.553
-262.819
-91.7187
-2443.5
-1845.35
-1288.84
-779.847
-276.723
-1334.54
-1024.8
-719.821
-432.343
-147.06
-486.893
-372.594
-260.478
-155.576
-52.9103
-898.136
-701.972
-497.198
-297.379
-99.9167
670.639
542.106
392.353
235.545
78.2356
236.503
198.56
147.925
90.1563
30.0411
-610.967
-469.951
-330.265
-198.195
-67.6296
-490.766
-378.502
-265.971
-159.136
-53.9114
-4823.07
-3060.04
-2208.57
-1635.22
-1145.41
-2504.39
-1752.5
-1189.49
-738.824
-294.351
-3177.81
-2268.94
-1554.19
-1012.61
-424.562
-1701.93
-1234.73
-842.454
-519.342
-202.427
-2470.24
-1871.43
-1307.34
-787.685
-273.578
-2920.53
-1959.13
-1354.18
-855.5
-322.606
-1062.42
-824.215
-581.002
-347.197
-117.036
223.212
188.218
140.942
86.3303
28.8809
-748.199
-569.419
-397.724
-238.838
-81.9332
-16.2674
-39.3029
-66.2241
-114.988
-205.65
-348.419
-28355.3
-25058.1
-23253.2
-26543.2
-20943.5
-16737
-18391.8
-14072
-25467.4
-22990.6
-23456.4
-22619.6
-20764.6
-17883.3
-22042.7
-23831.7
-21349.6
-19093.4
-21520.4
-18109.6
-15370.5
-15733.5
-12655.4
-23293.7
-21414.6
-21499.9
-20208.4
-18790.7
-17441.9
-18550
-19186.7
-17618.1
-15404.8
-16861.1
-15404.2
-13333.8
-13328.1
-11388.2
-19898
-18916.6
-18538.1
-17727.8
-16259.3
-14985.7
-16106.1
-13835.6
-13032.3
-11118.1
-11815.1
-11757.7
-10589.2
-10074.4
-9080.28
-14907.4
-15295.8
-14074.4
-14483.4
-12661.9
-11518.4
-12985.5
-9033.46
-8637.75
-7251.58
-7589.17
-7984.94
-7251.59
-6726.79
-6143.12
-10016.3
-10178.6
-9556.33
-9621.01
-8759.83
-7961.92
-8780.72
-3284.67
-3166.15
-2639.95
-2742.73
-2967.21
-2756.23
-2479.11
-2288.64
-3761.76
-3848.31
-3544.95
-3501.55
-3291.24
-3022.1
-3293.9
-10229.9
-9992.85
-15578.2
-16858.7
-9475.97
-8371.56
-13649.7
-11075.9
-7275.51
-4911.7
-7265.39
-5030.8
-7241.35
-7035.86
-5283.06
-10120.1
-9567.28
-13998.2
-15294
-8853.55
-7946.61
-12184.4
-10373.2
-7234.26
-4119.55
-7120.79
-4427.11
-6512.47
-6349.45
-4949.34
-9114.72
-8633.05
-11910.6
-12818.7
-8045.65
-7377.42
-10619.7
-9271.3
-5889.73
-3979.42
-5850.58
-4316.53
-5402.7
-5451.52
-4663.88
-7177.18
-6849.64
-8935.38
-9437.62
-6436.92
-5925.93
-8204.83
-7369.35
-5182.42
-3265.21
-5089.4
-3562.14
-4715.7
-4717.81
-3832.29
-4835.94
-4643.26
-5893.54
-6155.67
-4307.26
-3921.12
-5503.03
-4977.73
-3479.24
-2296.37
-3413.59
-2497.93
-3176.92
-3147.58
-2592.89
-1776.92
-1709.94
-2150.39
-2234.47
-1584.58
-1437.82
-2022.93
-1841.44
-1167.41
-826.239
-1210.85
-919.435
-1162.12
-1142.4
-932.304
)
;

boundaryField
{
    patch1
    {
        type            calculated;
        value           nonuniform List<scalar> 
2440
(
0
0
4857
1519.58
4.11522
1268.55
-4158.59
-1278.9
246.222
-921.97
0
0
4856.66
1519.45
4.11977
1268.43
-4158.26
-1278.78
246.198
-921.875
0
0
0
0
0
0
0
0
-2083.29
0
0
0
0
0
0
0
0
2014.93
1250.6
615.272
49.7039
-100.727
-114.936
204.494
14249
4860.47
5132.83
3959.83
750.616
733.845
3319.05
-50.3815
249.044
86.7548
-36.3762
7664.93
4208.54
2075.7
1395.93
3350.57
2062.01
764.925
1292.35
-329.659
38.8918
1029.24
894.36
8553.49
3719.72
5374.25
2597.68
3346.18
-992.333
-18.7846
-17.6724
-55.9836
-54.0087
-80.441
-82.8401
-69.0206
-81.9797
-38.6439
-78.1048
41.1469
-33.7148
21.3669
19.7253
59.4309
57.0685
85.5175
87.7732
76.2966
88.5126
52.2518
78.4455
-3.4962
48.2214
-1942.18
-1173.69
-504.305
35.9382
204.969
256.757
-47.8709
-12276.8
-3020.35
-3954.46
-1848.63
-279.429
-3357.23
136.693
1240.37
417.596
-6788.22
-3396.78
-1293.91
-1007.1
-3068.26
-1628.35
-596.019
-1071.98
771.593
261.695
-743.641
-594.42
-8230.07
-3567
-4870.54
-2333.93
-3081.26
0
0
0
0
0
0
0
0
-2078.73
0
0
0
0
0
0
0
0
2014.85
1250.53
615.216
49.7031
-100.713
-114.918
204.477
14247.9
4859.93
5132.36
3959.39
750.474
733.745
3318.72
-50.4615
248.996
86.6918
-36.3707
7664.48
4208.21
2075.48
1395.79
3350.28
2061.83
764.862
1292.23
-329.631
38.8902
1029.13
894.27
8553.08
3719.5
5373.96
2597.52
3345.91
-994.335
-18.7825
-17.6704
-55.9762
-54.0014
-80.4301
-82.8288
-69.0107
-81.9685
-38.6368
-78.0941
41.1463
-33.7089
21.3632
19.7218
59.4218
57.0597
85.5047
87.7603
76.2848
88.4999
52.2426
78.4345
-3.49979
48.2141
-1942.12
-1173.63
-504.26
35.9318
204.945
256.727
-47.8649
-12275.7
-3019.87
-3954.03
-1848.43
-279.375
-3356.96
136.697
1240.31
417.564
-6787.72
-3396.45
-1293.74
-1006.99
-3067.99
-1628.19
-595.964
-1071.88
771.533
261.673
-743.564
-594.355
-8229.64
-3566.77
-4870.25
-2333.77
-3081.01
0
0
0.105408
0.205223
0.0626216
0.126703
-348.427
0
0
0
0
0
0
0.10507
0.204663
0.0630018
0.12738
-348.419
0
0
0
0
0
3450.69
2699.87
2959.88
4475.98
593.367
24.8155
592.587
26.5466
2406.07
1790.01
5452.22
6027.83
269.334
240.645
1074.14
1081.28
0
0
0
0
0
0
0
0
0
0
0
0
0
0
0
0
0
0
0
0
0
0
0
0
0
0
0
0
0
0
0
0
0
-3.01671
5.15734
-1.85882
7.55517
2.40249
9.91784
7.61006
13.7382
14.0639
17.6979
4.63122
16.3252
7.60339
17.8884
6.20716
14.0661
13.7427
13.4399
0.0559888
0.0298601
0.102379
0.0845233
0.156763
0.257701
0.284591
0.340968
0.209472
0.189023
0.174681
0.194265
0.234459
0.211421
0.272858
0.223995
0.0437969
0.0169645
0.0729118
0.0276024
0.101852
0.0615774
0.167905
62.8613
17.7394
61.4271
21.3771
57.8513
20.6078
52.1593
19.0684
43.4846
17.2156
22.0087
8.73291
31.9622
12.7207
13.1337
5.17198
4.48299
1.62051
-1266.3
-313.803
-2352.01
-333.372
5896.94
5663.53
2966.26
3055.11
5816.82
6927.24
694.687
-2657.87
-2516.72
-2995.12
-3938.35
-706.46
-274.701
-819.712
-342.854
-2416.94
-1681.5
-4842.07
-5130.62
-467.818
-339.843
-1358.98
-1271.53
-0.264149
0.0185318
0
0
0
0
0
0
0
0
0
0
0
0
0
0
0.191477
-0.0788976
0
0
0
0
0
0
0
0
0
0
0
0
0
0
28.2627
3.48183
29.0894
2.31389
26.4189
2.4938
19.8567
0.570564
14.3638
-0.527453
25.9277
8.73331
21.0777
4.05312
25.074
11.9433
17.304
12.3348
0.0334803
0.0179674
0.0637858
0.0540975
0.104062
0.178496
0.225848
0.309929
0.154101
0.140528
0.118702
0.129723
0.191749
0.172596
0.252183
0.208075
0.0256715
0.00971539
0.0433183
0.0158639
0.0639843
0.0361077
0.104211
-62.9694
-17.7924
-61.5368
-21.4128
-57.9622
-20.6404
-52.2786
-19.0964
-43.6121
-17.2468
-22.1102
-8.78856
-32.0826
-12.759
-13.2131
-5.2531
-4.54535
-1.72038
-1275.34
-2250.53
483.246
188.322
-336.5
397.305
516.704
-0.612907
-0.155989
-0.142101
-0.619947
0
0
0
0
0
0
0
0
0
0.500195
0.163729
0.299117
0.632862
0
0
0
0
0
0
0
0
0
0
3450.66
2700.03
2960.09
4476.06
593.46
24.7801
592.682
26.4963
2406.24
1790.05
5452.37
6027.83
269.395
240.646
1074.15
1081.28
0
0
0
0
0
0
0
0
0
0
0
0
0
0
0
0
0
0
0
0
0
0
0
0
0
0
0
0
0
0
0
0
0
-3.13979
5.1501
-1.87341
7.54871
2.38922
9.90552
7.60112
13.7245
14.0564
17.6845
4.63895
16.3244
7.60366
17.879
6.22295
14.0759
13.765
13.4588
0.0536307
0.0283178
0.102054
0.0842617
0.156389
0.257088
0.28424
0.340954
0.209149
0.188795
0.174295
0.193857
0.23429
0.211304
0.272916
0.22407
0.0424645
0.0164762
0.0726043
0.0274619
0.101579
0.0613695
0.167452
62.8146
17.8819
61.3662
21.3189
57.8367
20.593
52.1499
19.0612
43.4797
17.2116
22.0081
8.73183
31.9602
12.7186
13.1336
5.17143
4.48294
1.6203
-1257.65
-306.027
-2338.81
-531.288
5904.66
5697.02
2979.96
3062.96
5834.34
6894.87
351.053
-2657.73
-2516.94
-2995.4
-3938.29
-706.741
-274.901
-820.004
-343.066
-2417.16
-1681.59
-4842.12
-5130.67
-468.035
-339.953
-1359.21
-1271.68
-0.260212
0.0215245
0
0
0
0
0
0
0
0
0
0
0
0
0
0
0.19226
-0.0787699
0
0
0
0
0
0
0
0
0
0
0
0
0
0
28.4482
3.52614
29.0848
2.30899
26.4321
2.50041
19.8748
0.583156
14.3879
-0.509409
25.9561
8.76133
21.103
4.07717
25.1033
11.9718
17.3321
12.3604
0.0323475
0.0172243
0.0642366
0.0544548
0.104579
0.179284
0.226476
0.310379
0.154631
0.14097
0.119235
0.130288
0.192206
0.172994
0.252519
0.208349
0.025081
0.0095273
0.0436247
0.0159784
0.0643214
0.0363336
0.104766
-62.9231
-17.9351
-61.4766
-21.3548
-57.9486
-20.6259
-52.2701
-19.0895
-43.6079
-17.2432
-22.1098
-8.78767
-32.081
-12.7572
-13.213
-5.25269
-4.54538
-1.7203
-1272.5
-2255.82
484.228
203.571
-302.18
448.685
513.678
-0.615137
-0.155993
-0.142086
-0.625614
0
0
0
0
0
0
0
0
0
0.498971
0.163751
0.299155
0.62816
0
0
0
0
0
0
0
0
0
21225.7
11029.9
0
21224.7
11025.1
0
0
0
0
0
0
0
0
0
14141.7
25026.3
16181.6
24289.3
17848.3
21500.8
17349.2
18351.8
15057.5
29226.4
26230.9
26707.1
24856.8
22890.3
22479.3
21230.6
13003.2
4190.09
20371.8
12840.6
4415.75
18599.3
11767
3902.57
0
0
0
0
0
0
0
0
9402.22
5500.75
9457.36
5821.81
10123.2
6495.48
14315.5
16955.7
11859.4
3745.63
2695.46
4158.28
2888.82
4884.44
3386.14
1677.87
705.495
203.382
1862.66
828.83
252.325
2093.24
989.924
275.101
12.0246
177.059
714.769
1875.78
3150.63
1337.83
2627.72
576.185
93.8041
-22.3209
-239.164
-788.948
-1795.66
-2820.22
-1308.28
-2361.9
-667.513
-241.209
0
0
0
0
0
0
0
0
14075.6
25030
16184.6
24284.2
17848.6
21499.5
17348.1
18349.3
15057.1
29279.3
26300.7
26696.1
24849.4
22886.4
22474
21283.3
13033.1
4208.46
20366.3
12839.8
4415.94
18595.7
11765.5
3902.28
0
0
0
0
0
0
0
0
9427.89
5501.26
9448.59
5820.49
10114.8
6491.77
14309.8
16951.5
11853.7
3739.73
2690.25
4157.1
2889.01
4882.43
3385.16
1674.9
704.67
203.367
1862.5
829.069
252.405
2092.77
989.805
275.094
12.6699
169.638
711.973
1874.52
3150.15
1337.81
2627.58
576.168
93.7581
-20.4509
-233.678
-787.186
-1794.89
-2819.94
-1308.34
-2361.85
-667.601
-241.285
15932
13253.2
4.54963
1.57657
0.555945
0.20182
0.0902104
7.31274
2.578
0.926209
0.340424
0.153487
2501.76
255.375
18343
19372.3
-3321.19
-1327.01
1.4381
0.579954
0.24554
0.10349
0.0520878
2.54283
1.08241
0.453327
0.188929
0.0942276
0
0
0
0
0
13615.8
10983.1
14922.1
13560.4
17545.6
16668.7
7870.5
4777.22
1476.62
11351.7
7590.88
2586.98
14542.8
9916.46
3405.03
-7251.86
-3252.44
-9157.72
-3996.92
-12051
-5003.99
-16064.9
-6022.55
2535.4
722.222
1481.3
589.716
70.3058
49.0519
72.148
50.3437
182.679
102.677
64.9723
30.8013
6.88404
2.57002
1.00267
0.399115
0.192912
9.852
4.04859
1.61062
0.638902
0.305751
21.8951
66.8825
116.511
161.891
218.18
326.074
19.5794
16.3743
12.2641
7.5674
2.55505
59.7269
49.8645
37.2804
22.9693
7.74892
103.849
86.5001
64.5157
39.6732
13.37
143.896
119.453
88.7884
54.4521
18.3239
193.27
159.79
118.292
72.3211
24.2976
287.478
236.373
174.058
105.997
35.5409
707.76
606.038
483.085
346.262
207.181
68.9856
11402.1
8297.02
3165.09
14405.5
10539.1
3921.55
17953.4
12600.9
4554.26
22315.9
14201.2
5080.83
-2700.29
-225.699
-1765.85
-114.571
11876.7
8455.91
9790.29
6611.94
6774.46
5062.86
5521.24
3108.16
880.713
4064.83
2133.5
607.567
3182.77
1606.61
474.315
309.895
139.565
15.2154
-11.2647
260.78
139.329
48.9139
19.8127
8.15869
3.5532
1.39457
0.537437
0.249517
11.2539
4.69813
1.84993
0.721568
0.339396
-558.555
-466.047
-360.232
-250.223
-145.986
-47.9447
-19.8126
-63.5158
-110.401
-152.019
-213.035
-301.461
-17.6862
-14.758
-11.0265
-6.78969
-2.28975
-56.6661
-47.2512
-35.2796
-21.7121
-7.32006
-98.2935
-81.7568
-60.8841
-37.3914
-12.5917
-134.906
-111.763
-82.8898
-50.7407
-17.057
-188.258
-155.173
-114.497
-69.8085
-23.4165
-264.714
-216.562
-158.616
-96.1647
-32.1632
18345.3
19373.7
-3331.07
-1335.63
1.42906
0.576545
0.244067
0.102828
0.0517324
2.52776
1.0769
0.451085
0.187958
0.093715
0
0
0
0
0
15928.7
13248.8
4.54025
1.5731
0.55451
0.201191
0.0898762
7.30068
2.57351
0.924376
0.339621
0.153057
2504.22
260.294
10311.7
65405.4
10387.6
48340.6
10168.4
40549.3
10587.3
36479.4
23854.3
13848.7
4556.99
23286.9
13802.9
4544.67
22440.1
13707
4583.01
21995.9
13887.6
4795
22316.8
14202.3
5081.25
178.898
43.3679
-460.479
79.4431
-1797.56
319.982
-67.1349
-30.2788
758.917
680.039
44.8947
16.0178
7.65686
3.9493
256.022
91.6279
57.9738
33.4813
7.92173
2.59426
0.910507
0.410102
63.6686
20.97
6.79628
3.06924
146.356
49.2994
16.6254
7.60245
199.609
73.1946
27.0309
12.5987
189.918
83.7594
33.3068
15.9933
138.181
75.5555
32.5874
16.53
143.415
78.4577
34.8641
17.5329
116.18
65.0841
27.5952
14.7406
90.2053
51.5068
24.7296
13.7093
0.93733
0.324767
0.114609
0.0415668
0.0185646
5.35543
1.88996
0.680518
0.250091
0.112659
5.70565
2.46662
0.963413
0.36955
0.17081
6.57195
2.52472
0.931481
0.346972
0.157667
6.76058
2.83751
1.12188
0.436525
0.204174
7.5025
3.04626
1.20268
0.47212
0.223275
0.209365
0.0684787
0.0228083
0.00793656
0.00344862
1.60662
0.514689
0.17235
0.0604955
0.0264625
3.77572
1.20596
0.410326
0.146166
0.0646182
657.399
824.911
1270.16
1865.64
3515.29
1596.02
3315.65
594.527
114.752
422.595
116.581
30.3096
7.01169
1.16325
502.287
142.726
34.7871
8.31276
1.55275
627.638
168.35
40.3534
9.09446
1.79562
838.607
209.442
48.3744
10.7315
2.23503
1157.17
257.366
55.2099
11.535
2.30537
499.043
109.194
21.8912
4.01804
0.520009
860.103
178.488
36.7407
7.42809
1.39972
211.528
54.1738
10.3835
1.82791
0.165291
107.854
21.0557
2.3159
1.99299
-0.0484279
4387.58
5453.33
2226.31
2978.22
2290.23
2705.56
1186.31
1228.22
-391.425
-1804.22
-1131.1
-716.155
-338.442
-272.021
-195.897
-117.301
-38.9966
-759.941
-430.239
-226.985
-126.792
-54.0806
-697.484
-396.195
-221.451
-110.794
-34.7773
-578.288
-432.608
-292.143
-167.204
-54.4742
-13313.2
-4514
-13630.8
-4857.33
-14318.9
-5424.27
-15189.7
-5934.63
-16064.9
-6022.55
-65.5172
-48.5352
399.494
-243.358
537.399
-1990.29
120.933
102.931
-391.28
-218.019
-3.69152
0.539996
-1.32913
-1.51027
-19.9094
5.27401
-22.445
-20.0703
-0.135706
0.142838
0.00435686
-0.0241978
0.367183
1.42307
0.908155
0.169168
12.9488
5.84565
2.18882
0.326706
52.3003
14.5718
2.72374
0.0980818
103.191
24.874
5.68289
1.76246
93.2327
33.4694
15.1431
8.50335
129.862
34.7515
10.0138
4.68509
67.2823
33.2121
19.5578
11.141
64.6483
39.1726
20.951
12.045
0.0963493
0.0916908
0.0459805
0.0203739
0.010424
1.0379
0.694435
0.319467
0.136835
0.0688747
5.19088
1.73323
0.647368
0.254839
0.123252
3.45287
1.25925
0.506373
0.207197
0.102331
5.9858
2.26461
0.868013
0.34137
0.163905
6.60012
2.75821
1.09348
0.43216
0.206349
-0.00711982
0.00803227
0.00579492
0.00290918
0.00157613
0.0240513
0.0912818
0.0531211
0.0249844
0.0131841
0.295031
0.301605
0.151798
0.0676596
0.0348446
-627.187
-798.893
-1200.78
-1656.72
-2998.32
-1488.7
-2854.48
-642.456
-230.073
-407.461
-113.611
-29.844
-6.93901
-1.15775
-485.619
-139.087
-34.143
-8.21693
-1.54424
-597.971
-162.399
-39.2859
-8.94681
-1.78078
-774.639
-198.142
-46.5598
-10.4942
-2.21447
-1043.15
-239.936
-52.7041
-11.2239
-2.28058
-461.065
-102.375
-21.0058
-3.96966
-0.544199
-761.238
-163.08
-34.5693
-7.17911
-1.38853
-220.945
-56.242
-11.0194
-2.0294
-0.233494
-141.859
-28.3378
-3.90449
-2.36091
-0.0499824
-53.5069
-168.251
-282.516
-373.316
-380.708
-201.17
294.969
1188.84
2369.86
3282.85
3039.03
1275.81
-47.5288
-39.4199
-29.2689
-17.9323
-6.03089
-149.412
-123.889
-91.972
-56.3471
-18.9508
-250.345
-207.057
-153.333
-93.7634
-31.5038
-329.696
-271.622
-200.385
-122.19
-40.9959
-334.666
-274.262
-201.329
-122.329
-40.972
-175.747
-143.044
-104.362
-63.1496
-21.1134
255.603
206.266
149.405
90.0136
30.0535
1019.3
813.961
584.841
350.954
117.154
2004.15
1580.55
1126.08
673.906
225.505
2730.32
2124.03
1501.56
898.197
302.488
2489.97
1915.42
1346.86
806.796
273.839
1040.8
799.816
563.807
339.467
115.961
59.781
176.27
293.446
386.644
393.166
206.596
-300.224
-1198.31
-2364.17
-3246.08
-2977.62
-1207.8
53.2519
44.3259
33.0408
20.3104
6.84359
156.736
130.176
96.813
59.4026
19.9956
260.348
215.664
159.976
97.9635
32.9414
341.933
282.191
208.571
127.381
42.7752
346.162
284.247
209.104
127.279
42.6727
180.805
147.485
107.856
65.3911
21.8868
-260.621
-210.785
-153.042
-92.3868
-30.8802
-1029.01
-823.301
-592.777
-356.336
-119.07
-2001.01
-1579.75
-1126.86
-675.113
-226.074
-2698.01
-2097.33
-1481.76
-886.126
-298.48
-2431.04
-1862.08
-1303.74
-778.576
-263.99
-971.263
-733.334
-507.604
-301.396
-102.36
459.03
0
973.121
400.674
325.823
237.53
143.656
48.0223
0
0
0
0
0
821.23
645.59
457.81
272.312
90.5542
10305.3
65418.3
10366.9
48335.9
10125.9
40528
10560.4
35709.8
23875.9
13870.5
4564.32
23282.5
13800.9
4544.74
22437.8
13705.4
4582.64
21994.5
13886.4
4794.59
22315.9
14201.2
5080.83
152.19
51.8019
-457.808
44.1581
-1785.68
329.189
-49.6772
-23.9742
732.833
673.423
37.8781
13.4836
6.49306
3.35247
254.503
91.1386
57.6481
33.2942
6.96053
2.26435
0.791218
0.352683
63.2069
20.8269
6.74105
3.05134
146.18
49.2106
16.5861
7.58073
199.466
73.1144
26.9921
12.575
189.824
83.6991
33.2743
15.9718
138.218
75.562
32.5853
16.5258
143.39
78.4291
34.8441
17.5179
116.274
65.1264
27.6129
14.7484
90.3398
51.5788
24.7638
13.7277
0.77884
0.268596
0.0945761
0.0342388
0.0152631
5.33398
1.88139
0.676673
0.248408
0.111792
5.70107
2.46446
0.962454
0.369108
0.170563
6.56254
2.52101
0.929945
0.346292
0.157299
6.76002
2.83687
1.1215
0.436311
0.204038
7.5081
3.04814
1.2033
0.472312
0.223344
0.172097
0.0558644
0.0184958
0.00640461
0.00277127
1.60155
0.512067
0.171107
0.0599407
0.0261735
3.76662
1.20258
0.408879
0.145525
0.0642771
656.779
816.611
1268.3
1864.72
3514.86
1595.99
3315.48
594.512
114.718
423.827
117.69
30.3963
7.04836
1.18988
496.88
141.04
34.37
8.19909
1.5223
626.812
168.059
40.2687
9.07273
1.78934
838.198
209.293
48.3268
10.7181
2.23081
1156.94
257.281
55.1811
11.5262
2.30239
498.997
109.172
21.8829
4.01516
0.518869
859.99
178.442
36.7245
7.42282
1.39778
211.505
54.1629
10.3792
1.8264
0.164671
107.84
21.0502
2.31398
1.99246
-0.0486579
4386.68
5452.62
2227.73
2980.41
2288.59
2703.91
1117.11
1154.52
-391.381
-1804.28
-1131.09
-716.103
-338.403
-271.988
-195.871
-117.285
-38.9909
-759.965
-430.251
-226.995
-126.8
-54.0805
-697.47
-396.185
-221.445
-110.791
-34.7759
-578.24
-432.566
-292.111
-167.184
-54.467
-13310
-4513.87
-13628.6
-4855.93
-14317.9
-5423.74
-15189.3
-5934.37
-16064.7
-6022.37
-75.0164
-62.0775
427.318
-201.936
539.771
-1985.52
93.2014
84.9009
-368.184
-213.509
-3.24208
0.444483
-1.17547
-1.30521
-19.0007
5.58953
-22.1825
-19.9239
-0.295115
0.0865607
-0.00522707
-0.020927
0.854872
1.51527
0.936242
0.170844
13.1112
5.90935
2.21011
0.33734
52.4325
14.6413
2.75229
0.114671
103.317
24.9495
5.71892
1.78427
93.3814
33.5625
15.192
8.53295
129.993
34.8345
10.057
4.7117
67.4414
33.3091
19.6079
11.1705
64.8051
39.2634
20.9966
12.071
0.0895138
0.0809889
0.0401651
0.0177272
0.00905955
1.03631
0.695256
0.320652
0.137547
0.0692972
5.20425
1.73837
0.649386
0.25567
0.123674
3.46727
1.26462
0.508526
0.208114
0.102811
5.99946
2.26987
0.870034
0.342176
0.164303
6.61151
2.76247
1.09505
0.432757
0.206628
-0.00335374
0.00772871
0.00523641
0.00258865
0.00139504
0.0215698
0.0921178
0.0538494
0.0253676
0.013399
0.30124
0.304222
0.153064
0.068257
0.0351722
-625.933
-793.072
-1199.62
-1656.15
-2998.07
-1488.73
-2854.41
-642.522
-230.136
-408.633
-114.687
-29.929
-6.97543
-1.18425
-480.575
-137.446
-33.7306
-8.10367
-1.51371
-597.382
-162.145
-39.2059
-8.92556
-1.77451
-774.4
-198.03
-46.5184
-10.4816
-2.21036
-1043.03
-239.88
-52.6812
-11.2162
-2.27778
-461.053
-102.365
-21.0004
-3.96745
-0.543212
-761.183
-163.053
-34.5574
-7.17471
-1.38677
-220.954
-56.2402
-11.0174
-2.02843
-0.233008
-141.879
-28.341
-3.90469
-2.36086
-0.049875
-53.5009
-168.23
-282.481
-373.27
-380.663
-201.147
294.937
1188.72
2369.64
3282.56
3038.78
1275.7
-47.5233
-39.4152
-29.2653
-17.93
-6.0301
-149.392
-123.872
-91.9595
-56.3392
-18.9481
-250.313
-207.029
-153.312
-93.7503
-31.4993
-329.654
-271.586
-200.358
-122.173
-40.9901
-334.626
-274.227
-201.303
-122.312
-40.9663
-175.727
-143.027
-104.348
-63.1411
-21.1105
255.575
206.241
149.386
90.0015
30.0493
1019.19
813.867
584.768
350.907
117.138
2003.94
1580.37
1125.94
673.817
225.474
2730.06
2123.8
1501.38
898.081
302.447
2489.75
1915.22
1346.7
806.698
273.804
1040.71
799.746
563.756
339.436
115.95
59.7717
176.245
293.407
386.595
393.119
206.573
-300.192
-1198.2
-2363.95
-3245.79
-2977.37
-1207.71
53.2435
44.3189
33.0356
20.3071
6.84249
156.713
130.157
96.7988
59.3938
19.9926
260.313
215.635
159.953
97.9495
32.9366
341.889
282.154
208.543
127.363
42.7692
346.12
284.211
209.077
127.262
42.667
180.784
147.468
107.842
65.3828
21.884
-260.593
-210.761
-153.024
-92.3753
-30.8762
-1028.9
-823.211
-592.708
-356.292
-119.055
-2000.81
-1579.58
-1126.73
-675.03
-226.046
-2697.75
-2097.11
-1481.58
-886.014
-298.44
-2430.81
-1861.88
-1303.59
-778.472
-263.952
-971.169
-733.247
-507.531
-301.346
-102.342
458.984
0
973.055
400.633
325.789
237.504
143.64
48.0169
0
0
0
0
0
821.172
645.543
457.775
272.29
90.547
11403.2
8297.88
3165.42
14406.8
10540.1
3921.94
17954.7
12602
4554.68
22316.8
14202.3
5081.25
-2706.7
-226.845
-1771.79
-116.562
11878.9
8457.25
9793.07
6613.47
6777.09
5064.36
5522.06
3108.61
880.853
4065.65
2133.89
607.682
3183.56
1606.94
474.408
309.908
139.609
15.2369
-11.2521
260.34
139.207
48.8754
19.8023
8.16543
3.55602
1.39589
0.538071
0.249878
11.2507
4.69708
1.84968
0.721553
0.33943
-558.604
-466.092
-360.271
-250.253
-146.005
-47.9513
-19.815
-63.5244
-110.416
-152.039
-213.062
-301.498
-17.6884
-14.7598
-11.0279
-6.79057
-2.29005
-56.6738
-47.2578
-35.2846
-21.7152
-7.32113
-98.3069
-81.7682
-60.8928
-37.3968
-12.5936
-134.924
-111.778
-82.9015
-50.748
-17.0595
-188.282
-155.194
-114.513
-69.8185
-23.4199
-264.747
-216.59
-158.638
-96.1784
-32.1679
13614.1
10981.9
14920.8
13559.1
17544.2
16667
7869.59
4776.64
1476.44
11350.5
7590.08
2586.72
14541.1
9915.38
3404.69
-7250.75
-3252.02
-9156.73
-3996.54
-12050.3
-5003.7
-16064.7
-6022.37
2538.07
723.955
1485.23
591.815
70.9952
49.3168
72.2535
50.3884
183.44
102.952
65.0781
30.8454
6.90084
2.57648
1.00532
0.400246
0.193496
9.86864
4.05488
1.61303
0.639856
0.306215
21.8914
66.8723
116.494
161.869
218.152
326.036
19.5761
16.3715
12.262
7.56607
2.5546
59.7177
49.8567
37.2746
22.9657
7.74769
103.834
86.4874
64.5061
39.6672
13.368
143.876
119.437
88.7759
54.4443
18.3213
193.245
159.769
118.276
72.3113
24.2943
287.444
236.344
174.037
105.984
35.5364
707.705
605.989
483.044
346.233
207.162
68.9795
)
;
    }
    patch2
    {
        type            calculated;
        value           nonuniform List<scalar> 
348
(
-16.2681
-16.2674
402.973
144.624
0.274044
123.176
-322.659
-117.052
28.8833
-81.9468
402.898
144.603
0.274074
123.157
-322.606
-117.036
28.8809
-81.9332
308.714
112.06
60.1627
5.25858
-10.7792
-12.3754
21.7785
2440.64
550.944
505.181
308.31
71.652
84.9002
297.583
40.2588
34.274
35.6
-5.5993
1450.82
406.681
211.987
135.655
297.03
201.397
73.8979
124.96
-27.3844
4.64902
99.8645
88.3657
1176.3
321.527
508.259
241.598
304.895
-2.96955
-9.17138
-14.5162
-17.3775
-13.546
6.76517
-5.45483
-16.8645
-26.8571
-32.2804
-27.1659
-3.04313
-2.15879
-2.04207
-6.44346
-6.2328
-9.23458
-9.49063
-8.0074
-9.33646
-4.78788
-8.81431
3.46834
-4.01521
60.8664
136.237
224.046
157.073
130.716
52.6158
47.2019
123.455
206.383
244.324
201.874
82.6619
3.45282
9.78905
15.4127
18.7372
15.6411
-3.29726
6.26209
17.8605
28.1668
33.8815
28.8739
4.7496
2.48872
2.30354
6.88297
6.62202
9.87808
10.1165
8.91544
10.1613
6.4725
9.01635
1.03729
5.84582
-55.5
-128.26
-210.546
-138.333
-111.508
-34.4923
-45.2211
-120.591
-200.78
-235.083
-189.611
-68.7661
-261.373
-83.9142
-47.1447
5.26051
23.1911
28.9213
-2.7588
-2541.26
-355.767
-401.681
-137.808
-26.7308
-303.624
15.8254
109.555
43.6746
-1428.57
-318.136
-123.208
-91.7331
-276.756
-147.084
-52.9186
-99.9303
78.2421
30.0431
-67.6392
-53.9199
-1145.6
-294.404
-424.646
-202.463
-273.616
308.7
112.061
60.1548
5.25845
-10.7775
-12.3733
21.7759
2440.04
550.801
505.062
308.232
71.6314
84.8831
297.52
40.2451
34.2654
35.5893
-5.5992
1450.5
406.598
211.948
135.633
296.977
201.369
73.8883
124.942
-27.3814
4.64803
99.8472
88.3517
1176.09
321.484
508.184
241.567
304.85
-2.96918
-9.17007
-14.5141
-17.375
-13.5439
6.76457
-5.45412
-16.8622
-26.8533
-32.2758
-27.162
-3.04253
-2.15853
-2.0418
-6.44253
-6.23189
-9.23321
-9.48923
-8.00617
-9.33507
-4.78702
-8.81296
3.46816
-4.0145
60.8585
136.218
224.016
157.056
130.707
52.6187
47.1957
123.439
206.355
244.293
201.851
82.6563
3.45223
9.78751
15.4103
18.7344
15.6388
-3.29709
6.26107
17.8578
28.1627
33.8768
28.8699
4.74882
2.48828
2.30313
6.88186
6.62095
9.87653
10.1149
8.91402
10.1598
6.47143
9.01504
1.03697
5.845
-55.493
-128.244
-210.518
-138.311
-111.487
-34.4793
-45.2155
-120.576
-200.754
-235.051
-189.582
-68.752
-261.289
-83.8836
-47.1386
5.26008
23.1884
28.9179
-2.75752
-2541
-355.712
-401.627
-137.79
-26.7237
-303.594
15.8264
109.549
43.671
-1428.38
-318.086
-123.186
-91.7187
-276.723
-147.06
-52.9103
-99.9167
78.2356
30.0411
-67.6296
-53.9114
-1145.41
-294.351
-424.562
-202.427
-273.578
1690.43
475.85
127.755
1780.73
528.149
148.026
1913.49
595.227
152.45
2048.61
637.086
132.552
2237.49
622.527
162.611
-2697.62
-255.973
-2684.76
-279.09
-2499.25
-205.722
-2376.71
-300.826
-2474.23
-341.979
1690.57
477.465
128.103
1779.98
527.72
148.034
1913.03
594.999
152.402
2048.06
636.894
132.504
2236.89
622.361
162.568
-2696.86
-256.603
-2682.82
-277.926
-2499.11
-205.519
-2376.6
-300.762
-2474.05
-341.941
)
;
    }
    patch3
    {
        type            calculated;
        value           nonuniform List<scalar> 
96
(
-26.0868
-80.3833
-127.762
-153.549
-118.096
74.9862
-48.4661
-149.744
-240.438
-292.404
-248.644
-22.1309
607.361
1394.9
2377.42
1692.11
1478.31
570.176
471.47
1255.63
2154.02
2609.27
2183.65
874.463
29.8475
85.1908
134.756
164.229
134.778
-46.3407
54.699
157.398
250.437
304.56
261.685
35.903
-560.867
-1324.34
-2263.99
-1575.54
-1387.74
-501.24
-453.745
-1228.94
-2107.24
-2546.16
-2115.3
-806.069
-26.084
-80.3729
-127.745
-153.529
-118.079
74.9822
-48.4607
-149.725
-240.407
-292.367
-248.614
-22.1259
607.302
1394.77
2377.21
1691.97
1478.19
570.13
471.423
1255.51
2153.82
2609.04
2183.46
874.389
29.8424
85.1781
134.737
164.205
134.758
-46.3405
54.6904
157.376
250.404
304.52
261.652
35.8961
-560.813
-1324.21
-2263.79
-1575.41
-1387.63
-501.199
-453.701
-1228.82
-2107.05
-2545.93
-2115.12
-806.001
)
;
    }
    patch4
    {
        type            calculated;
        value           nonuniform List<scalar> 
384
(
41643.5
42781.9
43723.7
78198.7
113682
71300.3
56327.1
51142.3
-76219.5
-62351.3
-95611.4
-121302
40665.6
42824
43766.1
78229.7
113723
71329.7
56337.5
49921.6
-75380
-62515.8
-95777.5
-120420
47586.7
14534.4
70535.9
22059.5
-56556
-17481.5
-78661.8
-25184.6
47600.6
14536.8
70551.8
22063.3
-56607.9
-17493.8
-78705.5
-25195.8
32938.8
11318.1
-40841.1
-13570.5
16707.7
6616.84
5738.07
2213.78
-21709
-8346.27
-7501.44
-2848.54
-40795.9
-13560
32962.8
11322.8
30856.3
22235.2
29773.6
21663.7
33573.8
10943.3
15308.9
5854.72
13738
5081.74
-55735.8
-40500.8
-46681.1
-34967.4
-41900
-13791.1
-25524.9
-9181.39
-21022.6
-7429.48
30130.4
21746.4
29852.8
21739.1
33593.3
10947
14987.5
5732.88
13791.4
5101.28
-55034.5
-39984.3
-46814.4
-35071
-41944.6
-13803
-25194.7
-9054.06
-21090.1
-7453.91
-21683.9
-8337.17
-7494.52
-2846.01
16723.3
6623.15
5741.7
2215.27
32760.2
22550.3
-31285
-22042
32760.5
22551.1
-31285
-22042.6
4920.55
5144.9
5782.3
4931.87
7588.67
4818.06
5540.84
1807.84
5396.18
8990.31
9980.9
15757.4
2984.76
5002.79
1201.09
1753.18
-7396.28
-8184.85
-7741.96
-7117.33
-8918.17
-6282.6
-6898.86
-2397.58
-6162.95
-9285.91
-10517.9
-15854.7
-3646.54
-5312.11
-1753.86
-2044.38
4878.41
5062.61
5783.46
4939.64
7589.12
4821.32
5545.67
1809.04
5397.02
8990.77
9981.45
15758.1
2985.61
5003.08
1201.24
1753.19
-7377.42
-8119.59
-7740.67
-7126.59
-8916.73
-6286.45
-6905.75
-2399.73
-6163.84
-9286.46
-10517.8
-15855.2
-3647.94
-5312.63
-1754.62
-2044.66
9389.01
27711.9
11370.6
28620.1
14257.6
27303.1
16230.2
-10700.6
-26911.7
-12323.2
-27461.8
-14677.6
-25975.9
-16552.3
9339.49
27714
11376.4
28616
14259.1
27302.5
16231.5
-10672.4
-26934.8
-12327
-27457.7
-14677.4
-25975.3
-16552.7
23049.5
22346.3
20854.8
18449.1
14790.4
7052.31
10525.3
4126.3
1374.25
-22696.6
-21978.9
-20482.7
-18124.6
-14597
-7073.13
-10485.6
-4156.13
-1400.08
22980.9
22345.9
20856.9
18449.4
14790.7
7052.58
10525.6
4126.47
1374.3
-22633.4
-21980.4
-20485.8
-18125.5
-14597.6
-7073.47
-10486.1
-4156.34
-1400.15
5077.13
4904.74
4566.22
4030.98
3235.32
1615
2362.01
955.954
319.626
-5006.22
-4835.24
-4501.93
-3980.08
-3207.25
-1618.64
-2356.13
-961.328
-324.356
5054.71
4903.86
4566.57
4030.97
3235.32
1615.05
2362.05
955.986
319.636
-4984.42
-4834.63
-4502.49
-3980.2
-3207.32
-1618.7
-2356.2
-961.369
-324.372
1192.66
1151.04
1071.71
948.126
765.939
392.279
567.051
233.822
78.4194
-1182.3
-1141.15
-1062.97
-941.708
-762.889
-393.375
-566.95
-235.027
-79.4227
1187.03
1150.68
1071.71
948.081
765.92
392.285
567.051
233.828
78.4213
-1176.75
-1140.83
-1063.01
-941.691
-762.886
-393.386
-566.959
-235.035
-79.4258
284.979
275.073
256.583
227.878
185.404
96.749
138.592
58.0697
19.558
-284.11
-274.271
-255.929
-227.509
-185.407
-97.1045
-138.88
-58.37
-19.7878
283.604
274.957
256.565
227.856
185.393
96.7491
138.589
58.0704
19.5582
-282.743
-274.162
-255.918
-227.493
-185.399
-97.1055
-138.879
-58.3712
-19.7884
81.917
79.3642
74.3602
66.4155
54.4683
29.0158
41.1523
17.5437
5.93494
-82.0732
-79.52
-74.5161
-66.5797
-54.6367
-29.141
-41.3092
-17.6329
-5.99819
81.5106
79.3239
74.3495
66.4053
54.4628
29.0152
41.1501
17.5435
5.93491
-81.6665
-79.4807
-74.5067
-66.5707
-54.632
-29.1406
-41.3075
-17.6329
-5.99824
)
;
    }
}


// ************************************************************************* //
