/*--------------------------------*- C++ -*----------------------------------*\
  =========                 |
  \\      /  F ield         | OpenFOAM: The Open Source CFD Toolbox
   \\    /   O peration     | Website:  https://openfoam.org
    \\  /    A nd           | Version:  11
     \\/     M anipulation  |
\*---------------------------------------------------------------------------*/
FoamFile
{
    format      ascii;
    class       volScalarField;
    location    "0.7";
    object      gradTx;
}
// * * * * * * * * * * * * * * * * * * * * * * * * * * * * * * * * * * * * * //

dimensions      [0 -1 0 1 0 0 0];

internalField   nonuniform List<scalar> 
5712
(
-8354.19
-10694.3
-19480.4
-28765.8
-29503.1
-50715.6
-22340.5
-56488.1
-17939.9
-39332.8
-26820.7
-40981.4
-23827.9
-31663.4
-10560.1
-12190.1
-19411.8
-22285.3
-24570.2
-24450.2
-19023.7
-23135.4
-27763.5
-24806.9
-7035.41
-5524.97
-8715.51
-6080.43
-16473
-13636.1
-27764.6
-20671.2
-21390
-22398
-24443.7
-24056.1
-9247.13
-6934.14
-49494.1
-66305.1
-32368.7
-39659.2
-65069.5
-84720.7
-33931.6
-38910.4
-37447.4
-52909.1
-33189.2
-43747
-19782.9
-31530.2
-4016.3
-1379.18
-4190.26
-1534.85
-12060.8
-4954.73
-16269
-6103.9
-12049.4
-4586.06
-12269.1
-4006.39
-20587.6
-6663.61
-26542.7
-9102.62
-29704.3
-15208.3
-27398.1
-16234
-26918.9
-17417.1
-23926.6
-17473.9
-22470.1
-13592.5
-22567.2
-12005.1
-28448.5
-17812.7
-28621.2
-17908.4
-25446.2
-18333.6
-25809.3
-18310.3
-24259.9
-15402.5
-25154.9
-15737.2
-23387
-10580.5
-11449.1
-14502.5
-23358.9
-11651.3
-10220.3
-14964.7
-24785.1
-10444.2
-12776.8
-14459.5
-26078.3
-10677.6
-13789.1
-15015
-5162.94
-5668.06
-1792.75
-3755.6
-14816.4
-15686.3
-6046.2
-11374.7
-18929.9
-20565.3
-10024.6
-17333.9
-12162.3
284.944
-15634.7
-21057
-12459
758.254
-6302.24
-14601
-24663
-19944.4
-11957.7
-15353.9
-14577.9
-13596.8
-21874.6
-4655.32
-3590.52
-2755.58
-2652.88
-12818.6
-10012.8
-8355.64
-7718.58
-15585.8
-11894.7
-10936.5
-9458.97
-5096.76
-6768.17
-11267.7
-11915.8
-16046.5
-14205.9
-18557.4
-15263.2
-14558.8
-12101.3
-9591.66
-8922.84
-13136.7
-8713.75
-12803.1
-7767.76
-11912.7
-6916.95
-15256.1
-9294.52
-11117.8
-3374.54
-10056
-9519.06
-13171.7
-15569.3
-14671.5
-19916
-8609.77
-8167.33
-10372.9
-1338.37
-9137.93
-15854.1
-8730.82
-17242.8
-14601.2
-24849.6
-14832.9
-26659.4
-7597.08
-14470.1
-7075.54
-15664.9
-10854.3
-7030.57
-15737.6
-5513.48
-10440.7
-160.549
-13443.9
671.916
-10664.9
-11097.6
-16552.2
-7192.84
-9110.06
-13263.9
-14939.7
-9500.41
-2552.82
-2041.64
-1535.56
-1895.46
-1581.83
-1239.48
-7268.13
-4989.57
-3634.64
-5100.67
-3393.27
-2483.36
-8035.09
-5803.67
-4837.18
-6013.11
-3977.58
-3329.86
-5191.02
-3642.73
-3195.79
-9611.86
-5682.28
-4089.08
-10198.1
-5916.91
-3958.42
-10602.8
-6761.57
-5127.41
-8209.61
-4391.39
-2887.26
-13531.2
-9556.93
-6881.3
-9736.95
-6651.18
-4378.05
-9804.89
-6163.07
-3772.46
-9210.19
-5417.24
-3145.56
-10993.9
-5326.37
-2314.6
-11733
-15475.2
-9625.65
-12042.3
-13589.5
-19312.2
-12482.9
-17428.3
-6.60068
-682.817
481.261
-197.828
-3099.37
-3249.87
-1497.48
-890.104
-1221.78
-2843.38
-10111.8
-14236.6
-6520.44
-4038.73
-11422.2
-11389.2
-18423.7
-20335.7
329.382
4227.31
-8327.61
-7746.74
-7443.81
-5668.95
-1031.69
-534.269
-802.269
-406.927
-2123.77
-246.225
-71.0237
480.958
-9207.64
-2126.94
-6626.39
-1733.14
-9227.75
-2690.51
-10973.8
-3226.54
-10234.8
-12330.9
-9330.26
-11958.5
-16834.2
-16694.9
-15947.6
-15693.9
-6038.26
-8822.55
-7010.72
-8802.42
-9775.63
-11486.8
-10607
-11477.9
-16590.1
-15361.3
-17283.8
-15305.7
-6008.26
-8492.65
-6378.46
-8518.45
186.667
-770.353
-6047.22
-2862.66
551.519
-457.121
-5595.76
-2504.07
-170.419
-984.425
-6130.24
-3109.61
-445.219
-1120.8
-6048.26
-3139.19
531.968
603.253
-151.871
24.9025
2337.65
2242.08
171.06
395.218
396.585
1451.42
-1151.26
-497.177
9333.23
9990.81
4681.33
3468.66
544.849
10778.9
9884.52
3440.77
4897.82
896.195
-11255.5
-8324.48
-6546.11
-5304.7
-2421.99
510.209
387.871
74.0758
52.7929
1683.71
1343.05
258.112
177.491
1725.54
1744.59
-156.927
-149.321
4663.7
1479.09
6704.81
3400.35
2548.2
1502.03
2810.41
2016.2
100.931
-287.34
-4166.57
-2489.87
-1495.99
389.684
-1047.44
340.355
-1079.84
-75.4576
-752.54
-690.593
-5052.21
-4190.28
-9285.08
-5372.03
-8331.9
-7570.36
-12439.1
-9487.31
-6499.44
-3553.36
-3282.99
-2889.69
-10868.6
-4704.57
-11831.3
-5217.9
-13813.1
-9745.57
-14646.9
-10496.9
-7875.5
-2936.01
-8711.33
-3352.23
-4196.99
-2794.37
-2134.12
-2874.73
-2585.11
-2477.93
-1762.31
-2637.29
-4860.52
-2691.65
-2397.86
-3300.22
-5947.09
-2891.68
-3266.57
-3356.5
291.383
245.847
250.466
31.7165
85.6677
86.7186
1075.1
925.182
831.523
129.723
250.993
229.573
1501.8
1325.75
1186.27
-134.337
254.863
303.017
475.333
393.895
142.24
1764.98
1628.87
1366.63
1267.99
1265.4
1146.99
1601.02
1415.49
1236.47
-427.646
100.187
136.975
-3435.11
-1855.92
-992.598
10.5856
576.661
823.221
109.812
691.896
885.721
28.8247
569.198
683.264
-834.367
118.707
218.664
-0.0545178
3.25595
3.54288
6.48146
124.919
48.2471
29.0641
18.4014
-32.5472
-2.37192
29.8302
34.6266
177.512
73.738
74.8998
52.8776
-179.762
-38.908
43.8795
68.1417
-21.6445
21.6262
41.4434
36.9331
-76.3786
1.47348
4.86182
5.70637
-181.444
-41.2489
12.6968
22.3097
-602.927
-157.985
-37.451
10.99
-814.111
-205.711
-70.6469
34.8571
-412.711
-95.727
-0.352145
46.7517
-665.023
-161.612
-71.3039
23.541
-637.691
-171.428
-20.5887
30.9886
-906.771
-236.058
-75.4576
45.6957
-674.491
-190.381
-15.5018
44.4265
-959.28
-256.972
-82.3599
46.3467
-0.347035
1.10349
4.24795
9.48567
24.7148
9.84853
0.576682
8.05914
31.3469
13.1713
21.9331
30.2659
102.307
37.8358
7.6417
23.4651
-239.422
-62.9043
4.19862
43.6457
-93.4245
-14.2685
-4.20738
38.5622
-50.168
13.9378
32.0725
52.0695
3.63247
20.7128
-6.18352
37.7568
-559.972
-130.524
-57.3654
47.47
46.0696
17.3427
6.38638
8.13241
80.905
28.0142
9.89752
5.10122
98.0353
39.7969
9.29528
18.5415
211.782
74.638
23.4888
12.4083
66.9514
39.098
7.82405
28.2868
281.952
104.397
34.0058
18.4437
-27.0112
27.143
6.31166
39.2891
246.931
109.942
36.9538
21.3518
-258.197
-22.7385
-27.9701
27.9491
111.217
87.7801
26.2263
18.4593
-621.227
-107.587
-50.8421
26.3103
-186.904
-4.61846
0.811586
9.44194
-464.435
-60.5888
-42.5305
23.8424
-80.9121
36.0828
13.5016
14.4371
-744.859
-149.995
-61.0235
28.2423
-265.92
-36.0108
-6.97747
6.71905
-821.353
-181.724
-70.3925
25.2963
-321.742
-60.1683
-14.1599
4.10698
3.1211
1.02093
0.340885
0.119692
0.0525114
4.39606
1.50341
0.525865
0.189912
0.0846675
7.44771
2.31088
0.765561
0.269056
0.118296
9.12264
3.16268
1.1199
0.407944
0.18299
9.67099
2.83264
0.928613
0.326469
0.143852
11.4397
4.03476
1.43819
0.526727
0.237271
5.18691
1.89101
0.682777
0.252877
0.115023
3.78517
1.12537
0.372194
0.133124
0.0597717
8.49091
2.69716
0.909601
0.324755
0.144549
3.90049
1.1081
0.357555
0.125452
0.0554606
10.0174
3.21595
1.10939
0.400596
0.179111
4.00541
1.15735
0.378479
0.133288
0.0588754
6.21765
1.71859
0.546453
0.19072
0.0842547
3.64716
0.944056
0.297583
0.104234
0.0462626
5.70311
1.20728
0.32056
0.101605
0.0427953
3.11519
0.581479
0.143412
0.0438894
0.018209
2.66907
0.819971
0.265937
0.091768
0.0398215
2.20352
0.69402
0.228025
0.0788978
0.0341968
6.84576
2.03289
0.661686
0.230174
0.100478
5.87103
1.79452
0.590721
0.205854
0.0897451
9.00555
2.44758
0.776657
0.268495
0.117123
7.88156
2.38243
0.793361
0.279851
0.123105
8.50877
2.62956
0.899528
0.323313
0.144055
5.53375
1.75911
0.601807
0.215489
0.0956231
4.25841
1.39151
0.487863
0.177404
0.0795733
-49.2248
-302.258
87.4645
-677.885
554.694
-732.833
1480.02
-268.3
2261.06
1063.13
-306.313
-1108.74
1561.12
1383.48
-1179.06
-2207.07
-1718.77
-2660.33
-1053.45
-257.898
-61.327
-14.6483
-4.22496
-248.351
-148.146
-21.3247
-6.4803
-3.14559
-3234.16
-786.959
-187.839
-44.6919
-12.9257
-564.159
-185.316
-51.6295
-12.3743
-4.02965
-5384.67
-1313.78
-315.01
-75.3665
-21.8186
-962.467
-329.754
-89.6383
-23.5178
-7.04107
-7119.24
-1745.04
-421.42
-101.516
-29.5699
-1156.66
-424.395
-118.198
-31.1961
-9.31108
-8744.93
-2169.43
-529.467
-128.779
-37.8987
-1339.5
-531.109
-150.762
-40.0851
-12.0872
-10069.6
-2585.65
-644.145
-159.353
-47.6351
-2368.63
-779.509
-207.94
-53.0327
-15.7829
-9485.36
-2423.63
-599.264
-147.043
-43.5932
-1719.06
-640.782
-178.115
-46.5643
-13.9085
-10312.5
-2654.21
-663.869
-164.956
-49.5554
-2755.29
-867.285
-226.895
-56.9309
-16.8725
-10721.3
-2738.19
-686.498
-170.755
-51.3626
-2895.75
-910.092
-239.335
-56.1916
-17.4666
-820.039
-8696.48
-7939.78
-2840.9
1787.8
3027.01
8329.79
12349.5
1439.14
8854.09
-2890.21
1910.81
2273.13
5182.77
10376.7
15002
15751.4
20014.5
6437.8
8402.03
-19342.2
-13307.2
-2397.72
-1408.11
-960.322
-1235.95
-1475.02
-11158.4
-8824.44
-7946.2
-7223.7
-5005.12
-3710.8
-5522.3
-2889.46
-2433.46
-2688.34
-1827.68
-18352
-8147.55
-2056.86
-3758.67
-6133.91
-3875
-3794.1
-2606.32
-1282
-1743.28
-2230.96
-2473.34
-18800.4
-11495.9
-10646.9
-7185.42
-6385.3
-7419.32
-2226.07
-2519.33
-4077.57
-12496.6
-9613.84
-6905.97
-5162.07
-3492.78
-8181.35
-5257.47
-3606.48
-2327.56
-997.383
-2040.21
-1616.82
-1154.41
-690.372
-230.526
-1221.54
-986.624
-714.848
-430.553
-143.699
-829.385
-665.835
-479.072
-286.74
-95.32
-1077.95
-875.064
-636.263
-383.73
-128.02
-1269.87
-1016.66
-730.438
-437.247
-145.502
-6579.05
-4479.83
-3005.38
-2224.96
-1863.41
-4394.34
-2855.45
-1727.63
-1185.08
-710.146
-4821.95
-2854.55
-1823.19
-1105.28
-459.897
-3512.01
-2157.84
-1272.63
-774.045
-378.684
-2233.93
-1295.6
-726.589
-418.448
-173.435
-2816.46
-2000.86
-1305.34
-738.634
-244.413
-3678.93
-2337.89
-1465.55
-825.171
-286.098
-1840.81
-1095.5
-641.495
-336.335
-108.754
-1931.31
-1423.94
-953.242
-544.999
-178.684
-2063.77
-1472.1
-955.243
-532.473
-171.999
-1469.23
-1095.03
-737.857
-422.138
-137.674
-11212
-7689
-5360.64
-3851.2
-2849.88
-5673.34
-3869.33
-2591.88
-1571.18
-624.115
-1642.82
-1222.88
-828.774
-480.48
-160.078
-3046.13
-2306.31
-1590.67
-936.704
-316.232
-4785.62
-3533.47
-2412.6
-1433.79
-505.941
-3151.15
-2398.97
-1666.6
-988.944
-335.766
-3138.34
-2425.5
-1702.63
-1013.5
-341.698
-2180.89
-1698.7
-1195.38
-708.868
-236.512
-1068.73
-825.89
-574.185
-335.644
-110.484
-1486.64
-1177.69
-837.801
-497.973
-165.208
-1828.08
-1391.17
-957.211
-557.772
-184.398
-2062.37
-1599.3
-1119.88
-661.101
-219.952
-11965.9
-8839.37
-6339.22
-4566.36
-3088.6
-7520.84
-5032.52
-3456.79
-2198.62
-949.206
-7321.73
-5342.46
-3606.98
-2277.96
-953.798
-5344.59
-3789.52
-2597.47
-1584.45
-587.645
-5056.27
-3790.3
-2620.83
-1570.58
-552.179
-5475.28
-3864.19
-2635.24
-1600.65
-585.863
-1822.93
-1392.38
-966.666
-571.071
-192.027
-2145.97
-1699.52
-1210.44
-721.202
-239.86
-3363.94
-2588.81
-1808.6
-1071.89
-359.973
-7331.81
-15106.6
-15340
-42853
-14690.5
-55715.8
-8169.51
-19952.9
-14766.4
-11336.4
-25142.1
-20794.1
-14227.7
-12902.1
-27463.2
-21238.1
-5487.3
-4161.51
-10844.5
-7643.6
-12263.5
-9326.52
-33537.3
-25298.5
-19859.7
-14699.2
-20769.9
-12316.2
-1429.95
-5106.67
-52302.5
-67537.3
-31428.2
-39580.2
-67427.5
-85774.8
-32801.8
-38659.3
-39727.2
-54105.6
-32398
-43842.4
-22299.4
-32794
-2767.57
-755.473
-4921.98
-1698.99
-9400.38
-4334.34
-19165.4
-7025.03
-4178.66
-2444.75
-10152.6
-3265.73
-20855
-6656.64
-26921.7
-9213.05
-19772.6
-10738.4
-23600.5
-14007.7
-17050.4
-12502.4
-20033.9
-15142.8
-19820.5
-11814.1
-15457.8
-8536.64
-27043.4
-16833.4
-28288.1
-17645.4
-23908.4
-17311.1
-25399.5
-18034.7
-23378.7
-14611
-24972.6
-15523.2
-22388.4
-10342.5
-10312.5
-14200
-19924.9
-10712.7
-8033.42
-14294.8
-24699.7
-10456.2
-12276.7
-14341.8
-26143.8
-10711.6
-13660.5
-14988
-1596.66
-1532.05
-446.774
-2050.26
-6483.7
-6951.74
-4317.64
-9047.61
-4226.81
-5200.56
-7051.48
-13520.2
-12841
-8983.54
-11423.4
-15111.9
-10990.4
-6682.15
-8004.88
-9087.22
-17634.7
-17785.2
-13716.2
-12690.9
-9954.58
-9325.06
-20046.4
-1693.46
-1249.06
-1029.53
-1154.36
-6130.6
-4717.59
-5506.94
-4859.34
-1558.41
-43.8078
-6701.94
-5294.5
-9425.81
-9919.24
-9071.21
-8415.4
-8365.31
-6051.76
-11346.9
-8814.18
-11995.4
-9320.76
-11814.7
-10922.9
-10874.4
-7209.11
-8805.78
-4934.49
-8535.39
-4572
-13984
-7938.53
-9696.93
-3715.68
-8977.96
-9247.38
-13025.4
-16274.4
-13939.6
-19663.8
-7557.72
-7914.18
-8717.96
-1598.19
-8559.38
-15583.8
-8551.66
-17142.2
-14085.8
-24616.4
-14659.2
-26542.4
-7061.24
-14269.5
-6914.28
-15592.5
-10223.2
-6966.79
-15651.4
-5640.74
-9362.97
-721.616
-13404.3
-377.325
-10356.2
-11005.6
-16514.4
-7198.06
-9007.87
-13227.9
-14924.2
-9500.32
-1159.63
-1058.42
-921.005
-1046.01
-3557.78
-2645.65
-3478.78
-3183.89
617.157
-90.3028
-4043.18
-4279.51
-9490.27
-8367.46
-7662.82
-5983.09
-4832.44
-3718.89
-6972.86
-5535.18
-7827.26
-5546.26
-16342.2
-12914.1
-8041.16
-5778.1
-7022.67
-4327.91
-6515.75
-3322.1
-7768.13
-2586.25
-5735.65
-9291.36
-4852.74
-9832.12
-9480.49
-11397.5
-10872.1
-14716.6
-864.543
-502.224
-446.077
-289.83
-3373.13
-2032.71
-2433.71
-883.321
-712.845
-1296.6
-8037.35
-8400.46
-3814.6
-3186.18
-10103.8
-10947.8
-16947.2
-19863.4
749.767
4349.89
-7160.18
-7312.94
-6738.2
-5436.9
-809.409
-662.323
-803.977
-610.158
-1286.6
-586.719
-86.2488
47.2092
-6959.84
-2546.89
-5893.66
-2043.66
-8540.52
-2794.65
-10668.3
-3244.48
-5332.58
-9996.31
-7308.1
-10610.1
-9382.65
-12530.1
-12889.5
-13683.2
-4885.03
-8135.8
-4199.94
-7963.2
-8758.61
-10832.7
-10284.6
-11289.8
-15211.6
-14456
-16875.7
-15056
-5390.54
-8115.88
-6166.43
-8403.51
265.966
-958.045
-5936.9
-3020.2
302.687
-939.056
-5782.05
-2839.74
-69.6541
-1087.92
-6017.9
-3180.87
-391.311
-1155.05
-6006.42
-3159.81
-798.211
-824.327
-661.671
-638.834
-1519.82
-1471.65
-750.42
-711.295
-6859.29
-5961.57
-2400.29
-2192.58
-2834.66
-4073.72
-3198.69
542.815
-577.542
-246.834
-745.338
-3386.5
2491.6
45.4382
-14858.6
-11531
-9125.78
-6766.41
-3166.05
-774.287
-627.4
-652.227
-703.24
-1396.04
-1051.21
-874.93
-1082.36
-5712.71
-5100.17
-2251.06
-2601.68
-4208.21
-5826.84
-2293.64
-4073.19
-3854.46
-3991.09
-379.262
-768.078
-1102.45
-1681.56
-9220.56
-6928.58
-6607.66
-4388.16
-4974.4
-3261.91
-3590.01
-2317.19
-1771.03
-1736.06
-6895.39
-6376.34
-9606.42
-5957.97
-9665.52
-9643.13
-12336.8
-9925.03
-7040.69
-4097.93
-4952.95
-4617.9
-10796.4
-4952.83
-11772.4
-5249.02
-13504.5
-9875.87
-14519.6
-10482.7
-7982.49
-3196.84
-8713.18
-3400.59
-4726.02
-3220.22
-2560.53
-3265.36
-3854.12
-3687.03
-2515.84
-3422.3
-5053.63
-2919.72
-2598.09
-3509.72
-5988.27
-2947.96
-3321.29
-3408.54
-449.249
-394.956
-500.99
-409.608
-930.55
-1085.05
-714.711
-616.352
-4622.52
-3991.13
-1653.58
-791.562
-6607.43
-5812.87
-4825.07
-3979.87
-3635.58
-2984.67
-1104.65
-1140.17
-1584.81
-798.763
-7302.62
-5656.09
-3840.36
-2908.47
-2708.63
-1871.84
-1668.51
-974.998
-1599.31
-92.0303
-82.9546
-31.1527
-10.6505
0.979008
-27.0825
-16.9156
3.35055
8.45036
-237.097
-86.746
0.320389
24.7592
-114.637
-56.9582
25.2558
33.804
-438.993
-145.739
9.29427
59.9357
-334.775
-126.963
-22.7287
8.59412
-254.957
-88.5996
-35.9844
-11.4274
-251.022
-79.0891
-4.66225
14.8275
-752.488
-230.953
-72.1979
-5.91076
-906.767
-246.451
-88.538
30.9955
-678.486
-203.23
-43.5441
28.9009
-805.198
-215.032
-93.3695
20.5134
-735.022
-223.119
-43.8249
21.8445
-962.119
-262.988
-88.4328
41.7726
-711.568
-211.073
-24.894
40.666
-978.13
-266.688
-87.1307
44.9079
-85.7684
-29.2665
-6.21737
6.64247
-71.7276
-21.1263
-11.1771
5.05404
-214.527
-72.929
-6.35733
21.9912
-172.053
-51.2403
-25.1986
14.656
-494.969
-152.2
-24.2043
37.6862
-431.859
-123.675
-44.3928
29.3261
-497.964
-144.539
-22.2891
35.6594
-378.465
-103.595
-48.4644
32.5246
-792.86
-207.011
-85.4665
48.654
-50.5749
-14.1497
-4.0017
4.81814
-19.1566
-6.2397
-1.28076
0.585512
-155.65
-42.6245
-20.1536
8.55419
-64.3648
-19.3911
-8.10491
-0.250763
-289.179
-75.798
-33.4715
14.4781
-136.658
-36.87
-12.5902
0.0200133
-447.554
-111.579
-42.3995
24.6011
-249.557
-58.828
-17.7301
0.0992057
-605.376
-143.631
-75.4727
10.7658
-338.758
-73.5504
-28.985
-4.03219
-820.053
-194.516
-87.9257
12.0316
-361.84
-81.9821
-30.053
-4.24557
-770.635
-180.532
-91.0562
5.61693
-384.015
-83.8783
-30.757
-4.7159
-848.439
-199.321
-83.1474
19.771
-349.746
-77.2571
-24.1849
-0.797895
-851.879
-197.104
-77.4931
22.5435
-344.32
-72.1009
-19.3366
1.81703
0.623916
-0.0705214
-0.0919297
-0.0486545
-0.0264174
-0.100996
-0.358739
-0.200465
-0.0915217
-0.0472847
1.69296
-0.198647
-0.227782
-0.117392
-0.0630411
-0.698275
-0.931193
-0.484496
-0.215872
-0.110204
2.69004
-0.243745
-0.28956
-0.147713
-0.0788196
-1.64074
-1.35803
-0.670306
-0.293289
-0.148449
-1.37417
-0.799878
-0.373201
-0.159559
-0.0796192
0.516259
-0.230894
-0.163755
-0.0771955
-0.0398015
0.624501
-0.526236
-0.349471
-0.164675
-0.0855679
0.963143
-0.112049
-0.120862
-0.0608111
-0.0321781
-0.15624
-0.864391
-0.465197
-0.208112
-0.106371
0.787047
-0.148486
-0.127837
-0.0626781
-0.0330317
1.7819
-0.130344
-0.182033
-0.0939123
-0.0499846
1.15725
-0.0886675
-0.108076
-0.0542138
-0.0285134
3.74072
0.377976
-0.00862624
-0.0276412
-0.0183636
2.30398
0.236712
0.00650286
-0.00988079
-0.00724635
0.85163
0.00432336
-0.0563617
-0.0330007
-0.0184778
0.346901
-0.0457563
-0.0526777
-0.0280674
-0.0154468
1.80826
-0.124275
-0.177591
-0.0933043
-0.050572
0.726838
-0.211554
-0.16588
-0.0822395
-0.0440715
3.40929
-0.0437835
-0.201768
-0.110124
-0.0600523
0.571873
-0.429242
-0.265337
-0.123956
-0.0648486
-0.0130356
-0.688343
-0.362041
-0.161076
-0.0823632
-0.490595
-0.481072
-0.235539
-0.103656
-0.0530358
-0.700281
-0.475195
-0.217539
-0.0932674
-0.0470036
111.02
-159.93
419.646
-365.761
848.589
-426.284
1518.82
-161.8
2000.7
784.279
-371.985
-1229.87
1256.94
861.737
-1174.21
-2221.57
-1710.51
-2656.39
-1019.28
-253.305
-60.7649
-14.6039
-4.2316
-230.93
-144.158
-21.0924
-6.45928
-3.1372
-3143.37
-774.666
-186.377
-44.6016
-12.9549
-534.965
-182.975
-51.5348
-12.4203
-4.04542
-5260.58
-1296.95
-313.108
-75.2927
-21.8786
-947.928
-330.094
-90.0451
-23.634
-7.07313
-7008.26
-1730.1
-419.942
-101.552
-29.664
-1194.05
-432.036
-119.632
-31.4513
-9.36454
-8696.34
-2163.17
-529.35
-129.044
-38.04
-1441.56
-546.623
-153.186
-40.47
-12.1604
-10118.4
-2595.45
-646.385
-159.906
-47.7965
-2411.75
-788.179
-209.467
-53.2931
-15.8305
-9515.94
-2428.53
-600.741
-147.521
-43.7613
-1823.3
-656.885
-180.622
-46.9566
-13.9791
-10353
-2662.92
-665.769
-165.39
-49.6718
-2767.13
-870.393
-227.503
-57.0449
-16.8953
-10737.1
-2741.62
-687.242
-170.921
-51.4063
-2897.24
-910.692
-239.471
-56.2142
-17.4723
-598.051
-8454.35
-7236.78
-2227.62
-1687.43
-769.674
-3891
-2427
-7545.56
-6903.42
-3698.34
-2649.07
-56.8948
-102.237
-205.331
-390.928
-694.268
-1149.87
-45.3293
-114.382
-271.641
-548.445
-973.338
-1549.31
-39.8343
-17.5673
-79.0904
-49.9927
-169.097
-128.901
-332.877
-288.093
-571.331
-509.147
-925.16
-760.658
-1720.53
-2335.93
-3042.32
-5472.6
-6987.27
-8211.72
-2217.41
-2842.3
-3251.39
-3395.47
-3324.66
-3214.93
-50.7159
-42.2456
-31.5088
-19.3754
-6.52942
-90.9419
-75.5585
-56.2062
-34.4893
-11.6094
-182.188
-150.913
-111.919
-68.512
-23.0322
-345.745
-285.301
-210.787
-128.665
-43.1894
-611.276
-501.814
-368.931
-224.388
-75.1864
-1005.8
-819.709
-598.679
-362.484
-121.218
-40.355
-33.5632
-24.9935
-15.3495
-5.16912
-101.581
-84.2352
-62.5393
-38.3174
-12.8874
-240.613
-198.913
-147.23
-89.9965
-30.2316
-484.146
-398.653
-293.942
-179.164
-60.0975
-855.33
-700.663
-514.135
-312.298
-104.583
-1353.34
-1101.34
-803.396
-486.087
-162.51
-35.5461
-29.6478
-22.1424
-13.6303
-4.59605
-15.6851
-13.0916
-9.78456
-6.02664
-2.03279
-70.4505
-58.6319
-43.6895
-26.845
-9.04285
-44.5743
-37.1405
-27.7089
-17.0421
-5.74367
-150.291
-124.741
-92.6952
-56.832
-19.1213
-114.691
-95.3205
-70.9274
-43.5313
-14.6542
-294.949
-243.91
-180.58
-110.397
-37.0863
-255.523
-211.55
-156.795
-95.9318
-32.2395
-504.062
-414.738
-305.54
-186.094
-62.3952
-449.74
-370.518
-273.262
-166.547
-55.8561
-810.58
-661.674
-483.835
-293.113
-98.0262
-667.542
-545.756
-399.489
-242.101
-80.9583
-1490.42
-1202.36
-870.642
-524.434
-175.101
-1993.38
-1584.8
-1134.92
-680.061
-227.176
-2534.86
-1973.39
-1393.7
-832.201
-279.988
-4381.08
-3311.68
-2304.93
-1382.59
-479.114
-5248.3
-3819.41
-2626.69
-1604.99
-597.453
-5904.28
-4197.44
-2867.51
-1777.47
-695.777
-1921.72
-1551
-1123.57
-676.98
-226.035
-2437.3
-1946.58
-1398.77
-839.407
-280.212
-2746.42
-2163.45
-1539.93
-921.155
-308.3
-2801.03
-2163.89
-1522.7
-910.195
-307.778
-2631.24
-1972.98
-1369.59
-823.681
-287.226
-2448.06
-1787.42
-1226.93
-743.862
-268.07
-57.7934
-105.487
-212.734
-405.988
-722.744
-1196.13
-46.4674
-118.585
-281.215
-566.793
-1003.16
-1589.36
-40.5606
-18.0579
-81.9134
-52.1949
-176.244
-135.61
-349.305
-306.008
-607.528
-561.166
-989.632
-868.776
-1782.61
-2410.31
-3125.06
-5521.94
-6989.98
-8204.62
-2260.97
-2879.9
-3276.1
-3401.45
-3316.01
-3208.94
-51.5364
-42.9498
-32.0509
-19.7175
-6.6464
-93.9114
-78.109
-58.1709
-35.7298
-12.0337
-188.96
-156.738
-116.411
-71.3514
-24.0039
-359.547
-297.196
-219.98
-134.484
-45.1822
-637.439
-524.423
-386.447
-235.495
-78.9944
-1048.59
-856.962
-627.738
-381.007
-127.587
-41.3945
-34.4557
-25.6807
-15.7834
-5.3175
-105.424
-87.5393
-65.087
-39.9272
-13.4382
-249.387
-206.474
-153.074
-93.6961
-31.4987
-501.014
-413.243
-305.259
-186.347
-62.5616
-882.889
-724.644
-532.842
-324.224
-108.683
-1390.72
-1134.21
-829.293
-502.72
-168.253
-36.2081
-30.2149
-22.578
-13.9048
-4.68981
-16.1316
-13.4733
-10.0772
-6.21069
-2.0956
-73.0245
-60.8372
-45.384
-27.9128
-9.40768
-46.5782
-38.8532
-29.0216
-17.8677
-6.02542
-156.81
-130.329
-96.99
-59.5391
-20.0463
-120.795
-100.537
-74.9246
-46.0445
-15.5118
-309.95
-256.784
-190.487
-116.646
-39.2226
-271.85
-225.529
-167.526
-102.689
-34.5471
-537.093
-443.053
-327.299
-199.803
-67.0788
-496.887
-410.609
-303.824
-185.684
-62.372
-869.699
-712.619
-523.175
-317.99
-106.541
-765.465
-628.939
-462.823
-281.713
-94.4363
-1548.61
-1253.72
-911.208
-550.535
-184.124
-2064.61
-1648.98
-1186.51
-713.693
-238.902
-2617.04
-2049.77
-1456.63
-874.003
-294.771
-4442.34
-3377.49
-2364.97
-1425.54
-495.29
-5270.09
-3851.99
-2661.72
-1633.12
-609.373
-5906.87
-4205.91
-2878.55
-1787.28
-700.269
-1963.11
-1588.07
-1153.27
-696.289
-232.748
-2474.26
-1980.79
-1426.95
-858.106
-286.791
-2772.69
-2189.37
-1562.34
-936.543
-313.835
-2811.3
-2176.85
-1535.66
-919.941
-311.511
-2628.12
-1974.03
-1373.07
-827.406
-288.985
-2444.64
-1786.01
-1226.94
-744.522
-268.521
-19277.5
-13287.7
-2512.88
-1515.82
-1163.18
-1431.32
-1648.91
-11708.9
-11837.6
-9170.93
-10259.8
-4857.39
-7933.51
-3436.58
-3681.97
-2473.36
-18672.8
-8784.92
-2549.52
-4260.11
-6560.47
-4118.43
-4037.8
-2870.84
-1594.84
-2073.37
-2836.34
-2848.82
-18619.5
-11486.7
-10907.7
-7305.04
-6578.46
-7654.81
-2524.65
-2782.89
-4381.64
-12471
-9614.73
-6926.63
-5196.34
-3524.92
-8187.48
-5274.93
-3627.97
-2346.69
-1005.73
-2150.5
-1716.1
-1234.06
-742.203
-248.579
-1320.99
-1072.93
-781.91
-473.159
-158.323
-1013.68
-822.872
-598.962
-361.889
-120.926
-1255.25
-1026.04
-751.492
-455.943
-152.62
-1430.56
-1156.11
-838.671
-505.905
-169.042
-7679.83
-5650.75
-4019.41
-2971.88
-2305.33
-7916.67
-6066.55
-4322.33
-2980.62
-1501.31
-6213.01
-4129.39
-2836.02
-1758.15
-680.333
-6931.03
-5146.8
-3619.54
-2344.23
-990.377
-3911.88
-2964.64
-2056.64
-1215.09
-407.608
-5910.46
-4190.22
-2859.36
-1691.68
-581.754
-2855.79
-2216.03
-1558.39
-924.361
-308.162
-3046.03
-2354.38
-1650.88
-977.812
-325.957
-2079.99
-1629.99
-1153.41
-685.526
-228.06
-11918.2
-8500.15
-6109.94
-4424.79
-3176
-6389.35
-4558.49
-3161.69
-1950.98
-764.053
-2107.61
-1630.68
-1146.76
-682.629
-229.602
-3528.63
-2738.65
-1934.22
-1158.39
-393.356
-5237.46
-3966.06
-2772.67
-1674.3
-592.68
-3394.91
-2625.18
-1851.63
-1110.99
-378.908
-3374.93
-2640.45
-1876.14
-1126.97
-381.468
-2431.69
-1921.56
-1371.77
-822.403
-275.826
-1361.27
-1081.81
-773.76
-462.624
-154.126
-1789.46
-1438.36
-1038.64
-624.747
-208.59
-2388.75
-1876.16
-1331.45
-794.06
-265.311
-2414.54
-1908.59
-1362.04
-815.672
-273.209
-11928.7
-8883.8
-6433.6
-4680.83
-3197.27
-7573.14
-5109.34
-3537.64
-2264.16
-977.357
-7737.29
-5777.19
-4001.76
-2565.18
-1072.52
-5505.18
-3964.21
-2755.6
-1697.4
-629.954
-5271.81
-4005.83
-2806.89
-1698.57
-599.449
-5759.91
-4150.38
-2884.74
-1774.06
-651.274
-2106.28
-1644.03
-1165.63
-699.067
-236.401
-2391.55
-1914.4
-1378.45
-828.387
-276.745
-3659.78
-2857.56
-2025.06
-1213.04
-409.323
-236.26
-702.279
-1187.35
-1712.69
-2264.1
-2817.92
-3346.53
-8857.29
-8083.92
-3144.19
-11029.2
-9503.74
-10521.3
-11529.8
-3117.83
-1996.73
-7309.01
-3923.09
-13037.7
-9983.29
581.151
-2665.3
-7225.76
-6451.64
-2465.69
-9127.46
-7448.2
-8534.57
-9355.82
-2576.14
-1087.76
-6357.52
-1798.13
-10245.5
-5943.83
2618.88
-1864.63
-5235.11
-4590.9
-1701.79
-6840.12
-3953.41
-6469.87
-6774.7
-1881.24
-1014.73
-4348.71
-1969.67
-7604.02
-1738.13
2796.62
-1269.79
-3768.27
-3287.04
-1178.99
-4796.7
-1888.23
-4898.16
-5340.31
-1338.06
-1095.21
-3056.85
-2068.35
-6188.35
140.257
2103.5
-942.331
-2957.59
-2572.75
-901.378
-3456.58
-1321.69
-4017.34
-4827.16
-984.129
-1239.8
-2013.74
-2044.24
-5120.8
346.506
416.668
-773.722
-2430.61
-2194.08
-754.927
-2979.53
-1682.36
-3454.5
-4415.71
-698.511
-979.391
-1469.28
-1947.5
-5064.5
-914.077
-664.935
-1421.57
-3439.87
-5571.62
-2182.58
-5452.23
-9537.92
-7947.46
-11251.4
-887.013
-493.938
-3558.78
-1736.58
-855.455
-8434.2
-3761.89
-1291.89
-3128.13
-4754.32
-1844.95
-4890.82
-8334.28
-6933.11
-9183.85
-885.339
-371.031
-3606.12
-1485.99
-6.84404
-7917.66
-2368.88
-1076.24
-2609.7
-3659.48
-1395.58
-4216.16
-6849.91
-5542.84
-7444.11
-731.234
-414.769
-2851.9
-1465.99
-221.155
-5723.9
-2030.42
-847.891
-2168.52
-2756.26
-1028.77
-3609.47
-5588.09
-4519.18
-6142.71
-603.372
-401.65
-2394.18
-1427.36
-149.044
-4793.55
-1869.87
-699.281
-1803.69
-2230.56
-818.107
-2973.02
-4676.66
-3789.4
-5428.63
-510.338
-451.813
-1957.94
-1508.15
-324.49
-4230.93
-1899.11
-604.066
-1487.01
-1927.05
-698.305
-2566.4
-4468.19
-3278.46
-5006.87
-497.703
-528.179
-1622.51
-1415.84
-593.259
-4288.32
-2204.43
7597.17
9606.25
19525.6
28863.6
29540.3
50696.3
22351.1
56491.1
17955.8
39339.2
26875.6
40983.8
23851.2
31770.5
9072.5
10388.3
19427.2
22288.8
24563.9
24447
19026
23133.2
27760.4
24803.4
6489.53
5138.31
7930.47
5548.82
16475.5
13603.8
27830.7
20705.6
21359.4
22402.6
24433
24056.4
9244.25
6905.74
49500.9
66313.8
32369.5
39661.7
65077.4
84730.3
33931.5
38911.6
37452.7
52916.9
33188.5
43750.5
19790.7
31537.4
3784.95
1322.74
3848.15
1425.43
12023.9
4935.37
16279
6106.4
12041.6
4581.48
12251.8
3999.55
20588.8
6663.62
26546.5
9103.91
29703.6
15207
27395.9
16232.4
26915.8
17414.5
23923.5
17471.5
22466.6
13590.8
22565.9
12003.6
28447.7
17811.5
28621.1
17907.3
25444.5
18331.7
25808.3
18308.7
24259.2
15401.5
25155.3
15736.4
23381.9
10578.8
11447.4
14502.3
23354.9
11649.5
10218.3
14964.3
24784.8
10444.2
12776
14459.7
26079.8
10678.3
13788.8
15015.3
4855.71
5269.22
1723.92
3529.64
14745.3
15628
6010.52
11321.4
18918.2
20552.6
10018.9
17323.8
12162
-284.086
15633.3
21052.1
12456.7
-757.294
6302.3
14599.8
24657.3
19940.7
11956.1
15352.6
14576.1
13593.9
21873.5
4227.28
3221.32
2464.42
2410.61
12871.5
10059.3
8451.18
7779.8
15575.7
11891.5
10932.1
9457.62
5096.82
6767.95
11267.2
11915.2
16044.7
14204.5
18552.2
15260.6
14557
12101
9590.79
8922.32
13135.8
8713.26
12801.6
7767.03
11910.6
6916.02
15255.7
9294.62
11116.9
3374.27
10054.8
9518.6
13170.3
15568.3
14669.7
19914.7
8608.87
8167.11
10372
1338.15
9136.89
15853.7
8729.81
17242.4
14599.7
24848.3
14831.5
26658.2
7596.36
14470
7074.87
15664.9
10853.8
7030.57
15738
5513.7
10439.9
160.431
13444.1
-671.684
10664.8
11097.7
16552.8
7193.1
9109.88
13264.2
14940.2
9500.75
2237.21
1812.95
1391.08
1714.63
1446.72
1150.39
7323.83
5012.98
3639.05
5153.83
3416.67
2487.58
8036.54
5805.9
4838.69
6014.12
3980.43
3332.31
5190.93
3642.83
3195.94
9611.59
5682.45
4089.35
10197.6
5917.21
3958.87
10602.6
6762.72
5128.61
8209.97
4392.63
2888.6
13530.7
9556.89
6881.52
9736.66
6651.16
4378.22
9804.62
6163.16
3772.75
9210.02
5417.49
3145.99
10994
5326.67
2315.04
11704.5
15457.1
9594.19
12026.5
13576.3
19302.1
12466.8
17419.2
53.9582
595.55
-392.79
152.595
3096.56
3321.03
1494.71
966.118
1193.95
2815.81
10093.8
14214.4
6502.64
4024.52
11414.1
11385.6
18418.9
20333.6
-335.845
-4229.34
8317.18
7741.84
7437.78
5666.61
907.438
486.679
694.992
363.259
2174.39
256.494
126.188
-467.058
9196
2125.62
6618.79
1733.02
9220.27
2688.74
10969.8
3225.28
10223.8
12325.1
9321.57
11953.9
16826.6
16690.3
15941.6
15690.2
6030.44
8818.27
7001.21
8797.38
9770.28
11483.5
10604
11475.6
16586.3
15358.6
17281.4
15303.7
6003.33
8489.55
6375.8
8516.31
-190.783
769.784
6044.18
2861.53
-556.098
456.516
5592.48
2502.97
167.248
983.622
6127.83
3108.55
443.51
1120.22
6046.55
3138.35
-506.258
-568.994
138.401
-27.9268
-2315.29
-2221.53
-166.859
-387.685
-395.384
-1449.96
1151.14
497.373
-9333.06
-9989.82
-4681.58
-3468.81
-544.743
-10777.6
-9883.07
-3440.63
-4896.46
-895.79
11253.2
8321.02
6542.71
5302.01
2421
-487.263
-367.866
-80.606
-58.6693
-1665.9
-1330.72
-246.008
-167.975
-1724.06
-1742.96
157.165
149.433
-4663.43
-1479.11
-6704.44
-3400.28
-2548.48
-1502.12
-2809.84
-2015.57
-100.91
287.255
4165.43
2489.4
1494.45
-390.145
1046.1
-340.708
1078.97
75.2616
752.131
690.301
5049.75
4189.06
9282.46
5370.65
8329.88
7569.22
12436.8
9485.96
6497.09
3552.17
3280.86
2888.62
10866.4
4703.34
11829.5
5216.85
13811.1
9744.3
14645.2
10495.7
7873.51
2934.99
8709.72
3351.38
4195.29
2793.4
2133.19
2873.86
2583.56
2477.04
1761.48
2636.47
4859.06
2690.74
2396.99
3299.33
5945.82
2890.91
3265.77
3355.72
-277.913
-229.969
-233.295
-38.0794
-84.5166
-84.0815
-1065.05
-920.253
-828.551
-121.425
-247.041
-227.214
-1500.46
-1324.79
-1185.65
134.082
-254.671
-302.88
-475.325
-393.831
-142.184
-1764.99
-1628.78
-1366.54
-1267.92
-1265.24
-1146.85
-1600.47
-1414.99
-1236.1
427.429
-100.163
-136.918
3434.75
1855.87
992.667
-10.8222
-576.641
-823.127
-109.97
-691.814
-885.59
-28.8641
-569.055
-683.104
834.072
-118.719
-218.63
1.60139
-2.32544
-2.90943
-5.73892
-116.388
-44.7265
-27.0509
-17.0594
33.1972
2.60263
-29.8348
-34.7072
-174.304
-72.7099
-74.2326
-52.5002
180.001
39.0523
-43.7711
-68.06
22.2821
-21.3677
-41.315
-36.8624
76.3829
-1.42851
-4.83099
-5.68729
181.389
41.2585
-12.6806
-22.297
602.9
158.053
37.5075
-10.9471
813.898
205.702
70.6664
-34.8213
412.695
95.8058
0.423909
-46.6906
664.855
161.623
71.3286
-23.5036
637.558
171.448
20.624
-30.9584
906.54
236.034
75.4685
-45.6637
674.369
190.387
15.5285
-44.3998
959.082
256.95
82.3679
-46.3182
1.90093
-0.381822
-3.70165
-8.58146
-22.6327
-8.88368
-0.407978
-7.33831
-30.9688
-12.9605
-21.7618
-30.2536
-100.234
-37.0847
-7.37694
-23.3724
239.607
63.0433
-4.09971
-43.5677
93.6604
14.4383
4.30716
-38.4787
50.2878
-13.8194
-31.9907
-52.0077
-3.45602
-20.583
6.25231
-37.7028
559.868
130.565
57.4045
-47.4226
-44.6648
-16.456
-6.06106
-7.50168
-76.3451
-26.2008
-9.20764
-4.6997
-94.6376
-38.7341
-8.8057
-18.381
-209.773
-74.0167
-23.2502
-12.3273
-66.7097
-38.9353
-7.7533
-28.214
-281.517
-104.167
-33.9037
-18.3847
27.1398
-27.0262
-6.24642
-39.2299
-246.69
-109.789
-36.8796
-21.3046
258.165
22.7916
28.0065
-27.9067
-111.119
-87.6915
-26.1792
-18.426
620.999
107.558
50.8441
-26.2868
186.813
4.61019
-0.807287
-9.43325
464.278
60.5976
42.5484
-23.8104
80.8821
-36.0547
-13.4797
-14.4179
744.626
149.954
61.0181
-28.2233
265.816
35.9893
6.97476
-6.71487
821.161
181.692
70.3889
-25.279
321.659
60.1528
14.1587
-4.10295
-2.82998
-0.921088
-0.306401
-0.107255
-0.0469193
-3.99186
-1.35887
-0.474239
-0.170949
-0.0760657
-7.41942
-2.29815
-0.759784
-0.266521
-0.116994
-9.0807
-3.14599
-1.1124
-0.404671
-0.181316
-9.65063
-2.82554
-0.925573
-0.325093
-0.143109
-11.4168
-4.02642
-1.43456
-0.525079
-0.236381
-5.18021
-1.88858
-0.681758
-0.252415
-0.11477
-3.78183
-1.12426
-0.371762
-0.132934
-0.059667
-8.47628
-2.6921
-0.907543
-0.323847
-0.144062
-3.89479
-1.10623
-0.356831
-0.125139
-0.0552939
-9.99963
-3.20966
-1.1068
-0.399448
-0.178492
-3.99871
-1.15513
-0.377603
-0.132909
-0.0586733
-6.20977
-1.71604
-0.545473
-0.190299
-0.0840289
-3.64344
-0.942899
-0.29715
-0.104049
-0.0461636
-5.69733
-1.20558
-0.319953
-0.101355
-0.0426633
-3.11241
-0.580722
-0.143153
-0.0437848
-0.0181544
-2.40982
-0.735203
-0.237052
-0.0814184
-0.0351888
-1.98031
-0.618489
-0.201882
-0.0694864
-0.0299835
-6.82312
-2.02169
-0.656533
-0.227904
-0.0993062
-5.85306
-1.78523
-0.586314
-0.203883
-0.0887176
-8.98586
-2.44079
-0.773792
-0.267214
-0.116436
-7.86249
-2.37543
-0.790353
-0.278514
-0.122393
-8.49307
-2.62405
-0.897281
-0.322326
-0.143527
-5.52217
-1.75497
-0.6001
-0.214741
-0.0952249
-4.25121
-1.38895
-0.486828
-0.176953
-0.0793325
0.297396
236.787
-53.6324
715.506
-547.065
738.166
-1477.54
270.212
-2260.28
-1062.41
306.429
1108.88
-1560.85
-1383.16
1179.16
2207.19
1718.87
2660.44
923.233
224.593
53.2748
12.7067
3.66283
206.238
129.753
17.8033
5.47946
2.76879
3278.98
798.927
190.72
45.3787
13.1203
586.391
192.192
53.2953
12.8246
4.1491
5381.94
1313.15
314.866
75.3317
21.808
964.18
330.345
89.8056
23.5586
7.05253
7119
1744.94
421.391
101.507
29.5664
1157.34
424.621
118.266
31.2139
9.31626
8745.17
2169.46
529.466
128.776
37.8969
1339.84
531.223
150.796
40.0942
12.0899
10070
2585.74
644.163
159.355
47.6351
2368.78
779.556
207.952
53.0357
15.7837
9485.73
2423.7
599.275
147.044
43.5925
1719.27
640.852
178.136
46.5697
13.9101
10313
2654.31
663.892
164.96
49.5559
2755.43
867.325
226.904
56.933
16.873
10721.8
2738.31
686.523
170.759
51.3634
2895.88
910.13
239.344
56.1933
17.4669
817.704
8695.15
7935.85
2834.02
-1557.38
-2689.45
-8349.18
-12365.1
-1489.86
-8915.31
2871.12
-1936.31
-2290.18
-5202.5
-10416.5
-15048.3
-15667.5
-19916.2
-5537.97
-7238.1
19341.2
13306.4
2397.48
1407.95
960.217
1235.81
1474.86
11157.7
8824.17
7945.72
7223.6
5005.2
3710.54
5522.01
2889.39
2433.28
2688.2
1827.55
18350.9
8146.96
2056.69
3758.34
6133.4
3874.66
3793.75
2606.08
1281.89
1743.11
2230.77
2473.1
18799.4
11495.1
10646.2
7184.89
6384.78
7418.77
2225.87
2519.07
4077.2
12495.6
9612.83
6905.05
5161.24
3492.14
8180.65
5256.86
3605.97
2327.17
997.198
2039.98
1616.63
1154.26
690.274
230.491
1221.4
986.501
714.753
430.493
143.678
829.289
665.753
479.009
286.7
95.3061
1077.82
874.953
636.177
383.676
128.001
1269.72
1016.54
730.341
437.185
145.48
6578.32
4479.12
3004.74
2224.42
1862.93
4394.09
2855.22
1727.43
1184.9
709.998
4821.5
2854.15
1822.86
1105.05
459.784
3511.88
2157.71
1272.52
773.971
378.629
2233.93
1295.58
726.579
418.444
173.425
2816.23
2000.65
1305.18
738.529
244.374
3678.66
2337.66
1465.37
825.048
286.049
1840.75
1095.44
641.452
336.309
108.744
1931.14
1423.8
953.13
544.927
178.658
2063.63
1471.98
955.151
532.414
171.978
1469.1
1094.92
737.774
422.085
137.655
11210.9
7687.87
5359.6
3850.33
2849.19
5672.78
3868.82
2591.46
1570.87
623.978
1642.67
1222.75
828.667
480.409
160.053
3045.82
2306.03
1590.46
936.559
316.179
4785.13
3533.03
2412.25
1433.54
505.847
3150.83
2398.68
1666.38
988.792
335.711
3138.01
2425.21
1702.4
1013.35
341.644
2180.66
1698.5
1195.22
708.765
236.475
1068.63
825.8
574.115
335.599
110.468
1486.47
1177.55
837.691
497.903
165.184
1827.91
1391.01
957.09
557.694
184.371
2062.15
1599.11
1119.73
661.005
219.918
11964.9
8838.31
6338.24
4565.51
3087.95
7520.15
5031.9
3456.26
2198.22
949.017
7320.99
5341.76
3606.37
2277.5
953.58
5344.08
3789.06
2597.08
1584.17
587.531
5055.78
3789.85
2620.47
1570.33
552.083
5474.75
3863.71
2634.84
1600.37
585.745
1822.74
1392.21
966.532
570.982
191.994
2145.73
1699.32
1210.28
721.1
239.825
3363.6
2588.51
1808.36
1071.73
359.916
6783.47
13747.5
15372.6
43024.8
14738.3
55935.7
7534.99
18006.2
14749.5
11325.9
25074.7
20769.7
14211
12893.4
27394.8
21218.3
5084.84
3903.45
9890.73
6976.85
12269.9
9278.27
33691.1
25388.5
19805.6
14687.9
20743.2
12304.6
1423.3
5062.35
52314.4
67548.4
31423.4
39581.7
67437.2
85785.4
32797.5
38659.7
39736.8
54115.8
32392.2
43845.2
22312.8
32804
2663.43
754.065
4521.31
1577.41
9332.53
4305.53
19189.7
7031.14
4165.99
2439.09
10125.8
3256.19
20855.3
6656.4
26925.9
9214.44
19765.5
10734
23590.3
14003.1
17044.7
12498.6
20025.9
15138.7
19811
11810
15452
8532.73
27039.3
16830.7
28287.2
17643.9
23904.5
17308.4
25397.9
18032.9
23375.4
14608.7
24972.5
15522.1
22380.5
10340
10309.5
14199.5
19919.9
10710.7
8030.37
14294.1
24698.7
10456.1
12275.2
14341.8
26145.3
10712.2
13659.9
14988.3
1609.08
1516.27
484.907
1966.35
6369.15
6843.01
4268.7
8977.34
4220.28
5196.09
7046.63
13511.9
12838.3
8981.94
11421
15110.3
10988.8
6681.89
8004.19
9086.21
17634.4
17782.6
13712.6
12686.8
9951.1
9322.21
20045.5
1570.5
1166
896.163
1054.46
6125.83
4697.39
5573.81
4883.1
1553.46
41.7185
6697.99
5293.76
9425.74
9919.55
9071.37
8416.02
8365.09
6052.1
11345.4
8813.29
11994
9320.55
11813.2
10922.5
10872.7
7208.95
8804.53
4934.44
8534.33
4571.81
13984
7938.68
9694.89
3715.32
8975.79
9246.65
13023.4
16273.2
13937.4
19662.3
7556
7913.8
8716.37
1598.01
8557.77
15583.1
8550.48
17141.7
14084
24614.9
14657.7
26541.1
7059.99
14269.3
6913.45
15592.5
10222.4
6966.74
15651.8
5640.95
9362.03
721.572
13404.6
377.506
10355.7
11005.7
16515
7198.31
9007.59
13228.1
14924.7
9500.66
1081.39
1020.69
845.985
989.043
3536.04
2609.41
3494.17
3179.03
-617.608
90.4679
4043.13
4280.45
9490.64
8367.93
7663.34
5983.77
4832.93
3719.58
6972.62
5535.4
7827.28
5546.62
16341.9
12914.2
8041.1
5778.33
7022.67
4328.15
6515.72
3322.24
7768.25
2586.42
5738.61
9290.92
4859.47
9831.85
9478.95
11394
10867.9
14710.3
765.877
401.441
369.94
202.616
3414.65
2107.36
2492.56
970.687
718.704
1299.23
8038.76
8400.97
3816.78
3191.33
10102.6
10946.2
16943.8
19861.7
-748.58
-4349.5
7160.43
7311.6
6738.18
5436.43
695.785
601.104
688.784
550.195
1333.34
595.95
134.627
-37.6438
6962.94
2548.04
5898.58
2046.01
8541
2795.34
10667.1
3244.28
5332.09
9994.94
7307.07
10608.6
9379.94
12527.4
12885.6
13680.3
4885.24
8134.97
4200.25
7962.55
8757.17
10831
10282.7
11287.9
15208.8
14453.8
16873.7
15054.1
5390.09
8114.76
6165.16
8401.97
-264.029
958.999
5936.62
3020.19
-300.807
939.952
5781.97
2839.87
70.5091
1088.39
6017.23
3180.59
391.059
1154.99
6005.27
3159.24
692.274
711.435
603.808
578.071
1562.03
1519.44
756.678
720.728
6860.89
5962.4
2401.12
2193.16
2835
4073.44
3199.07
-541.472
578.301
247.395
745.946
3386.48
-2490.54
-44.8564
14856
11529.6
9125.09
6766.31
3166.26
657.475
518.575
580.606
627.767
1442.26
1095.77
893.949
1105.55
5713.72
5100.95
2251.35
2601.4
4208.48
5827.11
2294.15
4073.44
3854.56
3991.08
379.923
768.408
1102.84
1681.6
9219.6
6928.34
6607.23
4388.12
4974.31
3261.94
3590.17
2317.3
1771.26
1736.13
6894.68
6375.87
9605.24
5957.3
9664.15
9642.33
12335
9924
7040
4097.52
4952.7
4617.64
10795
4952.13
11770.9
5248.15
13502.8
9874.84
14518
10481.6
7981.5
3196.37
8711.89
3399.92
4725.69
3219.93
2560.45
3265.06
3854.1
3686.87
2515.93
3422.14
5053.03
2919.31
2597.79
3509.25
5987.29
2947.38
3320.68
3407.9
343.107
303.101
441.734
360.485
976.219
1121.71
739.192
637.063
4623.74
3992.62
1652.94
791.873
6607.66
5813.16
4825.14
3980.02
3635.55
2984.73
1104.91
1140.59
1584.6
798.732
7302.49
5656.26
3840.35
2908.61
2708.63
1871.96
1668.57
975.164
1599.21
92.041
75.983
28.6176
9.99535
-0.637632
23.5367
15.2965
-3.38657
-7.90846
237.429
86.8963
-0.478334
-24.9857
116.561
57.6074
-24.7323
-33.5204
439.375
145.894
-9.20121
-59.8696
335.628
127.278
22.8635
-8.52908
255.32
88.7447
36.0473
11.4561
251.161
79.1555
4.69678
-14.8087
752.811
231.089
72.266
5.95272
906.826
246.498
88.5666
-30.9674
678.798
203.365
43.6205
-28.8444
805.307
215.092
93.4003
-20.4868
735.197
223.208
43.8751
-21.8135
962.091
263.011
88.4539
-41.7436
711.58
211.113
24.9291
-40.638
978.009
266.684
87.1434
-44.8803
78.4952
26.8231
5.72104
-5.96781
64.0433
18.894
10.2075
-4.60221
214.666
73.008
6.38388
-22.1172
173.301
51.6039
25.2268
-14.7042
495.228
152.305
24.2735
-37.6265
432.121
123.782
44.4497
-29.2653
498.27
144.682
22.3651
-35.6065
378.707
103.704
48.5138
-32.4875
793.015
207.087
85.5051
-48.6238
43.2356
12.2531
3.41887
-4.47152
15.3886
5.30123
1.07181
-0.547252
158.53
43.2806
20.4573
-8.51136
66.5131
19.7904
8.22235
0.259602
289.483
75.9147
33.4969
-14.4325
137.089
37.0358
12.6437
0.00862765
447.789
111.694
42.4487
-24.5594
249.818
58.9637
17.7836
-0.0679418
605.535
143.723
75.5176
-10.7291
338.944
73.6636
29.0354
4.06227
820.12
194.585
87.9622
-12.0012
361.912
82.042
30.0839
4.2647
770.769
180.626
91.1024
-5.58193
384.138
83.9637
30.7988
4.74147
848.415
199.354
83.1687
-19.7461
349.765
77.2895
24.2035
0.810409
851.762
197.099
77.4994
-22.5238
344.282
72.1052
19.3432
-1.80993
-0.523119
0.0836719
0.0914964
0.0474542
0.025621
0.143231
0.351572
0.192547
0.0873853
0.0450687
-1.70576
0.199214
0.229658
0.118553
0.063728
0.688734
0.930474
0.485969
0.21693
0.110862
-2.674
0.249673
0.292338
0.149035
0.0795494
1.66112
1.36563
0.673785
0.294913
0.149335
1.38363
0.803344
0.37462
0.160174
0.0799436
-0.510501
0.232909
0.16452
0.0775093
0.0399617
-0.610095
0.531334
0.351606
0.165631
0.0860821
-0.957226
0.114065
0.121665
0.06116
0.032363
0.174621
0.871038
0.468005
0.209369
0.107049
-0.780593
0.150705
0.128743
0.0630794
0.0332468
-1.77286
0.133406
0.183224
0.0944189
0.0502507
-1.15229
0.0903275
0.1087
0.0544715
0.0286458
-3.73387
-0.37583
0.0094018
0.0279552
0.0185246
-2.30069
-0.235743
-0.00616396
0.0100154
0.00731451
-0.743613
0.00998776
0.057027
0.0323862
0.017992
-0.288651
0.053146
0.0525595
0.0274207
0.0149921
-1.82078
0.126134
0.179893
0.0945947
0.0513114
-0.735876
0.214458
0.168444
0.0835936
0.0448319
-3.39507
0.0490792
0.204267
0.111314
0.0607101
-0.559856
0.434379
0.267881
0.125171
0.0655185
0.0283775
0.693877
0.364387
0.162128
0.0829294
0.500532
0.484796
0.237179
0.104404
0.0534418
0.708377
0.478095
0.218725
0.0937855
0.0472784
-132.813
119.228
-394.624
392.154
-843.755
429.644
-1517.29
163.004
-2000.19
-783.816
372.066
1229.98
-1256.76
-861.516
1174.28
2221.67
1710.59
2656.5
894.137
220.715
52.8069
12.6713
3.66907
192.755
126.471
17.6442
5.46765
2.76168
3187.16
786.495
189.242
45.2882
13.1502
555.865
189.723
53.1925
12.8706
4.16549
5257.85
1296.36
312.974
75.2599
21.8685
949.147
330.629
90.2088
23.6751
7.08482
7008.06
1730.03
419.921
101.545
29.6609
1194.48
432.22
119.695
31.4688
9.36978
8696.65
2163.22
529.356
129.043
38.0386
1441.79
546.713
153.216
40.4787
12.1631
10118.9
2595.56
646.408
159.91
47.7967
2411.89
788.223
209.479
53.296
15.8313
9516.38
2428.62
600.758
147.523
43.7609
1823.47
656.944
180.64
46.9617
13.9807
10353.5
2663.03
665.794
165.395
49.6725
2767.26
870.433
227.513
57.047
16.8957
10737.6
2741.74
687.268
170.926
51.4072
2897.37
910.731
239.481
56.2159
17.4727
597.568
8453.59
7234.42
2227.77
1541.53
655.421
3922.54
2499.8
7588.05
7008.95
3397.42
2338.18
56.887
102.223
205.304
390.879
694.185
1149.74
45.3232
114.367
271.607
548.378
973.224
1549.14
39.8288
17.5648
79.0799
49.986
169.075
128.884
332.835
288.056
571.261
509.084
925.052
760.567
1720.34
2335.7
3042.04
5472.15
6986.77
8211.18
2217.17
2842.02
3251.08
3395.17
3324.4
3214.71
50.7088
42.2396
31.5043
19.3725
6.52845
90.9297
75.5481
56.1983
34.4843
11.6077
182.164
150.893
111.903
68.5023
23.0289
345.701
285.264
210.758
128.647
43.1833
611.201
501.75
368.882
224.357
75.1758
1005.68
819.607
598.6
362.435
121.201
40.3495
33.5586
24.9899
15.3473
5.16837
101.567
84.2239
62.5306
38.3119
12.8855
240.582
198.887
147.21
89.9839
30.2273
484.085
398.601
293.902
179.139
60.089
855.226
700.575
514.067
312.255
104.568
1353.18
1101.2
803.292
486.021
162.487
35.5411
29.6436
22.1391
13.6283
4.59536
15.6829
13.0898
9.78314
6.02576
2.03248
70.4409
58.6237
43.6833
26.8411
9.04152
44.5682
37.1353
27.7049
17.0396
5.74283
150.271
124.724
92.6821
56.8239
19.1185
114.676
95.3073
70.9174
43.525
14.6521
294.91
243.877
180.555
110.381
37.0809
255.489
211.521
156.773
95.918
32.2348
503.999
414.684
305.499
186.068
62.3862
449.682
370.469
273.224
166.523
55.848
810.482
661.589
483.77
293.072
98.0122
667.459
545.685
399.435
242.067
80.9466
1490.25
1202.21
870.529
524.362
175.077
1993.16
1584.61
1134.77
679.967
227.144
2534.6
1973.16
1393.52
832.082
279.946
4380.66
3311.31
2304.63
1382.38
479.037
5247.83
3818.99
2626.34
1604.75
597.352
5903.78
4196.99
2867.14
1777.21
695.663
1921.51
1550.81
1123.43
676.889
226.004
2437.04
1946.35
1398.59
839.295
280.173
2746.14
2163.2
1539.73
921.031
308.257
2800.76
2163.65
1522.51
910.071
307.734
2631
1972.77
1369.42
823.565
287.182
2447.85
1787.23
1226.78
743.757
268.029
57.7852
105.472
212.706
405.936
722.657
1195.99
46.4608
118.569
281.178
566.722
1003.04
1589.19
40.5548
18.0552
81.9017
52.1872
176.22
135.591
349.259
305.967
607.452
561.096
989.518
868.675
1782.42
2410.08
3124.78
5521.5
6989.48
8204.08
2260.74
2879.61
3275.8
3401.16
3315.75
3208.71
51.529
42.9436
32.0462
19.7145
6.6454
93.8982
78.0978
58.1625
35.7246
12.0319
188.935
156.716
116.395
71.3412
24.0004
359.5
297.157
219.95
134.465
45.1759
637.36
524.357
386.397
235.464
78.9838
1048.47
856.859
627.66
380.958
127.57
41.3886
34.4508
25.677
15.781
5.3167
105.409
87.527
65.0776
39.9214
13.4362
249.354
206.446
153.053
93.6828
31.4942
500.95
413.189
305.218
186.322
62.5529
882.781
724.554
532.773
324.181
108.669
1390.56
1134.08
829.19
502.656
168.231
36.2028
30.2104
22.5746
13.9026
4.68909
16.1291
13.4712
10.0756
6.20972
2.09527
73.0139
60.8282
45.3773
27.9086
9.40625
46.5712
38.8473
29.0172
17.8649
6.02448
156.788
130.31
96.9761
59.5304
20.0433
120.778
100.522
74.9136
46.0377
15.5095
309.909
256.749
190.461
116.63
39.2171
271.814
225.498
167.503
102.675
34.5422
537.025
442.995
327.256
199.777
67.0697
496.823
410.556
303.784
185.659
62.3635
869.597
712.533
523.11
317.949
106.528
765.375
628.863
462.765
281.677
94.4242
1548.45
1253.58
911.1
550.467
184.101
2064.4
1648.8
1186.37
713.609
238.873
2616.79
2049.56
1456.47
873.901
294.736
4441.94
3377.15
2364.71
1425.37
495.229
5269.65
3851.61
2661.42
1632.91
609.292
5906.38
4205.49
2878.2
1787.04
700.165
1962.89
1587.89
1153.13
696.202
232.719
2474
1980.58
1426.78
858.002
286.755
2772.42
2189.14
1562.16
936.43
313.795
2811.04
2176.62
1535.48
919.829
311.472
2627.89
1973.83
1372.91
827.302
288.947
2444.43
1785.83
1226.8
744.423
268.482
19276.5
13287
2512.64
1515.66
1163.07
1431.16
1648.75
11708.2
11837.4
9170.48
10259.6
4857.14
7933.19
3436.36
3681.75
2473.2
18671.6
8784.33
2549.35
4259.78
6559.98
4118.1
4037.45
2870.59
1594.72
2073.18
2836.14
2848.58
18618.5
11485.9
10907
7304.51
6577.94
7654.26
2524.44
2782.63
4381.28
12470
9613.78
6925.79
5195.6
3524.36
8186.8
5274.36
3627.5
2346.35
1005.57
2150.28
1715.92
1233.93
742.118
248.55
1320.84
1072.81
781.818
473.102
158.304
1013.58
822.786
598.898
361.849
120.913
1255.11
1025.93
751.404
455.888
152.601
1430.41
1155.98
838.579
505.848
169.023
7679.25
5650.33
4019.12
2971.67
2305.15
7916.5
6066.38
4322.2
2980.52
1501.24
6212.66
4129.16
2835.86
1758.05
680.292
6930.91
5146.67
3619.44
2344.16
990.33
3911.66
2964.47
2056.52
1215.02
407.583
5910.2
4190.02
2859.22
1691.59
581.722
2855.6
2215.88
1558.27
924.293
308.139
3045.84
2354.23
1650.76
977.742
325.933
2079.84
1629.87
1153.32
685.472
228.042
11917.2
8499.4
6109.38
4424.37
3175.66
6388.87
4558.13
3161.43
1950.81
763.984
2107.46
1630.56
1146.67
682.575
229.584
3528.35
2738.42
1934.05
1158.28
393.319
5237.04
3965.72
2772.42
1674.14
592.622
3394.62
2624.94
1851.44
1110.87
378.868
3374.62
2640.19
1875.95
1126.84
381.426
2431.47
1921.38
1371.64
822.318
275.797
1361.15
1081.72
773.693
462.583
154.112
1789.29
1438.22
1038.54
624.682
208.568
2388.57
1876.01
1331.34
793.992
265.288
2414.33
1908.42
1361.91
815.593
273.182
11927.7
8882.94
6432.88
4680.24
3196.83
7572.51
5108.83
3537.23
2263.87
977.223
7736.66
5776.68
4001.38
2564.92
1072.41
5504.71
3963.83
2755.32
1697.22
629.881
5271.35
4005.46
2806.61
1698.39
599.382
5759.44
4150
2884.45
1773.88
651.203
2106.1
1643.88
1165.52
698.998
236.377
2391.32
1914.21
1378.3
828.297
276.714
3659.46
2857.29
2024.86
1212.91
409.28
236.244
702.233
1187.27
1712.59
2263.97
2817.76
3095.14
8866.26
8093.17
2906.94
11025.2
9498.51
10517.2
11525.4
2892.36
1928.06
7284.08
3812.1
13037.6
9978.61
-574.653
2459.53
7235.29
6461.04
2274.84
9127.45
7445.69
8534.15
9353.61
2388.57
1077.5
6325.77
1676.29
10250.3
5943.45
-2606.64
1716.31
5242.13
4597.63
1566.49
6843.03
3954.1
6472.01
6774.91
1738.68
986.589
4323.23
1888.95
7609.28
1740.81
-2789.05
1167.33
3772.22
3290.49
1084.59
4799.55
1889.79
4900.2
5341.27
1239.46
1057.06
3033.77
1990.81
6192.47
-137.538
-2098.84
865.854
2959.95
2574.45
829.381
3458.85
1323.21
4018.8
4828.12
913.128
1164.32
1993.04
1999.79
5124.06
-344.126
-413.611
710.851
2432.06
2194.87
694.934
2981.34
1683.63
3455.52
4416.51
649.428
926.354
1450.65
1913.97
5067.37
916.189
667.749
1310.48
3445.04
5579.82
2013.65
5453.84
9537.43
7947.71
11249.2
794.528
405.529
3587.21
1798.52
856.035
8434.07
3761.77
1190.68
3132.65
4761.63
1700.4
4892.28
8334.07
6934.34
9182.87
794.266
290.67
3631.02
1551.76
6.84998
7917.31
2368.35
991.606
2613.13
3664.59
1284.8
4217.4
6850.19
5544.76
7444.38
656.676
332.872
2869.85
1523.5
220.799
5723.73
2029.44
781.36
2170.55
2758.93
947.09
3610.26
5588.47
4520.68
6143.37
541.378
332.129
2409.42
1467.83
148.584
4793.39
1868.87
644.787
1804.76
2231.82
753.557
2973.42
4676.96
3790.36
5429.24
457.607
387.769
1971.03
1533.99
323.807
4230.72
1897.89
557.158
1487.61
1927.6
643.55
2566.59
4468.38
3279.06
5007.35
445.15
462.527
1636.86
1436.58
592.74
4288.15
2203.76
)
;

boundaryField
{
    patch1
    {
        type            calculated;
        value           nonuniform List<scalar> 
2440
(
-9247.13
-6520.44
-7419.32
-2226.07
-2519.33
-4077.57
-7654.81
-2524.65
-2782.89
-4381.64
9244.25
6502.64
7418.77
2225.87
2519.07
4077.2
7654.26
2524.44
2782.63
4381.28
-8354.19
-19480.4
-29503.1
-22340.5
-17939.9
-26820.7
-23827.9
-10560.1
-359.469
1787.8
8329.79
1439.14
-2890.21
2273.13
10376.7
15751.4
6437.8
-19342.2
-13307.2
-2397.72
-1408.11
-960.322
-1235.95
-1475.02
-11158.4
-8824.44
-7946.2
-7223.7
-5005.12
-3710.8
-5522.3
-2889.46
-2433.46
-2688.34
-1827.68
-18352
-8147.55
-2056.86
-3758.67
-6133.91
-3875
-3794.1
-2606.32
-1282
-1743.28
-2230.96
-2473.34
-18800.4
-11495.9
-10646.9
-7185.42
-6385.3
280.73
-39.8343
-17.5673
-79.0904
-49.9927
-169.097
-128.901
-332.877
-288.093
-571.331
-509.147
-925.16
-760.658
-40.5606
-18.0579
-81.9134
-52.1949
-176.244
-135.61
-349.305
-306.008
-607.528
-561.166
-989.632
-868.776
-19277.5
-13287.7
-2512.88
-1515.82
-1163.18
-1431.32
-1648.91
-11708.9
-11837.6
-9170.93
-10259.8
-4857.39
-7933.51
-3436.58
-3681.97
-2473.36
-18672.8
-8784.92
-2549.52
-4260.11
-6560.47
-4118.43
-4037.8
-2870.84
-1594.84
-2073.37
-2836.34
-2848.82
-18619.5
-11486.7
-10907.7
-7305.04
-6578.46
7597.17
19525.6
29540.3
22351.1
17955.8
26875.6
23851.2
9072.5
358.512
-1557.38
-8349.18
-1489.86
2871.12
-2290.18
-10416.5
-15667.5
-5537.97
19341.2
13306.4
2397.48
1407.95
960.217
1235.81
1474.86
11157.7
8824.17
7945.72
7223.6
5005.2
3710.54
5522.01
2889.39
2433.28
2688.2
1827.55
18350.9
8146.96
2056.69
3758.34
6133.4
3874.66
3793.75
2606.08
1281.89
1743.11
2230.77
2473.1
18799.4
11495.1
10646.2
7184.89
6384.78
-281.15
39.8288
17.5648
79.0799
49.986
169.075
128.884
332.835
288.056
571.261
509.084
925.052
760.567
40.5548
18.0552
81.9017
52.1872
176.22
135.591
349.259
305.967
607.452
561.096
989.518
868.675
19276.5
13287
2512.64
1515.66
1163.07
1431.16
1648.75
11708.2
11837.4
9170.48
10259.6
4857.14
7933.19
3436.36
3681.75
2473.2
18671.6
8784.33
2549.35
4259.78
6559.98
4118.1
4037.45
2870.59
1594.72
2073.18
2836.14
2848.58
18618.5
11485.9
10907
7304.51
6577.94
-24056.1
-14236.6
0.0956231
0.0795733
-0.0530358
-0.0470036
-2817.92
-914.077
-664.935
-4288.32
-2204.43
24056.4
14214.4
-0.0952249
-0.0793325
0.0534418
0.0472784
2817.76
916.189
667.749
4288.15
2203.76
-22398
2259.51
742.143
1010.91
3305.73
-557.682
-716.142
-440.779
-602.771
728.377
618.839
4179.76
4927.28
-462.481
-331.973
-392.645
-300.732
-1535.56
-1239.48
-3634.64
-2483.36
-4837.18
-3329.86
-3195.79
-4089.08
-3958.42
-5127.41
-2887.26
-6881.3
-4378.05
-3772.46
-3145.56
-2314.6
-2843.38
250.466
86.7186
831.523
229.573
1186.27
303.017
142.24
1366.63
1146.99
1236.47
136.975
-992.598
823.221
885.721
683.264
218.664
8.13241
5.10122
18.5415
12.4083
28.2868
18.4437
39.2891
21.3518
27.9491
18.4593
26.3103
9.44194
23.8424
14.4371
28.2423
6.71905
25.2963
4.10698
0.0525114
0.0846675
0.118296
0.18299
0.143852
0.237271
0.115023
0.0597717
0.144549
0.0554606
0.179111
0.0588754
0.0842547
0.0462626
0.0427953
0.018209
0.0398215
0.0341968
0.100478
0.0897451
0.117123
0.123105
0.144055
-4.27409
-2.97806
-13.0717
-3.547
-22.0569
-6.27224
-29.8842
-8.29893
-38.2672
-10.898
-47.7734
-15.0991
-43.8371
-12.6888
-49.6129
-16.606
-51.3758
-17.4188
-216.685
-287.718
-1707.23
3263.24
10831.5
7531.22
3840.89
6455.3
13690.2
18456
8472.06
1580.28
653.781
1035.29
2827.28
-514.938
-689.334
-367.067
-570.864
727.917
550.012
3620.64
4116.61
-402.732
-304.254
-365.119
-283.025
-1058.48
-1046.08
-2645.65
-3183.89
-90.3028
-4279.51
-8367.46
-5983.09
-3718.89
-5535.18
-5546.26
-12914.1
-5778.1
-4327.91
-3322.1
-2586.25
-394.967
-409.612
-1085.05
-616.352
-3991.13
-791.562
-5812.87
-3979.87
-2984.67
-1140.17
-798.763
-5656.09
-2908.47
-1871.84
-974.998
-92.0303
4.81814
0.585512
8.55419
-0.250763
14.4781
0.0200133
24.6011
0.0992057
10.7658
-4.03219
12.0316
-4.24557
5.61693
-4.7159
19.771
-0.797895
22.5435
1.81703
-0.0264174
-0.0472847
-0.0630411
-0.110204
-0.0788196
-0.148449
-0.0796192
-0.0398015
-0.0855679
-0.0321781
-0.106371
-0.0330317
-0.0499846
-0.0285134
-0.0183636
-0.00724635
-0.0184778
-0.0154468
-0.050572
-0.0440715
-0.0600523
-0.0648486
-0.0823632
-4.28042
-2.97062
-13.1001
-3.56524
-22.1158
-6.30805
-29.9773
-8.35573
-38.4083
-10.9725
-47.9353
-15.1444
-44.0058
-12.7574
-49.7295
-16.6279
-51.4196
-17.4245
318.301
1516.6
-384.553
131.749
155.875
-1141.13
-684.571
-773.665
-2430.57
-2193.97
-754.796
-2979.53
-1682.36
-3454.5
-4415.71
-698.511
-979.391
-1469.28
-1947.5
-5064.5
-604.036
-1486.99
-1926.96
-698.198
-2566.4
-4468.19
-3278.46
-5006.87
-497.703
-528.179
-1622.51
-1415.84
-593.259
22402.6
-2259.49
-742.23
-1011.02
-3305.79
557.653
716.145
440.761
602.787
-728.445
-618.841
-4179.86
-4927.25
462.483
331.993
392.663
300.752
1391.08
1150.39
3639.05
2487.58
4838.69
3332.31
3195.94
4089.35
3958.87
5128.61
2888.6
6881.52
4378.22
3772.75
3145.99
2315.04
2815.81
-233.295
-84.0815
-828.551
-227.214
-1185.65
-302.88
-142.184
-1366.54
-1146.85
-1236.1
-136.918
992.667
-823.127
-885.59
-683.104
-218.63
-7.50168
-4.6997
-18.381
-12.3273
-28.214
-18.3847
-39.2299
-21.3046
-27.9067
-18.426
-26.2868
-9.43325
-23.8104
-14.4179
-28.2233
-6.71487
-25.279
-4.10295
-0.0469193
-0.0760657
-0.116994
-0.181316
-0.143109
-0.236381
-0.11477
-0.059667
-0.144062
-0.0552939
-0.178492
-0.0586733
-0.0840289
-0.0461636
-0.0426633
-0.0181544
-0.0351888
-0.0299835
-0.0993062
-0.0887176
-0.116436
-0.122393
-0.143527
3.70762
2.61297
13.2663
3.66669
22.0463
6.28387
29.8807
8.30423
38.2654
10.9008
47.7734
15.0998
43.8364
12.6904
49.6134
16.6065
51.3766
17.4191
214.86
282.26
1697.9
-2929.21
-10844.7
-7574.96
-3858.21
-6470.46
-13729.4
-18369
-7327.91
-1580.15
-653.914
-1035.44
-2827.21
514.845
689.312
366.986
570.854
-728.006
-550.042
-3620.64
-4116.62
402.686
304.242
365.115
283.031
1020.75
989.112
2609.41
3179.03
90.4679
4280.45
8367.93
5983.77
3719.58
5535.4
5546.62
12914.2
5778.33
4328.15
3322.24
2586.42
303.111
360.489
1121.71
637.063
3992.62
791.873
5813.16
3980.02
2984.73
1140.59
798.732
5656.26
2908.61
1871.96
975.164
92.041
-4.47152
-0.547252
-8.51136
0.259602
-14.4325
0.00862765
-24.5594
-0.0679418
-10.7291
4.06227
-12.0012
4.2647
-5.58193
4.74147
-19.7461
0.810409
-22.5238
-1.80993
0.025621
0.0450687
0.063728
0.110862
0.0795494
0.149335
0.0799436
0.0399617
0.0860821
0.032363
0.107049
0.0332468
0.0502507
0.0286458
0.0185246
0.00731451
0.017992
0.0149921
0.0513114
0.0448319
0.0607101
0.0655185
0.0829294
3.71358
2.60673
13.2955
3.68553
22.1057
6.31989
29.9742
8.36106
38.407
10.9752
47.9355
15.1451
44.0054
12.759
49.7302
16.6284
51.4204
17.4248
-317.701
-1520.33
385.24
-167.951
-104.641
1219.99
559.566
710.798
2432.01
2194.76
694.813
2981.34
1683.63
3455.52
4416.51
649.428
926.354
1450.65
1913.97
5067.37
557.13
1487.59
1927.51
643.452
2566.59
4468.38
3279.06
5007.35
445.15
462.527
1636.86
1436.58
592.74
-17379.4
4345
-2817.92
17378.2
-4344.85
2817.76
-19411.8
-22285.3
-19023.7
-23135.4
-7035.41
-5524.97
-16473
-13636.1
-6113.69
-7008.72
-16138.5
-17345.6
-17578
-18712.8
-11093.2
-3298.84
-17709.3
-4959.13
-3993.86
-12462.6
-10389.9
-12755.5
-9944.96
-2727.27
-2132.96
-1587.35
-7395.29
-4860.76
-3495.34
-6667.66
-4644.26
-3879.13
-11733
-15475.2
-13589.5
-19312.2
-6.60068
-682.817
-3099.37
-3249.87
807.334
739.862
2835.06
2422.31
1628.5
1889.59
5366.61
2531.07
5590.18
573.526
413.95
1702.83
1299.49
1697.26
1481.6
342.851
285.395
282.087
1131.78
978.078
861.797
1380.81
1256.22
1130.73
167.473
773.945
1738.32
2950.13
3277.79
584.004
1790.84
143.679
7.68387
310.875
1045.66
1918.46
2824.28
2933.94
571.115
1609.69
166.463
19.7566
19427.2
22288.8
19026
23133.2
6489.53
5138.31
16475.5
13603.8
5729.67
6503.94
16080.2
17297.1
17572.3
18706.1
11093
3298.91
17708.3
4513.26
3594.92
12510.4
10432.9
12750.3
9943.57
2396.39
1897
1439.48
7448.5
4883.34
3499.72
6668.77
4645.97
3880.41
11704.5
15457.1
13576.3
19302.1
53.9582
595.55
3096.56
3321.03
-760.194
-694.51
-2815.91
-2404.84
-1627.18
-1888.46
-5366.78
-2531.19
-5590.01
-545.315
-391.022
-1687.67
-1288.6
-1696.31
-1480.65
-323.595
-265.169
-261.818
-1122.52
-973.563
-859.168
-1380.02
-1255.64
-1130.35
-193.741
-741.508
-1731.52
-2948.15
-3277.3
-583.994
-1790.75
-143.675
-7.6801
-312.724
-1021.68
-1914.18
-2823.08
-2933.65
-571.14
-1609.66
-166.485
-19.7629
2429.5
5534.69
5.46113
1.89243
0.667326
0.242254
0.108284
6.54513
2.30739
0.828986
0.30469
0.137376
-1767.61
-21.672
3248.95
10144
2359.32
251.985
1.72648
0.696251
0.294778
0.124243
0.0625328
2.27558
0.96865
0.405683
0.169073
0.0843244
236.244
702.233
1187.27
1712.59
2263.97
-3155.22
-2914.04
-9868.36
-9124.39
-16598.5
-13969.3
-2462.33
-1842.93
-1478.79
-7683.69
-5716.8
-4588.42
-10208.9
-7197.75
-5676.99
0
0
0
0
0
0
0
0
-1841.75
-509.128
-362.47
-137.917
-46.9802
-32.7778
-48.2112
-33.641
-36.3309
-20.4201
-12.9216
-6.12571
-4.6001
-1.71736
-0.670013
-0.2667
-0.128909
-1.95935
-0.805176
-0.320317
-0.127064
-0.0608072
-3.19685
-31.0664
-103.15
-260.386
-500.218
-747.585
-2.85874
-2.39077
-1.79066
-1.1049
-0.373056
-27.7427
-23.1617
-17.3165
-10.6691
-3.59931
-91.9397
-76.5803
-57.117
-35.1235
-11.8368
-231.442
-192.128
-142.807
-87.5807
-29.4722
-443.107
-366.349
-271.206
-165.81
-55.7068
-659.097
-541.929
-399.061
-243.019
-81.4842
-1622.69
-1389.47
-1107.57
-793.877
-475.004
-158.164
0
0
0
0
0
0
0
0
0
0
0
0
1961.14
169.724
424.129
41.3183
-2262.88
-1985.11
-4802.44
-3746.5
-4092.8
-3298.64
-1592.85
-1232.75
-1017.97
-2868.96
-2303.21
-1965.22
-2753.65
-2298.35
-2029.81
-207.077
-93.2602
-10.1672
7.52727
-51.864
-27.7098
-9.72801
-3.94036
-5.45179
-2.37432
-0.93188
-0.359125
-0.166732
-2.23819
-0.934365
-0.367914
-0.143506
-0.0674992
1172.87
978.618
756.425
525.425
306.546
100.676
2.89279
29.5026
97.7401
244.502
444.396
633.065
2.58232
2.15477
1.60996
0.991345
0.33432
26.3209
21.9478
16.3871
10.0851
3.40011
87.0213
72.3809
53.9019
33.1034
11.1477
216.977
179.755
133.317
81.6093
27.4337
392.711
323.696
238.844
145.622
48.8473
555.896
454.777
333.092
201.945
67.5424
-3248.92
-10144.2
-2366.47
-253.838
-1.71562
-0.692159
-0.293009
-0.123447
-0.0621062
-2.2621
-0.963717
-0.403677
-0.168204
-0.0838657
-236.26
-702.279
-1187.35
-1712.69
-2264.1
-2429.57
-5534.56
-5.44987
-1.88827
-0.665605
-0.241499
-0.107883
-6.53434
-2.30337
-0.827345
-0.303972
-0.136991
1769.41
22.7367
-10175.4
-14031.4
-23270.5
-26404.6
-25977.2
-29632.1
-12158.1
-13080.1
-1895.46
-1581.83
-1239.48
-5100.67
-3393.27
-2483.36
-6013.11
-3977.58
-3329.86
-8209.61
-4391.39
-2887.26
-10993.9
-5326.37
-2314.6
576.136
-11.3129
-684.584
110.081
-1229.3
101.743
-314.596
-143.943
1279.66
1035.68
210.575
75.1303
35.9139
18.5239
371.828
133.074
84.197
48.6259
105.428
34.5262
12.1176
5.45792
278.66
91.7798
29.7454
13.4332
372.572
125.5
42.3227
19.3533
348.627
127.838
47.2106
22.0043
235.524
103.873
41.3049
19.8338
75.8081
41.4508
17.8779
9.06861
121.524
66.4818
29.5424
14.8567
35.6148
19.9513
8.45923
4.51869
8.7546
4.99883
2.40005
1.33052
4.39647
1.52329
0.537565
0.194966
0.0870757
7.77785
2.74484
0.988336
0.363214
0.163618
3.00695
1.29994
0.507731
0.194758
0.0900192
4.62275
1.7759
0.65521
0.244062
0.110904
2.25221
0.945283
0.373742
0.145423
0.0680181
0.830252
0.337109
0.133093
0.0522464
0.0247084
2.15578
0.705107
0.23485
0.0817206
0.0355095
5.46902
1.75203
0.586689
0.20593
0.0900799
7.0987
2.26732
0.771449
0.274806
0.121488
172.941
727.649
1493.72
2680.73
3942.62
468.144
2408.03
-211.301
-375.47
51.6048
-64.74
1.89443
-0.798133
-1.66796
349.92
92.4989
19.9429
5.42137
1.14237
495.669
113.482
24.2468
4.81636
1.21544
681.076
138.852
27.3872
5.26326
1.41742
840.398
149.663
26.0747
4.30871
1.0274
-29.5081
-33.689
-12.5311
-3.77606
-0.838309
369.934
38.1792
1.63244
-0.839957
-0.13603
-206.672
-66.0031
-18.4442
-4.72279
-0.945766
-253.903
-77.8938
-20.628
-4.9109
-0.966071
9849.38
13874.9
18355
22537.8
22535.6
26504
8768.93
10925.5
-821.874
-3788.37
-2374.7
-1503.99
-710.627
-571.163
-411.325
-246.298
-81.8812
-1595.67
-903.384
-476.605
-266.228
-113.554
-1464.34
-831.798
-464.93
-232.609
-73.0139
-1214.46
-908.518
-613.529
-351.145
-114.401
-921.005
-1046.01
-3478.78
-3183.89
-4043.18
-4279.51
-7827.26
-5546.26
-7768.13
-2586.25
48.0563
28.1251
-593.943
360.946
-333.159
457.267
-562.964
-485.592
710.312
355.48
17.3148
-2.53281
6.2342
7.08379
28.915
-7.6596
32.5975
29.1487
1.80705
-1.90203
-0.0580156
0.322216
-1.60757
-6.23038
-3.976
-0.740635
-32.9553
-14.8774
-5.57063
-0.831481
-91.3476
-25.4511
-4.75727
-0.17131
-127.969
-30.8468
-7.04746
-2.18566
-51.1455
-18.3606
-8.30719
-4.66476
-110.044
-29.4482
-8.48565
-3.97012
-20.6252
-10.1811
-5.99538
-3.41523
-6.27425
-3.80178
-2.03334
-1.16899
-0.451919
-0.430069
-0.215668
-0.095562
-0.0488929
-1.50737
-1.00855
-0.463972
-0.19873
-0.100029
-2.7358
-0.91348
-0.341189
-0.13431
-0.0649584
-2.42861
-0.885704
-0.356162
-0.145733
-0.0719757
-1.99405
-0.754407
-0.289161
-0.11372
-0.0546016
-0.730391
-0.305232
-0.121008
-0.0478243
-0.0228353
0.0733469
-0.0827467
-0.0596981
-0.0299697
-0.0162369
-0.0818345
-0.310586
-0.180744
-0.0850095
-0.044859
-0.554762
-0.567125
-0.285434
-0.127224
-0.0655203
219.305
767.167
1409.71
2344.98
3316.92
401.522
1992.09
-199.137
-364.96
59.15
-61.9753
1.93653
-0.794254
-1.65582
349.598
90.1419
19.376
5.315
1.13438
465.742
106.071
22.8951
4.61991
1.1966
598.34
124.002
25.0451
4.95855
1.39055
717.466
130.871
23.3861
3.9765
0.996919
-53.1245
-37.9171
-13.096
-3.82318
-0.828222
282.743
24.9303
-0.218889
-1.05121
-0.1487
-205.264
-65.7412
-18.3118
-4.67785
-0.927445
-251.097
-77.3156
-20.4989
-4.88073
-0.957395
-7.04524
-69.7182
-216.81
-486.336
-918.606
-1525.7
-2240.64
-2869.97
-3085.61
-2516.91
-1257.61
-168.053
-6.25811
-5.19041
-3.85383
-2.36114
-0.794085
-61.9117
-51.3357
-38.1104
-23.3485
-7.85262
-192.121
-158.9
-117.672
-71.9564
-24.1768
-429.51
-353.855
-261.051
-159.183
-53.4074
-807.513
-661.763
-485.785
-295.167
-98.861
-1332.89
-1084.87
-791.498
-478.937
-160.127
-1941.62
-1566.84
-1134.91
-683.762
-228.293
-2460.69
-1964.98
-1411.86
-847.237
-282.822
-2609.45
-2057.91
-1466.18
-877.443
-293.613
-2093.3
-1628.47
-1151.23
-688.636
-231.914
-1030.4
-792.638
-557.355
-333.868
-113.32
-137.097
-105.354
-74.2664
-44.7157
-15.2747
-7.87134
-73.041
-225.164
-503.797
-948.665
-1566.86
-2281.18
-2892.58
-3078.8
-2488.43
-1232.16
-159.095
-7.01165
-5.83637
-4.35047
-2.67426
-0.901093
-64.9464
-53.941
-40.1164
-24.6146
-8.28558
-199.768
-165.482
-122.751
-75.1684
-25.2763
-445.539
-367.695
-271.768
-165.977
-55.7361
-835.251
-685.856
-504.546
-307.11
-102.965
-1371.25
-1118.55
-817.993
-495.937
-165.993
-1980.27
-1601.6
-1162.85
-701.979
-234.636
-2483.9
-1987.35
-1430.89
-860.151
-287.421
-2605.86
-2057.27
-1467.48
-879.183
-294.411
-2068.28
-1607.8
-1135.91
-679.3
-228.813
-1005.99
-770.544
-539.501
-322.182
-109.241
-127.938
-96.5969
-66.8632
-39.7008
-13.4832
-1052.37
-10259.8
-2231.06
-918.579
-746.978
-544.557
-329.344
-110.095
-6931.03
-5146.8
-3619.54
-2344.23
-990.377
-1882.82
-1480.13
-1049.61
-624.324
-207.612
10187.3
14037.1
23314.8
26404.8
25998.3
29722.1
10419.2
11176.1
1714.63
1446.72
1150.39
5153.83
3416.67
2487.58
6014.12
3980.43
3332.31
8209.97
4392.63
2888.6
10994
5326.67
2315.04
-481.125
-13.0789
680.615
-56.4937
1220.83
-103.704
255.584
125.592
-1240.13
-1025.94
-195.062
-69.437
-33.4375
-17.2643
-369.623
-132.363
-83.7241
-48.3541
-99.3842
-32.331
-11.2972
-5.0357
-276.639
-91.1538
-29.5037
-13.3549
-372.125
-125.273
-42.2227
-19.298
-348.376
-127.698
-47.1429
-21.9628
-235.407
-103.798
-41.2645
-19.8071
-75.8281
-41.4544
-17.8768
-9.06627
-121.503
-66.4575
-29.5254
-14.844
-35.6434
-19.9643
-8.46465
-4.52108
-8.76766
-5.00583
-2.40337
-1.3323
-4.01081
-1.38319
-0.487041
-0.17632
-0.0786007
-7.7467
-2.7324
-0.982753
-0.36077
-0.16236
-3.00454
-1.2988
-0.507226
-0.194524
-0.0898889
-4.61613
-1.77329
-0.654129
-0.243584
-0.110645
-2.25203
-0.945071
-0.373614
-0.145352
-0.0679731
-0.830871
-0.337317
-0.133161
-0.0522676
-0.024716
-1.93759
-0.628959
-0.208238
-0.0721075
-0.0312008
-5.45179
-1.74311
-0.58246
-0.204042
-0.0890961
-7.08158
-2.26096
-0.768728
-0.2736
-0.120847
-206.257
-691.229
-1488.88
-2679.05
-3942.06
-468.103
-2407.86
211.326
375.492
-77.1032
51.032
-4.08908
0.124558
1.37616
-326.822
-85.3595
-18.2013
-4.95051
-1.01613
-493.618
-112.769
-24.0426
-4.76499
-1.20042
-680.331
-138.591
-27.3058
-5.24084
-1.4104
-840.1
-149.556
-26.0392
-4.29808
-1.02378
29.5496
33.7055
12.5367
3.77784
0.838972
-369.816
-38.1347
-1.61741
0.844656
0.137722
206.693
66.0102
18.4464
4.72344
0.945989
253.917
77.898
20.6291
4.91115
0.966126
-9860.73
-13884.7
-18388.6
-22573.9
-22462.7
-26416.7
-7404.08
-9263.7
821.783
3788.49
2374.68
1503.88
710.545
571.092
411.27
246.263
81.8692
1595.72
903.409
476.627
266.246
113.554
1464.32
831.777
464.916
232.602
73.011
1214.36
908.43
613.461
351.102
114.386
845.985
989.043
3494.17
3179.03
4043.13
4280.45
7827.28
5546.62
7768.25
2586.42
-77.1844
-82.8575
635.294
-298.028
334.86
-456.247
475.373
440.324
-675.45
-348.857
-16.6959
2.28896
-6.05335
-6.72148
-27.5952
8.11784
-32.2163
-28.936
-4.21602
1.23661
-0.074674
-0.298963
3.74273
6.634
4.09898
0.747973
33.3685
15.0396
5.62483
0.858544
91.5786
25.5725
4.80716
0.200285
128.125
30.9404
7.09214
2.21271
51.2271
18.4117
8.33402
4.681
110.156
29.5186
8.52226
3.99267
20.674
10.2108
6.01074
3.4243
6.28946
3.81059
2.03776
1.17152
0.460972
0.417071
0.206839
0.09129
0.0466542
1.50507
1.00974
0.465693
0.199764
0.100642
2.74285
0.91619
0.342252
0.134748
0.0651809
2.43873
0.889479
0.357676
0.146379
0.0723127
1.9986
0.756159
0.289834
0.113989
0.0547342
0.731652
0.305704
0.121182
0.0478903
0.0228661
-0.0377773
0.0870578
0.058984
0.0291591
0.015714
0.0733912
0.313431
0.183222
0.0863133
0.04559
0.566438
0.572045
0.287814
0.128347
0.0661362
-234.54
-741.588
-1406.67
-2343.95
-3316.59
-401.513
-1991.99
199.139
364.973
-81.3119
48.9004
-4.06927
0.128837
1.36551
-327.919
-83.1497
-17.6459
-4.84456
-1.00759
-464.255
-105.435
-22.6991
-4.569
-1.18151
-597.889
-123.799
-24.9726
-4.93728
-1.38365
-717.299
-130.797
-23.357
-3.96695
-0.993484
53.1483
37.9277
13.1001
3.82464
0.828807
-282.674
-24.9008
0.230481
1.05524
0.150256
205.276
65.7458
18.3134
4.67836
0.92763
251.109
77.3191
20.4998
4.88094
0.95744
7.04444
69.7094
216.783
486.277
918.498
1525.53
2240.4
2869.68
3085.33
2516.69
1257.51
168.04
6.25738
5.18979
3.85335
2.36084
0.793981
61.9037
51.3289
38.1052
23.3453
7.85151
192.096
158.879
117.655
71.9463
24.1733
429.456
353.809
261.016
159.161
53.3998
807.414
661.679
485.721
295.126
98.8471
1332.74
1084.74
791.395
478.872
160.105
1941.4
1566.65
1134.77
683.67
228.261
2460.43
1964.76
1411.69
847.124
282.783
2609.18
2057.68
1466
877.327
293.573
2093.1
1628.29
1151.09
688.547
231.882
1030.31
792.557
557.293
333.827
113.306
137.086
105.345
74.2597
44.7116
15.2733
7.87011
73.0308
225.134
503.734
948.552
1566.68
2280.94
2892.3
3078.52
2488.21
1232.06
159.083
7.01056
5.83545
4.34978
2.67383
0.900948
64.9372
53.9332
40.1105
24.611
8.28434
199.741
165.459
122.734
75.1577
25.2726
445.482
367.647
271.732
165.954
55.7283
835.149
685.77
504.48
307.07
102.951
1371.09
1118.42
817.892
495.873
165.972
1980.05
1601.41
1162.71
701.892
234.606
2483.64
1987.13
1430.72
860.046
287.385
2605.61
2057.05
1467.31
879.076
294.374
2068.08
1607.63
1135.78
679.214
228.783
1005.89
770.462
539.436
322.138
109.226
127.925
96.5854
66.8535
39.6941
13.4807
1052.26
10259.6
2230.91
918.485
746.899
544.498
329.308
110.083
6930.91
5146.67
3619.44
2344.16
990.33
1882.69
1480.03
1049.53
624.276
207.596
0
0
0
0
0
0
0
0
0
0
0
0
-1965.75
-170.515
-425.407
-41.7288
2262.87
1985.14
4802.62
3746.67
4092.93
3298.88
1592.88
1232.77
1017.97
2869.1
2303.32
1965.3
2753.93
2298.57
2029.98
207.086
93.2894
10.1816
-7.51887
51.7765
27.6854
9.72036
3.93828
5.45629
2.3762
0.932756
0.359549
0.166973
2.23755
0.934155
0.367865
0.143503
0.0675059
-1172.97
-978.713
-756.507
-525.488
-306.586
-100.69
-2.89313
-29.5066
-97.7533
-244.533
-444.452
-633.141
-2.58263
-2.15504
-1.61016
-0.991474
-0.334364
-26.3245
-21.9509
-16.3894
-10.0865
-3.40061
-87.0331
-72.391
-53.9096
-33.1082
-11.1493
-217.006
-179.779
-133.335
-81.6211
-27.4378
-392.762
-323.739
-238.878
-145.643
-48.8545
-555.965
-454.836
-333.138
-201.973
-67.5522
3155.19
2913.99
9868.04
9124.12
16597.3
13968.4
2462.29
1842.95
1478.83
7683.64
5716.98
4588.68
10208.8
7198.22
5677.57
0
0
0
0
0
0
0
0
1843.67
510.313
363.299
138.342
47.4409
32.9548
48.2817
33.6709
36.4822
20.4749
12.9426
6.13447
4.61132
1.72167
0.671783
0.267455
0.129299
1.96266
0.806426
0.320795
0.127253
0.0608995
3.1963
31.0617
103.135
260.351
500.155
747.498
2.85825
2.39036
1.79034
1.1047
0.37299
27.7384
23.1581
17.3138
10.6674
3.59874
91.9263
76.569
57.1085
35.1182
11.835
231.411
192.102
142.787
87.5682
29.4679
443.05
366.302
271.17
165.787
55.6992
659.019
541.863
399.011
242.988
81.4737
1622.56
1389.35
1107.48
793.809
474.962
158.15
)
;
    }
    patch2
    {
        type            calculated;
        value           nonuniform List<scalar> 
348
(
-236.26
236.244
-585.863
-192.027
-239.86
-359.973
-651.274
-236.401
-276.745
-409.323
585.745
191.994
239.825
359.916
651.203
236.377
276.714
409.28
-3492.78
-997.383
-230.526
-143.699
-95.32
-128.02
-145.502
-1863.41
-710.146
-459.897
-378.684
-173.435
-244.413
-286.098
-108.754
-178.684
-171.999
-137.674
-2849.88
-624.115
-160.078
-316.232
-505.941
-335.766
-341.698
-236.512
-110.484
-165.208
-184.398
-219.952
-3088.6
-949.206
-953.798
-587.645
-552.179
-6.52942
-11.6094
-23.0322
-43.1894
-75.1864
-121.218
-5.16912
-12.8874
-30.2316
-60.0975
-104.583
-162.51
-4.59605
-2.03279
-9.04285
-5.74367
-19.1213
-14.6542
-37.0863
-32.2395
-62.3952
-55.8561
-98.0262
-80.9583
-175.101
-227.176
-279.988
-479.114
-597.453
-695.777
-226.035
-280.212
-308.3
-307.778
-287.226
-268.07
-6.6464
-12.0337
-24.0039
-45.1822
-78.9944
-127.587
-5.3175
-13.4382
-31.4987
-62.5616
-108.683
-168.253
-4.68981
-2.0956
-9.40768
-6.02542
-20.0463
-15.5118
-39.2226
-34.5471
-67.0788
-62.372
-106.541
-94.4363
-184.124
-238.902
-294.771
-495.29
-609.373
-700.269
-232.748
-286.791
-313.835
-311.511
-288.985
-268.521
-3524.92
-1005.73
-248.579
-158.323
-120.926
-152.62
-169.042
-2305.33
-1501.31
-680.333
-990.377
-407.608
-581.754
-308.162
-325.957
-228.06
-3176
-764.053
-229.602
-393.356
-592.68
-378.908
-381.468
-275.826
-154.126
-208.59
-265.311
-273.209
-3197.27
-977.357
-1072.52
-629.954
-599.449
3492.14
997.198
230.491
143.678
95.3061
128.001
145.48
1862.93
709.998
459.784
378.629
173.425
244.374
286.049
108.744
178.658
171.978
137.655
2849.19
623.978
160.053
316.179
505.847
335.711
341.644
236.475
110.468
165.184
184.371
219.918
3087.95
949.017
953.58
587.531
552.083
6.52845
11.6077
23.0289
43.1833
75.1758
121.201
5.16837
12.8855
30.2273
60.089
104.568
162.487
4.59536
2.03248
9.04152
5.74283
19.1185
14.6521
37.0809
32.2348
62.3862
55.848
98.0122
80.9466
175.077
227.144
279.946
479.037
597.352
695.663
226.004
280.173
308.257
307.734
287.182
268.029
6.6454
12.0319
24.0004
45.1759
78.9838
127.57
5.3167
13.4362
31.4942
62.5529
108.669
168.231
4.68909
2.09527
9.40625
6.02448
20.0433
15.5095
39.2171
34.5422
67.0697
62.3635
106.528
94.4242
184.101
238.873
294.736
495.229
609.292
700.165
232.719
286.755
313.795
311.472
288.947
268.482
3524.36
1005.57
248.55
158.304
120.913
152.601
169.023
2305.15
1501.24
680.292
990.33
407.583
581.722
308.139
325.933
228.042
3175.66
763.984
229.584
393.319
592.622
378.868
381.426
275.797
154.112
208.568
265.288
273.182
3196.83
977.223
1072.41
629.881
599.382
31.7165
85.6677
86.7186
129.723
250.993
229.573
-134.337
254.863
303.017
-427.646
100.187
136.975
-834.367
118.707
218.664
-500.99
-409.608
-714.711
-616.352
-1653.58
-791.562
-1584.81
-798.763
-1599.31
-92.0303
-38.0794
-84.5166
-84.0815
-121.425
-247.041
-227.214
134.082
-254.671
-302.88
427.429
-100.163
-136.918
834.072
-118.719
-218.63
441.734
360.485
739.192
637.063
1652.94
791.873
1584.6
798.732
1599.21
92.041
)
;
    }
    patch3
    {
        type            calculated;
        value           nonuniform List<scalar> 
96
(
-56.8948
-102.237
-205.331
-390.928
-694.268
-1149.87
-45.3293
-114.382
-271.641
-548.445
-973.338
-1549.31
-1720.53
-2335.93
-3042.32
-5472.6
-6987.27
-8211.72
-2217.41
-2842.3
-3251.39
-3395.47
-3324.66
-3214.93
-57.7934
-105.487
-212.734
-405.988
-722.744
-1196.13
-46.4674
-118.585
-281.215
-566.793
-1003.16
-1589.36
-1782.61
-2410.31
-3125.06
-5521.94
-6989.98
-8204.62
-2260.97
-2879.9
-3276.1
-3401.45
-3316.01
-3208.94
56.887
102.223
205.304
390.879
694.185
1149.74
45.3232
114.367
271.607
548.378
973.224
1549.14
1720.34
2335.7
3042.04
5472.15
6986.77
8211.18
2217.17
2842.02
3251.08
3395.17
3324.4
3214.71
57.7852
105.472
212.706
405.936
722.657
1195.99
46.4608
118.569
281.178
566.722
1003.04
1589.19
1782.42
2410.08
3124.78
5521.5
6989.48
8204.08
2260.74
2879.61
3275.8
3401.16
3315.75
3208.71
)
;
    }
    patch4
    {
        type            calculated;
        value           nonuniform List<scalar> 
384
(
-12886.9
-35493.7
-59878.7
-80629.1
-65211.7
-51606
-37509.2
-14095.3
-18229.4
-51196.9
-73715.9
-26985.2
11518.5
35616.2
59889.6
80649.2
65233.5
51624.2
37628.1
11964.5
16502.6
51435.2
73999.1
24272.5
-56547.9
-81687.2
-89203.6
-122658
-60241.1
-83469.7
-92675.8
-124366
56557.8
81700.1
89217.1
122675
60260.7
83487.1
92693.9
124385
-26834
-43546
30002.7
45307
-22993.2
-8235.45
-29786.5
-11094.6
24379.6
8760.75
30628.9
11416.7
-29985.4
-45292.4
26843.5
43556.4
-10410.5
-7195.7
-32486.9
-23573.2
-40763.5
-59564.4
-4723.68
-1686.29
-17152.2
-6205.83
-12786.6
-8876.45
-38703.4
-28500.5
-44007.2
-61282.8
-5615.89
-1911.54
-20306.4
-7237.34
9424.65
6531.41
32592.4
23640.9
40772.3
59575.6
4313.33
1555.68
17184.2
6216.33
11586.4
8045.03
38911.4
28633.5
44024.7
61298.2
5119.64
1758.95
20359.2
7253.77
-24371.8
-8757.75
-30620.8
-11413.5
22998.5
8237.6
29793.2
11097.3
-19944.4
-21874.6
-17785.2
-20046.4
19940.7
21873.5
17782.6
20045.5
-1379.18
-1534.85
-4954.73
-6103.9
-4586.06
-4006.39
-6663.61
-9102.62
-10580.5
-14502.5
-11651.3
-14964.7
-10444.2
-14459.5
-10677.6
-15015
-755.473
-1698.99
-4334.34
-7025.03
-2444.75
-3265.73
-6656.64
-9213.05
-10342.5
-14200
-10712.7
-14294.8
-10456.2
-14341.8
-10711.6
-14988
1322.74
1425.43
4935.37
6106.4
4581.48
3999.55
6663.62
9103.91
10578.8
14502.3
11649.5
14964.3
10444.2
14459.7
10678.3
15015.3
754.065
1577.41
4305.53
7031.14
2439.09
3256.19
6656.4
9214.44
10340
14199.5
10710.7
14294.1
10456.1
14341.8
10712.2
14988.3
-1792.75
-3755.6
-6046.2
-11374.7
-10024.6
-17333.9
-12459
-446.774
-2050.26
-4317.64
-9047.61
-7051.48
-13520.2
-10990.4
1723.92
3529.64
6010.52
11321.4
10018.9
17323.8
12456.7
484.907
1966.35
4268.7
8977.34
7046.63
13511.9
10988.8
-1572.69
-4803.42
-7984.8
-10581.1
-12754.7
-15156
-14182.1
-15631
-15940.2
-1538.23
-4707.46
-7844.3
-10442.7
-12690
-15232
-14224.7
-15694.5
-15964.2
1390.3
4849.97
7982.81
10581
12755.1
15156.7
14182.7
15631.7
15940.9
1361.11
4753.07
7842.44
10442.8
12690.5
15232.7
14225.4
15695.2
15965
-343.823
-1044.95
-1738.36
-2304.56
-2805.2
-3459.33
-3192.8
-3591.88
-3665.4
-338.477
-1030.24
-1717.6
-2285.15
-2796.86
-3472.65
-3199.51
-3603.48
-3669.84
301.421
1057.33
1737.94
2304.51
2805.25
3459.46
3192.9
3592.03
3665.56
296.88
1042.49
1717.23
2285.15
2796.95
3472.8
3199.64
3603.63
3670
-80.5693
-245.051
-409.113
-545.522
-671.064
-846.049
-774.111
-882.314
-901.78
-79.8679
-243.184
-406.638
-543.484
-670.811
-848.996
-776.062
-884.772
-902.714
70.4589
248.021
409.012
545.501
671.066
846.073
774.127
882.344
901.814
69.8673
246.139
406.549
543.475
670.822
849.026
776.084
884.805
902.748
-19.2832
-58.7757
-98.5587
-132.254
-164.207
-210.801
-191.362
-220.743
-225.84
-19.2279
-58.6525
-98.4503
-132.276
-164.529
-211.532
-191.993
-221.307
-226.05
16.8467
59.4813
98.5318
132.245
164.204
210.805
191.363
220.748
225.847
16.8018
59.3582
98.426
132.27
164.528
211.537
191.996
221.314
226.056
-5.64141
-17.1749
-28.8478
-38.957
-48.8423
-64.0459
-57.5319
-67.5096
-69.2862
-5.65103
-17.213
-28.9262
-39.0781
-49.0232
-64.2624
-57.7547
-67.6654
-69.3426
4.92907
17.3743
28.8389
38.953
48.8399
64.0459
57.531
67.5103
69.2873
4.93799
17.4131
28.9178
39.0747
49.0213
64.2627
57.7542
67.6663
69.3437
)
;
    }
}


// ************************************************************************* //
