/*--------------------------------*- C++ -*----------------------------------*\
  =========                 |
  \\      /  F ield         | OpenFOAM: The Open Source CFD Toolbox
   \\    /   O peration     | Website:  https://openfoam.org
    \\  /    A nd           | Version:  11
     \\/     M anipulation  |
\*---------------------------------------------------------------------------*/
FoamFile
{
    format      ascii;
    class       volScalarField;
    location    "0.7";
    object      T;
}
// * * * * * * * * * * * * * * * * * * * * * * * * * * * * * * * * * * * * * //

dimensions      [0 0 0 1 0 0 0];

internalField   nonuniform List<scalar> 
5712
(
529.532
550.222
516.519
541.479
498.307
529.742
468.245
504.742
468.314
497.123
495.403
523.974
512.158
537.144
523.324
545.709
486.747
461.125
511.987
475.183
454.895
428.881
479.442
440.718
538.921
547.593
555.644
560.532
525.785
536.49
547.661
554.65
526.643
506.612
497.987
484.495
520.331
539.329
536.168
535.703
488.036
493.061
508.332
506.921
452.648
456.438
544.244
546.998
512.061
519.762
555.493
559.102
553.16
564.807
564.437
569.669
543.907
560.992
559.912
567.806
525.664
552.809
542.25
561.208
553.897
565.899
558.346
567.528
442.159
427.22
452.18
431.021
408.021
395.271
417.528
398.759
484.08
463.356
473.881
458.824
458.997
432.745
460.514
432.331
423.807
400.384
425.039
399.938
490.944
465.466
492.699
465.342
513.544
549.71
497.166
537.773
503.464
543.566
491.478
532.558
520.293
553.105
499.901
540.44
522.348
554.309
500.178
541.555
541.563
519.152
558.507
542.194
527.845
505.787
552.728
534.549
508.118
488.466
542.92
524.054
421.477
383.139
456.929
488.234
531.131
376.211
413.602
447.545
475.99
515.14
382.999
417.669
450.878
482.87
522.344
479.409
444.541
486.275
452.833
472.91
440.455
484.844
451.486
463.61
433.712
483.095
450.632
363.648
347.724
400.563
381.045
431.653
408.365
457.492
430.608
484.742
454.783
369.228
352.105
404.098
387.237
436.554
417.073
466.193
443.01
493.222
467.401
411.304
402.685
411.191
404.482
376.031
354.883
377.109
356.346
444.229
440.533
444.269
437.498
409.146
404.667
408.948
404.975
376.616
357.276
376.468
357.46
441.9
440.829
441.829
441.381
476.62
472.519
504.25
499.135
475.247
467.526
502.099
493.022
475.753
473.638
504.931
501.343
474.315
473.01
503.654
500.39
407.444
379.281
364.795
411.281
380.993
365.981
405.85
377.277
362.241
410.651
379.501
363.747
400.177
371.725
356.622
410.191
377.025
360.185
330.13
316.571
309.446
357.811
337.39
326.211
380.444
354.301
339.866
397.45
367.312
351.143
412.611
375.975
356.952
333.189
317.041
308.485
365.383
342.099
328.751
389.181
359.174
341.812
407.536
371.134
350.756
419.826
378.136
355.676
380.711
370.601
386.884
376.628
415.39
397.075
427.96
405.843
355.632
333.126
356.77
334.765
357.002
335.814
358.709
337.43
357.93
354.234
356.929
351.678
339.087
342.111
380.718
382.99
411.992
414.635
360.723
364.31
360.371
362.26
344.509
346.689
312.479
296.4
316.927
298.843
314.743
296.823
318.983
299.482
318.408
297.463
324.305
300.94
327.242
302.98
327.971
303.796
351.815
341.694
359.359
344.993
377.518
365.834
385.882
369.325
338.866
325.257
332.241
322.353
363.353
346.578
364.523
346.625
390.742
370.966
391.912
370.741
342.247
326.726
343.345
326.93
319.867
298.758
310.1
294.838
314.371
296.09
307.725
293.404
322.895
300.606
311.345
295.643
324.083
301.631
311.623
295.92
298.427
290.232
291.537
286.835
300.256
292.208
291.83
287.413
303.839
296.644
292.639
288.977
332.118
353.341
317.036
306.143
292.689
347.682
327.335
311.109
301.381
290.327
353.089
331.877
315.754
303.787
291.543
284.701
280.677
283.069
279.875
286.545
282.086
283.894
280.622
290.398
285.129
285.571
282.075
336.265
323.108
317.551
306.743
304.332
296.299
295.672
289.346
287.595
283.835
340.394
324.906
321.223
308.524
307.737
298.148
297.905
290.541
288.904
284.679
325.708
309.424
328.846
311.778
346.374
326.191
349.425
328.214
313.378
300.745
310.762
298.722
331.185
313.105
331.465
313.396
351.223
329.177
351.329
329.408
315.512
302.017
315.802
302.272
300.786
291.779
290.198
284.998
299.469
290.433
289.641
284.493
301.807
292.664
290.505
285.224
302.743
293.059
291.033
285.701
277.23
275.574
274.919
275.695
274.45
274.028
278.396
276.394
275.584
276.254
274.854
274.34
280.744
278.131
277.021
277.206
275.423
274.753
310.025
300.751
296.115
297.089
290.81
287.829
289.204
284.655
282.628
283.602
280.036
278.476
278.052
275.802
274.95
310.232
299.263
294.049
297.444
289.675
286.177
289.734
284.043
281.58
283.783
279.696
278.043
277.927
275.637
274.79
284.733
278.512
275.554
274.162
285.653
278.803
275.628
274.168
284.759
278.526
275.569
274.173
285.91
278.9
275.687
274.203
284.696
278.517
275.631
274.226
286.061
278.968
275.785
274.267
286.736
279.22
275.788
274.235
287.129
279.405
275.829
274.243
285.385
278.792
275.743
274.268
284.218
278.487
275.673
274.3
284.385
278.449
275.67
274.286
283.688
278.284
275.615
274.302
286.113
279.063
275.791
274.26
284.594
278.642
275.719
274.314
286.561
279.252
275.85
274.288
284.836
278.754
275.771
274.347
283.24
278.057
275.457
274.173
281.58
277.548
275.331
274.19
283.238
278.059
275.472
274.188
281.71
277.592
275.347
274.202
283.305
278.084
275.514
274.225
282.086
277.714
275.394
274.228
283.186
278.067
275.54
274.265
282.387
277.819
275.45
274.263
283.046
278.06
275.558
274.306
280.347
277.186
275.152
274.214
279.688
277.012
275.08
274.198
280.602
277.268
275.185
274.231
279.957
277.1
275.111
274.212
281.081
277.423
275.234
274.253
280.437
277.258
275.16
274.234
281.681
277.623
275.32
274.292
281.013
277.455
275.23
274.265
282.275
277.848
275.422
274.333
281.535
277.659
275.307
274.3
283.028
278.196
275.535
274.375
282.272
278.023
275.462
274.37
282.709
278.043
275.481
274.353
281.948
277.859
275.389
274.336
283.245
278.312
275.563
274.389
282.515
278.156
275.513
274.396
283.418
278.402
275.603
274.411
282.7
278.255
275.558
274.42
273.529
273.244
273.108
273.048
273.025
273.53
273.245
273.109
273.048
273.025
273.535
273.247
273.109
273.048
273.025
273.538
273.248
273.11
273.048
273.025
273.543
273.249
273.11
273.048
273.026
273.547
273.251
273.111
273.049
273.026
273.555
273.255
273.112
273.049
273.026
273.566
273.259
273.114
273.05
273.026
273.553
273.253
273.111
273.049
273.026
273.561
273.255
273.112
273.049
273.026
273.549
273.251
273.111
273.049
273.026
273.557
273.253
273.111
273.049
273.026
273.561
273.256
273.113
273.049
273.026
273.568
273.258
273.113
273.05
273.026
273.571
273.26
273.114
273.05
273.026
273.577
273.261
273.115
273.05
273.026
273.528
273.244
273.108
273.048
273.025
273.529
273.244
273.108
273.048
273.025
273.533
273.246
273.109
273.048
273.025
273.533
273.245
273.108
273.048
273.025
273.542
273.248
273.11
273.048
273.025
273.54
273.247
273.109
273.048
273.025
273.55
273.251
273.11
273.049
273.026
273.548
273.25
273.11
273.048
273.026
273.554
273.252
273.111
273.049
273.026
497.471
492.076
497.941
492.721
499.391
494.49
502.594
497.823
508.553
503.724
518.44
518.69
515.374
513.945
519.758
520.689
520.129
520.961
557.44
569.573
572.195
572.808
572.945
544.203
565.859
571.321
572.607
572.892
557.758
569.656
572.215
572.812
572.946
544.695
566
571.35
572.616
572.894
558.173
569.756
572.238
572.818
572.947
545.415
566.18
571.391
572.625
572.895
559.031
569.95
572.282
572.827
572.949
546.648
566.473
571.455
572.638
572.899
560.471
570.253
572.346
572.841
572.953
548.586
566.904
571.546
572.657
572.903
561.883
570.461
572.38
572.846
572.953
552.831
567.782
571.721
572.69
572.91
561.478
570.409
572.374
572.846
572.954
551.193
567.433
571.653
572.678
572.908
562.032
570.478
572.381
572.845
572.953
553.633
567.97
571.758
572.697
572.911
562.149
570.505
572.386
572.846
572.953
553.817
568.03
571.768
572.698
572.911
395.278
437.246
435.191
391.379
373.86
375.494
377.561
380.7
390.322
394.894
424.65
435.912
434.252
446.345
406.536
412.043
392.61
396.571
384.948
387.331
331.942
314.94
280.027
277.296
277.72
276.869
278.68
325.8
316.326
303.608
303.842
298.138
288.398
294.331
289.659
284.777
286.111
283.55
325.26
300.742
287.639
286.084
291.562
289.248
284.754
282.943
280.743
279.532
283.488
282.503
328.86
308.905
315.408
299.08
293.094
302.434
284.648
280.34
286.072
315.847
303.761
294.612
286.402
278.197
306.077
298.07
290.626
283.72
276.829
279.143
278.006
276.657
275.216
273.741
276.787
276.113
275.291
274.395
273.468
277.16
276.419
275.516
274.531
273.513
276.417
275.815
275.077
274.266
273.425
277.989
277.085
275.996
274.819
273.609
311.613
300.204
291.733
284.414
277.516
304.217
294.487
287.458
281.527
275.981
297.426
291.401
285.705
280.515
275.57
295.499
288.512
283.292
278.909
274.972
291.449
285.706
281.36
277.736
274.549
285.953
283.151
280.173
277.252
274.412
290.368
286.236
282.163
278.373
274.785
286.703
283.516
280.296
277.264
274.403
283.067
281.008
278.723
276.412
274.133
284.078
281.71
279.162
276.648
274.207
282.065
280.244
278.195
276.103
274.03
311.988
300.896
292.435
284.908
277.693
295.674
290.432
285.229
280.304
275.503
285.439
282.845
280.019
277.188
274.396
284.202
281.935
279.413
276.844
274.284
288.607
285.259
281.708
278.204
274.749
286.833
283.984
280.865
277.716
274.579
283.143
281.157
278.898
276.554
274.188
281.62
279.961
278.045
276.04
274.015
279.751
278.48
276.986
275.405
273.802
278.72
277.667
276.411
275.065
273.69
282.044
280.259
278.23
276.137
274.045
281.237
279.648
277.814
275.898
273.967
314.236
302.724
293.892
285.936
278.103
301.833
295.065
288.564
282.429
276.316
306.621
297.982
290.526
283.62
276.792
294.696
289.946
285.038
280.238
275.462
289.969
286.391
282.559
278.736
274.93
297.134
291.632
286.126
280.877
275.707
283.048
281.076
278.834
276.512
274.174
279.409
278.214
276.802
275.3
273.769
284.213
281.964
279.447
276.871
274.294
480.008
531.889
471.617
525.545
444.069
502.911
451.881
509.091
457.099
439.742
499.486
463.823
428.413
410.726
467.773
430.712
500.542
518.84
542.346
550.767
492.386
509.995
537.31
546.484
514.99
479.618
486.89
462.94
497.067
529.736
532.071
534.645
482.858
491.646
504.053
505.696
447.854
455.034
540.162
546.021
507.218
518.506
552.438
558.428
537.986
559.914
558.975
567.86
529.169
556.233
555.026
566.104
511.27
548.204
534.98
558.786
551.196
564.953
557.775
567.316
431.753
422.263
445.129
427.726
400.16
391.875
411.763
396.248
477.029
460.168
463.012
453.892
455.324
430.911
459.442
431.757
420.671
398.907
424.11
399.468
487.331
463.713
491.649
464.795
508.345
547.934
494.856
536.885
495.477
540.855
487.924
531.244
517.619
552.159
498.625
539.936
521.567
554.021
499.778
541.394
517.867
493.708
551.155
534.242
506.427
483.626
545.973
527.544
490.179
470.628
537.24
518.525
418.081
387.814
448.02
479.265
528.013
383.312
411.544
438.222
465.883
511.84
385.517
414.815
445.537
478.348
520.759
459.751
436.062
481.001
457.806
455.295
432.627
480.704
456.787
448.657
426.815
480.413
456.092
373.416
360.582
400.643
384.945
425.195
406.682
450.58
429.318
484.041
460.221
374.484
359.742
403.812
390.717
433.567
418.896
463.612
445.441
492.974
471.534
409.477
402.744
409.612
403.789
376.517
357.799
376.47
356.99
442.356
439.365
441.617
436.558
408.159
404.017
408.616
404.732
376.026
357.207
376.248
357.381
440.795
439.991
441.466
441.09
475.131
471.516
503.447
498.59
473.142
466.871
501.167
493.048
474.85
472.898
504.404
500.87
474
472.743
503.471
500.217
421.339
414.871
438.404
429.693
418.029
410.55
436.956
426.657
411.728
403.572
435.109
422.323
349.699
342.266
372.216
363.278
392.37
382.081
412.707
401.439
435.958
418.678
346.002
337.227
377.733
366.251
402.217
387.523
422.921
404.439
438.741
416.219
368.695
361.673
380.875
371.268
396.755
383.66
419.49
398.171
349.498
330.429
354.329
333.41
349.398
332.635
355.032
335.744
354.103
347.235
353.429
346.305
335.694
339.997
377.598
381.965
407.935
413.364
358.124
363.332
358.091
361.444
342.873
346.029
316.357
300.575
318.293
301.538
318.012
300.639
319.77
301.644
321.068
300.798
324.427
302.584
326.885
303.783
327.781
304.033
350.781
342.818
357.219
344.915
373.055
364.842
381.91
368.059
338.371
326.035
333.84
324.695
361.827
346.295
364.021
346.511
388.373
370.078
391.183
370.445
341.549
326.928
343.077
326.968
320.933
300.281
311.265
295.954
317.892
298.891
310.354
295.421
323.073
301.33
311.815
296.194
324.079
301.837
311.75
296.085
312.837
308.606
298.555
295.785
314.246
310.116
298.462
295.83
316.595
313.126
298.429
296.235
343.646
363.295
328.359
314.461
297.152
360.633
342.633
327.228
313.21
296.026
359.884
339.725
322.769
309.167
294.772
304.145
299.75
292.711
288.722
305.903
301.434
293.037
289.136
308.93
304.332
293.632
289.782
352.129
341.531
335.385
326.914
321.351
315.257
308.477
303.552
293.504
289.705
349.991
336.137
331.451
319.944
316.389
307.488
304.243
297.155
292.399
288.151
329.464
314.474
329.999
313.69
349.221
331.139
349.881
329.855
314.817
302.548
314.42
302.986
331.445
313.716
331.5
313.525
351.102
329.589
351.245
329.468
316.002
302.666
315.917
302.425
302.15
293.193
291.206
285.922
302.464
293.515
291.554
286.316
302.376
293.23
290.986
285.64
302.899
293.209
291.171
285.813
296.604
295.439
282.733
282.153
298.469
296.996
283.163
282.477
300.929
298.422
283.649
282.154
332.535
326.325
319.745
314.968
309.955
306.425
298.963
295.501
283.2
280.811
324.26
318.051
310.497
305.96
300.142
296.847
290.823
288.225
280.696
278.807
287.016
279.544
275.985
274.338
287.462
279.686
276.013
274.329
286.861
279.484
275.966
274.333
287.428
279.659
276.022
274.343
286.528
279.364
275.991
274.371
287.258
279.58
276.065
274.387
287.448
279.606
275.968
274.313
287.368
279.539
275.892
274.271
286.364
279.292
275.977
274.374
284.948
278.871
275.864
274.394
285.89
279.162
275.989
274.423
284.865
278.867
275.884
274.426
286.662
279.36
275.935
274.328
284.992
278.862
275.833
274.374
286.738
279.351
275.899
274.311
284.962
278.826
275.809
274.368
286.241
279.302
275.956
274.375
285.226
279.004
275.902
274.423
286.066
279.242
275.946
274.378
285.14
278.976
275.89
274.423
285.793
279.149
275.947
274.397
285.051
278.943
275.882
274.426
285.256
278.985
275.926
274.423
284.866
278.885
275.882
274.439
284.727
278.84
275.899
274.454
284.321
278.774
275.757
274.489
283.75
278.656
275.717
274.5
284.325
278.769
275.762
274.494
283.76
278.652
275.717
274.501
284.31
278.755
275.751
274.49
283.747
278.639
275.707
274.498
284.23
278.724
275.761
274.496
283.674
278.611
275.703
274.498
284.053
278.674
275.778
274.506
283.483
278.564
275.695
274.497
283.713
278.565
275.718
274.476
283.029
278.436
275.661
274.479
283.849
278.617
275.747
274.491
283.219
278.5
275.68
274.491
283.608
278.517
275.669
274.45
282.903
278.381
275.626
274.46
283.53
278.467
275.637
274.431
282.816
278.325
275.594
274.441
273.598
273.273
273.119
273.052
273.027
273.596
273.272
273.119
273.052
273.027
273.598
273.272
273.119
273.052
273.027
273.595
273.271
273.119
273.052
273.027
273.598
273.271
273.119
273.052
273.027
273.593
273.27
273.118
273.052
273.027
273.587
273.268
273.117
273.051
273.027
273.578
273.264
273.116
273.051
273.027
273.595
273.27
273.118
273.052
273.027
273.598
273.27
273.118
273.051
273.027
273.599
273.271
273.118
273.052
273.027
273.601
273.271
273.118
273.052
273.027
273.589
273.268
273.117
273.051
273.027
273.592
273.268
273.117
273.051
273.027
273.581
273.264
273.116
273.051
273.027
273.586
273.265
273.116
273.051
273.027
273.603
273.273
273.119
273.052
273.027
273.607
273.274
273.12
273.052
273.027
273.603
273.273
273.119
273.052
273.027
273.607
273.274
273.119
273.052
273.027
273.603
273.273
273.119
273.052
273.027
273.607
273.273
273.119
273.052
273.027
273.604
273.272
273.119
273.052
273.027
273.606
273.273
273.119
273.052
273.027
273.604
273.272
273.119
273.052
273.027
497.837
494.961
498.602
495.694
500.422
497.465
503.745
500.5
509.202
505.562
518.082
518.405
515.201
514.128
519.469
520.397
520.022
520.85
557.68
569.621
572.202
572.808
572.945
544.892
565.975
571.337
572.608
572.892
558.012
569.704
572.222
572.813
572.946
545.39
566.113
571.365
572.617
572.893
558.438
569.801
572.244
572.818
572.947
546.094
566.288
571.405
572.626
572.895
559.26
569.986
572.286
572.827
572.949
547.235
566.561
571.466
572.639
572.898
560.59
570.269
572.348
572.841
572.953
548.973
566.959
571.552
572.657
572.903
561.832
570.452
572.378
572.845
572.953
552.763
567.767
571.717
572.689
572.91
561.469
570.407
572.373
572.845
572.954
551.274
567.445
571.653
572.678
572.907
561.985
570.47
572.379
572.845
572.953
553.548
567.951
571.754
572.696
572.911
562.132
570.501
572.385
572.846
572.953
553.783
568.023
571.766
572.698
572.911
393.921
435.69
430.377
387.455
374.973
383.565
372.679
383.272
405.481
428.076
409.844
429.848
273.258
273.352
273.572
273.98
274.691
275.884
273.334
273.448
273.708
274.18
274.968
276.223
273.206
273.182
273.294
273.272
273.503
273.49
273.901
273.923
274.597
274.677
275.7
275.741
277.827
280.836
285.302
291.554
298.253
302.749
278.133
280.871
284.526
288.876
293.024
295.633
273.231
273.193
273.145
273.09
273.03
273.315
273.263
273.197
273.122
273.041
273.51
273.426
273.318
273.196
273.066
273.873
273.726
273.541
273.332
273.112
274.501
274.245
273.924
273.566
273.19
275.55
275.105
274.555
273.95
273.319
273.298
273.25
273.187
273.115
273.039
273.4
273.334
273.249
273.154
273.052
273.631
273.525
273.392
273.241
273.081
274.048
273.87
273.647
273.397
273.133
274.743
274.442
274.068
273.653
273.219
275.845
275.342
274.727
274.053
273.353
273.184
273.155
273.116
273.072
273.024
273.163
273.137
273.103
273.064
273.021
273.263
273.22
273.165
273.102
273.034
273.243
273.204
273.153
273.094
273.032
273.449
273.375
273.281
273.173
273.058
273.438
273.366
273.274
273.169
273.057
273.804
273.67
273.499
273.307
273.104
273.824
273.686
273.512
273.315
273.106
274.42
274.179
273.876
273.538
273.181
274.491
274.239
273.921
273.565
273.19
275.392
274.978
274.464
273.895
273.301
275.43
275.011
274.49
273.911
273.306
277.245
276.482
275.558
274.556
273.521
279.84
278.564
277.06
275.458
273.823
283.625
281.555
279.192
276.734
274.249
288.788
285.548
282.004
278.415
274.818
294.091
289.532
284.779
280.088
275.402
297.555
292.092
286.551
281.163
275.786
277.509
276.692
275.71
274.647
273.552
279.872
278.592
277.081
275.472
273.827
282.99
281.069
278.855
276.534
274.182
286.642
283.932
280.886
277.748
274.589
290.058
286.568
282.742
278.859
274.965
292.179
288.19
283.88
279.542
275.198
273.26
273.361
273.59
274.016
274.76
276.011
273.337
273.458
273.729
274.218
275.034
276.328
273.208
273.183
273.301
273.279
273.52
273.509
273.939
273.967
274.677
274.773
275.867
275.966
278.034
281.117
285.624
291.826
298.403
302.791
278.284
281.06
284.727
289.047
293.131
295.668
273.233
273.195
273.146
273.09
273.031
273.323
273.27
273.202
273.125
273.042
273.527
273.44
273.329
273.203
273.068
273.906
273.754
273.563
273.346
273.117
274.564
274.299
273.966
273.592
273.199
275.666
275.204
274.632
273.998
273.336
273.301
273.252
273.189
273.117
273.039
273.409
273.342
273.256
273.158
273.053
273.65
273.542
273.404
273.249
273.084
274.083
273.9
273.67
273.411
273.139
274.804
274.494
274.108
273.679
273.228
275.941
275.426
274.792
274.095
273.368
273.186
273.156
273.117
273.073
273.025
273.165
273.138
273.104
273.064
273.022
273.27
273.226
273.17
273.105
273.035
273.25
273.209
273.157
273.097
273.033
273.465
273.389
273.291
273.18
273.061
273.455
273.38
273.285
273.176
273.059
273.838
273.699
273.522
273.321
273.108
273.863
273.72
273.538
273.331
273.112
274.492
274.241
273.924
273.568
273.191
274.579
274.313
273.978
273.601
273.203
275.543
275.107
274.563
273.958
273.322
275.634
275.185
274.622
273.994
273.335
277.436
276.646
275.686
274.637
273.549
280.101
278.793
277.239
275.573
273.862
283.931
281.828
279.411
276.876
274.298
289.058
285.8
282.213
278.554
274.867
294.253
289.694
284.919
280.185
275.438
297.605
292.145
286.599
281.198
275.799
277.649
276.814
275.805
274.707
273.573
280.049
278.748
277.204
275.551
273.854
283.181
281.241
278.992
276.623
274.213
286.809
284.085
281.012
277.832
274.618
290.166
286.671
282.828
278.917
274.985
292.215
288.226
283.91
279.563
275.205
331.962
314.984
280.466
277.587
278.371
277.274
279.234
330.064
324.739
308.091
314.666
291.764
299.506
287.506
289.806
286.01
327.15
303.104
289.923
287.597
293.412
290.365
285.328
283.862
282.295
280.603
285.338
283.764
329.086
309.116
316.393
299.578
293.884
303.865
285.478
281.123
287.226
315.934
303.876
294.729
286.494
278.237
306.146
298.152
290.705
283.779
276.853
279.548
278.356
276.929
275.388
273.801
277.052
276.34
275.467
274.506
273.506
277.749
276.918
275.895
274.768
273.594
276.784
276.128
275.315
274.415
273.475
278.494
277.518
276.328
275.028
273.68
316.464
304.708
295.4
286.841
278.405
312.818
302.061
293.384
285.295
277.249
301.819
295.354
288.838
282.53
276.272
306.069
297.415
290.106
283.181
276.428
289.068
285.845
282.252
278.564
274.86
295.233
290.479
285.453
280.455
275.497
285.571
283.156
280.37
277.447
274.486
287.494
284.655
281.425
278.072
274.694
284.323
282.185
279.685
277.041
274.351
314.26
303.164
294.37
286.235
278.209
297.997
292.547
286.93
281.413
275.893
287.557
284.686
281.446
278.093
274.706
285.608
283.161
280.367
277.451
274.492
290.362
286.815
282.937
278.994
275.022
287.89
284.922
281.607
278.195
274.745
283.682
281.635
279.275
276.796
274.272
282.47
280.698
278.616
276.403
274.14
281.156
279.673
277.893
275.972
273.995
279.69
278.49
277.036
275.456
273.823
283.74
281.716
279.35
276.842
274.286
282.395
280.646
278.583
276.384
274.133
314.652
303.197
294.341
286.273
278.243
302.096
295.344
288.817
282.611
276.385
307.753
299.113
291.507
284.299
277.045
295.21
290.439
285.454
280.52
275.564
290.739
287.094
283.128
279.11
275.061
298.576
292.976
287.232
281.61
275.97
283.821
281.754
279.365
276.851
274.29
280.126
278.83
277.277
275.599
273.871
285.29
282.907
280.184
277.342
274.456
275.018
279.044
283.069
287.011
290.566
293.556
453.451
446.043
419.525
426.479
434.38
423.757
408.318
396.408
476.607
495.676
468.456
485.061
456.62
446.221
470.126
439.503
433.61
408.299
413.747
423.96
414.893
399.256
389.392
461.757
473.973
454.739
464.927
443.77
434.444
452.3
419.787
415.667
392.425
396.182
408.542
401.591
385.875
378.087
439.202
449.582
433.794
442.821
425.701
418.284
433.143
398.693
395.887
375.403
378.006
390.595
384.905
370.631
364.483
416.838
427.469
412.743
422.166
406.478
399.619
414.072
383.029
380.947
362.811
364.802
376.698
372.07
359.031
353.865
399.565
411.268
396.286
407.172
391.61
385.851
400.487
372.257
370.547
354.14
355.808
367.064
363.44
350.887
346.436
388.18
402.273
385.353
398.336
381.802
377.042
391.783
366.282
363.138
389.897
394.72
358.847
353.662
382.201
373.09
344.075
325.018
343.356
326.74
339.981
339.6
329.447
360.658
357.802
381.885
385.96
353.898
349.24
375.279
367.154
338.721
320.818
338.141
322.587
334.997
335.041
324.979
351.771
349.391
369.902
372.984
346.131
342.1
364.765
358.191
332.839
316.108
332.213
317.584
329.539
329.527
319.627
341.021
339.145
356.319
358.592
336.335
332.534
352.403
346.762
325.169
311.003
324.676
312.123
322.426
322.215
313.874
332.683
331.136
346.098
347.907
328.794
325.443
342.9
338.123
319.044
307.529
318.645
308.254
316.942
316.62
309.737
326.858
325.52
339.036
340.581
323.65
320.942
336.255
332.146
315.224
305.341
314.911
305.934
313.497
313.313
307.337
530.3
550.875
516.556
541.423
498.321
529.717
468.232
504.719
468.301
497.096
495.426
523.955
512.223
537.116
524.213
546.519
486.742
461.113
511.968
475.169
454.878
428.864
479.421
440.701
539.523
548.021
556.122
560.853
525.78
536.468
547.587
554.591
526.615
506.601
497.97
484.483
520.315
539.298
536.16
535.697
488.025
493.051
508.32
506.912
452.634
456.426
544.234
546.993
512.05
519.754
555.484
559.098
553.463
564.926
564.644
569.746
543.877
560.979
559.873
567.791
525.646
552.801
542.227
561.199
553.888
565.895
558.342
567.527
442.148
427.211
452.168
431.012
408.008
395.26
417.515
398.748
484.068
463.348
473.87
458.815
458.987
432.736
460.504
432.322
423.794
400.374
425.028
399.928
490.935
465.459
492.69
465.334
513.533
549.705
497.16
537.77
503.453
543.561
491.471
532.554
520.285
553.102
499.895
540.437
522.341
554.306
500.173
541.553
541.96
519.598
558.674
542.423
527.812
505.751
552.711
534.522
508.099
488.447
542.91
524.042
421.467
383.13
456.919
488.223
531.125
376.202
413.593
447.534
475.977
515.133
382.99
417.66
450.869
482.862
522.34
479.824
444.836
486.568
453.046
472.882
440.446
484.831
451.482
463.594
433.703
483.087
450.628
363.641
347.719
400.556
381.039
431.644
408.358
457.481
430.6
484.736
454.78
369.221
352.099
404.09
387.231
436.546
417.067
466.186
443.004
493.217
467.398
411.296
402.678
411.183
404.476
376.023
354.877
377.101
356.34
444.223
440.527
444.261
437.491
409.139
404.661
408.941
404.969
376.609
357.27
376.46
357.454
441.893
440.824
441.822
441.376
476.615
472.514
504.247
499.132
475.241
467.521
502.095
493.018
475.748
473.633
504.927
501.339
474.31
473.005
503.651
500.386
407.659
379.432
364.921
411.453
381.119
366.082
405.853
377.284
362.247
410.654
379.511
363.757
400.175
371.728
356.626
410.19
377.03
360.19
330.127
316.57
309.445
357.807
337.389
326.21
380.44
354.3
339.867
397.447
367.312
351.146
412.61
375.977
356.955
333.185
317.039
308.484
365.379
342.097
328.751
389.177
359.172
341.813
407.532
371.133
350.757
419.823
378.137
355.679
380.658
370.569
386.831
376.597
415.353
397.051
427.923
405.819
355.524
333.137
356.623
334.751
356.916
335.76
358.627
337.383
357.882
354.184
356.895
351.643
339.044
342.071
380.694
382.972
411.973
414.619
360.691
364.29
360.345
362.242
344.48
346.67
312.502
296.398
316.94
298.837
314.72
296.816
318.965
299.476
318.384
297.454
324.28
300.931
327.221
302.972
327.957
303.788
351.795
341.68
359.339
344.981
377.501
365.821
385.866
369.313
338.846
325.246
332.221
322.34
363.336
346.567
364.509
346.615
390.727
370.955
391.899
370.731
342.23
326.716
343.332
326.921
319.851
298.751
310.091
294.833
314.356
296.083
307.715
293.399
322.881
300.599
311.337
295.638
324.072
301.625
311.616
295.915
298.393
290.186
291.528
286.82
300.251
292.207
291.825
287.41
303.828
296.638
292.634
288.973
332.106
353.33
317.024
306.133
292.684
347.673
327.325
311.1
301.373
290.323
353.078
331.866
315.743
303.778
291.538
284.664
280.645
283.061
279.868
286.545
282.088
283.892
280.62
290.396
285.128
285.568
282.073
336.258
323.104
317.544
306.738
304.325
296.295
295.667
289.343
287.591
283.833
340.386
324.901
321.215
308.519
307.729
298.143
297.899
290.538
288.9
284.677
325.7
309.418
328.838
311.773
346.365
326.185
349.417
328.208
313.37
300.74
310.755
298.717
331.177
313.1
331.458
313.392
351.215
329.172
351.321
329.402
315.505
302.012
315.796
302.268
300.78
291.775
290.194
284.996
299.463
290.429
289.637
284.49
301.802
292.661
290.502
285.222
302.738
293.056
291.03
285.698
277.206
275.552
274.898
275.695
274.446
274.023
278.398
276.396
275.586
276.253
274.854
274.34
280.744
278.131
277.021
277.205
275.423
274.753
310.022
300.749
296.114
297.086
290.808
287.828
289.202
284.654
282.628
283.601
280.035
278.476
278.051
275.802
274.949
310.228
299.261
294.048
297.441
289.674
286.176
289.731
284.042
281.579
283.781
279.696
278.042
277.926
275.637
274.79
284.731
278.51
275.553
274.161
285.645
278.8
275.627
274.167
284.757
278.525
275.569
274.173
285.908
278.899
275.686
274.202
284.694
278.516
275.631
274.226
286.058
278.967
275.784
274.267
286.733
279.219
275.788
274.235
287.126
279.403
275.828
274.243
285.382
278.791
275.742
274.267
284.215
278.485
275.673
274.299
284.383
278.448
275.67
274.285
283.685
278.283
275.615
274.302
286.109
279.062
275.79
274.26
284.592
278.641
275.719
274.314
286.559
279.251
275.849
274.287
284.833
278.753
275.77
274.347
283.239
278.057
275.456
274.172
281.576
277.547
275.33
274.189
283.236
278.058
275.472
274.188
281.708
277.591
275.346
274.202
283.302
278.083
275.514
274.224
282.084
277.713
275.394
274.227
283.184
278.066
275.54
274.265
282.385
277.818
275.45
274.263
283.043
278.058
275.558
274.306
280.343
277.185
275.152
274.213
279.682
277.01
275.08
274.198
280.6
277.267
275.185
274.23
279.956
277.099
275.111
274.212
281.079
277.422
275.234
274.253
280.435
277.258
275.16
274.234
281.679
277.622
275.319
274.292
281.011
277.454
275.23
274.265
282.272
277.846
275.421
274.333
281.533
277.657
275.306
274.299
283.025
278.195
275.534
274.375
282.269
278.022
275.461
274.37
282.707
278.042
275.48
274.353
281.945
277.858
275.388
274.336
283.242
278.31
275.562
274.388
282.513
278.154
275.513
274.396
283.416
278.4
275.602
274.411
282.698
278.254
275.558
274.42
273.528
273.244
273.108
273.048
273.025
273.53
273.245
273.109
273.048
273.025
273.535
273.247
273.109
273.048
273.025
273.538
273.248
273.11
273.048
273.025
273.543
273.249
273.11
273.048
273.026
273.546
273.251
273.111
273.049
273.026
273.555
273.254
273.112
273.049
273.026
273.566
273.259
273.114
273.05
273.026
273.553
273.253
273.111
273.049
273.026
273.561
273.255
273.112
273.049
273.026
273.549
273.251
273.111
273.049
273.026
273.557
273.253
273.111
273.049
273.026
273.56
273.256
273.113
273.049
273.026
273.568
273.258
273.113
273.05
273.026
273.571
273.26
273.114
273.05
273.026
273.577
273.261
273.114
273.05
273.026
273.528
273.244
273.108
273.048
273.025
273.529
273.244
273.108
273.048
273.025
273.533
273.246
273.109
273.048
273.025
273.533
273.245
273.108
273.048
273.025
273.542
273.248
273.11
273.048
273.025
273.54
273.247
273.109
273.048
273.025
273.55
273.251
273.11
273.049
273.026
273.548
273.25
273.11
273.048
273.026
273.554
273.252
273.111
273.049
273.026
497.536
492.161
497.959
492.735
499.395
494.494
502.593
497.823
508.551
503.723
518.437
518.688
515.371
513.943
519.755
520.686
520.126
520.959
557.537
569.599
572.201
572.809
572.945
544.254
565.876
571.326
572.608
572.892
557.752
569.655
572.215
572.812
572.946
544.701
566.002
571.351
572.616
572.894
558.172
569.756
572.238
572.818
572.947
545.417
566.181
571.392
572.625
572.895
559.031
569.951
572.282
572.827
572.949
546.648
566.473
571.455
572.638
572.899
560.471
570.253
572.347
572.841
572.953
548.586
566.904
571.546
572.657
572.903
561.883
570.461
572.38
572.846
572.953
552.83
567.781
571.721
572.69
572.91
561.478
570.409
572.374
572.846
572.954
551.193
567.433
571.653
572.678
572.908
562.031
570.478
572.381
572.845
572.953
553.632
567.969
571.758
572.697
572.911
562.149
570.505
572.386
572.846
572.953
553.816
568.03
571.768
572.698
572.911
395.257
437.229
435.167
391.346
373.564
375.105
377.445
380.583
390.242
394.811
424.601
435.859
434.203
446.291
406.455
411.959
392.5
396.456
384.422
386.66
331.938
314.936
280.026
277.296
277.719
276.868
278.679
325.795
316.323
303.605
303.84
298.137
288.397
294.329
289.658
284.775
286.109
283.549
325.256
300.74
287.637
286.082
291.56
289.246
284.753
282.941
280.742
279.531
283.487
282.502
328.856
308.902
315.404
299.078
293.092
302.431
284.647
280.34
286.07
315.843
303.758
294.609
286.4
278.197
306.073
298.067
290.624
283.718
276.829
279.142
278.005
276.656
275.215
273.741
276.786
276.112
275.291
274.395
273.468
277.16
276.419
275.516
274.531
273.513
276.417
275.815
275.076
274.266
273.425
277.989
277.085
275.996
274.819
273.609
311.609
300.2
291.73
284.412
277.515
304.214
294.484
287.456
281.526
275.98
297.423
291.399
285.703
280.514
275.57
295.497
288.51
283.291
278.909
274.972
291.448
285.704
281.359
277.736
274.549
285.951
283.15
280.172
277.252
274.412
290.366
286.235
282.162
278.373
274.785
286.701
283.515
280.295
277.263
274.403
283.066
281.007
278.722
276.412
274.133
284.076
281.709
279.162
276.647
274.207
282.064
280.243
278.194
276.102
274.03
311.984
300.892
292.432
284.906
277.692
295.671
290.43
285.227
280.303
275.502
285.437
282.844
280.018
277.188
274.396
284.2
281.934
279.412
276.844
274.283
288.606
285.257
281.706
278.203
274.748
286.831
283.983
280.864
277.716
274.579
283.141
281.156
278.897
276.553
274.188
281.619
279.96
278.044
276.04
274.015
279.75
278.479
276.985
275.404
273.802
278.72
277.666
276.41
275.065
273.69
282.043
280.258
278.229
276.137
274.045
281.236
279.647
277.813
275.898
273.967
314.232
302.72
293.889
285.934
278.102
301.83
295.062
288.562
282.427
276.315
306.618
297.979
290.523
283.618
276.792
294.693
289.944
285.036
280.237
275.462
289.967
286.39
282.557
278.735
274.929
297.132
291.629
286.124
280.875
275.707
283.046
281.075
278.833
276.511
274.173
279.409
278.213
276.802
275.299
273.769
284.212
281.963
279.446
276.87
274.293
480.44
532.408
471.557
525.386
444.011
502.74
452.324
509.708
457.059
439.716
499.413
463.789
428.379
410.705
467.708
430.684
500.914
519.127
542.771
551.076
492.336
509.957
537.175
546.389
514.929
479.583
486.852
462.913
497.034
529.679
532.048
534.636
482.837
491.634
504.03
505.685
447.835
455.02
540.141
546.013
507.197
518.496
552.421
558.423
538.19
560.004
559.173
567.934
529.134
556.217
554.972
566.084
511.245
548.193
534.945
558.774
551.181
564.948
557.77
567.314
431.734
422.249
445.109
427.714
400.144
391.862
411.746
396.236
477.008
460.157
462.993
453.879
455.308
430.901
459.43
431.748
420.656
398.896
424.097
399.458
487.316
463.703
491.638
464.787
508.329
547.928
494.847
536.882
495.462
540.849
487.915
531.24
517.608
552.155
498.618
539.933
521.56
554.019
499.772
541.391
518.045
493.88
551.264
534.391
506.405
483.605
545.958
527.52
490.164
470.617
537.231
518.515
418.067
387.802
448.006
479.253
528.007
383.301
411.532
438.21
465.873
511.833
385.506
414.802
445.525
478.338
520.754
459.919
436.156
481.174
457.906
455.274
432.615
480.69
456.782
448.648
426.809
480.405
456.087
373.408
360.577
400.634
384.94
425.186
406.677
450.572
429.312
484.035
460.217
374.476
359.737
403.803
390.71
433.558
418.889
463.605
445.436
492.969
471.53
409.467
402.737
409.603
403.782
376.507
357.793
376.461
356.984
442.347
439.358
441.608
436.551
408.151
404.01
408.608
404.726
376.018
357.201
376.24
357.375
440.787
439.985
441.46
441.084
475.124
471.511
503.443
498.586
473.135
466.865
501.162
493.044
474.845
472.893
504.4
500.866
473.994
472.738
503.467
500.214
421.417
414.945
438.499
429.788
418.021
410.545
436.953
426.656
411.724
403.57
435.105
422.32
349.696
342.265
372.213
363.276
392.367
382.079
412.703
401.436
435.954
418.675
345.998
337.225
377.729
366.248
402.213
387.52
422.917
404.435
438.736
416.215
368.686
361.662
380.864
371.256
396.736
383.645
419.461
398.152
349.589
330.489
354.405
333.457
349.396
332.636
355.035
335.748
354.097
347.229
353.421
346.299
335.691
339.994
377.585
381.951
407.919
413.349
358.114
363.319
358.081
361.431
342.866
346.017
316.403
300.593
318.332
301.555
318.018
300.641
319.778
301.647
321.067
300.798
324.426
302.584
326.88
303.78
327.772
304.029
350.772
342.81
357.209
344.906
373.043
364.832
381.896
368.049
338.364
326.029
333.834
324.69
361.816
346.286
364.009
346.502
388.36
370.068
391.17
370.435
341.54
326.921
343.067
326.961
320.929
300.279
311.261
295.952
317.888
298.889
310.351
295.419
323.067
301.326
311.81
296.191
324.071
301.832
311.744
296.081
312.886
308.651
298.573
295.802
314.248
310.117
298.463
295.83
316.593
313.125
298.429
296.235
343.639
363.285
328.355
314.458
297.151
360.625
342.627
327.224
313.208
296.025
359.875
339.718
322.765
309.164
294.771
304.188
299.79
292.742
288.763
305.905
301.435
293.036
289.134
308.929
304.331
293.632
289.781
352.123
341.527
335.38
326.911
321.348
315.255
308.475
303.551
293.503
289.704
349.984
336.132
331.446
319.941
316.386
307.486
304.241
297.154
292.397
288.15
329.458
314.47
329.993
313.686
349.213
331.134
349.874
329.85
314.812
302.544
314.416
302.983
331.439
313.712
331.494
313.521
351.095
329.584
351.238
329.463
315.996
302.662
315.911
302.422
302.147
293.191
291.204
285.921
302.461
293.514
291.552
286.314
302.372
293.227
290.984
285.638
302.894
293.206
291.168
285.811
296.648
295.48
282.783
282.202
298.473
297.001
283.16
282.478
300.929
298.422
283.648
282.153
332.532
326.323
319.743
314.966
309.953
306.423
298.962
295.501
283.199
280.81
324.257
318.049
310.495
305.959
300.141
296.846
290.822
288.225
280.695
278.807
287.023
279.546
275.985
274.337
287.468
279.688
276.014
274.329
286.861
279.484
275.966
274.333
287.428
279.659
276.022
274.343
286.527
279.364
275.991
274.371
287.258
279.579
276.065
274.387
287.446
279.605
275.968
274.313
287.365
279.538
275.892
274.271
286.362
279.291
275.977
274.373
284.946
278.871
275.863
274.394
285.889
279.162
275.989
274.423
284.864
278.866
275.884
274.426
286.661
279.36
275.935
274.328
284.99
278.861
275.833
274.374
286.736
279.35
275.898
274.311
284.959
278.825
275.808
274.367
286.249
279.304
275.956
274.375
285.233
279.006
275.902
274.423
286.066
279.242
275.946
274.378
285.14
278.976
275.89
274.423
285.793
279.149
275.947
274.397
285.051
278.943
275.882
274.426
285.255
278.985
275.925
274.423
284.866
278.885
275.882
274.439
284.726
278.839
275.898
274.454
284.328
278.776
275.758
274.488
283.756
278.657
275.718
274.5
284.326
278.77
275.762
274.494
283.76
278.652
275.718
274.501
284.31
278.755
275.751
274.49
283.747
278.639
275.707
274.498
284.23
278.724
275.761
274.496
283.673
278.611
275.703
274.498
284.052
278.673
275.778
274.506
283.483
278.564
275.695
274.497
283.711
278.565
275.717
274.476
283.028
278.435
275.661
274.479
283.848
278.616
275.746
274.491
283.218
278.5
275.68
274.49
283.606
278.517
275.669
274.45
282.901
278.38
275.626
274.459
283.528
278.466
275.637
274.431
282.815
278.324
275.594
274.441
273.598
273.273
273.119
273.052
273.027
273.596
273.272
273.119
273.052
273.027
273.598
273.272
273.119
273.052
273.027
273.595
273.271
273.119
273.052
273.027
273.598
273.271
273.119
273.052
273.027
273.593
273.27
273.118
273.052
273.027
273.587
273.268
273.117
273.051
273.027
273.578
273.264
273.116
273.051
273.027
273.595
273.27
273.118
273.052
273.027
273.598
273.27
273.118
273.051
273.027
273.599
273.271
273.118
273.052
273.027
273.601
273.271
273.118
273.052
273.027
273.589
273.268
273.117
273.051
273.027
273.592
273.268
273.117
273.051
273.027
273.58
273.264
273.116
273.051
273.027
273.586
273.265
273.116
273.051
273.027
273.603
273.273
273.119
273.052
273.027
273.607
273.274
273.12
273.052
273.027
273.603
273.273
273.119
273.052
273.027
273.607
273.274
273.119
273.052
273.027
273.603
273.273
273.119
273.052
273.027
273.607
273.273
273.119
273.052
273.027
273.604
273.272
273.119
273.052
273.027
273.606
273.273
273.119
273.052
273.027
273.604
273.272
273.118
273.052
273.027
497.866
495.008
498.612
495.701
500.423
497.466
503.744
500.498
509.199
505.559
518.079
518.402
515.198
514.126
519.466
520.395
520.02
520.847
557.771
569.646
572.208
572.81
572.945
544.937
565.99
571.341
572.609
572.892
558.004
569.702
572.222
572.813
572.946
545.394
566.115
571.366
572.618
572.893
558.437
569.801
572.244
572.818
572.947
546.095
566.288
571.406
572.626
572.895
559.26
569.986
572.286
572.827
572.949
547.235
566.561
571.466
572.639
572.898
560.59
570.269
572.348
572.841
572.953
548.972
566.959
571.552
572.657
572.903
561.831
570.452
572.378
572.845
572.953
552.762
567.767
571.717
572.689
572.91
561.469
570.407
572.373
572.845
572.954
551.273
567.445
571.653
572.678
572.907
561.985
570.47
572.379
572.845
572.953
553.548
567.951
571.754
572.696
572.911
562.131
570.501
572.385
572.846
572.953
553.782
568.022
571.766
572.698
572.911
393.905
435.674
430.357
387.441
375.139
383.725
372.674
383.272
405.462
428.047
410.119
430.15
273.257
273.352
273.572
273.98
274.691
275.883
273.334
273.447
273.708
274.179
274.967
276.223
273.206
273.181
273.294
273.272
273.503
273.49
273.901
273.923
274.597
274.676
275.7
275.741
277.827
280.835
285.301
291.552
298.251
302.746
278.132
280.87
284.525
288.875
293.022
295.631
273.231
273.193
273.145
273.09
273.03
273.315
273.263
273.197
273.122
273.041
273.51
273.426
273.318
273.196
273.066
273.872
273.726
273.541
273.332
273.112
274.501
274.244
273.924
273.566
273.19
275.55
275.104
274.555
273.95
273.319
273.298
273.25
273.187
273.115
273.039
273.4
273.334
273.249
273.154
273.052
273.631
273.525
273.392
273.241
273.081
274.048
273.87
273.647
273.397
273.133
274.743
274.442
274.068
273.653
273.219
275.844
275.342
274.727
274.053
273.353
273.184
273.155
273.116
273.072
273.024
273.163
273.137
273.103
273.064
273.021
273.263
273.22
273.165
273.102
273.034
273.243
273.204
273.153
273.094
273.032
273.449
273.375
273.281
273.173
273.058
273.438
273.366
273.274
273.169
273.057
273.804
273.669
273.499
273.307
273.104
273.823
273.686
273.512
273.315
273.106
274.419
274.179
273.876
273.537
273.181
274.491
274.238
273.921
273.565
273.19
275.392
274.977
274.464
273.895
273.301
275.43
275.011
274.49
273.911
273.306
277.245
276.481
275.558
274.556
273.521
279.839
278.564
277.06
275.458
273.822
283.624
281.554
279.191
276.733
274.249
288.786
285.546
282.003
278.415
274.818
294.089
289.531
284.777
280.087
275.402
297.552
292.09
286.549
281.162
275.786
277.508
276.692
275.709
274.646
273.552
279.871
278.591
277.081
275.471
273.827
282.989
281.068
278.854
276.533
274.181
286.641
283.93
280.885
277.747
274.589
290.056
286.567
282.741
278.858
274.964
292.177
288.189
283.879
279.541
275.197
273.26
273.36
273.59
274.016
274.76
276.01
273.337
273.458
273.729
274.218
275.033
276.328
273.208
273.183
273.301
273.279
273.52
273.508
273.939
273.967
274.676
274.773
275.866
275.966
278.033
281.116
285.623
291.824
298.4
302.788
278.284
281.059
284.726
289.046
293.129
295.666
273.233
273.195
273.146
273.09
273.031
273.322
273.27
273.202
273.125
273.042
273.527
273.44
273.329
273.203
273.068
273.905
273.754
273.562
273.346
273.117
274.564
274.299
273.966
273.592
273.199
275.666
275.204
274.632
273.998
273.336
273.301
273.252
273.189
273.117
273.039
273.409
273.341
273.255
273.158
273.053
273.65
273.541
273.404
273.249
273.084
274.083
273.9
273.67
273.411
273.138
274.804
274.494
274.108
273.679
273.228
275.941
275.426
274.792
274.094
273.368
273.186
273.156
273.117
273.073
273.025
273.164
273.138
273.104
273.064
273.022
273.27
273.226
273.17
273.105
273.035
273.25
273.209
273.157
273.097
273.033
273.465
273.389
273.291
273.18
273.061
273.455
273.38
273.285
273.176
273.059
273.838
273.699
273.522
273.321
273.108
273.863
273.72
273.538
273.331
273.112
274.492
274.241
273.924
273.567
273.191
274.578
274.313
273.978
273.601
273.202
275.543
275.107
274.563
273.958
273.322
275.634
275.184
274.622
273.994
273.334
277.435
276.646
275.686
274.637
273.549
280.1
278.792
277.239
275.573
273.862
283.93
281.827
279.41
276.875
274.298
289.056
285.798
282.212
278.554
274.867
294.251
289.692
284.917
280.184
275.438
297.602
292.143
286.597
281.196
275.798
277.648
276.814
275.805
274.707
273.572
280.048
278.747
277.204
275.55
273.854
283.18
281.24
278.992
276.623
274.213
286.808
284.084
281.011
277.831
274.618
290.164
286.669
282.827
278.917
274.985
292.213
288.224
283.909
279.562
275.205
331.957
314.98
280.465
277.586
278.371
277.273
279.233
330.06
324.735
308.088
314.664
291.762
299.504
287.505
289.805
286.009
327.145
303.101
289.922
287.595
293.41
290.364
285.327
283.861
282.294
280.602
285.336
283.763
329.082
309.113
316.389
299.575
293.882
303.862
285.477
281.122
287.225
315.93
303.873
294.726
286.492
278.236
306.143
298.149
290.703
283.778
276.852
279.547
278.355
276.928
275.388
273.801
277.051
276.34
275.466
274.506
273.506
277.749
276.918
275.895
274.768
273.594
276.784
276.127
275.315
274.415
273.475
278.494
277.517
276.328
275.028
273.68
316.461
304.705
295.398
286.84
278.404
312.815
302.059
293.382
285.294
277.249
301.816
295.352
288.836
282.529
276.272
306.067
297.413
290.105
283.18
276.428
289.066
285.844
282.251
278.563
274.86
295.231
290.477
285.452
280.454
275.497
285.569
283.155
280.369
277.447
274.486
287.493
284.654
281.425
278.072
274.694
284.322
282.184
279.685
277.04
274.351
314.256
303.161
294.368
286.234
278.209
297.995
292.545
286.928
281.412
275.893
287.556
284.684
281.445
278.092
274.706
285.606
283.16
280.366
277.45
274.492
290.36
286.814
282.936
278.993
275.022
287.888
284.921
281.606
278.194
274.745
283.681
281.634
279.274
276.796
274.272
282.468
280.697
278.616
276.402
274.139
281.155
279.672
277.892
275.971
273.995
279.689
278.489
277.036
275.456
273.823
283.739
281.715
279.349
276.842
274.286
282.394
280.645
278.583
276.383
274.133
314.649
303.194
294.339
286.272
278.243
302.093
295.341
288.815
282.61
276.385
307.75
299.11
291.505
284.298
277.045
295.208
290.437
285.452
280.519
275.563
290.737
287.092
283.127
279.109
275.061
298.574
292.974
287.23
281.609
275.969
283.82
281.753
279.364
276.85
274.29
280.125
278.83
277.276
275.599
273.871
285.289
282.905
280.184
277.341
274.456
275.018
279.044
283.068
287.009
290.564
293.554
453.765
446.018
419.501
426.777
434.358
423.739
408.298
396.393
476.894
495.886
468.438
485.053
456.601
446.204
470.111
439.76
433.596
408.286
413.987
423.945
414.88
399.242
389.379
461.996
474.126
454.733
464.932
443.758
434.432
452.293
419.971
415.665
392.422
396.35
408.534
401.582
385.868
378.079
439.39
449.719
433.796
442.823
425.695
418.277
433.139
398.818
395.889
375.403
378.122
390.593
384.901
370.628
364.479
416.973
427.56
412.747
422.167
406.476
399.615
414.07
383.122
380.949
362.811
364.89
376.698
372.068
359.03
353.863
399.67
411.375
396.29
407.173
391.61
385.85
400.486
372.333
370.549
354.14
355.881
367.064
363.439
350.887
346.435
388.267
402.388
385.357
398.339
381.802
377.042
391.783
366.42
363.134
389.886
394.931
358.84
353.654
382.188
373.078
344.165
325.074
343.351
326.738
339.976
339.594
329.443
360.784
357.798
381.878
386.141
353.892
349.233
375.269
367.145
338.798
320.869
338.135
322.584
334.992
335.036
324.976
351.875
349.388
369.9
373.121
346.127
342.095
364.759
358.185
332.903
316.16
332.208
317.581
329.535
329.523
319.624
341.103
339.144
356.318
358.692
336.332
332.531
352.4
346.758
325.222
311.032
324.672
312.12
322.423
322.212
313.872
332.75
331.134
346.098
347.985
328.792
325.441
342.898
338.121
319.089
307.548
318.642
308.252
316.94
316.618
309.736
326.915
325.519
339.036
340.647
323.649
320.94
336.254
332.145
315.268
305.357
314.909
305.932
313.495
313.312
307.336
)
;

boundaryField
{
    patch1
    {
        type            zeroGradient;
    }
    patch2
    {
        type            fixedValue;
        value           uniform 273;
    }
    patch3
    {
        type            zeroGradient;
    }
    patch4
    {
        type            fixedValue;
        value           uniform 573;
    }
}


// ************************************************************************* //
