/*--------------------------------*- C++ -*----------------------------------*\
  =========                 |
  \\      /  F ield         | OpenFOAM: The Open Source CFD Toolbox
   \\    /   O peration     | Website:  https://openfoam.org
    \\  /    A nd           | Version:  11
     \\/     M anipulation  |
\*---------------------------------------------------------------------------*/
FoamFile
{
    format      ascii;
    class       volScalarField;
    location    "1.6";
    object      gradTx;
}
// * * * * * * * * * * * * * * * * * * * * * * * * * * * * * * * * * * * * * //

dimensions      [0 -1 0 1 0 0 0];

internalField   nonuniform List<scalar> 
5712
(
-6931.38
-8860.01
-16416.2
-24009.4
-24508.3
-42279.6
-18792.5
-47847.1
-15284.6
-33582.4
-22860.7
-34794.5
-20487.1
-26909.2
-9018.71
-10324
-15547.7
-17828
-20023.2
-19858.5
-15718.8
-19388.9
-23137.7
-20736.4
-5666.52
-4290.55
-7041.48
-4763.01
-13153.7
-10581.7
-22407
-16297.3
-17337.3
-18054.3
-19322.7
-18560.9
-6881.79
-5334.5
-40906.9
-54754.7
-26449.9
-32460.9
-54855.1
-71202.4
-28377.3
-32493.3
-30406.2
-42936.9
-26572.7
-35188.1
-15606.3
-25092.2
-3029.25
-1024.44
-3183.03
-1150.5
-9135.02
-3698.66
-12484.6
-4608.36
-8947.56
-3422.06
-9425.78
-3029.2
-16018
-5106.68
-20651.4
-6981.41
-24997.2
-12474.7
-22885
-13558.3
-23323.6
-15096.8
-20521.7
-15368.8
-18098.5
-10768.7
-18133.2
-9300.47
-23619.5
-15044.3
-23677.2
-15167.8
-21685.9
-16233.3
-21948.7
-16286.2
-19534.1
-12388
-20228
-12679.8
-18543.9
-8081.97
-8620.72
-10568.9
-18616.7
-8856.21
-7568.05
-10777.4
-19625.4
-8024.22
-9735.64
-10607
-20595.4
-8209.43
-10570.6
-11058.1
-3922.04
-4293.09
-1326.26
-2638.78
-11437.8
-12107.3
-4466.27
-8039.45
-14655.1
-16227.6
-7198.43
-12300.1
-12303.6
-833.008
-13929.3
-17431.8
-9604.66
-483.173
-7293.08
-12648.3
-20514.2
-14669
-10312.4
-12629.9
-11189.1
-9782.05
-15406.3
-3726.78
-3040.27
-2142.76
-2117.95
-10459.1
-8712
-6394.61
-6061.17
-13000.5
-10814.6
-8347.79
-7452.79
-5760.29
-7402.77
-12004.4
-12514.7
-14433.1
-13103.8
-16305.6
-14086
-11319.7
-9537.56
-9215.76
-9530.43
-12214.1
-9379.83
-11221.2
-7924.53
-9801.66
-6556.53
-11619.3
-7529.56
-10395.6
-4538.58
-8994.46
-9577.52
-12740.5
-16420.2
-14042.7
-20310.7
-7205.68
-7840.73
-9244.26
-2589.78
-8042.25
-15350.6
-7643.53
-16514.5
-13917.5
-25111.6
-14165.1
-26714.4
-6143.02
-13287.2
-5608.52
-14215.8
-8530.3
-6291.51
-11969.8
-4614.72
-8669.71
-1345.58
-10376.2
-431.133
-8235.6
-9574.77
-12557.9
-5742.91
-6843.75
-11338.6
-11143.6
-7570.43
-2376.39
-2068.29
-1806.26
-1714.68
-1554.31
-1365.2
-6990.31
-5597.57
-4745.14
-4553.39
-3563.17
-3025.41
-8426.57
-7107.82
-6493.36
-5456.91
-4321.35
-4025.77
-6389.06
-5497.97
-5306.75
-10809.4
-7953.53
-6583.61
-10363.3
-7407.23
-5873.96
-10839.5
-8318.69
-7123.25
-6988.37
-4459.22
-3400.82
-15540.1
-13099.9
-11109.5
-10146.4
-8211.3
-6626.37
-9193.99
-6918.63
-5334.91
-7869.03
-5496.39
-4059.53
-8337.79
-4528.92
-2445.41
-10613.2
-14321.3
-8439.3
-10846.4
-11559.1
-16911.1
-10365.5
-15002.6
-19.6294
-711.199
521.521
-104.036
-2973.84
-3327
-1249.35
-671.018
-714.347
-2413.89
-9517.39
-13834.8
-6664.62
-3735.26
-10147.5
-10076.8
-15766.9
-17373.4
613.629
4236.71
-7686.33
-7232.17
-7317.14
-5636.48
-1016.99
-534.135
-682.902
-288.17
-1957.79
-152.333
349.164
852.731
-9254.44
-2313.54
-6318.62
-1611.23
-9159.33
-2767.01
-11080.1
-3520.06
-9011.39
-12023.7
-8307.57
-11706.3
-14619.4
-15349.7
-13923.6
-14503.6
-5649.2
-9316.3
-6540.74
-9269.07
-8804.39
-11262.2
-9700.13
-11358.8
-14499
-14226
-15170.9
-14266.2
-5695.19
-9000.23
-6187.6
-9147.23
275.881
-1155.36
-7167.13
-4269.87
819.81
-751.208
-6640.07
-3760.73
-184.128
-1423.79
-7317.99
-4660.93
-623.218
-1684.89
-7336.28
-4810.82
712.028
814.375
-147.765
14.4742
2963.77
2975.28
270.745
457.398
696.494
2051.68
-1517.87
-835.289
10247.4
9743.71
5566.07
4320.58
566.412
10638.5
10765.2
4276.56
6336.11
978.464
-10483.2
-8113.85
-7040.99
-6453.35
-3716.44
799.805
716.505
67.1306
-13.1886
2537.58
2404.53
216.286
12.5911
2569.24
2989.59
-501.108
-739.588
5113.44
2199.71
8024.73
4882.18
3572.52
2627.03
4058.03
3427.52
-214.833
-1039.98
-3846.95
-2416.05
-1074.33
948.93
-936.156
755.979
-1498.36
-215.293
-1730.8
-1941.07
-5175.68
-4684.16
-9850.72
-5911.05
-8179.16
-8139.91
-12399.4
-9991.62
-7592.35
-4395.26
-3742.81
-3670.23
-11620.8
-5097.37
-12776.9
-5715.37
-13829.5
-10200.4
-14754.8
-10952.6
-9241.22
-3557.22
-10352.1
-4131.1
-5759.12
-4431.12
-4163.88
-6131.66
-3656.49
-4050.97
-3530.49
-5679.19
-6676.9
-4350.46
-4716.63
-7049.87
-8176.12
-4725.12
-6022.58
-7269.75
694.828
718.797
797.999
42.9485
253.903
280.212
2521.6
2602.26
2570.76
244.475
726.005
718.735
3225.24
3484.98
3525.42
-429.918
713.491
942.384
1109.12
931.477
628.708
3435.79
3457.64
3188.65
2790.23
3083.75
3003.49
3463.41
3614.35
3482.2
-1073.63
327.54
424.864
-3518.62
-2021.19
-1102.27
832.301
1828.57
2356.21
844.018
2083.08
2615.58
408.602
1723.82
2094.87
-1924.34
444.645
719.196
29.9585
33.7672
38.6139
56.8902
249.769
133.012
105.511
95.8594
20.4649
65.1929
147.555
214.951
406.576
242.031
265.531
266.107
-188.189
21.7182
213.445
389.112
153.995
191.273
233.754
252.519
30.9141
111.663
103.853
97.6686
-198.002
-12.6609
94.2007
153.637
-848.688
-181.573
53.4215
213.526
-1314.19
-309.918
-32.4588
380.16
-574.404
-76.6998
131.526
336.862
-1072.93
-234.469
-47.4465
326.964
-911.103
-216.532
82.6742
283.577
-1478.21
-369.02
-36.5726
450.4
-1017.82
-281.898
79.3755
344.281
-1594.27
-421.404
-55.2403
470.3
14.2663
20.4005
34.6258
72.8656
42.8551
29.3573
18.9471
66.0214
83.3094
70.8633
112.278
200.427
173.189
99.4004
62.4931
179.863
-340.968
-45.4243
114.619
337.183
-133.086
28.1224
76.7385
316.241
-36.4802
107.297
180.533
342.329
16.4782
88.8747
63.0502
318.424
-911.039
-177.58
-12.0332
441.4
83.6521
41.2231
26.6792
51.7635
150.846
59.9736
29.6676
24.9266
176.267
98.3502
55.3099
131.093
387.372
159.844
73.5259
63.5196
120.567
110.028
74.7098
214.381
497.074
225.179
110.589
99.5358
-47.6648
100.677
93.5135
298.852
406.588
243.707
130.102
125.217
-451.048
15.067
29.2229
278.551
147.878
209.575
115.1
125.461
-1055.61
-112.935
8.47323
317.856
-327.034
48.3336
65.5144
111.543
-800.651
-32.2014
19.5183
295.037
-172.538
120.834
93.6819
123.73
-1286.93
-207.706
-20.4977
345.478
-461.595
-20.1669
39.7988
103.479
-1458.6
-298.594
-59.1114
339.753
-581.354
-90.9225
6.81272
88.7687
24.8856
10.3697
4.95154
2.67592
1.7971
32.636
15.6585
7.99158
4.4328
3.00419
59.3809
23.9722
11.3613
6.13704
4.1235
73.153
34.7534
17.7283
9.85355
6.6874
78.7504
29.948
13.985
7.53255
5.05947
97.5107
45.6919
23.2891
12.9612
8.80397
50.5458
23.2177
11.781
6.56292
4.464
36.4532
13.7892
6.36187
3.42583
2.30719
77.8443
30.2486
14.3616
7.80476
5.2616
37.3907
12.5339
5.61562
2.99459
2.00667
82.2322
34.9468
17.3568
9.57841
6.48687
35.4481
12.4738
5.76435
3.10325
2.08553
60.2358
19.9396
8.7561
4.63197
3.09915
35.4122
11.1289
4.86329
2.57912
1.7281
53.2739
13.2178
4.67051
2.23684
1.44809
29.5016
6.32172
2.0513
0.948038
0.606782
20.9754
7.97926
3.69803
1.97657
1.32204
15.2814
6.3446
3.0744
1.66917
1.12149
51.3427
19.8873
9.41262
5.08521
3.4166
39.5241
16.6218
8.17525
4.47187
3.01514
71.9864
24.6362
11.2057
5.98375
4.00875
53.6073
22.8183
11.3624
6.25242
4.22799
63.8495
27.1415
13.6019
7.51307
5.08584
36.376
17.196
8.84355
4.91795
3.33707
32.7177
14.69
7.50362
4.16456
2.82305
-272.593
-421.868
-568.679
-1017.25
-485.935
-1242.19
131.143
-925.192
817.475
100.902
-605.619
-1149.01
522.617
429.455
-1126.19
-1846.02
-1488.1
-2150.79
-691.984
-162.132
-36.7418
-8.16004
-2.05888
-211.001
-101.374
-14.0818
-3.81435
-1.70675
-2124.25
-495.157
-112.592
-24.8814
-6.28648
-496.449
-138.007
-34.1702
-7.24698
-1.98429
-3556.16
-830.467
-189.357
-41.9891
-10.587
-797.287
-236.295
-58.1262
-13.6395
-3.46022
-4743.05
-1110.77
-254.348
-56.5845
-14.2874
-925.6
-297.24
-75.463
-17.8946
-4.52592
-5881.43
-1391
-320.788
-71.7424
-18.1954
-1022.14
-361.949
-94.5448
-22.6953
-5.80614
-6875.97
-1675.8
-391.942
-88.443
-22.5465
-1647.54
-511.192
-127.397
-29.5047
-7.45253
-6438.17
-1564.38
-364.268
-81.8417
-20.7918
-1249.68
-428.56
-110.498
-26.1554
-6.62046
-7065.07
-1723.6
-403.846
-91.2792
-23.3089
-1885.77
-563.807
-138.228
-31.5388
-7.94187
-7348.23
-1776.96
-416.864
-94.1756
-24.0355
-1964.64
-588.426
-145.454
-30.8413
-8.21166
-528.478
-7222.81
-6592.01
-2342.36
1697.44
2879.84
8005.32
11711.1
1795.11
8594.57
-1777.15
2573.43
2523.59
5053.55
9610.92
13626.8
14526.5
18257.3
5934.77
7690.65
-20023.2
-14391.6
-4431.72
-3357.56
-2398.09
-3390.71
-3244.44
-12179.6
-11329.7
-9777.22
-10329.4
-8359.09
-6030.15
-7986.77
-5149.06
-4364.31
-5248.82
-3602.51
-19793.6
-10100.4
-3431.14
-5902.35
-8201.29
-5662.66
-6085.27
-4493.71
-2667.04
-3757.86
-4071.02
-4418.02
-19659.2
-12783.9
-12091.2
-8673.23
-8514.09
-9038.12
-3702.24
-4833.08
-6306.49
-14033.6
-11899.6
-9734.57
-8688.92
-7177.13
-9273.13
-6283.33
-4763.69
-3538.21
-1758.64
-3893.79
-3209.12
-2388.45
-1479.04
-503.91
-2988.63
-2491.62
-1866.39
-1155.27
-391.493
-2123.22
-1758.04
-1307.05
-803.795
-271.298
-3023.85
-2523.96
-1890.19
-1168.14
-395.092
-2869.07
-2374.59
-1767.15
-1089.12
-368.426
-7711.46
-5781.33
-4404.88
-3930.54
-4075.14
-6103.15
-4396.85
-3050.05
-2458.94
-1679.25
-6088.56
-3653.56
-2489.85
-1685.15
-784.317
-5269.74
-3499.54
-2282.5
-1615.47
-928.39
-3889.58
-2406.14
-1475.99
-994.888
-476.195
-4748.6
-3523.26
-2413.29
-1429.43
-488.097
-5430.95
-3491.9
-2268.21
-1341.96
-493.626
-3377.83
-2028.89
-1216.59
-656.996
-219.996
-3580.17
-2747.29
-1921.03
-1141.43
-383.209
-4173.18
-3100.18
-2101.8
-1217.69
-402.791
-2988.4
-2313.71
-1624.23
-962.624
-320.569
-12916.7
-9660.11
-7595.74
-6508.69
-5941.68
-7379.99
-5297.12
-3814.14
-2532.4
-1109.59
-2840.18
-2207.14
-1568.1
-948.584
-324.812
-4968.24
-3937.95
-2856.78
-1761.72
-613.441
-6671.44
-5185.71
-3766.88
-2388.06
-890.787
-4786.52
-3822.15
-2802.25
-1748.93
-615.129
-5233.6
-4239.75
-3131.37
-1949.39
-676.06
-3889.17
-3157.37
-2323.1
-1431.56
-488.767
-2290.43
-1836.03
-1327.28
-801.769
-268.913
-3295.61
-2702.62
-1994.39
-1222.1
-412.478
-3446.7
-2729.65
-1960.52
-1185.53
-400.679
-3806.71
-3072.86
-2246.39
-1376.05
-467.977
-13465.7
-10931.8
-8887.13
-7636.56
-6373.24
-8796.3
-6226.59
-4692.5
-3379.2
-1668.03
-8815.39
-6881.82
-5125.7
-3680.54
-1737.95
-6762.83
-5073.93
-3754.54
-2502.73
-1000.13
-7046.17
-5576.02
-4110.11
-2628.35
-974.366
-6992.18
-5208.76
-3830.2
-2541.42
-1002.8
-3156.86
-2531.67
-1852.04
-1145.3
-396.131
-4240.11
-3483.23
-2579.74
-1588.44
-538.357
-5393.78
-4340.65
-3186.3
-1974.65
-682.597
-5862.55
-11966.7
-12409.6
-34116.2
-12180
-45492.2
-6666.9
-16206.3
-12189.7
-9385.79
-20341.7
-16918
-12094.5
-11305.2
-22736.7
-17909.8
-4323.86
-3220.64
-8398.42
-5790.74
-9681.16
-7302.2
-26071.5
-19316.9
-15922.5
-12033.2
-16387.2
-9722.73
-1221.62
-3951.3
-42363.2
-55357.8
-25562.9
-32314.3
-55814.8
-71603.7
-27397.1
-32258.2
-31641
-43575.5
-25763.3
-35137.9
-17195.5
-25852.7
-2079.08
-550.116
-3662.31
-1251.19
-7070.51
-3171.31
-14367.6
-5197.93
-3095.1
-1767.12
-7753.33
-2443.31
-16042.9
-5048.77
-20842.6
-7033.55
-17077.1
-8889.14
-19776.3
-11732.9
-15431.5
-11069.3
-17428
-13445.7
-15902
-9309.22
-12553.1
-6529.41
-22421.8
-14226
-23378.7
-14944.6
-20454
-15398.5
-21619.1
-16059.6
-18730.7
-11717
-20039.5
-12494.9
-17498.4
-7770.83
-7654.59
-10171.7
-15645.2
-7958.93
-5766.88
-10041.7
-19354.3
-7946.52
-9287.03
-10414.6
-20567
-8203.37
-10444.8
-11002.9
-1194.03
-1084.15
-294.358
-1315
-4854.87
-5049.91
-3068.67
-6147.17
-2769.3
-3451.13
-4803.04
-9107.65
-12315.6
-9691.89
-9711.67
-12238
-8183.66
-7589.49
-8233.35
-7232.95
-14206.1
-12620.3
-11921
-10136.7
-7170.07
-6239.67
-13676.1
-1174.79
-879.221
-663.657
-745.645
-4526.85
-3579.93
-3869.07
-3411.94
-707.394
480.882
-4587.13
-3607.61
-10182.3
-10813.7
-9553.81
-8764.93
-7308.97
-5308.87
-9632.22
-7650.44
-8835.62
-6920.08
-11725.7
-11812
-10126.5
-7762.88
-7580.48
-5021.14
-6770.45
-4187.07
-10276.4
-6191.59
-9442.52
-4951.49
-8450.13
-9534.12
-13197.5
-17460.5
-13935.1
-20320.6
-6549.17
-7683.97
-7907.28
-2736.39
-7821.07
-15234.3
-7585.46
-16465.3
-13804.8
-25222
-14124.4
-26698.3
-5878.56
-13148.9
-5540.85
-14169.8
-8065.3
-6229.57
-11797.1
-4689.34
-7706.62
-1661.22
-10137
-1109.05
-8043.81
-9498.82
-12477.7
-5751.24
-6790.16
-11310.6
-11120
-7563.3
-859.223
-796.281
-597.459
-689.154
-2726.2
-1997.24
-2497.58
-2275.28
1059.94
532.56
-2921.25
-3224.27
-10673
-10058.9
-7797.22
-6656.25
-4229.12
-3522.63
-6012.1
-4934.77
-5826.72
-4235.81
-18328.4
-15886.7
-8110.38
-6772.45
-6277.28
-4654.92
-5276.79
-3286.98
-5726.65
-2396.68
-5635.41
-9280.56
-4913.74
-9458.81
-8542.73
-10614.7
-9629.53
-13104.2
-971.316
-681.904
-724.594
-601.4
-3609.42
-2514.53
-2912.1
-1553.49
-1257.96
-1566.52
-8321.07
-8906.6
-4608.83
-4136.56
-9505.16
-9908.98
-14831.3
-17102.9
464.614
4090.16
-7358.12
-7186.11
-7142.13
-5646.86
-1030.06
-917.718
-1118.9
-911.635
-1624.71
-1031.19
-476.593
-373.019
-8013.49
-3555.83
-6806.7
-2963.41
-9317.27
-3567.41
-11146.5
-3842.89
-5347.25
-10256.1
-7015.64
-10751.2
-8807.62
-11872
-11656.1
-12877.4
-5128.43
-9048.05
-4603.94
-9002.59
-8251.51
-10856.2
-9534.41
-11249.6
-13532.9
-13538.2
-14893.3
-14079.8
-5525.71
-8899.76
-6145.02
-9126.45
-221.012
-1884.05
-7518.6
-4853.96
-197.161
-1946.44
-7447.06
-4643.85
-551.859
-1933.08
-7506.15
-5014.67
-773.74
-1889.01
-7391.35
-4931.71
-1026.99
-1114.68
-947.434
-1006.19
-1966.12
-1988.66
-1274.98
-1354.11
-8179.32
-7442.46
-3598.5
-3561.16
-3586.53
-5086.31
-3870.08
-26.9183
-1510.39
-1157.12
-1291.25
-3548.08
2796.12
-568.32
-14046.3
-11735.5
-10377.2
-8805.05
-5212.68
-1111.21
-985.24
-1121.09
-1362.91
-1952.56
-1518.7
-1732.12
-2288.89
-7707.36
-7504.59
-3931.33
-5015.78
-4966.58
-6659.5
-3042.86
-4972.42
-4669.77
-5076.19
-918.797
-1309.22
-2452.18
-3705.41
-9684.75
-7888.63
-7492.35
-5450.34
-6370.35
-4504.71
-5452.07
-3884.1
-3735.96
-4047.47
-8141.39
-7993.81
-11027.1
-7077.43
-10395.6
-11085.1
-13049.1
-10945.8
-9020.36
-5512.41
-6579.82
-6519.88
-12060.9
-5811.73
-12886
-5884.72
-13978.4
-10804.9
-14777
-11077.7
-9881.64
-4249.01
-10528.8
-4311.75
-7106.24
-5424.05
-5334.25
-7225.02
-6036.33
-6311.17
-5252.82
-7503.72
-7369.03
-4993.12
-5372.76
-7738.89
-8389.73
-4924.13
-6233.22
-7464.39
-775.659
-673.049
-980.104
-737.427
-1314.1
-1583.02
-1412.01
-1074.85
-7264.56
-6363.33
-3313.17
-1497.99
-7802.57
-7364.03
-5985.49
-5357.94
-4897.42
-4209.21
-1678.12
-1766.27
-3525.21
-1634.47
-8585.8
-7318.03
-4789.3
-3841.02
-3630.31
-2394.21
-2562.06
-1231.27
-3644.01
-92.0524
-200.4
-89.3632
-30.9764
16.8471
-178.781
-107.884
-30.5464
16.5269
-544.296
-234.542
-3.38581
136.745
-472.632
-263.527
-11.9677
104.542
-901.233
-351.956
33.8929
314.407
-870.546
-410.793
-126.009
21.8434
-605.648
-277.85
-133.533
-41.8937
-474.912
-188.146
-13.2824
88.5333
-1365.47
-471.322
-125.276
92.4507
-1620.67
-460.334
-113.022
363.974
-1302.03
-448.146
-78.3622
203.469
-1468.22
-412.638
-137.268
324.721
-1283.23
-436.698
-46.1639
213.365
-1683.01
-476.183
-99.7864
427.508
-1169.6
-374.793
24.2418
313.432
-1668.77
-462.067
-79.5605
461.63
-187.73
-74.4046
-11.9534
53.4233
-161.223
-56.4118
-25.8562
49.6882
-483.418
-193.519
-14.8934
142.337
-404.591
-147.439
-65.2125
129.865
-965.5
-331.209
-14.9471
298.152
-874.952
-286.166
-82.3668
267.555
-1067.73
-382.233
-66.3888
227.918
-805.741
-267.461
-105.868
297.632
-1475.29
-410.162
-121.945
466.874
-116.986
-41.9462
-12.4904
33.909
-54.7936
-28.5427
-11.4956
0.85173
-352.212
-121.469
-55.15
78.3585
-179.64
-85.2173
-43.4743
-4.48008
-626.244
-203.045
-84.8803
140.438
-362.458
-149.808
-67.6296
-2.87493
-952.773
-292.816
-106.149
214.847
-630.786
-221.512
-90.091
1.00245
-1255.19
-353.627
-175.295
174.841
-846.562
-267.608
-123.548
-15.5451
-1673.94
-459.135
-189.929
216.429
-836.755
-250.943
-104.08
6.82361
-1612.47
-448.331
-213.068
176.585
-925.619
-278.198
-119.874
-8.21052
-1656.75
-426.043
-148.417
281.828
-752.149
-204.83
-66.5923
40.4514
-1578.86
-371.759
-102.513
318.1
-671.2
-150.338
-27.8928
68.3469
-2.34033
-5.70436
-3.96552
-2.4409
-1.71748
-16.2103
-11.7819
-7.03119
-4.15955
-2.89368
-3.83704
-13.1582
-9.19212
-5.65064
-3.97257
-35.4977
-26.3447
-15.7504
-9.30527
-6.46724
1.27889
-15.8008
-11.3214
-6.97737
-4.90619
-47.266
-35.0679
-20.8652
-12.2957
-8.5371
-23.457
-17.7744
-10.6186
-6.25534
-4.33989
-1.3908
-7.22596
-5.13849
-3.16121
-2.21903
-7.77496
-17.8083
-11.9587
-7.25761
-5.08108
5.36392
-5.725
-4.41608
-2.75128
-1.94
-26.9698
-25.1799
-15.3406
-9.09049
-6.32344
1.29379
-6.72055
-4.73037
-2.89717
-2.03329
10.9256
-8.06256
-6.63996
-4.19179
-2.96327
7.55277
-4.5748
-3.7416
-2.34844
-1.65732
30.8628
0.452389
-2.35864
-1.7949
-1.32228
20.2362
1.012
-0.872272
-0.728491
-0.544857
1.59375
-3.81595
-2.85943
-1.78463
-1.26042
-2.90137
-3.92774
-2.52216
-1.522
-1.06587
-1.78214
-11.2173
-7.69175
-4.69694
-3.2954
-11.2755
-11.4187
-7.00592
-4.17124
-2.90751
11.6971
-11.7028
-8.87132
-5.51346
-3.88339
-19.7319
-16.9137
-10.0601
-5.93683
-4.12507
-24.9843
-20.8845
-12.3349
-7.26257
-5.04581
-24.1944
-14.5591
-8.16528
-4.74757
-3.28537
-18.7645
-12.3924
-7.05244
-4.12042
-2.85736
-38.1657
-198.68
-38.1259
-500.991
71.068
-680.162
417.44
-580.724
721.386
30.0373
-720.824
-1262.31
274.166
73.1645
-1176.95
-1883.98
-1501.06
-2158.79
-650.57
-154.784
-35.2645
-7.85199
-1.98426
-167.282
-93.8026
-13.0582
-3.63368
-1.64721
-2009.49
-474.044
-108.274
-23.9789
-6.06678
-398.731
-123.38
-31.9305
-6.92468
-1.92428
-3382.02
-797.284
-182.491
-40.5471
-10.2368
-692.89
-219.709
-55.4584
-13.1929
-3.37525
-4547.3
-1071.42
-246.022
-54.8184
-13.8575
-870.44
-286.773
-73.526
-17.5244
-4.45025
-5708.84
-1352.22
-312.158
-69.8653
-17.7327
-1040.4
-360.598
-93.7421
-22.4623
-5.74761
-6803.86
-1654.98
-386.692
-87.2181
-22.2312
-1669.08
-513.6
-127.535
-29.4735
-7.43558
-6327.08
-1533.85
-356.926
-80.1859
-20.3765
-1296.63
-432.332
-110.57
-26.0748
-6.59183
-7025.29
-1711.85
-400.788
-90.5483
-23.117
-1891.62
-564.317
-138.197
-31.51
-7.93125
-7335.33
-1773.15
-415.853
-93.9306
-23.9707
-1965.1
-588.327
-145.4
-30.8311
-8.20772
-508.631
-7119.59
-6263.65
-2205.97
-1590.05
-908.524
-3725.41
-2653.39
-6605.84
-6158.87
-3161.13
-2363.22
-319.505
-496.972
-865.136
-1424.62
-2167.43
-3038.24
-233.052
-508.595
-1069.06
-1884.63
-2880.82
-3930.35
-241.485
-111.221
-420.396
-286.321
-783.997
-646.5
-1327.07
-1225.11
-1937.24
-1850.8
-2587.27
-2315.58
-3832.54
-4406.25
-4878.01
-7420.74
-8431.32
-9363.4
-4846.24
-5412.96
-5463.26
-5054.21
-4388.33
-3881.31
-288.385
-244.042
-185.136
-115.47
-39.2271
-448.2
-378.917
-287.18
-178.983
-60.7796
-779.465
-658.224
-498.322
-310.328
-105.34
-1281.79
-1080.75
-817.041
-508.309
-172.464
-1946.06
-1637.1
-1235.21
-767.52
-260.283
-2718.67
-2279.02
-1714.76
-1063.94
-360.69
-210.256
-177.827
-134.83
-84.0581
-28.5495
-458.404
-387.271
-293.313
-182.715
-62.0314
-962.61
-812.336
-614.627
-382.604
-129.85
-1694.54
-1427.76
-1078.77
-670.927
-227.616
-2584.68
-2172.78
-1638.58
-1017.98
-345.226
-3515.09
-2945.39
-2215.8
-1375.01
-466.247
-218.024
-184.563
-140.06
-87.3775
-29.6873
-100.425
-85.0213
-64.5268
-40.2582
-13.6786
-379.3
-320.827
-243.27
-151.669
-51.5133
-258.397
-218.626
-165.821
-103.404
-35.124
-706.769
-597.227
-452.416
-281.859
-95.6953
-583.005
-492.825
-373.455
-232.72
-79.0205
-1194.8
-1008.11
-762.582
-474.6
-161.05
-1103.26
-931.079
-704.421
-438.428
-148.774
-1740.62
-1465.29
-1106.1
-687.394
-233.102
-1663.25
-1400.27
-1056.92
-656.684
-222.641
-2316.07
-1941.9
-1460.83
-905.924
-306.965
-2073.12
-1737.89
-1306.55
-809.518
-274.093
-3410.2
-2843.35
-2131.51
-1321.03
-448.161
-3882.64
-3209.89
-2395.23
-1485.27
-505.969
-4223.12
-3444.13
-2556.9
-1594.55
-551.107
-6212.09
-4959.97
-3675.17
-2342.44
-849.729
-6657.96
-5158.33
-3836.7
-2556.84
-1032.13
-7074.82
-5371.27
-4010.62
-2763.8
-1202.55
-4314.04
-3598.86
-2699.46
-1673.8
-567.925
-4785.4
-3967.97
-2966.5
-1839.85
-625.826
-4778.76
-3928.98
-2927.25
-1820.47
-623.527
-4341.35
-3524.03
-2617.72
-1642.41
-573.187
-3639.32
-2891.07
-2144.82
-1376.73
-504.767
-3099.38
-2407.83
-1786.05
-1176.93
-455.792
-334.602
-544.408
-950.98
-1558.1
-2360.64
-3286.66
-253.674
-573.447
-1185.47
-2059.06
-3108.67
-4184.09
-255.473
-122.681
-465.086
-324.231
-867.237
-721.507
-1462.09
-1354.59
-2146.69
-2092.18
-2872.85
-2696.46
-4104.41
-4672.17
-5132.14
-7590.05
-8510.92
-9387.9
-5076.49
-5567.81
-5517.72
-5019.22
-4317.16
-3846.73
-302.102
-255.748
-194.095
-121.098
-41.1467
-491.331
-415.752
-315.395
-196.721
-66.8323
-857.627
-725.089
-549.631
-342.632
-116.372
-1403.6
-1185.24
-897.459
-559.064
-189.821
-2122.96
-1789.47
-1352.96
-842.082
-285.831
-2947.46
-2477.46
-1869.21
-1162.33
-394.518
-228.988
-193.807
-147.056
-91.7369
-31.1682
-517.365
-437.617
-331.873
-206.954
-70.3018
-1068.61
-903.027
-684.226
-426.427
-144.817
-1853.76
-1564.37
-1183.94
-737.316
-250.322
-2793.4
-2352.66
-1777.68
-1106.12
-375.437
-3748.89
-3148.29
-2373.84
-1475.75
-500.898
-230.727
-195.393
-148.341
-92.576
-31.4597
-110.824
-93.8792
-71.2934
-44.5026
-15.125
-419.909
-355.48
-269.79
-168.33
-57.196
-292.825
-247.984
-188.273
-117.5
-39.9303
-782.514
-661.977
-502.064
-313.098
-106.36
-651.244
-551.142
-418.157
-260.839
-88.6187
-1317.99
-1113.75
-843.858
-525.879
-178.582
-1221.51
-1032.61
-782.628
-487.819
-165.671
-1932.27
-1630.22
-1233.44
-767.978
-260.701
-1884.1
-1590.34
-1203.69
-749.564
-254.453
-2578.98
-2169.79
-1638.08
-1018.75
-345.734
-2422.83
-2040.1
-1540.87
-958.296
-325.146
-3663.23
-3065.46
-2306.49
-1433.6
-487.104
-4134.72
-3435.61
-2576.54
-1603.84
-547.442
-4471.37
-3673.02
-2745.9
-1721.18
-596.282
-6398.41
-5148.55
-3844.17
-2464.5
-896.692
-6765.47
-5277.38
-3951.96
-2647.78
-1071.83
-7113.35
-5415.67
-4055.26
-2800.71
-1219.6
-4528.49
-3787.3
-2848.11
-1769.55
-601.071
-4933.35
-4101.64
-3074.85
-1911.23
-650.894
-4837.02
-3987.47
-2979.19
-1857.2
-637.05
-4319.25
-3514.36
-2617.96
-1647.32
-576.267
-3583.23
-2850.44
-2119.98
-1365.67
-502.772
-3071.52
-2386.8
-1772.43
-1170.33
-454.392
-19972
-14446.5
-4802.91
-3744.55
-2868.29
-3960.22
-3725.16
-13016.9
-14500.6
-11439.4
-13185.1
-7640.99
-11058.3
-5796.87
-6070.47
-4393.62
-20528.5
-11157.7
-4182.63
-6843.89
-9079.07
-6186.99
-6743.68
-5086.83
-3109.31
-4440.44
-5045.88
-5154.62
-19564.4
-12981.1
-12759.9
-9070.25
-8977.32
-9587.16
-4382.03
-5479.74
-6961.31
-14051.5
-11971.7
-9841.77
-8831.84
-7309.06
-9362.56
-6375.19
-4851.88
-3610.93
-1789.99
-4247.47
-3527.42
-2645.19
-1647.44
-562.916
-3347.91
-2806.04
-2113.28
-1313.64
-446.168
-2562.06
-2144.32
-1611.98
-1000.16
-339.224
-3550.25
-2982.4
-2248.45
-1397.05
-473.926
-3320.08
-2773.72
-2083.71
-1293.66
-439.308
-9397.55
-7690.58
-6203.92
-5416.84
-5133.91
-10651.1
-9046.55
-7195.1
-5617.35
-3233.16
-8190.75
-5723.47
-4250.09
-2900.41
-1225.01
-9683.7
-7889.52
-6092.12
-4385.86
-2070.27
-6429.21
-5124.94
-3753.77
-2327.67
-805.993
-8632.27
-6404.71
-4635.55
-2910.19
-1052.02
-5000.77
-4059.1
-2995.01
-1851.65
-633.049
-5215.94
-4219.9
-3107.69
-1920.87
-657.369
-3824.84
-3126.3
-2313.6
-1428.41
-485.986
-14264.2
-11228.4
-9128.66
-7807.93
-6836.62
-8613.17
-6540.81
-4903.96
-3305.38
-1414.67
-3598.56
-2919.77
-2160.39
-1344.49
-465.108
-5907.98
-4816.81
-3586.96
-2251.36
-788.198
-7606.53
-6101.24
-4555.76
-2935.77
-1095.52
-5318.98
-4328.32
-3229.51
-2039.85
-720.489
-5872.79
-4824.99
-3610.8
-2268.25
-789.238
-4464.12
-3682.88
-2752.15
-1715.31
-588.691
-2738.44
-2261.5
-1684.56
-1041.93
-353.945
-3943.36
-3282.78
-2459.66
-1525.34
-518.122
-4402.66
-3609.2
-2680.33
-1661.4
-567.957
-4523.09
-3729.01
-2782.4
-1730.28
-592.561
-13601
-11208
-9248.53
-8043.35
-6773.78
-9076.6
-6516.07
-4964.88
-3595.47
-1764.26
-9728.76
-7835.23
-6014
-4365.13
-2044.99
-7214.96
-5534.71
-4168
-2804.61
-1116.57
-7548.8
-6078.44
-4552.82
-2942.85
-1094.49
-7623.48
-5839.8
-4394.46
-2950.31
-1163.16
-3813.74
-3129.75
-2338.71
-1466.69
-509.477
-4854.44
-4034.1
-3022.09
-1877.11
-639.033
-6044.29
-4948.48
-3692.15
-2314.61
-803.924
-448.487
-1287.9
-2069.72
-2824.38
-3550.83
-4235.08
-2745.98
-7360.93
-6948.73
-2670.72
-9324.44
-7836.02
-9256.91
-10226.5
-2499.53
-1610.51
-5808.82
-3320.49
-10962.4
-7833.84
294.793
-2220.64
-6114.19
-5684.29
-2141.41
-7900.5
-6350.72
-7725.9
-8663.34
-2067.34
-937.972
-4995.93
-1697.81
-9020.47
-4670.72
1716.91
-1611.28
-4617.14
-4271.08
-1555.21
-6196.26
-3746.49
-6211.23
-6829.44
-1550.91
-856.163
-3517.01
-1777.94
-7134.36
-1771.32
1861.64
-1174.23
-3540.72
-3334.17
-1172.78
-4692.05
-2219.36
-5106.09
-5959.93
-1157.87
-904.556
-2558.98
-1809.36
-6225.26
-290.034
1401.7
-939.667
-2977.04
-2844.69
-978.72
-3727.41
-1817.02
-4540.49
-5751.71
-908.108
-991.879
-1819.3
-1746.81
-5403.4
-79.8463
186.84
-823.945
-2635.2
-2595.53
-880.293
-3430.3
-2098.05
-4179.93
-5483.67
-694.187
-778.495
-1482.33
-1705.44
-5321.74
-949.967
-488.042
-1397.69
-3409.1
-5071.72
-1965.25
-5514.56
-9668.29
-7408.62
-10659.4
-993.18
-682.328
-3855.47
-2317.94
-1083.29
-9158.11
-4731.9
-1297.91
-3172.26
-4444.1
-1703.11
-5086.39
-8718.56
-6668.2
-9043.52
-1013.43
-596.109
-3982.39
-2176.78
-263.062
-8963.32
-3510.77
-1136.81
-2788.18
-3622.23
-1361.27
-4615.05
-7751.38
-5648.04
-7909.73
-894.045
-683.721
-3383.24
-2256.29
-496.93
-7187.34
-3330.15
-977.31
-2502.43
-2985.99
-1097.96
-4286.99
-6991.93
-5000.4
-7141.58
-814.802
-684.776
-3106.92
-2326.52
-333.359
-6624.35
-3325.75
-879.22
-2243.82
-2637.59
-954.952
-3874.41
-6383.04
-4541.18
-6761.33
-759.017
-738.235
-2806.57
-2510.79
-496.522
-6323.97
-3374.45
-814.148
-1997.67
-2437.62
-875.306
-3568.13
-6291.1
-4203.79
-6525.26
-787.1
-860.938
-2494.68
-2390.79
-759.675
-6463.71
-3741.69
6302.77
7958.59
16453.9
24089.3
24540.3
42264.3
18801.4
47850.2
15298.1
33588.4
22907.5
34796.9
20503
26995
7753.45
8802.66
15560.8
17831
20018.1
19855.9
15720.4
19386.7
23134.9
20733.3
5226.08
3993.12
6406.9
4348.41
13155.5
10553.3
22459.1
16321.5
17313.1
18059
19314.4
18561.7
6880.27
5312.43
40912.7
54761.9
26450.5
32463
54862.1
71210.6
28377.2
32494.3
30410.5
42943.1
26572.3
35191
15612.3
25097.8
2857.56
982.765
2925.4
1069.3
9105.23
3684.29
12490.2
4609.62
8941.91
3418.7
9412.6
3024.06
16018.9
5106.69
20654.4
6982.4
24996.9
12473.7
22883.5
13557
23320.9
15094.5
20519.1
15366.7
18095.9
10767.5
18132.4
9299.38
23619
15043.4
23677.2
15167
21684.5
16231.7
21947.9
16284.9
19533.6
12387.3
20228.5
12679.2
18540.1
8080.71
8619.44
10568.8
18613.9
8854.97
7566.58
10777.1
19625.3
8024.26
9735.08
10607.1
20596.7
8209.98
10570.3
11058.4
3686.93
3990.76
1273.78
2479.96
11385.2
12062.7
4441.47
8002.98
14646.2
16218.1
7194.28
12293.1
12303.7
833.89
13928.4
17428.3
9603.07
484.131
7293.34
12647.6
20510.1
14666.5
10311
12628.9
11187.7
9779.86
15405.6
3397.95
2742.6
1930.28
1934.61
10487.7
8737.15
6454.64
6099.04
12993
10811.8
8344.78
7452.05
5760.46
7402.69
12004.3
12514.4
14431.9
13102.8
16301.9
14084.1
11318.5
9537.41
9215.11
9530.12
12213.5
9379.59
11220.3
7924.09
9800.2
6555.92
11619
7529.69
10395
4538.49
8993.6
9577.25
12739.4
16419.5
14041.3
20309.8
7205.05
7840.66
9243.64
2589.74
8041.46
15350.3
7642.77
16514.3
13916.2
25110.7
14164
26713.5
6142.5
13287.3
5608.03
14215.9
8530.04
6291.6
11970.2
4614.95
8669.17
1345.6
10376.4
431.411
8235.53
9574.96
12558.4
5743.15
6843.64
11338.9
11144.1
7570.74
2107.08
1850.74
1642.79
1564.47
1429.6
1269.04
7022.44
5609.91
4745.83
4586.92
3578.22
3028.82
8427
7109.01
6494.35
5458.01
4323.9
4028.31
6389.07
5498.14
5306.96
10809.2
7953.74
6583.91
10363
7407.51
5874.39
10839.3
8319.47
7124.18
6988.84
4460.41
3402.16
15539.9
13100
11109.9
10146.3
8211.37
6626.61
9193.83
6918.76
5335.22
7868.9
5496.6
4059.92
8337.89
4529.24
2445.87
10586.9
14304.7
8410.56
10832
11546.8
16901.8
10350.7
14994.3
61.3414
618.158
-435.828
61.8909
2973.01
3401.05
1249.86
750.958
688.593
2387.87
9500.73
13814.1
6647.11
3721.99
10140.2
10073.5
15762.6
17371.4
-619.639
-4238.64
7676.74
7227.71
7311.6
5634.36
887.839
485.198
578.472
249.905
2013.29
163.604
-288.465
-836.375
9243.37
2312.07
6311.92
1611.29
9152.48
2765.39
11076.6
3518.94
9001.29
12018.5
8299.63
11702.2
14612.4
15345.7
13918.2
14500.3
5642
9312.43
6531.9
9264.45
8799.53
11259.3
9697.47
11356.8
14495.6
14223.7
15168.8
14264.5
5690.7
8997.47
6185.22
9145.37
-279.721
1154.84
7164.35
4268.81
-824.243
750.521
6637.04
3759.66
181.185
1423.06
7315.81
4659.95
621.646
1684.38
7334.78
4810.06
-675.277
-767.176
134.634
-20.2353
-2938.81
-2949.57
-266.462
-447.353
-695.077
-2050.12
1517.53
835.17
-10247.3
-9742.86
-5566.35
-4320.72
-566.474
-10637.4
-10763.9
-4276.48
-6334.82
-978.297
10481.1
8110.71
7037.87
6450.87
3715.43
-763.717
-679.884
-83.1057
-7.18094
-2510.47
-2381.9
-195.671
6.01101
-2567.63
-2987.33
501.011
739.228
-5113.22
-2199.73
-8024.42
-4882.11
-3572.8
-2627.1
-4057.44
-3426.73
214.65
1039.64
3845.96
2415.68
1072.93
-949.327
934.928
-756.271
1497.56
215.14
1730.31
1940.66
5173.49
4683.11
9848.41
5909.85
8177.4
8138.99
12397.4
9990.51
7590.23
4394.2
3740.86
3669.27
11618.9
5096.32
12775.4
5714.5
13827.9
10199.4
14753.4
10951.7
9239.45
3556.31
10350.7
4130.36
5757.54
4430.19
4162.95
6130.73
3655.03
4050.12
3529.63
5678.29
6675.56
4349.6
4715.77
7048.92
8174.97
4724.39
6021.79
7268.91
-661.451
-670.265
-742.766
-61.751
-250.299
-272.01
-2498.74
-2589.54
-2561.93
-223.458
-714.63
-710.914
-3222.72
-3482.75
-3523.86
429.036
-713.08
-942.084
-1109.08
-931.368
-628.6
-3435.74
-3457.46
-3188.47
-2790.05
-3083.42
-3003.19
-3462.46
-3613.28
-3481.29
1073.14
-327.496
-424.723
3518.38
2021.25
1102.44
-832.453
-1828.43
-2355.99
-844.079
-2082.84
-2615.29
-408.538
-1723.48
-2094.49
1923.93
-444.66
-719.126
-25.1527
-29.7587
-34.5129
-50.9555
-232.616
-123.287
-97.7943
-88.3337
-20.0489
-65.0274
-147.827
-215.897
-402.262
-240.432
-264.294
-265.26
188.286
-21.5988
-213.289
-388.904
-153.338
-190.977
-233.576
-252.366
-30.9179
-111.617
-103.808
-97.6209
197.958
12.6787
-94.172
-153.605
848.678
181.668
-53.3228
-213.415
1314
309.933
32.5143
-380.06
574.342
76.7861
-131.408
-336.701
1072.76
234.497
47.5066
-326.856
910.999
216.579
-82.6037
-283.497
1478.01
369.025
36.6195
-450.307
1017.74
281.938
-79.3123
-344.208
1594.11
421.416
55.2869
-470.213
-10.6163
-17.5097
-31.1759
-65.9203
-39.2909
-26.5106
-16.7984
-59.7078
-83.1113
-70.6475
-112.09
-201.115
-170.086
-98.1814
-62.1631
-180.464
341.027
45.5636
-114.453
-336.934
133.256
-27.9073
-76.5567
-315.942
36.5445
-107.159
-180.393
-342.151
-16.3472
-88.7157
-62.9283
-318.254
910.912
177.637
12.1158
-441.265
-81.2243
-38.7675
-24.6277
-46.9145
-142.677
-56.0216
-27.4214
-22.732
-170.448
-96.5401
-54.5287
-131.54
-383.731
-158.792
-73.1398
-63.5877
-120.307
-109.804
-74.5922
-214.148
-496.462
-224.83
-110.416
-99.4173
47.7838
-100.521
-93.3954
-298.677
-406.305
-243.49
-129.973
-125.105
451.007
-14.9896
-29.1438
-278.422
-147.773
-209.451
-115.011
-125.374
1055.38
112.919
-8.44482
-317.779
326.941
-48.3357
-65.4961
-111.511
800.49
32.2281
-19.4648
-294.936
172.506
-120.79
-93.6335
-123.673
1286.71
207.677
20.5144
-345.413
461.49
20.1476
-39.7941
-103.46
1458.43
298.58
59.1316
-339.692
581.275
90.9115
-6.80649
-88.7513
-22.584
-9.43784
-4.51792
-2.44528
-1.6432
-29.6954
-14.2788
-7.30148
-4.05497
-2.74986
-59.401
-23.9165
-11.3145
-6.10663
-4.10137
-73.074
-34.6468
-17.6513
-9.80467
-6.65231
-78.7167
-29.9316
-13.9727
-7.52421
-5.05328
-97.4606
-45.6612
-23.2664
-12.9453
-8.79186
-50.5295
-23.2089
-11.7747
-6.55829
-4.46046
-36.4438
-13.7849
-6.359
-3.42371
-2.30552
-77.808
-30.2304
-14.349
-7.79582
-5.25473
-37.3744
-12.5261
-5.61037
-2.99076
-2.00366
-82.1954
-34.9311
-17.3462
-9.57104
-6.48153
-35.4301
-12.4656
-5.75875
-3.09917
-2.0824
-60.2139
-19.9297
-8.74963
-4.62732
-3.09554
-35.401
-11.1242
-4.86031
-2.57695
-1.72633
-53.2568
-13.2112
-4.66656
-2.23405
-1.44589
-29.4931
-6.3187
-2.04959
-0.946845
-0.605823
-18.9547
-7.21141
-3.34592
-1.78995
-1.19722
-13.7009
-5.69156
-2.76227
-1.50141
-1.00916
-51.4048
-19.8533
-9.38073
-5.06496
-3.4027
-39.609
-16.6027
-8.15386
-4.45844
-3.00636
-71.9527
-24.6215
-11.1948
-5.97643
-4.00365
-53.587
-22.8034
-11.35
-6.24401
-4.2219
-63.8146
-27.1271
-13.5921
-7.50622
-5.08056
-36.3534
-17.1855
-8.83593
-4.91264
-3.33291
-32.6999
-14.6825
-7.49856
-4.16097
-2.82026
220.59
363.022
590.729
1041.74
491.048
1245.87
-129.414
926.558
-816.874
-100.348
605.74
1149.15
-522.373
-429.168
1126.28
1846.12
1488.19
2150.89
607.588
141.389
31.9472
7.08179
1.78497
180.465
89.2934
11.8919
3.24121
1.51001
2152.17
502.431
114.282
25.2605
6.38167
510.462
142.218
35.1533
7.49926
2.04381
3554.45
830.083
189.272
41.9702
10.5822
798.453
236.671
58.2271
13.6626
3.46597
4742.92
1110.72
254.332
56.5802
14.2861
926.084
297.39
75.5054
17.9049
4.52861
5881.61
1391.02
320.79
71.7418
18.195
1022.4
362.029
94.5671
22.7009
5.80763
6876.31
1675.88
391.957
88.446
22.5471
1647.66
511.229
127.407
29.5069
7.45311
6438.45
1564.43
364.278
81.8432
20.792
1249.85
428.613
110.512
26.159
6.62142
7065.43
1723.69
403.865
91.283
23.3098
1885.88
563.839
138.236
31.5405
7.9423
7348.63
1777.05
416.885
94.1801
24.0365
1964.75
588.457
145.462
30.8428
8.21204
526.324
7221.59
6588.38
2336.05
-1482.25
-2563.07
-8021.62
-11723.2
-1841.86
-8650.61
1759.37
-2596.84
-2539.22
-5071.61
-9647.1
-13669.2
-14447.4
-18166.5
-5107.04
-6625.74
20022.5
14391.1
4431.47
3357.36
2397.97
3390.52
3244.27
12179.2
11329.7
9776.93
10329.5
8359.32
6030.01
7986.63
5149.11
4364.21
5248.78
3602.43
19792.8
10100
3431.03
5902.09
8200.9
5662.38
6084.95
4493.48
2666.95
3757.69
4070.87
4417.82
19658.5
12783.4
12090.7
8672.83
8513.67
9037.7
3702.07
4832.82
6306.18
14032.8
11898.8
9733.73
8688.1
7176.44
9272.59
6282.83
4763.25
3537.85
1758.46
3893.56
3208.91
2388.28
1478.93
503.872
2988.45
2491.46
1866.27
1155.19
391.466
2123.11
1757.94
1306.97
803.746
271.281
3023.67
2523.8
1890.07
1168.06
395.067
2868.91
2374.44
1767.04
1089.05
368.401
7710.89
5780.73
4404.31
3930.01
4074.62
6103.05
4396.73
3049.93
2458.81
1679.07
6088.24
3653.28
2489.6
1684.95
784.208
5269.74
3499.52
2282.5
1615.47
928.346
3889.7
2406.24
1476.08
994.974
476.212
4748.46
3523.13
2413.19
1429.36
488.068
5430.8
3491.77
2268.1
1341.89
493.59
3377.85
2028.91
1216.61
657.015
220.001
3580.07
2747.19
1920.95
1141.37
383.19
4173.13
3100.13
2101.76
1217.66
402.782
2988.33
2313.64
1624.17
962.587
320.556
12915.7
9659.15
7594.81
6507.84
5940.94
7379.56
5296.71
3813.78
2532.12
1109.46
2840.06
2207.04
1568.01
948.527
324.791
4967.99
3937.72
2856.58
1761.59
613.392
6671.06
5185.35
3766.57
2387.83
890.697
4786.25
3821.89
2802.04
1748.79
615.075
5233.29
4239.47
3131.14
1949.24
676.005
3888.96
3157.18
2322.94
1431.46
488.73
2290.35
1835.96
1327.22
801.729
268.899
3295.45
2702.48
1994.28
1222.03
412.452
3446.56
2729.53
1960.42
1185.46
400.655
3806.52
3072.69
2246.26
1375.96
467.944
13464.8
10930.9
8886.24
7635.72
6372.53
8795.75
6226.07
4692.04
3378.83
1667.85
8814.81
6881.23
5125.16
3680.1
1737.73
6762.41
5073.54
3754.2
2502.47
1000.02
7045.75
5575.63
4109.78
2628.11
974.272
6991.75
5208.36
3829.85
2541.15
1002.69
3156.7
2531.52
1851.91
1145.21
396.1
4239.88
3483.02
2579.58
1588.33
538.319
5393.48
4340.37
3186.07
1974.5
682.542
5426.72
10893.3
12433
34247.6
12216.3
45665.3
6151.91
14628.8
12176.4
9377.49
20288.4
16898.9
12081.1
11298.4
22681.4
17894
4009.75
3024.2
7662.6
5288.78
9682.63
7261.45
26185.8
19380.9
15880.8
12024.4
16366.6
9713.67
1216.25
3917.77
42372.7
55366.8
25559.2
32315.6
55822.7
71612.5
27393.8
32258.6
31648.6
43583.6
25758.9
35140.2
17205.8
25860.5
2002.1
549.537
3366.45
1162.42
7018.93
3150.35
14383.9
5202
3085.33
1762.92
7733.08
2436.22
16043.2
5048.61
20845.8
7034.62
17071.6
8885.81
19768.5
11729.4
15427.1
11066.3
17421.8
13442.5
15894.8
9306.13
12548.6
6526.43
22418.6
14224
23378.1
14943.5
20451.1
15396.5
21617.9
16058.2
18728.3
11715.3
20039.5
12494.1
17492.5
7769.03
7652.34
10171.3
15641.5
7957.51
5764.59
10041.2
19353.6
7946.43
9285.93
10414.6
20568.3
8203.92
10444.4
11003.1
1203.28
1080.08
323.537
1266.53
4769.95
4966.63
3034.18
6098.13
2764.2
3447.8
4799.59
9102.1
12313.5
9690.64
9709.86
12236.8
8182.57
7589.29
8232.82
7232.16
14206
12618.6
11918.2
10133.5
7167.43
6237.54
13675.6
1104.08
835.829
582.558
686.728
4512.04
3553.93
3909.55
3423.26
703.818
-482.464
4584.48
3607.19
10182.2
10814
9553.95
8765.43
7308.83
5309.19
9631.23
7649.87
8834.72
6919.97
11724.5
11811.7
10125.3
7762.78
7579.56
5021.13
6769.7
4186.95
10276.4
6191.72
9440.99
4951.22
8448.51
9533.61
13195.9
17459.6
13933.4
20319.5
6547.9
7683.72
7906.11
2736.25
7819.87
15233.9
7584.58
16465.1
13803.4
25221
14123.3
26697.4
5877.64
13148.8
5540.23
14169.8
8064.73
6229.57
11797.5
4689.51
7705.95
1661.18
10137.3
1109.17
8043.53
9498.94
12478.2
5751.46
6789.98
11310.8
11120.4
7563.6
817.859
781.575
553.444
656.339
2698.87
1961.98
2504.29
2269.37
-1060.47
-532.678
2921.24
3224.9
10673.3
10059.2
7797.65
6656.79
4229.56
3523.18
6011.97
4934.91
5826.77
4236.07
18328.2
15886.9
8110.38
6772.64
6277.33
4655.12
5276.8
3287.08
5726.77
2396.81
5638.01
9280.31
4919.31
9458.69
8541.62
10611.9
9626.01
13099.3
866.026
563.813
630.882
489.063
3649.01
2592.79
2964.36
1640.23
1262.79
1568.67
8322.32
8907.05
4610.68
4140.93
9504.3
9907.67
14828.7
17101.6
-463.581
-4089.85
7358.43
7184.99
7142.14
5646.5
892.345
834.515
974.435
826.909
1678.07
1042.99
528.94
384.399
8016.85
3557.24
6811.68
2966.17
9317.83
3568.23
11145.5
3842.8
5346.91
10255.1
7014.88
10750
8805.53
11870
11653
12875.2
5128.71
9047.43
4604.28
9002.12
8250.39
10854.9
9532.84
11248.1
13530.7
13536.5
14891.7
14078.2
5525.41
8898.88
6143.96
9125.16
222.886
1885.16
7518.44
4854.03
198.987
1947.47
7447.08
4644.06
552.699
1933.64
7505.62
5014.47
773.54
1889.02
7390.36
4931.22
893.373
964.502
865.445
911.616
2017.37
2050.26
1283.09
1367.49
8181.11
7443.18
3599.5
3561.65
3586.74
5086.04
3870.35
28.1053
1511.19
1157.5
1291.64
3547.97
-2795.31
568.854
14044.3
11734.5
10376.6
8805.02
5212.94
943.85
810.505
998.619
1218.26
2018.35
1591.37
1764.35
2332.01
7708.3
7505.54
3931.37
5014.86
4966.73
6659.64
3043.12
4972.46
4669.69
5075.96
919.21
1309.36
2452.46
3705.18
9684
7888.41
7491.97
5450.23
6370.22
4504.64
5452.16
3884.13
3736.16
4047.44
8140.85
7993.43
11026.2
7076.93
10394.6
11084.5
13047.8
10945
9019.83
5512.08
6579.63
6519.64
12059.8
5811.2
12884.8
5884.03
13977.2
10804.1
14775.8
11076.9
9880.84
4248.65
10527.7
4311.2
7105.99
5423.79
5334.19
7224.7
6036.34
6311.01
5252.92
7503.51
7368.52
4992.76
5372.47
7738.38
8388.87
4923.58
6232.63
7463.7
586.499
505.327
859.924
641.447
1396.75
1652.2
1463.86
1118.93
7266.68
6366.17
3311.57
1498.74
7802.66
7364.19
5985.4
5357.95
4897.2
4209.16
1678.39
1766.98
3524.64
1634.38
8585.68
7318.13
4789.23
3841.1
3630.25
2394.3
2562.08
1231.49
3643.79
92.024
183.289
81.7467
29.0863
-13.6144
163.23
99.3281
27.9635
-14.9683
545.002
234.956
2.78811
-138.465
475.199
264.384
12.6733
-104.363
901.871
352.31
-33.6361
-314.172
871.786
411.36
126.273
-21.7017
606.144
278.099
133.668
41.9728
475.111
188.262
13.3542
-88.4832
1365.97
471.59
125.438
-92.3261
1620.81
460.45
113.111
-363.879
1302.52
448.423
78.5607
-203.276
1468.42
412.774
137.366
-324.619
1283.52
436.881
46.2837
-213.275
1683.05
476.263
99.8607
-427.414
1169.68
374.892
-24.1564
-313.353
1668.7
462.108
79.6179
-461.542
171.534
67.9172
11.0572
-47.7982
144.543
50.7098
23.8701
-44.5527
483.72
193.735
14.7705
-143.724
406.55
147.936
64.8694
-131.215
965.936
331.46
15.1657
-297.868
875.37
286.393
82.5373
-267.237
1068.18
382.512
66.5868
-227.711
806.103
267.672
106.003
-297.462
1475.55
410.328
122.065
-466.751
101.524
37.3054
11.3768
-30.2412
46.0981
25.6299
10.6523
-0.369759
357.358
122.452
55.3564
-79.4772
183.809
85.8611
43.5374
4.10964
626.78
203.277
84.9448
-140.23
363.252
150.115
67.7202
2.92204
953.138
293.036
106.274
-214.679
631.198
221.76
90.2032
-0.915743
1255.44
353.806
175.417
-174.702
846.831
267.811
123.664
15.6384
1674.07
459.272
190.03
-216.325
836.865
251.05
104.153
-6.7628
1612.68
448.51
213.192
-176.459
925.795
278.35
119.973
8.29222
1656.77
426.123
148.486
-281.745
752.191
204.891
66.6378
-40.4114
1578.77
371.783
102.551
-318.032
671.174
150.356
27.9135
-68.3221
2.68353
5.42342
3.71437
2.27599
1.59905
15.3769
11.003
6.52947
3.85335
2.67787
3.5194
13.0969
9.18424
5.65116
3.97437
35.1151
26.2402
15.7217
9.29532
6.46218
-1.24098
15.8251
11.3405
6.99019
4.91557
47.3012
35.0964
20.8896
12.3132
8.55057
23.4833
17.789
10.6287
6.26239
4.34517
1.40845
7.23454
5.14379
3.1648
2.22175
7.8145
17.8304
11.9748
7.26904
5.08979
-5.3441
5.73524
4.42312
2.75631
1.94389
27.0236
25.207
15.3592
9.10293
6.33241
-1.27127
6.73203
4.73833
2.9028
2.03754
-10.8978
8.07623
6.649
4.19813
2.96811
-7.53611
4.58254
3.7464
2.35175
1.65991
-30.8415
-0.443386
2.36398
1.79854
1.32509
-20.2257
-1.00788
0.874611
0.730068
0.54609
-1.06972
3.62665
2.67002
1.65846
1.16991
2.9688
3.68811
2.3395
1.40557
0.98284
1.50307
11.1796
7.69244
4.70039
3.29783
11.052
11.4059
7.01599
4.17883
2.91224
-11.6586
11.7257
8.88901
5.52517
3.89158
19.744
16.9334
10.078
5.94896
4.13381
25.0349
20.9094
12.352
7.27405
5.0544
24.2232
14.5757
8.17758
4.75593
3.29173
18.7924
12.4059
7.06135
4.12645
2.8619
16.1791
166.804
54.1533
517.716
-68.2174
682.167
-416.562
581.431
-721.107
-29.7709
720.88
1262.39
-274.066
-73.0341
1177
1884.06
1501.14
2158.89
571.509
135.02
30.6723
6.81688
1.72095
142.103
82.706
11.0206
3.09022
1.45863
2036.73
481.152
109.92
24.347
6.15898
411.757
127.454
32.8887
7.17022
1.98213
3380.36
796.944
182.419
40.5311
10.2327
693.649
220.034
55.5546
13.2157
3.38102
4547.24
1071.39
246.016
54.8163
13.8567
870.707
286.886
73.5635
17.5342
4.45291
5709.11
1352.27
312.168
69.8668
17.7327
1040.55
360.655
93.7608
22.4674
5.74906
6804.25
1655.08
386.712
87.2222
22.2321
1669.19
513.634
127.543
29.4756
7.43614
6327.44
1533.93
356.943
80.189
20.3771
1296.75
432.373
110.582
26.078
6.59274
7025.7
1711.95
400.809
90.5528
23.1181
1891.73
564.349
138.205
31.5118
7.93168
7335.74
1773.25
415.875
93.9353
23.9718
1965.2
588.359
145.408
30.8327
8.20811
508.215
7118.97
6261.8
2206.14
1455.73
792.673
3752.03
2713.63
6639.1
6242.21
2907.31
2094.41
319.483
496.937
865.076
1424.53
2167.29
3038.05
233.036
508.559
1068.98
1884.5
2880.63
3930.1
241.468
111.213
420.365
286.299
783.942
646.454
1326.98
1225.02
1937.11
1850.68
2587.11
2315.44
3832.3
4405.99
4877.74
7420.36
8430.93
9363
4845.94
5412.64
5462.96
5053.94
4388.11
3881.14
288.365
244.025
185.123
115.462
39.2242
448.168
378.89
287.159
178.97
60.7751
779.41
658.177
498.286
310.305
105.332
1281.71
1080.67
816.983
508.273
172.452
1945.93
1636.99
1235.13
767.466
260.264
2718.49
2278.87
1714.64
1063.87
360.665
210.241
177.814
134.82
84.0519
28.5474
458.371
387.242
293.291
182.702
62.0268
962.542
812.278
614.583
382.576
129.841
1694.43
1427.66
1078.69
670.879
227.599
2584.51
2172.63
1638.46
1017.9
345.201
3514.86
2945.19
2215.65
1374.91
466.214
218.009
184.55
140.05
87.3711
29.6851
100.418
85.015
64.5219
40.2552
13.6775
379.273
320.804
243.252
151.658
51.5094
258.378
218.61
165.809
103.396
35.1214
706.719
597.184
452.383
281.838
95.6882
582.963
492.79
373.428
232.703
79.0146
1194.72
1008.04
762.528
474.566
161.038
1103.18
931.014
704.372
438.397
148.764
1740.51
1465.19
1106.02
687.346
233.086
1663.14
1400.18
1056.85
656.639
222.626
2315.92
1941.78
1460.73
905.862
306.943
2072.99
1737.78
1306.47
809.464
274.075
3409.99
2843.17
2131.37
1320.93
448.129
3882.4
3209.68
2395.07
1485.16
505.932
4222.87
3443.9
2556.72
1594.43
551.063
6211.72
4959.64
3674.89
2342.25
849.653
6657.58
5157.97
3836.38
2556.61
1032.03
7074.43
5370.9
4010.3
2763.56
1202.44
4313.77
3598.62
2699.28
1673.68
567.884
4785.11
3967.71
2966.3
1839.72
625.78
4778.48
3928.73
2927.05
1820.33
623.48
4341.1
3523.8
2617.53
1642.29
573.142
3639.11
2890.88
2144.66
1376.62
504.725
3099.21
2407.67
1785.92
1176.84
455.752
334.58
544.374
950.922
1558
2360.5
3286.47
253.658
573.412
1185.4
2058.93
3108.48
4183.85
255.456
122.673
465.057
324.211
867.184
721.462
1462
1354.51
2146.56
2092.06
2872.69
2696.31
4104.19
4671.92
5131.89
7589.69
8510.54
9387.5
5076.2
5567.51
5517.42
5018.96
4316.95
3846.56
302.082
255.731
194.082
121.09
41.1439
491.3
415.725
315.374
196.708
66.828
857.574
725.044
549.597
342.611
116.365
1403.51
1185.17
897.404
559.029
189.809
2122.84
1789.36
1352.88
842.031
285.813
2947.29
2477.31
1869.1
1162.26
394.494
228.974
193.795
147.046
91.7309
31.1662
517.333
437.59
331.852
206.941
70.2974
1068.55
902.971
684.184
426.4
144.808
1853.65
1564.28
1183.86
737.27
250.307
2793.24
2352.52
1777.57
1106.05
375.414
3748.67
3148.1
2373.7
1475.66
500.867
230.712
195.38
148.331
92.5698
31.4576
110.817
93.873
71.2887
44.4997
15.124
419.882
355.457
269.773
168.319
57.1924
292.807
247.968
188.261
117.493
39.9278
782.466
661.936
502.033
313.078
106.353
651.204
551.108
418.131
260.823
88.6131
1317.91
1113.68
843.806
525.847
178.571
1221.43
1032.55
782.581
487.789
165.661
1932.16
1630.13
1233.37
767.932
260.685
1883.99
1590.25
1203.62
749.52
254.438
2578.84
2169.67
1637.98
1018.69
345.714
2422.7
2039.99
1540.79
958.243
325.128
3663.03
3065.28
2306.35
1433.52
487.074
4134.49
3435.41
2576.39
1603.74
547.409
4471.14
3672.82
2745.74
1721.07
596.245
6398.07
5148.26
3843.94
2464.34
896.633
6765.11
5277.06
3951.7
2647.6
1071.75
7112.98
5415.33
4054.96
2800.49
1219.5
4528.23
3787.08
2847.93
1769.44
601.033
4933.07
4101.4
3074.66
1911.11
650.853
4836.75
3987.23
2979
1857.08
637.008
4319.01
3514.14
2617.79
1647.21
576.226
3583.03
2850.26
2119.84
1365.57
502.734
3071.36
2386.65
1772.3
1170.24
454.355
19971.3
14446
4802.66
3744.36
2868.16
3960.02
3724.98
13016.4
14500.5
11439.1
13185
7640.79
11058.1
5796.69
6070.28
4393.47
20527.7
11157.2
4182.49
6843.62
9078.69
6186.71
6743.37
5086.6
3109.19
4440.24
5045.7
5154.41
19563.6
12980.5
12759.4
9069.85
8976.91
9586.76
4381.86
5479.48
6961
14050.7
11970.9
9841.02
8831.12
7308.44
9362.05
6374.74
4851.49
3610.62
1789.84
4247.25
3527.23
2645.04
1647.35
562.884
3347.74
2805.89
2113.16
1313.56
446.142
2561.94
2144.22
1611.9
1000.12
339.208
3550.07
2982.25
2248.34
1396.98
473.901
3319.92
2773.58
2083.6
1293.59
439.286
9397.11
7690.24
6203.66
5416.63
5133.69
10650.9
9046.36
7194.93
5617.2
3233.04
8190.49
5723.29
4249.95
2900.32
1224.96
9683.59
7889.38
6092.01
4385.78
2070.2
6429.04
5124.8
3753.66
2327.6
805.968
8632.06
6404.54
4635.42
2910.11
1051.98
5000.61
4058.96
2994.9
1851.58
633.027
5215.78
4219.76
3107.58
1920.8
657.346
3824.71
3126.19
2313.52
1428.36
485.968
14263.5
11227.8
9128.17
7807.52
6836.24
8612.8
6540.52
4903.74
3305.23
1414.6
3598.44
2919.66
2160.31
1344.44
465.09
5907.74
4816.61
3586.81
2251.26
788.162
7606.19
6100.96
4555.54
2935.62
1095.46
5318.73
4328.11
3229.35
2039.74
720.451
5872.51
4824.75
3610.62
2268.13
789.196
4463.91
3682.71
2752.02
1715.23
588.661
2738.34
2261.41
1684.49
1041.89
353.931
3943.19
3282.63
2459.54
1525.27
518.097
4402.5
3609.07
2680.22
1661.33
567.934
4522.9
3728.84
2782.27
1730.2
592.534
13600.2
11207.3
9247.9
8042.78
6773.3
9076.13
6515.67
4964.55
3595.21
1764.13
9728.29
7834.83
6013.68
4364.9
2044.88
7214.6
5534.41
4167.76
2804.45
1116.5
7548.43
6078.12
4552.57
2942.68
1094.43
7623.12
5839.5
4394.23
2950.15
1163.09
3813.59
3129.61
2338.61
1466.62
509.453
4854.21
4033.9
3021.93
1877.02
639
6044.01
4948.24
3691.96
2314.49
803.882
448.472
1287.85
2069.65
2824.29
3550.73
4234.97
2539.79
7367.8
6955.93
2469.21
9321.17
7831.89
9253.57
10222.9
2320.19
1553.6
5787.27
3233.89
10962.2
7830.13
-290.411
2049.62
6121.48
5691.59
1976.11
7900.41
6348.72
7725.49
8661.58
1918.35
925.167
4969.01
1600.73
9024.06
4670.31
-1708.14
1484.01
4622.41
4276.24
1432.59
6198.46
3746.97
6212.84
6829.56
1435.09
835.425
3494.48
1707.61
7138.47
1773.35
-1855.92
1080.67
3543.63
3336.75
1080.21
4694.24
2220.52
5107.61
5960.63
1074.06
875.639
2537.7
1742.7
6228.58
292.16
-1397.98
864.681
2978.82
2845.92
901.918
3729.2
1818.18
4541.57
5752.4
844.039
936.297
1799.38
1706.61
5406.13
81.7559
-184.182
758.367
2636.3
2596.08
811.642
3431.73
2099.02
4180.67
5484.24
647.813
742.556
1462.69
1673.77
5324.12
951.656
490.402
1288.69
3413.56
5078.34
1813.27
5515.83
9667.9
7408.84
10657.8
890.985
571.636
3885.12
2388.17
1083.3
9157.81
4731.17
1196.68
3176.21
4449.98
1570.17
5087.47
8718.35
6669.16
9042.75
909.884
487.431
4009.79
2254.7
262.317
8962.66
3509.29
1048.14
2791.29
3626.34
1254.18
4615.88
7751.46
5649.5
7909.89
803.636
566.319
3404.47
2329.1
495.771
7186.66
3328.1
901.487
2504.45
2988.16
1011.96
4287.4
6992.03
5001.49
7142.01
732.19
575.178
3126.66
2384.47
332.073
6623.62
3323.63
811.524
2245.03
2638.64
880.751
3874.48
6383.07
4541.85
6761.7
681.93
635.048
2824.98
2550.79
495.029
6323.22
3372.23
751.611
1998.49
2438.12
807.673
3568.07
6291.06
4204.19
6525.54
705.769
752.897
2515.77
2424.91
758.548
6463.13
3740.45
)
;

boundaryField
{
    patch1
    {
        type            calculated;
        value           nonuniform List<scalar> 
2440
(
-6881.79
-6664.62
-9038.12
-3702.24
-4833.08
-6306.49
-9587.16
-4382.03
-5479.74
-6961.31
6880.27
6647.11
9037.7
3702.07
4832.82
6306.18
9586.76
4381.86
5479.48
6961
-6931.38
-16416.2
-24508.3
-18792.5
-15284.6
-22860.7
-20487.1
-9018.71
-159.634
1697.44
8005.32
1795.11
-1777.15
2523.59
9610.92
14526.5
5934.77
-20023.2
-14391.6
-4431.72
-3357.56
-2398.09
-3390.71
-3244.44
-12179.6
-11329.7
-9777.22
-10329.4
-8359.09
-6030.15
-7986.77
-5149.06
-4364.31
-5248.82
-3602.51
-19793.6
-10100.4
-3431.14
-5902.35
-8201.29
-5662.66
-6085.27
-4493.71
-2667.04
-3757.86
-4071.02
-4418.02
-19659.2
-12783.9
-12091.2
-8673.23
-8514.09
35.7112
-241.485
-111.221
-420.396
-286.321
-783.997
-646.5
-1327.07
-1225.11
-1937.24
-1850.8
-2587.27
-2315.58
-255.473
-122.681
-465.086
-324.231
-867.237
-721.507
-1462.09
-1354.59
-2146.69
-2092.18
-2872.85
-2696.46
-19972
-14446.5
-4802.91
-3744.55
-2868.29
-3960.22
-3725.16
-13016.9
-14500.6
-11439.4
-13185.1
-7640.99
-11058.3
-5796.87
-6070.47
-4393.62
-20528.5
-11157.7
-4182.63
-6843.89
-9079.07
-6186.99
-6743.68
-5086.83
-3109.31
-4440.44
-5045.88
-5154.62
-19564.4
-12981.1
-12759.9
-9070.25
-8977.32
6302.77
16453.9
24540.3
18801.4
15298.1
22907.5
20503
7753.45
158.693
-1482.25
-8021.62
-1841.86
1759.37
-2539.22
-9647.1
-14447.4
-5107.04
20022.5
14391.1
4431.47
3357.36
2397.97
3390.52
3244.27
12179.2
11329.7
9776.93
10329.5
8359.32
6030.01
7986.63
5149.11
4364.21
5248.78
3602.43
19792.8
10100
3431.03
5902.09
8200.9
5662.38
6084.95
4493.48
2666.95
3757.69
4070.87
4417.82
19658.5
12783.4
12090.7
8672.83
8513.67
-35.9524
241.468
111.213
420.365
286.299
783.942
646.454
1326.98
1225.02
1937.11
1850.68
2587.11
2315.44
255.456
122.673
465.057
324.211
867.184
721.462
1462
1354.51
2146.56
2092.06
2872.69
2696.31
19971.3
14446
4802.66
3744.36
2868.16
3960.02
3724.98
13016.4
14500.5
11439.1
13185
7640.79
11058.1
5796.69
6070.28
4393.47
20527.7
11157.2
4182.49
6843.62
9078.69
6186.71
6743.37
5086.6
3109.19
4440.24
5045.7
5154.41
19563.6
12980.5
12759.4
9069.85
8976.91
-18560.9
-13834.8
3.33707
2.82305
-3.28537
-2.85736
-4235.08
-949.967
-488.042
-6463.71
-3741.69
18561.7
13814.1
-3.33291
-2.82026
3.29173
2.8619
4234.97
951.656
490.402
6463.13
3740.45
-18054.3
932.316
295.836
479.321
1663.13
-626.008
-674.382
-507.319
-544.315
255.229
199.917
2339.07
2947.47
-493.26
-342.565
-342.85
-241.456
-1806.26
-1365.2
-4745.14
-3025.41
-6493.36
-4025.77
-5306.75
-6583.61
-5873.96
-7123.25
-3400.82
-11109.5
-6626.37
-5334.91
-4059.53
-2445.41
-2413.89
797.999
280.212
2570.76
718.735
3525.42
942.384
628.708
3188.65
3003.49
3482.2
424.864
-1102.27
2356.21
2615.58
2094.87
719.196
51.7635
24.9266
131.093
63.5196
214.381
99.5358
298.852
125.217
278.551
125.461
317.856
111.543
295.037
123.73
345.478
103.479
339.753
88.7687
1.7971
3.00419
4.1235
6.6874
5.05947
8.80397
4.464
2.30719
5.2616
2.00667
6.48687
2.08553
3.09915
1.7281
1.44809
0.606782
1.32204
1.12149
3.4166
3.01514
4.00875
4.22799
5.08584
-2.08755
-1.61038
-6.37196
-1.70602
-10.7273
-3.01485
-14.4738
-3.93646
-18.4155
-5.11029
-22.6285
-7.04998
-20.9372
-5.90384
-23.3429
-7.78505
-24.0432
-8.1836
9.04908
-13.1337
-1259.58
3103.75
10267.4
7227.52
3942.69
6014.6
12398.4
16824.4
7753.9
111.342
-67.1825
308.657
1188.89
-778.426
-714.425
-584.701
-566.64
137.266
75.7826
1883.28
2326.65
-539.878
-384.022
-356.106
-251.973
-796.32
-689.202
-1997.24
-2275.28
532.56
-3224.27
-10058.9
-6656.25
-3522.63
-4934.77
-4235.81
-15886.7
-6772.45
-4654.92
-3286.98
-2396.68
-673.066
-737.437
-1583.02
-1074.85
-6363.33
-1497.99
-7364.03
-5357.94
-4209.21
-1766.27
-1634.47
-7318.03
-3841.02
-2394.21
-1231.27
-92.0524
33.909
0.85173
78.3585
-4.48008
140.438
-2.87493
214.847
1.00245
174.841
-15.5451
216.429
6.82361
176.585
-8.21052
281.828
40.4514
318.1
68.3469
-1.71748
-2.89368
-3.97257
-6.46724
-4.90619
-8.5371
-4.33989
-2.21903
-5.08108
-1.94
-6.32344
-2.03329
-2.96327
-1.65732
-1.32228
-0.544857
-1.26042
-1.06587
-3.2954
-2.90751
-3.88339
-4.12507
-5.04581
-2.01194
-1.55415
-6.1493
-1.65572
-10.3722
-2.94583
-14.0374
-3.8813
-17.9461
-5.07385
-22.312
-7.04023
-20.5186
-5.89374
-23.1507
-7.77601
-23.9784
-8.17976
39.174
671.178
-1060.54
-205.901
-512.026
-1532.52
-828.38
-823.906
-2635.17
-2595.45
-880.201
-3430.3
-2098.05
-4179.93
-5483.67
-694.187
-778.495
-1482.33
-1705.44
-5321.74
-814.123
-1997.66
-2437.55
-875.226
-3568.13
-6291.1
-4203.79
-6525.26
-787.1
-860.938
-2494.68
-2390.79
-759.675
18059
-932.225
-295.876
-479.37
-1663.1
625.997
674.388
507.319
544.331
-255.246
-199.888
-2339.06
-2947.37
493.275
342.591
342.867
241.474
1642.79
1269.04
4745.83
3028.82
6494.35
4028.31
5306.96
6583.91
5874.39
7124.18
3402.16
11109.9
6626.61
5335.22
4059.92
2445.87
2387.87
-742.766
-272.01
-2561.93
-710.914
-3523.86
-942.084
-628.6
-3188.47
-3003.19
-3481.29
-424.723
1102.44
-2355.99
-2615.29
-2094.49
-719.126
-46.9145
-22.732
-131.54
-63.5877
-214.148
-99.4173
-298.677
-125.105
-278.422
-125.374
-317.779
-111.511
-294.936
-123.673
-345.413
-103.46
-339.692
-88.7513
-1.6432
-2.74986
-4.10137
-6.65231
-5.05328
-8.79186
-4.46046
-2.30552
-5.25473
-2.00366
-6.48153
-2.0824
-3.09554
-1.72633
-1.44589
-0.605823
-1.19722
-1.00916
-3.4027
-3.00636
-4.00365
-4.2219
-5.08056
1.8111
1.42038
6.46716
1.76568
10.7225
3.0207
14.4724
3.93921
18.415
5.11182
22.6291
7.05054
20.9374
5.9048
23.3437
7.78547
24.0443
8.18398
-10.7734
8.08055
1250.97
-2790.53
-10278
-7267.67
-3958.69
-6028.61
-12434.4
-16744.1
-6707.48
-111.257
67.087
-308.762
-1188.84
778.367
714.415
584.649
566.637
-137.332
-75.8077
-1883.3
-2326.69
539.849
384.015
356.106
251.978
781.611
656.383
1961.98
2269.37
-532.678
3224.9
10059.2
6656.79
3523.18
4934.91
4236.07
15886.9
6772.64
4655.12
3287.08
2396.81
505.343
641.456
1652.2
1118.93
6366.17
1498.74
7364.19
5357.95
4209.16
1766.98
1634.38
7318.13
3841.1
2394.3
1231.49
92.024
-30.2412
-0.369759
-79.4772
4.10964
-140.23
2.92204
-214.679
-0.915743
-174.702
15.6384
-216.325
-6.7628
-176.459
8.29222
-281.745
-40.4114
-318.032
-68.3221
1.59905
2.67787
3.97437
6.46218
4.91557
8.55057
4.34517
2.22175
5.08979
1.94389
6.33241
2.03754
2.96811
1.65991
1.32509
0.54609
1.16991
0.98284
3.29783
2.91224
3.89158
4.13381
5.0544
1.74618
1.37208
6.24152
1.71369
10.3681
2.95168
14.0366
3.884
17.9462
5.0753
22.3129
7.04077
20.5192
5.89463
23.1518
7.77643
23.9795
8.18014
-38.559
-674.055
1061.27
152.004
554.466
1594.91
705.778
758.332
2636.27
2596
811.557
3431.73
2099.02
4180.67
5484.24
647.813
742.556
1462.69
1673.77
5324.12
751.588
1998.47
2438.05
807.6
3568.07
6291.06
4204.19
6525.54
705.769
752.897
2515.77
2424.91
758.548
-15155.5
5419.9
-4235.08
15154.7
-5419.81
4234.97
-15547.7
-17828
-15718.8
-19388.9
-5666.52
-4290.55
-13153.7
-10581.7
-4577.23
-5189.53
-12261.6
-13115.1
-13436.6
-14498.7
-10473.9
-3310.14
-15473.9
-3949.55
-3329.35
-10099.2
-8838.29
-10552.1
-8810.45
-2519.6
-2157.94
-1866.1
-6976.67
-5413.54
-4530.68
-6783.02
-5652.35
-5231.73
-10613.2
-14321.3
-11559.1
-16911.1
-19.6294
-711.199
-2973.84
-3327
1028.5
981.499
3513.45
3185.73
2076.79
2542.72
6034.54
2686.71
6576.26
883.88
760.84
2547.71
2330.07
2502.88
2581.57
838.949
843.485
908.013
2728.38
2788.74
2699.62
3117.45
3392.76
3435.38
-134.493
-114.542
347.678
1259.96
1757.15
311.01
994.724
77.4168
8.35698
101.788
403.255
841.143
1407.15
1565.14
241.391
821.532
48.2271
0.296741
15560.8
17831
15720.4
19386.7
5226.08
3993.12
13155.5
10553.3
4288.95
4816.05
12218.6
13078.2
13432.2
14493.7
10473.9
3310.25
15473.4
3607.59
3010.3
10125.5
8861.92
10548.3
8809.22
2237.78
1933.14
1698.77
7007.65
5425.76
4531.8
6783.55
5653.48
5232.77
10586.9
14304.7
11546.8
16901.8
61.3414
618.158
2973.01
3401.05
-967.114
-920.596
-3492.23
-3163.97
-2075.45
-2541.63
-6034.76
-2686.85
-6576.16
-840.606
-718.934
-2524.68
-2310.13
-2501.95
-2580.36
-789.369
-781.269
-841.988
-2707.33
-2777.11
-2691.82
-3116.06
-3391.51
-3434.52
97.2003
135.712
-343.098
-1258.55
-1756.76
-310.986
-994.626
-77.4074
-8.35306
-109.909
-387.871
-838.628
-1406.48
-1565
-241.414
-821.53
-48.2445
-0.30188
2639.53
6345
34.0953
18.8171
10.0301
5.64435
3.84066
49.9524
24.8953
13.0927
7.35732
5.00866
-2450.47
-309.785
3316.75
9894.86
1944.51
15.047
38.0129
17.8991
9.54148
5.46775
3.77267
41.6482
22.654
12.3943
7.14196
4.9321
448.472
1287.85
2069.65
2824.29
3550.73
-3344.13
-3324.33
-10014.5
-9882.56
-15183.9
-13686.5
-3169.51
-2799.52
-2556.42
-9322.4
-8205.73
-7473.01
-11443.6
-9701.41
-8778.34
0
0
0
0
0
0
0
0
-2528.46
-1044.06
-618.672
-345.957
-379.409
-248.678
-234.844
-201.233
-175.08
-112.843
-78.1548
-49.4797
-60.2489
-31.6359
-16.9853
-9.68477
-6.65545
-24.3557
-13.5112
-7.39121
-4.23578
-2.91302
-25.8956
-209.015
-580.823
-1195.8
-1907.34
-2383.92
-23.4073
-19.8435
-15.0816
-9.42043
-3.20288
-188.814
-159.946
-121.468
-75.825
-25.7709
-524.372
-443.882
-336.86
-210.166
-71.4094
-1078.53
-911.946
-691.323
-430.972
-146.376
-1717.94
-1450.36
-1097.92
-683.773
-232.129
-2142.65
-1804.73
-1363.44
-848.059
-287.754
-3331
-2940.34
-2432.68
-1813.32
-1120.78
-380.136
0
0
0
0
0
0
0
0
0
0
0
0
1504.03
-227.215
205.657
-135.012
-2574.99
-2464.46
-5861.01
-5144.38
-5498.94
-5107.9
-2283.62
-2090.23
-1955.38
-4685.68
-4474.65
-4308.06
-5159.84
-5136.73
-5069.06
-517.391
-306.096
-112.827
-17.2503
-183.656
-118.518
-66.7859
-40.3951
-54.6857
-31.1805
-17.1937
-9.85452
-6.7631
-25.0419
-13.7056
-7.47141
-4.27394
-2.93464
2648.92
2277.95
1827.22
1319.94
795.639
266.164
16.6083
177.529
515.93
1077.93
1658.62
1995.62
14.9852
12.6747
9.60974
5.99045
2.0344
160.236
135.594
102.859
64.1485
21.791
465.362
393.482
298.25
185.891
63.126
970.942
819.63
620.259
386.116
131.035
1490.82
1255.36
947.707
588.893
199.666
1787.21
1498.68
1126.97
698.325
236.447
-3316.68
-9894.88
-1951.19
-16.787
-37.9794
-17.8804
-9.52802
-5.4586
-3.76554
-41.6018
-22.6316
-12.3799
-7.13224
-4.92493
-448.487
-1287.9
-2069.72
-2824.38
-3550.83
-2639.63
-6344.93
-34.072
-18.8059
-10.0221
-5.63869
-3.83603
-49.9256
-24.8838
-13.085
-7.35184
-5.00451
2452.11
310.791
-9037.31
-12264.5
-20276
-22747.4
-22556.4
-25356.6
-10423.4
-11110
-1714.68
-1554.31
-1365.2
-4553.39
-3563.17
-3025.41
-5456.91
-4321.35
-4025.77
-6988.37
-4459.22
-3400.82
-8337.79
-4528.92
-2445.41
622.138
109.06
-460.537
372.102
-740.353
328.705
-116.774
48.8736
1814.3
1534.36
378.145
178.827
115.512
86.85
679.974
326.574
258.109
215.982
196.04
71.7089
32.8533
21.3225
508.536
189.962
81.9798
52.7072
657.302
260.101
119.386
78.6509
587.602
268.768
138.185
94.7135
378.195
228.696
130.285
91.4497
157.489
122.03
78.3867
57.2589
205.492
165.761
107.285
78.3522
96.8196
73.5487
47.4514
35.3646
32.6256
24.0508
16.2803
12.3498
30.8636
15.5989
8.138
4.54867
3.08987
58.1564
29.7702
15.6803
8.81421
6.00324
27.6649
16.2847
9.03976
5.19619
3.56957
38.8121
20.3637
10.867
6.16157
4.21042
22.6928
12.8915
7.13197
4.10114
2.82039
9.32675
5.07472
2.76992
1.58709
1.09094
13.9421
6.3385
3.16108
1.7319
1.16678
34.2025
16.0006
8.12578
4.48874
3.03517
45.3658
21.6701
11.1496
6.19812
4.20366
-122.238
-111.427
242.437
1110.38
2175.62
172.14
1331.21
-208.149
-285.848
-26.2978
-51.2097
-0.527845
-0.688687
-0.998907
71.3723
30.781
7.82126
2.58643
0.558385
123.152
36.2217
9.22667
2.08201
0.598375
255.916
53.909
11.4203
2.40816
0.731754
411.204
69.1961
11.9568
2.07156
0.575475
-68.7983
-30.7642
-8.97709
-2.26088
-0.388303
151.444
7.17072
-1.51444
-0.686158
-0.00472256
-161.494
-47.104
-12.0939
-2.82562
-0.495788
-183.16
-53.3412
-13.3841
-2.99195
-0.550925
8869.03
12271.9
16777.7
20295.7
20856.5
24237.5
8137
10053.2
-2185.95
-6790.62
-4624.01
-3104.73
-1937.05
-1605.13
-1193.86
-734.159
-247.733
-3116.09
-1913.18
-1132.02
-746.439
-358.56
-3001.68
-1766.89
-1030.45
-537.67
-175.023
-2589.19
-2013.8
-1417.53
-840.437
-279.486
-597.459
-689.154
-2497.58
-2275.28
-2921.25
-3224.27
-5826.72
-4235.81
-5726.65
-2396.68
-328.896
-327.02
-1234.35
-307.942
-970.412
167.431
-886.153
-769.307
349.173
44.0886
-122.803
-93.5936
-36.8409
-2.45831
-238.468
-181.82
-19.8711
53.7033
-15.9313
-22.1594
-12.0423
-6.713
-63.8238
-64.8388
-43.3955
-25.6396
-170.362
-112.155
-65.0473
-37.4179
-325.112
-154.453
-74.2368
-40.6951
-423.275
-173.988
-85.4038
-54.3575
-222.603
-120.768
-75.5036
-56.998
-373.873
-162.12
-85.3649
-60.4314
-111.64
-72.2371
-50.0692
-38.3598
-32.6693
-23.7559
-16.4085
-12.5859
-20.8955
-12.9099
-7.36916
-4.30331
-2.98289
-42.9045
-25.7351
-14.5009
-8.41829
-5.82156
-35.8169
-17.0693
-8.90302
-5.02761
-3.44518
-36.2035
-18.8664
-10.212
-5.8405
-4.02116
-26.4269
-13.4093
-7.10217
-4.02697
-2.76071
-9.39624
-5.08884
-2.75968
-1.57677
-1.08322
-6.01418
-4.49057
-2.68666
-1.59494
-1.11225
-19.6203
-12.584
-7.22045
-4.22995
-2.93614
-30.713
-18.2305
-10.2198
-5.94181
-4.11271
52.3082
252.206
553.192
1126.49
1810.51
70.2743
1010.16
-243.278
-294.372
10.2611
-45.2049
0.062945
-0.615694
-0.96534
144.998
39.6057
8.61896
2.56072
0.525778
183.723
42.4777
9.47206
1.96509
0.537186
254.664
50.8182
10.2496
2.07813
0.630389
341.943
56.908
9.54743
1.57647
0.449656
-103.55
-38.4983
-10.5934
-2.59386
-0.469247
81.8166
-5.2447
-3.86651
-1.1457
-0.116841
-175.363
-50.6958
-12.9197
-3.00918
-0.543082
-186.633
-54.3047
-13.6229
-3.04766
-0.565866
-28.3603
-308.8
-881.826
-1726.74
-2779.38
-3899.95
-4862.94
-5379.38
-5125.93
-3839.35
-1843.72
-263.062
-25.534
-21.542
-16.291
-10.1353
-3.43837
-278.29
-235.069
-178.009
-110.873
-37.6384
-794.17
-670.336
-507.289
-315.831
-107.196
-1552.98
-1308.86
-989.197
-615.33
-208.771
-2494.24
-2097.28
-1581.97
-982.934
-333.359
-3488.26
-2923.21
-2199.29
-1364.82
-462.794
-4328.41
-3610.47
-2708
-1679.08
-569.73
-4754.65
-3941.83
-2946.92
-1827.94
-621.863
-4486.83
-3691.66
-2752.14
-1712.02
-586.236
-3319.89
-2708.65
-2016.07
-1261.79
-437.246
-1577.69
-1279.39
-952.644
-600.609
-210.83
-225.904
-184.34
-138.333
-87.8695
-31.0364
-46.8478
-368.072
-991.477
-1897.1
-3008.86
-4158.38
-5081.6
-5478.69
-5062.03
-3649.28
-1647.74
-181.552
-42.3156
-35.8437
-27.2216
-16.9944
-5.77645
-332.139
-281.009
-213.159
-132.951
-45.168
-893.953
-755.636
-572.697
-356.987
-121.246
-1708.39
-1442.12
-1091.7
-680.001
-230.883
-2704.36
-2278.26
-1721.85
-1071.52
-363.715
-3726.31
-3129.73
-2360.08
-1467.27
-498.029
-4532.26
-3789.8
-2849.62
-1770.39
-601.357
-4851.27
-4030.84
-3020.4
-1877.05
-639.266
-4433.93
-3651.63
-2725.76
-1697.97
-582.083
-3147.98
-2562.51
-1904.77
-1192.41
-413.833
-1396.31
-1121.17
-828.763
-521.277
-183.457
-149.596
-117.002
-84.9509
-53.248
-18.9513
-2721.05
-13185.1
-4085.97
-2432.85
-2038.05
-1533.05
-951.37
-322.646
-9683.7
-7889.52
-6092.12
-4385.86
-2070.27
-3566.95
-2922.04
-2164.56
-1335.77
-453.835
9047.88
12269.9
20314.3
22748.4
22571.2
25429
8933.12
9494.01
1564.47
1429.6
1269.04
4586.92
3578.22
3028.82
5458.01
4323.9
4028.31
6988.84
4460.41
3402.16
8337.89
4529.24
2445.87
-529.322
-128.112
458.831
-315.891
732.466
-330.549
67.0935
-55.6914
-1771.01
-1523.06
-350.705
-165.575
-107.387
-80.5975
-677.081
-325.494
-257.234
-215.351
-185.132
-67.0736
-30.4249
-19.3467
-504.876
-188.899
-81.5876
-52.7894
-656.672
-259.756
-119.218
-78.5496
-587.309
-268.57
-138.069
-94.6204
-378.071
-228.594
-130.212
-91.3827
-157.514
-122.033
-78.3809
-57.2478
-205.474
-165.726
-107.251
-78.3156
-96.853
-73.5659
-47.459
-35.3674
-32.6412
-24.0606
-16.286
-12.3535
-28.2114
-14.2835
-7.4643
-4.17676
-2.83892
-58.1001
-29.6978
-15.6278
-8.78086
-5.97934
-27.6572
-16.2805
-9.0367
-5.19381
-3.5677
-38.7939
-20.355
-10.861
-6.15713
-4.20704
-22.6918
-12.8906
-7.13112
-4.10035
-2.81972
-9.32853
-5.07553
-2.77029
-1.58726
-1.09103
-12.4777
-5.68731
-2.84247
-1.55934
-1.05097
-34.2836
-15.9821
-8.10493
-4.47556
-3.0264
-45.3455
-21.656
-11.1381
-6.19023
-4.19776
84.003
135.194
-239.044
-1109.15
-2175.16
-172.088
-1331.04
208.176
285.868
6.06582
41.9595
-0.885092
0.295851
0.842804
-56.7998
-26.4048
-6.79298
-2.32276
-0.495594
-121.763
-35.7691
-9.10374
-2.05317
-0.590952
-255.385
-53.7361
-11.37
-2.39541
-0.728274
-410.978
-69.121
-11.934
-2.06542
-0.57369
68.8362
30.7775
8.98114
2.262
0.38864
-151.346
-7.13759
1.52454
0.688954
0.00556037
161.513
47.1101
12.0956
2.82608
0.495913
183.172
53.3447
13.385
2.99215
0.550968
-8879.31
-12281
-16808.4
-20328.8
-20787.9
-24156.8
-6869.72
-8522.31
2185.84
6790.88
4624.09
3104.67
1936.95
1605.04
1193.79
734.116
247.718
3116.24
1913.3
1132.13
746.537
358.584
3001.74
1766.94
1030.5
537.708
175.036
2589.13
2013.75
1417.48
840.407
279.476
553.444
656.339
2504.29
2269.37
2921.24
3224.9
5826.77
4236.07
5726.77
2396.81
275.08
244.95
1271.08
370.455
971.961
-166.467
770.271
702.327
-311.387
-36.2218
113.101
86.7672
33.7179
2.11118
240.227
182.441
20.4272
-53.4879
9.77722
19.6589
11.173
6.74342
67.9691
65.4885
43.4672
25.2553
171.122
112.452
65.1345
37.4485
325.472
154.67
74.336
40.7671
423.492
174.151
85.5007
54.4353
222.707
120.851
75.5608
57.0441
374.02
162.238
85.4455
60.4978
111.701
72.2828
50.1002
38.3838
32.688
23.7689
16.4168
12.592
19.6818
12.0659
6.85941
3.9975
2.76832
42.6641
25.6733
14.4868
8.41477
5.82033
35.8419
17.082
8.91079
5.0328
3.44904
36.2393
18.8844
10.2235
5.84832
4.02693
26.4423
13.4171
7.10671
4.02991
2.76288
9.40025
5.09083
2.76077
1.57743
1.0837
5.82337
4.20523
2.49071
1.47263
1.02548
19.4066
12.572
7.23053
4.23759
2.94109
30.7291
18.2501
10.2369
5.95341
4.12126
-67.3252
-235.968
-551.377
-1125.89
-1810.34
-70.2737
-1010.12
243.279
294.383
-25.6267
36.8381
-1.35028
0.246122
0.815895
-131.495
-35.3887
-7.62004
-2.3047
-0.464875
-182.812
-42.0971
-9.35885
-1.93757
-0.529986
-254.401
-50.7003
-10.2087
-2.0669
-0.627187
-341.852
-56.8669
-9.53165
-1.57162
-0.448138
103.564
38.5046
10.5956
2.59458
0.469482
-81.7787
5.26108
3.87273
1.1477
0.117494
175.371
50.6989
12.9207
3.00946
0.543158
186.642
54.3074
13.6236
3.04782
0.565894
28.3575
308.777
881.764
1726.63
2779.2
3899.7
4862.64
5379.07
5125.64
3839.15
1843.63
263.052
25.5315
21.5399
16.2894
10.1342
3.43802
278.269
235.052
177.995
110.865
37.6354
794.114
670.287
507.252
315.808
107.188
1552.88
1308.77
989.126
615.285
208.756
2494.08
2097.13
1581.86
982.865
333.335
3488.03
2923.02
2199.14
1364.72
462.761
4328.13
3610.23
2707.81
1678.96
569.689
4754.36
3941.58
2946.72
1827.8
621.817
4486.57
3691.42
2751.95
1711.9
586.193
3319.7
2708.49
2015.93
1261.7
437.214
1577.61
1279.31
952.586
600.571
210.816
225.896
184.334
138.328
87.8663
31.0353
46.8455
368.051
991.418
1896.98
3008.68
4158.14
5081.31
5478.38
5061.75
3649.07
1647.64
181.538
42.3135
35.8419
27.2202
16.9935
5.77617
332.119
280.992
213.146
132.943
45.1653
893.899
755.59
572.661
356.965
121.239
1708.29
1442.03
1091.64
679.959
230.869
2704.2
2278.12
1721.74
1071.46
363.693
3726.09
3129.54
2359.94
1467.18
497.998
4532
3789.57
2849.44
1770.28
601.319
4850.99
4030.6
3020.21
1876.93
639.224
4433.67
3651.41
2725.58
1697.86
582.043
3147.79
2562.34
1904.63
1192.32
413.801
1396.22
1121.09
828.696
521.232
183.441
149.583
116.989
84.9402
53.2406
18.9485
2720.93
13185
4085.83
2432.74
2037.96
1532.98
951.325
322.63
9683.59
7889.38
6092.01
4385.78
2070.2
3566.83
2921.94
2164.48
1335.72
453.818
0
0
0
0
0
0
0
0
0
0
0
0
-1508.32
226.452
-206.858
134.607
2574.96
2464.47
5861.14
5144.54
5499.03
5108.15
2283.63
2090.24
1955.38
4685.84
4474.8
4308.19
5160.21
5137.1
5069.36
517.364
306.107
112.84
17.2737
183.549
118.476
66.7682
40.39
54.6959
31.1872
17.1993
9.8588
6.76653
25.0396
13.7047
7.47121
4.27401
2.93476
-2649
-2278.03
-1827.28
-1320
-795.674
-266.176
-16.6099
-177.543
-515.967
-1078.01
-1658.73
-1995.74
-14.9866
-12.6759
-9.61067
-5.99103
-2.0346
-160.249
-135.605
-102.867
-64.1535
-21.7927
-465.396
-393.511
-298.272
-185.905
-63.1307
-971.009
-819.687
-620.302
-386.143
-131.044
-1490.92
-1255.45
-947.771
-588.933
-199.68
-1787.32
-1498.78
-1127.04
-698.371
-236.463
3344.14
3324.33
10014.4
9882.47
15183.1
13686
3169.51
2799.56
2556.48
9322.46
8205.97
7473.32
11443.7
9701.89
8778.94
0
0
0
0
0
0
0
0
2530.31
1045.33
619.469
346.397
380.003
248.966
234.992
201.317
175.266
112.929
78.1976
49.5033
60.2817
31.6548
16.9979
9.69334
6.66192
24.3662
13.5167
7.39448
4.23789
2.91458
25.8943
209.002
580.787
1195.73
1907.23
2383.8
23.4061
19.8424
15.0808
9.41993
3.20271
188.803
159.936
121.461
75.8203
25.7693
524.34
443.855
336.839
210.152
71.4049
1078.46
911.891
691.281
430.946
146.367
1717.84
1450.28
1097.86
683.733
232.116
2142.53
1804.63
1363.36
848.013
287.738
3330.88
2940.23
2432.59
1813.25
1120.74
380.121
)
;
    }
    patch2
    {
        type            calculated;
        value           nonuniform List<scalar> 
348
(
-448.487
448.472
-1002.8
-396.131
-538.357
-682.597
-1163.16
-509.477
-639.033
-803.924
1002.69
396.1
538.319
682.542
1163.09
509.453
639
803.882
-7177.13
-1758.64
-503.91
-391.493
-271.298
-395.092
-368.426
-4075.14
-1679.25
-784.317
-928.39
-476.195
-488.097
-493.626
-219.996
-383.209
-402.791
-320.569
-5941.68
-1109.59
-324.812
-613.441
-890.787
-615.129
-676.06
-488.767
-268.913
-412.478
-400.679
-467.977
-6373.24
-1668.03
-1737.95
-1000.13
-974.366
-39.2271
-60.7796
-105.34
-172.464
-260.283
-360.69
-28.5495
-62.0314
-129.85
-227.616
-345.226
-466.247
-29.6873
-13.6786
-51.5133
-35.124
-95.6953
-79.0205
-161.05
-148.774
-233.102
-222.641
-306.965
-274.093
-448.161
-505.969
-551.107
-849.729
-1032.13
-1202.55
-567.925
-625.826
-623.527
-573.187
-504.767
-455.792
-41.1467
-66.8323
-116.372
-189.821
-285.831
-394.518
-31.1682
-70.3018
-144.817
-250.322
-375.437
-500.898
-31.4597
-15.125
-57.196
-39.9303
-106.36
-88.6187
-178.582
-165.671
-260.701
-254.453
-345.734
-325.146
-487.104
-547.442
-596.282
-896.692
-1071.83
-1219.6
-601.071
-650.894
-637.05
-576.267
-502.772
-454.392
-7309.06
-1789.99
-562.916
-446.168
-339.224
-473.926
-439.308
-5133.91
-3233.16
-1225.01
-2070.27
-805.993
-1052.02
-633.049
-657.369
-485.986
-6836.62
-1414.67
-465.108
-788.198
-1095.52
-720.489
-789.238
-588.691
-353.945
-518.122
-567.957
-592.561
-6773.78
-1764.26
-2044.99
-1116.57
-1094.49
7176.44
1758.46
503.872
391.466
271.281
395.067
368.401
4074.62
1679.07
784.208
928.346
476.212
488.068
493.59
220.001
383.19
402.782
320.556
5940.94
1109.46
324.791
613.392
890.697
615.075
676.005
488.73
268.899
412.452
400.655
467.944
6372.53
1667.85
1737.73
1000.02
974.272
39.2242
60.7751
105.332
172.452
260.264
360.665
28.5474
62.0268
129.841
227.599
345.201
466.214
29.6851
13.6775
51.5094
35.1214
95.6882
79.0146
161.038
148.764
233.086
222.626
306.943
274.075
448.129
505.932
551.063
849.653
1032.03
1202.44
567.884
625.78
623.48
573.142
504.725
455.752
41.1439
66.828
116.365
189.809
285.813
394.494
31.1662
70.2974
144.808
250.307
375.414
500.867
31.4576
15.124
57.1924
39.9278
106.353
88.6131
178.571
165.661
260.685
254.438
345.714
325.128
487.074
547.409
596.245
896.633
1071.75
1219.5
601.033
650.853
637.008
576.226
502.734
454.355
7308.44
1789.84
562.884
446.142
339.208
473.901
439.286
5133.69
3233.04
1224.96
2070.2
805.968
1051.98
633.027
657.346
485.968
6836.24
1414.6
465.09
788.162
1095.46
720.451
789.196
588.661
353.931
518.097
567.934
592.534
6773.3
1764.13
2044.88
1116.5
1094.43
42.9485
253.903
280.212
244.475
726.005
718.735
-429.918
713.491
942.384
-1073.63
327.54
424.864
-1924.34
444.645
719.196
-980.104
-737.427
-1412.01
-1074.85
-3313.17
-1497.99
-3525.21
-1634.47
-3644.01
-92.0524
-61.751
-250.299
-272.01
-223.458
-714.63
-710.914
429.036
-713.08
-942.084
1073.14
-327.496
-424.723
1923.93
-444.66
-719.126
859.924
641.447
1463.86
1118.93
3311.57
1498.74
3524.64
1634.38
3643.79
92.024
)
;
    }
    patch3
    {
        type            calculated;
        value           nonuniform List<scalar> 
96
(
-319.505
-496.972
-865.136
-1424.62
-2167.43
-3038.24
-233.052
-508.595
-1069.06
-1884.63
-2880.82
-3930.35
-3832.54
-4406.25
-4878.01
-7420.74
-8431.32
-9363.4
-4846.24
-5412.96
-5463.26
-5054.21
-4388.33
-3881.31
-334.602
-544.408
-950.98
-1558.1
-2360.64
-3286.66
-253.674
-573.447
-1185.47
-2059.06
-3108.67
-4184.09
-4104.41
-4672.17
-5132.14
-7590.05
-8510.92
-9387.9
-5076.49
-5567.81
-5517.72
-5019.22
-4317.16
-3846.73
319.483
496.937
865.076
1424.53
2167.29
3038.05
233.036
508.559
1068.98
1884.5
2880.63
3930.1
3832.3
4405.99
4877.74
7420.36
8430.93
9363
4845.94
5412.64
5462.96
5053.94
4388.11
3881.14
334.58
544.374
950.922
1558
2360.5
3286.47
253.658
573.412
1185.4
2058.93
3108.48
4183.85
4104.19
4671.92
5131.89
7589.69
8510.54
9387.5
5076.2
5567.51
5517.42
5018.96
4316.95
3846.56
)
;
    }
    patch4
    {
        type            calculated;
        value           nonuniform List<scalar> 
384
(
-10674.5
-29562.2
-49956
-68533.7
-55783
-43771.6
-31792.9
-11914.8
-14480
-40861.1
-60340.2
-21988.6
9541.08
29662.3
49965.5
68551.6
55802.4
43787.4
31889
10118.5
13112.4
41046.1
60565.6
19782.7
-46819.2
-67553
-75413
-103319
-48844
-68490.6
-76930
-104041
46827.4
67563.7
75424.8
103333
48859.6
68504.6
76944.6
104057
-21333.2
-34742.5
23318.2
35809.9
-17925.6
-6318.66
-23174.7
-8501.72
18725.2
6628.09
23679.7
8696.73
-23304.9
-35798.6
21340.6
34750.7
-8413.2
-5643.98
-26258.8
-18612.1
-33076.2
-48309.6
-3617.82
-1277.27
-13254.1
-4732.26
-9924.38
-6741.89
-30161.9
-21803.7
-34977.7
-49294.3
-4193.69
-1415.25
-15279.4
-5387.06
7616.02
5124.67
26342.7
18663
33083.3
48318.6
3305.69
1179.04
13277.1
4739.73
8996.38
6114.1
30319.2
21901.3
34991.4
49306.5
3825.52
1303
15317.6
5398.91
-18719.3
-6625.82
-23673.5
-8694.29
17929.7
6320.3
23179.8
8503.79
-14669
-15406.3
-12620.3
-13676.1
14666.5
15405.6
12618.6
13675.6
-1024.44
-1150.5
-3698.66
-4608.36
-3422.06
-3029.2
-5106.68
-6981.41
-8081.97
-10568.9
-8856.21
-10777.4
-8024.22
-10607
-8209.43
-11058.1
-550.116
-1251.19
-3171.31
-5197.93
-1767.12
-2443.31
-5048.77
-7033.55
-7770.83
-10171.7
-7958.93
-10041.7
-7946.52
-10414.6
-8203.37
-11002.9
982.765
1069.3
3684.29
4609.62
3418.7
3024.06
5106.69
6982.4
8080.71
10568.8
8854.97
10777.1
8024.26
10607.1
8209.98
11058.4
549.537
1162.42
3150.35
5202
1762.92
2436.22
5048.61
7034.62
7769.03
10171.3
7957.51
10041.2
7946.43
10414.6
8203.92
11003.1
-1326.26
-2638.78
-4466.27
-8039.45
-7198.43
-12300.1
-9604.66
-294.358
-1315
-3068.67
-6147.17
-4803.04
-9107.65
-8183.66
1273.78
2479.96
4441.47
8002.98
7194.28
12293.1
9603.07
323.537
1266.53
3034.18
6098.13
4799.59
9102.1
8182.57
-1018.32
-3118.93
-5230.43
-7016.86
-8572.27
-10386.7
-9646.64
-10751.5
-10966.4
-977.555
-2999.4
-5031.26
-6767.29
-8333.49
-10276.1
-9478.49
-10689.9
-10946.6
901.059
3147.93
5229.17
7016.85
8572.55
10387.2
9647.07
10752.1
10967
865.743
3027.8
5030.17
6767.46
8333.93
10276.7
9479.04
10690.5
10947.2
-214.66
-653.797
-1094.43
-1463.6
-1798.41
-2245.92
-2063.49
-2336.2
-2382.13
-206.217
-628.963
-1054.03
-1413.72
-1748.57
-2218.35
-2023.55
-2320.4
-2376.99
188.349
661.324
1094.17
1463.58
1798.45
2246.02
2063.57
2336.32
2382.26
181.015
636.329
1053.83
1413.75
1748.65
2218.48
2023.65
2320.53
2377.12
-48.0255
-146.259
-245.098
-328.476
-406.133
-514.579
-470.299
-536.382
-547.134
-46.1976
-140.868
-236.414
-317.759
-395.089
-507.754
-460.841
-532.36
-545.808
42.0226
148.001
245.038
328.465
406.137
514.599
470.312
536.407
547.161
40.4356
142.567
236.369
317.76
395.103
507.78
460.863
532.388
545.836
-10.6957
-32.6129
-54.7523
-73.5464
-91.3276
-116.759
-106.314
-121.862
-124.244
-10.2992
-31.4405
-52.8713
-71.2236
-88.8934
-115.152
-104.156
-120.893
-123.921
9.34638
33.0024
54.7379
73.5424
91.327
116.763
106.316
121.867
124.25
9.00254
31.8191
52.8602
71.2226
88.8954
115.158
104.16
120.9
123.927
-2.74105
-8.33575
-13.9699
-18.7886
-23.4092
-30.2123
-27.3664
-31.6298
-32.2963
-2.64142
-8.04161
-13.5012
-18.2109
-22.7988
-29.7905
-26.8142
-31.3709
-32.2092
2.3947
8.43326
13.9659
18.7871
23.4086
30.2131
27.3666
31.6309
32.2976
2.30834
8.13612
13.498
18.2102
22.7989
29.7916
26.815
31.3723
32.2106
)
;
    }
}


// ************************************************************************* //
