/*--------------------------------*- C++ -*----------------------------------*\
  =========                 |
  \\      /  F ield         | OpenFOAM: The Open Source CFD Toolbox
   \\    /   O peration     | Website:  https://openfoam.org
    \\  /    A nd           | Version:  11
     \\/     M anipulation  |
\*---------------------------------------------------------------------------*/
FoamFile
{
    format      ascii;
    class       volScalarField;
    location    "1.6";
    object      T;
}
// * * * * * * * * * * * * * * * * * * * * * * * * * * * * * * * * * * * * * //

dimensions      [0 0 0 1 0 0 0];

internalField   nonuniform List<scalar> 
5712
(
537.332
554.258
526.498
546.953
510.899
536.941
484.066
514.88
483.699
508.085
507.7
531.609
522.253
542.975
531.822
550.304
501.833
480.96
522.508
492.362
473.151
451.462
493.745
461.464
545.648
553.386
559.028
563.303
535.016
544.588
552.534
558.607
535.536
519.634
512.283
501.762
531.599
546.315
542.456
542.134
502.943
507.254
518.238
517.297
471.686
475.22
549.66
551.9
523.557
529.903
559.057
561.907
558.537
567.171
566.593
570.561
551.415
564.327
563.045
569.127
537.199
558.186
549.287
564.11
558.157
567.583
561.595
568.807
466.038
453.706
473.843
456.442
433.855
422.934
441.948
425.867
501.969
485.684
494.579
482.723
479.401
457.777
480.881
457.613
447.492
427.406
448.968
427.354
507.212
487.105
508.692
487.06
526.836
555.335
514.345
546.436
519.853
551.148
510.662
542.988
531.752
557.733
516.149
548.251
533.319
558.613
516.343
549.066
551.388
537.268
563.16
552.805
541.12
527.129
558.984
547.327
525.807
512.936
551.721
539.316
450.368
413.025
482.881
509.589
542.767
407.179
444.304
476.576
501.634
532.162
412.834
446.853
477.673
505.245
536.212
512.156
490.347
517.291
496.433
506.235
485.963
515.445
494.457
497.019
478.141
512.644
492.01
396.642
383.534
434.628
420.627
465.309
449.807
489.212
472.033
511.828
492.679
401.114
386.85
436.382
424.687
467.367
454.784
493.745
479.003
516.177
499.604
440.759
434.818
439.521
434.2
406.011
386.729
406.21
386.307
470.349
468.3
471.625
467.972
437.214
433.378
437.189
433.635
405.54
386.505
405.685
386.844
467.753
467.506
467.74
467.868
498.969
496.831
522.179
519.247
498.9
494.714
521.28
515.889
497.773
496.888
522.364
520.333
496.487
496.16
521.28
519.398
467.223
449.753
440.782
470.385
451.535
442.23
464.399
446.647
437.3
468.65
449.168
439.381
456.991
439.186
429.738
466.199
445.318
434.756
369.498
359.552
354.717
404.373
390.293
382.748
431.52
414.17
404.496
450.979
431.916
421.797
465.602
442.372
430.371
371.364
359.066
352.991
410.329
394.917
386.476
437.386
418.214
407.259
456.813
433.821
421.048
468.987
442.544
428.433
404.728
395.693
410.507
401.546
437.142
421.446
448.036
429.315
379.979
357.072
381.186
359.007
381.358
359.938
383.217
361.967
382.844
378.911
382.23
376.721
363.441
367.017
405.763
408.592
434.984
437.851
386.157
390.573
386.123
388.783
370.081
373.244
334.939
317.135
340.214
320.366
337.641
317.746
342.776
321.38
341.957
318.602
348.912
323.364
352.758
326.386
354.587
328.2
378.006
368.482
385.616
372.053
404.046
393.531
411.784
396.922
364.659
350.906
357.407
347.44
389.942
374.051
391.78
374.655
416.512
398.756
418.155
399.025
368.724
352.942
370.651
353.724
344.665
320.855
333.776
315.534
338.129
317.032
330.666
313.313
348.626
323.711
335.659
316.971
350.751
325.651
336.492
317.754
318.736
308.121
310.779
303.944
321.062
310.803
311.172
304.728
325.537
316.747
312.216
306.904
358.76
382.135
341.485
328.656
312.263
377.022
354.062
335.019
322.92
308.768
381.859
358.678
340.238
325.888
310.593
299.697
292.237
297.48
290.814
302.605
294.91
298.8
292.178
308.399
300.315
301.39
294.711
366.505
354.276
344.182
332.892
327.555
318.018
315.87
307.144
304.498
297.685
370.128
355.378
348.018
334.525
331.462
320.028
318.621
308.414
306.424
298.867
352.372
334.577
355.624
336.785
375.222
355.204
377.909
356.291
337.735
322.319
334.734
320.032
358.32
338.207
359.043
338.842
379.771
356.923
380.258
357.425
340.406
323.92
341.143
324.499
322.081
309.304
308.124
298.733
320.433
307.58
307.33
298.053
323.514
310.563
308.658
299.019
325.003
311.284
309.566
299.87
284.722
281.117
279.713
280.408
277.574
276.616
287.496
283.43
281.819
281.742
278.733
277.622
292.748
288.133
286.218
283.867
280.273
278.894
342.271
334.244
330.491
322.644
316.242
313.448
309.095
303.501
301.254
298.341
292.75
290.328
285.481
281.15
279.429
341.26
331.181
326.732
322.279
313.773
310.093
309.217
301.918
298.884
297.741
291.503
289.102
284.655
280.52
278.907
302.878
293.526
287.559
283.362
304.276
294.039
287.688
283.318
302.978
293.608
287.648
283.439
304.776
294.297
287.889
283.483
302.972
293.684
287.888
283.708
305.172
294.555
288.221
283.782
306.489
295.205
288.34
283.718
307.579
295.861
288.634
283.853
304.312
294.397
288.294
283.93
302.577
294.004
288.355
284.316
302.604
293.677
288.105
284.039
301.566
293.498
288.148
284.325
305.707
295.062
288.495
283.944
303.408
294.464
288.575
284.439
306.795
295.665
288.792
284.144
304.09
294.886
288.846
284.669
300.618
292.749
287.431
283.55
297.976
291.874
287.272
283.838
300.645
292.789
287.509
283.636
298.2
291.975
287.332
283.9
300.79
292.896
287.677
283.833
298.833
292.237
287.481
284.026
300.659
292.95
287.845
284.104
299.346
292.481
287.666
284.211
300.462
293.011
287.984
284.386
295.866
291.239
286.983
284.346
294.653
290.926
286.881
284.504
296.322
291.408
287.071
284.41
295.153
291.107
286.964
284.555
297.158
291.728
287.212
284.5
296.019
291.436
287.1
284.64
298.18
292.148
287.454
284.658
297.016
291.843
287.298
284.764
299.168
292.633
287.75
284.833
297.872
292.275
287.526
284.912
300.531
293.512
288.196
285.089
299.124
293.163
288.07
285.274
299.903
293.091
287.968
284.95
298.524
292.731
287.791
285.085
301.065
293.899
288.39
285.217
299.687
293.59
288.329
285.462
301.606
294.278
288.639
285.407
300.262
294.005
288.604
285.668
279.923
277.695
276.183
275.26
274.825
279.92
277.699
276.186
275.262
274.827
279.967
277.716
276.194
275.266
274.829
279.977
277.728
276.201
275.27
274.833
280.027
277.744
276.207
275.274
274.835
280.044
277.761
276.219
275.28
274.839
280.124
277.806
276.243
275.294
274.849
280.238
277.87
276.278
275.314
274.863
280.104
277.784
276.229
275.286
274.843
280.181
277.808
276.239
275.291
274.846
280.077
277.763
276.217
275.279
274.838
280.145
277.786
276.227
275.284
274.842
280.175
277.824
276.251
275.298
274.851
280.248
277.844
276.259
275.302
274.854
280.284
277.884
276.284
275.317
274.864
280.345
277.896
276.287
275.319
274.865
279.939
277.693
276.18
275.258
274.824
279.958
277.692
276.178
275.257
274.823
279.973
277.709
276.188
275.262
274.827
279.984
277.704
276.184
275.26
274.825
280.029
277.733
276.2
275.269
274.831
280.031
277.726
276.195
275.266
274.829
280.09
277.758
276.212
275.276
274.836
280.082
277.751
276.208
275.273
274.834
280.122
277.772
276.219
275.28
274.839
525.111
521.838
524.872
521.643
524.84
521.785
525.788
522.849
528.732
525.835
534.233
534.597
532.589
531.927
534.92
535.671
535.134
535.753
563.284
570.914
572.528
572.894
572.973
555.068
568.657
572.014
572.783
572.947
563.401
570.953
572.538
572.897
572.974
555.224
568.717
572.027
572.788
572.948
563.514
570.992
572.548
572.899
572.974
555.42
568.783
572.045
572.792
572.949
563.887
571.086
572.57
572.904
572.976
555.914
568.913
572.076
572.798
572.951
564.66
571.251
572.606
572.912
572.977
556.91
569.137
572.124
572.808
572.953
565.395
571.353
572.623
572.915
572.978
559.314
569.628
572.222
572.828
572.957
565.198
571.33
572.62
572.914
572.978
558.391
569.432
572.183
572.82
572.956
565.459
571.36
572.623
572.914
572.978
559.763
569.736
572.244
572.832
572.958
565.534
571.378
572.627
572.915
572.978
559.868
569.775
572.251
572.833
572.958
419.468
457.037
454.612
415.076
397.707
399.244
401.225
404.196
413.464
417.598
444.926
454.518
453.269
463.555
428.165
432.956
415.314
418.858
408.235
410.386
360.877
342.851
297.218
291.447
293.758
291.103
295.299
357.559
350.646
333.713
339.434
335.386
314.594
324.039
319.605
309.066
312.417
307.407
354.951
328.284
312.212
308.862
316.532
312.531
305.125
303.296
301.17
298.008
305.933
303.359
357.397
335.778
343.573
324.424
317.109
329.203
305.569
298.781
308.214
342.62
327.127
313.729
299.863
283.851
331.842
320.634
308.675
295.856
281.422
294.713
291.242
286.755
281.548
275.9
289.594
286.989
283.576
279.581
275.233
291.659
288.715
284.867
280.376
275.502
289.291
286.739
283.389
279.464
275.193
293.023
289.846
285.712
280.899
275.679
339.948
324.01
310.6
297.299
282.859
333.601
318.228
305.502
293.164
280.164
324.345
314.126
303.126
291.663
279.526
325.359
311.985
300.544
289.571
278.655
322.301
309.56
298.609
288.221
278.104
309.41
302.871
295.088
286.567
277.589
316.704
308.193
298.695
288.699
278.324
313.086
305.336
296.561
287.31
277.809
304.87
299.365
292.606
285.067
277.076
307.544
301.344
293.929
285.817
277.319
303.478
298.266
291.812
284.58
276.91
339.003
324.005
310.99
297.688
283.03
320.621
311.746
301.723
290.918
279.271
307.574
301.571
294.263
286.124
277.452
304.787
299.409
292.745
285.222
277.15
311.196
304.48
296.445
287.537
277.974
307.95
301.995
294.69
286.462
277.588
301.623
296.913
290.967
284.159
276.793
300.038
295.609
289.981
283.529
276.571
298.176
294.069
288.817
282.792
276.314
295.411
291.812
287.163
281.786
275.977
302.272
297.364
291.216
284.254
276.809
300.077
295.62
289.969
283.509
276.561
340.613
325.663
312.598
299.048
283.664
326.554
316.594
305.632
293.742
280.493
332.485
320.302
308.307
295.544
281.251
317.865
309.935
300.633
290.311
279.016
311.829
305.13
297.04
287.971
278.134
321.548
312.659
302.543
291.538
279.522
302.003
297.211
291.173
284.275
276.829
296.087
292.369
287.582
282.05
276.068
304.26
299.015
292.484
285.078
277.104
500.812
540.771
493.913
535.494
469.623
516.049
476.23
521.358
481.969
467.67
514.53
485.774
456.451
441.382
487.142
456.549
518.261
533.055
549.629
556.448
511.654
526.074
545.493
553.007
527.889
501.335
505.474
487.811
515.667
539.92
540.01
541.563
500.19
506.564
516.078
516.757
469.637
474.692
547.098
551.329
520.77
529.226
557.085
561.495
547.632
563.635
562.735
569.278
540.98
560.941
559.681
567.952
527.322
555.04
544.453
562.502
556.42
566.974
561.247
568.676
461.168
453.024
470.686
456.178
432.014
424.488
440.446
426.842
498.199
484.886
488.405
481.129
477.921
457.739
480.496
457.639
446.809
427.991
448.814
427.572
505.426
486.774
508.212
486.989
523.886
554.349
513.65
546.235
515.058
549.569
509.35
542.632
530.328
557.234
515.838
548.156
532.928
558.469
516.266
549.041
533.638
517.455
557.647
546.491
525.152
509.893
553.967
541.816
512.73
499.478
547.672
535.242
451.473
422.951
478.103
504.026
540.937
419.728
446.729
471.313
495.007
530.18
420.599
448.431
475.955
503.303
535.76
495.175
479.882
511.942
497.626
491.245
476.648
511.375
496.563
484.946
470.819
510.412
495.328
412.263
402.86
439.088
428.4
462.415
450.202
484.97
471.4
511.947
497.176
411.805
400.213
440.425
432.012
467.755
458.984
493.501
482.568
517.094
503.837
442.841
438.693
440.86
436.523
411.191
394.606
408.969
390.6
470.82
469.513
472.039
469.875
437.992
434.579
437.444
434.001
406.956
388.613
406.13
387.476
468.097
468.176
467.862
468.076
499.156
497.542
522.454
519.856
498.958
495.999
521.679
517.141
497.931
497.266
522.525
520.626
496.549
496.285
521.332
519.486
470.44
466.287
485.297
479.716
467.263
462.481
483.97
477.365
461.176
456.224
482.061
473.975
394.779
389.212
419.9
413.761
441.058
434.328
461.123
454.322
481.891
471.022
389.412
382.801
424.428
416.801
449.543
440.17
469.251
457.638
483.274
469.089
400.952
394.234
410.254
401.506
427.549
415.818
445.156
426.888
382.399
362.581
386.131
364.997
382.018
364.615
386.253
366.876
384.735
379.531
384.109
378.593
367.438
370.583
405.954
408.689
434.009
437.607
387.402
390.992
387.317
389.202
372.352
374.045
346.933
328.167
348.646
329.195
348.575
327.983
349.86
328.953
351.705
327.717
354.406
329.526
356
330.196
355.705
329.521
383.362
375.033
388.108
375.772
405.832
397.876
412.3
399.403
368.858
355.331
365.466
355.006
391.201
376.016
392.181
375.289
416.794
400.085
418.274
399.468
370.889
355.305
371.325
354.479
350.266
326.068
338.271
319.369
347.812
324.721
338.044
319.148
351.612
326.762
338.109
319.157
351.682
326.645
337.277
318.465
343.503
338.843
325.679
321.661
345.047
340.645
325.316
321.495
347.549
344.084
324.827
321.649
377.728
398.477
360.864
344.663
322.554
396.787
377.525
360.498
343.789
320.959
394.857
373.341
354.023
337.4
318.603
333.18
326.637
316.23
308.004
335.596
329.389
316.623
308.715
339.461
333.783
317.266
309.74
389.98
381.658
371.214
364.075
354.758
348.979
338.308
332.274
316.85
309.604
386.387
374.1
365.637
354.232
347.393
337.224
331.408
321.566
314.721
306.724
361.533
345.353
360.434
342.478
383.346
365.874
382.034
361.858
342.611
327.524
343.506
329.478
360.696
340.986
359.773
339.666
381.779
359.626
380.875
358.225
342.883
326.505
341.907
325.27
326.434
313.474
311.472
301.669
327.898
314.85
312.688
302.876
325.827
312.702
310.51
300.597
325.752
311.955
310.151
300.351
321.235
319.366
294.513
293.221
324.698
322.453
295.5
294.039
329.16
325.534
296.618
293.582
374.316
369.092
357.595
353.125
343.418
339.64
325.868
320.76
295.783
290.944
363.257
358.087
344.297
339.921
327.997
324.206
311.293
307.413
290.423
286.766
310.005
297.754
290.052
284.834
310.522
297.866
289.982
284.684
309.615
297.577
289.979
284.793
310.213
297.673
289.924
284.691
308.866
297.259
290.022
284.946
309.604
297.344
289.942
284.815
309.357
297.051
289.486
284.413
308.595
296.524
289.048
284.108
307.954
296.731
289.775
284.858
305.402
295.894
289.614
285.171
307.606
296.789
290.034
285.209
305.672
296.16
289.847
285.413
307.95
296.53
289.443
284.558
305.077
295.602
289.356
284.998
307.556
296.168
289.12
284.357
304.645
295.268
289.111
284.863
308.983
297.504
290.197
285.188
307.459
297.137
290.311
285.678
308.6
297.352
290.164
285.193
307.233
297.044
290.264
285.666
307.975
297.1
290.149
285.272
306.907
296.882
290.191
285.652
306.872
296.702
290.101
285.437
306.396
296.661
290.137
285.686
305.766
296.331
290.035
285.657
305.927
296.819
290.175
286.475
304.868
296.643
290.192
286.805
305.872
296.763
290.156
286.468
304.837
296.589
290.162
286.786
305.7
296.637
290.064
286.403
304.698
296.47
290.077
286.733
305.33
296.423
289.994
286.354
304.371
296.276
289.981
286.673
304.667
296.106
289.909
286.316
303.727
295.998
289.852
286.598
303.206
295.362
289.446
286.025
302.022
295.21
289.439
286.302
303.878
295.737
289.684
286.178
302.814
295.621
289.666
286.471
302.616
294.999
289.153
285.81
301.345
294.799
289.154
286.09
302.112
294.641
288.893
285.608
300.794
294.399
288.875
285.876
280.705
278.121
276.414
275.392
274.916
280.665
278.109
276.409
275.39
274.914
280.68
278.104
276.404
275.386
274.912
280.627
278.085
276.396
275.382
274.909
280.655
278.084
276.392
275.379
274.907
280.583
278.057
276.38
275.372
274.903
280.498
278.013
276.356
275.359
274.893
280.379
277.948
276.321
275.339
274.879
280.589
278.048
276.372
275.368
274.899
280.611
278.039
276.365
275.363
274.896
280.651
278.073
276.385
275.375
274.904
280.66
278.062
276.376
275.369
274.9
280.509
278.007
276.35
275.355
274.891
280.54
278.002
276.345
275.352
274.888
280.4
277.947
276.318
275.337
274.878
280.447
277.951
276.317
275.336
274.877
280.762
278.135
276.419
275.394
274.917
280.812
278.144
276.422
275.396
274.918
280.745
278.123
276.412
275.39
274.915
280.798
278.135
276.416
275.393
274.916
280.722
278.104
276.401
275.384
274.91
280.771
278.118
276.407
275.387
274.912
280.708
278.087
276.39
275.377
274.906
280.734
278.096
276.395
275.38
274.907
280.692
278.076
276.384
275.374
274.903
524.707
523.038
524.978
523.279
525.706
523.989
527.226
525.361
530.064
528.028
534.628
535.105
533.3
532.944
535.122
535.912
535.197
535.825
563.432
570.97
572.543
572.898
572.974
555.516
568.783
572.046
572.79
572.949
563.601
571.013
572.553
572.9
572.975
555.759
568.853
572.06
572.795
572.95
563.791
571.059
572.564
572.903
572.975
556.069
568.933
572.079
572.799
572.951
564.201
571.153
572.585
572.907
572.976
556.611
569.065
572.109
572.805
572.952
564.921
571.305
572.618
572.914
572.978
557.521
569.27
572.152
572.814
572.954
565.487
571.376
572.628
572.916
572.978
559.527
569.685
572.236
572.831
572.958
565.359
571.367
572.629
572.916
572.978
558.777
569.527
572.205
572.825
572.957
565.507
571.372
572.627
572.915
572.978
559.867
569.765
572.252
572.834
572.958
565.549
571.382
572.628
572.916
572.978
559.899
569.784
572.254
572.834
572.958
419.411
456.612
453.134
414.89
407.283
413.798
404.925
413.01
435.349
452.861
439.32
454.796
277.531
278.03
279.134
280.931
283.568
287.208
277.944
278.461
279.602
281.439
284.075
287.621
277.221
277.069
277.746
277.644
278.912
278.927
280.829
281.077
283.612
284.165
287.26
287.873
292.009
298.061
305.57
314.637
323.484
329.3
292.165
297.708
304.147
311.008
317.111
320.914
277.098
276.476
275.644
274.652
273.562
277.548
276.857
275.932
274.832
273.623
278.543
277.698
276.57
275.229
273.758
280.163
279.066
277.605
275.874
273.977
282.535
281.066
279.118
276.815
274.296
285.802
283.812
281.188
278.101
274.732
277.47
276.791
275.883
274.801
273.612
277.937
277.185
276.181
274.987
273.676
278.964
278.053
276.838
275.396
273.815
280.618
279.449
277.894
276.053
274.038
282.987
281.444
279.401
276.99
274.355
286.167
284.114
281.413
278.24
274.779
276.818
276.239
275.464
274.54
273.524
276.681
276.123
275.376
274.485
273.505
277.292
276.64
275.768
274.73
273.588
277.2
276.562
275.709
274.693
273.576
278.344
277.53
276.443
275.15
273.731
278.357
277.542
276.452
275.156
273.733
280.072
278.99
277.549
275.84
273.965
280.296
279.18
277.693
275.93
273.996
282.577
281.103
279.147
276.834
274.302
283.076
281.525
279.466
277.032
274.37
285.852
283.858
281.225
278.125
274.74
286.405
284.325
281.577
278.343
274.814
290.09
287.4
283.884
279.773
275.299
295.457
291.861
287.221
281.84
276.001
302.036
297.275
291.254
284.345
276.857
309.822
303.596
295.952
287.295
277.888
317.166
309.443
300.3
290.09
278.914
321.896
313.175
303.084
291.908
279.602
290.224
287.508
283.963
279.822
275.315
295.145
291.603
287.03
281.723
275.961
300.814
296.288
290.527
283.893
276.701
306.787
301.182
294.171
286.165
277.482
312.024
305.434
297.335
288.154
278.177
315.263
308.055
299.289
289.392
278.615
277.598
278.238
279.507
281.511
284.414
288.396
278.015
278.682
279.991
282.029
284.905
288.723
277.287
277.137
277.954
277.858
279.29
279.322
281.429
281.721
284.51
285.137
288.59
289.366
293.581
299.946
307.598
316.464
324.735
329.741
293.531
299.263
305.734
312.396
318.058
321.25
277.158
276.528
275.683
274.677
273.57
277.737
277.018
276.055
274.909
273.649
278.882
277.987
276.791
275.368
273.805
280.689
279.515
277.949
276.09
274.051
283.305
281.724
279.622
277.132
274.404
286.885
284.741
281.902
278.551
274.886
277.535
276.846
275.925
274.827
273.621
278.137
277.356
276.311
275.069
273.703
279.318
278.355
277.069
275.541
273.864
281.155
279.907
278.245
276.274
274.113
283.743
282.09
279.897
277.303
274.462
287.171
284.975
282.075
278.658
274.922
276.878
276.29
275.503
274.564
273.532
276.742
276.175
275.415
274.51
273.514
277.48
276.8
275.89
274.806
273.614
277.393
276.727
275.835
274.772
273.603
278.687
277.822
276.666
275.29
273.779
278.716
277.847
276.685
275.302
273.783
280.617
279.456
277.905
276.063
274.041
280.881
279.68
278.075
276.17
274.078
283.395
281.803
279.683
277.171
274.418
283.96
282.282
280.047
277.398
274.495
287.065
284.898
282.024
278.629
274.912
287.767
285.493
282.476
278.911
275.008
291.528
288.638
284.839
280.377
275.506
297.19
293.361
288.386
282.581
276.255
303.915
298.916
292.541
285.17
277.142
311.537
305.113
297.157
288.077
278.161
318.357
310.511
301.16
290.657
279.116
322.321
313.559
303.396
292.116
279.677
291.473
288.583
284.793
280.346
275.495
296.572
292.836
287.986
282.33
276.169
302.279
297.561
291.52
284.527
276.919
308.076
302.31
295.058
286.735
277.68
312.91
306.215
297.953
288.554
278.317
315.578
308.334
299.511
289.536
278.665
361.578
343.44
299.563
293.262
296.457
293.174
297.878
366.961
364.659
343.037
354.821
321.903
333.697
315.333
319.454
312.966
360.947
334.682
318.109
313.547
321.941
316.55
307.892
306.806
305.654
301.672
311.034
307.505
359.638
337.505
347.659
327.065
320.492
333.995
308.914
301.928
312.248
343.382
327.839
314.342
300.306
284.03
332.434
321.184
309.136
296.175
281.544
296.87
293.111
288.207
282.471
276.218
291.255
288.419
284.68
280.279
275.472
294.131
290.845
286.514
281.42
275.859
291.185
288.368
284.646
280.259
275.465
295.391
291.892
287.298
281.906
276.024
350.321
333.828
318.865
303.002
285.064
348.804
332.434
317.245
301.013
282.917
333.7
322.824
310.289
296.436
281.231
342.071
327.419
313.234
297.982
281.619
316.41
309.167
300.142
289.859
278.735
326.236
316.947
305.83
293.397
279.97
310.8
304.646
296.81
287.789
278.021
314.372
307.552
298.952
289.107
278.468
308.755
302.983
295.581
287.027
277.76
345.433
330.177
316.254
301.373
284.513
326.883
317.488
306.419
294.039
280.388
313.157
306.548
298.232
288.699
278.347
309.184
303.297
295.824
287.211
277.84
316.347
309.098
300.151
289.957
278.822
311.733
305.353
297.361
288.195
278.192
304.195
299.165
292.737
285.296
277.186
303.295
298.457
292.215
284.96
277.064
302.326
297.685
291.644
284.599
276.937
298.782
294.732
289.432
283.23
276.473
307.045
301.57
294.537
286.392
277.548
303.931
298.995
292.619
285.207
277.147
343.027
327.921
314.535
300.435
284.232
328.26
318.165
306.934
294.63
280.825
336.645
324.2
311.59
297.805
282.094
320.4
312.226
302.492
291.543
279.456
315.033
307.992
299.333
289.469
278.66
326.227
316.952
306.064
293.891
280.369
305.117
299.942
293.322
285.656
277.307
298.991
294.892
289.548
283.303
276.499
308.034
302.344
295.116
286.776
277.692
279.11
290.975
301.97
311.661
319.48
325.447
480.949
474.87
450.926
456.834
465.108
455.992
441.225
430.579
500.808
516.685
494.234
508.422
484.694
475.97
496.409
470.72
465.809
442.566
447.299
457.577
449.568
434.534
425.443
490.332
501.627
484.607
494.452
475.742
467.702
484.042
456.486
452.925
430.891
434.326
446.576
440.138
424.74
417.129
474.377
485.145
469.835
479.519
463.082
456.351
471.13
441.751
439.155
418.667
421.26
434.147
428.644
413.78
407.292
459.241
470.617
455.624
466.033
450.18
443.773
458.666
431.059
428.981
409.762
411.926
424.689
419.967
405.546
399.665
447.785
459.965
444.728
456.312
440.388
434.773
449.945
423.811
421.988
403.684
405.632
418.184
414.106
399.811
394.383
440.253
454.17
437.478
450.624
433.92
428.967
444.274
400.616
397.525
423.466
427.811
393.251
387.959
416.416
407.824
378.063
357.7
377.193
359.46
373.572
373.087
362.225
396.28
393.409
417.441
421.204
389.427
384.517
411.221
403.294
373.477
353.964
372.761
355.854
369.381
369.339
358.369
389.397
386.882
408.464
411.472
383.374
378.908
403.338
396.548
368.801
349.43
368.021
351.11
364.977
364.856
353.381
380.941
378.778
398.347
400.775
375.533
371.106
394.071
387.785
362.067
343.885
361.396
345.334
358.652
358.449
347.553
374.242
372.295
390.736
392.849
369.402
365.236
386.929
381.189
356.394
339.835
355.809
340.9
353.554
353.262
343.076
369.491
367.687
385.475
387.413
365.181
361.496
381.942
376.65
352.809
337.107
352.337
338.124
350.317
350.183
340.464
537.971
554.801
526.53
546.908
510.911
536.921
484.053
514.86
483.686
508.061
507.719
531.592
522.308
542.952
532.577
550.99
501.829
480.951
522.492
492.35
473.135
451.448
493.726
461.449
546.136
553.719
559.416
563.555
535.014
544.572
552.475
558.561
535.514
519.626
512.269
501.753
531.588
546.291
542.449
542.129
502.933
507.246
518.228
517.289
471.673
475.21
549.652
551.896
523.548
529.896
559.05
561.904
558.767
567.26
566.752
570.619
551.393
564.317
563.015
569.115
537.185
558.179
549.27
564.103
558.15
567.58
561.593
568.806
466.029
453.698
473.833
456.434
433.843
422.924
441.936
425.857
501.96
485.678
494.57
482.716
479.392
457.769
480.872
457.605
447.481
427.397
448.958
427.345
507.204
487.098
508.685
487.054
526.827
555.332
514.34
546.434
519.844
551.145
510.656
542.985
531.746
557.73
516.145
548.249
533.314
558.611
516.339
549.064
551.688
537.606
563.283
552.973
541.095
527.102
558.973
547.309
525.793
512.922
551.714
539.307
450.36
413.016
482.873
509.581
542.763
407.171
444.297
476.569
501.624
532.157
412.826
446.845
477.665
505.239
536.209
512.484
490.603
517.516
496.61
506.214
485.956
515.437
494.456
497.007
478.135
512.639
492.009
396.636
383.53
434.621
420.622
465.302
449.802
489.204
472.027
511.824
492.677
401.107
386.845
436.375
424.682
467.361
454.78
493.739
478.999
516.173
499.602
440.753
434.813
439.514
434.194
406.004
386.724
406.202
386.302
470.344
468.295
471.619
467.967
437.208
433.372
437.182
433.63
405.533
386.499
405.678
386.838
467.747
467.501
467.735
467.864
498.965
496.827
522.176
519.245
498.895
494.71
521.277
515.886
497.769
496.884
522.361
520.33
496.483
496.156
521.277
519.396
467.43
449.922
440.939
470.545
451.672
442.353
464.401
446.652
437.305
468.655
449.178
439.392
456.99
439.189
429.742
466.2
445.323
434.763
369.495
359.551
354.716
404.37
390.292
382.748
431.518
414.17
404.497
450.977
431.917
421.8
465.602
442.375
430.375
371.361
359.064
352.99
410.326
394.916
386.476
437.383
418.214
407.26
456.811
433.822
421.05
468.986
442.546
428.436
404.678
395.664
410.458
401.518
437.108
421.425
448.002
429.294
379.876
357.082
381.043
358.987
381.277
359.886
383.141
361.924
382.799
378.864
382.199
376.688
363.4
366.979
405.742
408.576
434.967
437.837
386.127
390.554
386.1
388.767
370.054
373.227
334.955
317.126
340.215
320.347
337.619
317.739
342.76
321.375
341.934
318.594
348.889
323.356
352.739
326.377
354.574
328.193
377.987
368.469
385.597
372.042
404.031
393.519
411.769
396.912
364.641
350.896
357.388
347.429
389.927
374.041
391.767
374.646
416.498
398.746
418.144
399.016
368.709
352.933
370.639
353.716
344.65
320.847
333.767
315.529
338.114
317.025
330.657
313.307
348.613
323.704
335.651
316.966
350.741
325.644
336.485
317.749
318.688
308.056
310.765
303.924
321.057
310.801
311.166
304.724
325.526
316.741
312.21
306.899
358.749
382.125
341.474
328.646
312.257
377.013
354.052
335.01
322.912
308.762
381.849
358.667
340.228
325.88
310.588
299.637
292.175
297.47
290.804
302.605
294.914
298.796
292.174
308.396
300.315
301.387
294.709
366.499
354.272
344.175
332.887
327.549
318.015
315.865
307.141
304.494
297.682
370.12
355.373
348.01
334.52
331.454
320.023
318.615
308.411
306.42
298.864
352.363
334.571
355.616
336.779
375.213
355.199
377.902
356.285
337.728
322.314
334.726
320.027
358.313
338.201
359.037
338.837
379.763
356.917
380.251
357.42
340.4
323.916
341.137
324.495
322.075
309.3
308.12
298.73
320.427
307.576
307.326
298.05
323.509
310.559
308.654
299.016
324.998
311.281
309.562
299.868
284.663
281.054
279.646
280.413
277.563
276.6
287.502
283.436
281.824
281.738
278.734
277.623
292.749
288.135
286.219
283.865
280.273
278.894
342.269
334.242
330.49
322.642
316.241
313.447
309.093
303.501
301.254
298.34
292.75
290.328
285.48
281.15
279.429
341.257
331.179
326.73
322.276
313.771
310.092
309.215
301.917
298.884
297.739
291.502
289.102
284.653
280.52
278.907
302.871
293.52
287.553
283.356
304.259
294.028
287.68
283.311
302.975
293.606
287.647
283.439
304.774
294.296
287.888
283.483
302.969
293.682
287.887
283.707
305.169
294.553
288.22
283.781
306.486
295.203
288.339
283.718
307.575
295.859
288.633
283.852
304.308
294.395
288.293
283.929
302.573
294.002
288.354
284.315
302.6
293.675
288.104
284.038
301.563
293.496
288.146
284.324
305.703
295.06
288.494
283.943
303.405
294.462
288.574
284.438
306.792
295.663
288.791
284.143
304.087
294.884
288.845
284.668
300.614
292.745
287.427
283.544
297.97
291.871
287.269
283.833
300.642
292.788
287.508
283.636
298.198
291.974
287.332
283.899
300.787
292.894
287.676
283.832
298.83
292.236
287.48
284.025
300.656
292.948
287.844
284.103
299.343
292.479
287.665
284.211
300.458
293.009
287.982
284.386
295.86
291.235
286.98
284.342
294.643
290.921
286.878
284.502
296.32
291.407
287.07
284.41
295.152
291.107
286.963
284.555
297.155
291.727
287.211
284.5
296.017
291.434
287.099
284.64
298.178
292.146
287.453
284.658
297.014
291.841
287.297
284.764
299.165
292.631
287.749
284.832
297.869
292.274
287.524
284.911
300.528
293.51
288.195
285.088
299.121
293.16
288.068
285.273
299.9
293.089
287.967
284.949
298.521
292.729
287.79
285.084
301.063
293.897
288.389
285.216
299.684
293.588
288.328
285.46
301.603
294.276
288.637
285.406
300.26
294.003
288.603
285.668
279.921
277.694
276.182
275.26
274.825
279.917
277.698
276.186
275.262
274.827
279.967
277.716
276.194
275.266
274.829
279.977
277.728
276.201
275.27
274.832
280.027
277.743
276.207
275.273
274.834
280.043
277.761
276.219
275.28
274.839
280.123
277.806
276.243
275.294
274.849
280.237
277.87
276.278
275.314
274.863
280.104
277.783
276.229
275.286
274.843
280.181
277.807
276.239
275.291
274.846
280.077
277.763
276.217
275.279
274.838
280.144
277.786
276.227
275.284
274.842
280.175
277.824
276.251
275.298
274.851
280.248
277.844
276.259
275.302
274.854
280.284
277.884
276.283
275.317
274.864
280.344
277.896
276.287
275.318
274.865
279.937
277.692
276.179
275.258
274.824
279.957
277.691
276.178
275.257
274.823
279.973
277.708
276.188
275.262
274.827
279.984
277.704
276.184
275.26
274.825
280.028
277.733
276.2
275.269
274.831
280.031
277.726
276.195
275.266
274.829
280.09
277.758
276.212
275.276
274.836
280.082
277.75
276.208
275.273
274.834
280.122
277.772
276.219
275.28
274.839
525.176
521.916
524.884
521.653
524.843
521.788
525.788
522.849
528.731
525.834
534.231
534.595
532.587
531.925
534.918
535.669
535.132
535.751
563.347
570.931
572.532
572.895
572.973
555.105
568.668
572.017
572.783
572.947
563.397
570.952
572.538
572.897
572.974
555.228
568.719
572.028
572.788
572.948
563.514
570.992
572.549
572.899
572.974
555.422
568.784
572.045
572.792
572.949
563.887
571.086
572.57
572.904
572.976
555.914
568.913
572.076
572.798
572.951
564.659
571.25
572.606
572.912
572.977
556.91
569.137
572.124
572.808
572.953
565.394
571.353
572.623
572.915
572.978
559.314
569.628
572.222
572.828
572.957
565.198
571.33
572.62
572.914
572.978
558.391
569.432
572.183
572.82
572.956
565.458
571.36
572.623
572.914
572.978
559.763
569.736
572.244
572.832
572.958
565.534
571.378
572.627
572.915
572.978
559.867
569.775
572.251
572.833
572.958
419.449
457.022
454.59
415.046
397.432
398.882
401.118
404.089
413.389
417.522
444.881
454.47
453.224
463.506
428.09
432.88
415.212
418.753
407.751
409.772
360.872
342.847
297.217
291.445
293.757
291.101
295.297
357.554
350.643
333.71
339.432
335.385
314.592
324.036
319.603
309.064
312.415
307.405
354.946
328.281
312.21
308.86
316.529
312.529
305.123
303.294
301.168
298.007
305.931
303.357
357.393
335.774
343.569
324.421
317.107
329.2
305.567
298.78
308.212
342.616
327.123
313.726
299.861
283.85
331.838
320.63
308.672
295.854
281.421
294.711
291.241
286.754
281.547
275.9
289.593
286.988
283.576
279.581
275.233
291.658
288.714
284.866
280.376
275.501
289.29
286.738
283.388
279.463
275.193
293.022
289.845
285.711
280.899
275.679
339.944
324.006
310.597
297.297
282.858
333.598
318.226
305.5
293.162
280.163
324.342
314.123
303.124
291.662
279.526
325.357
311.984
300.543
289.57
278.655
322.299
309.559
298.608
288.22
278.104
309.408
302.869
295.087
286.566
277.588
316.702
308.191
298.694
288.698
278.323
313.084
305.334
296.559
287.309
277.808
304.868
299.364
292.605
285.066
277.076
307.543
301.342
293.928
285.817
277.319
303.477
298.265
291.811
284.579
276.909
338.999
324.001
310.987
297.685
283.029
320.618
311.744
301.721
290.917
279.271
307.572
301.569
294.262
286.123
277.451
304.785
299.408
292.743
285.221
277.15
311.194
304.478
296.444
287.536
277.974
307.948
301.993
294.688
286.461
277.588
301.621
296.911
290.966
284.158
276.792
300.036
295.608
289.98
283.529
276.57
298.175
294.067
288.816
282.791
276.314
295.41
291.811
287.163
281.786
275.977
302.271
297.362
291.215
284.253
276.809
300.075
295.619
289.968
283.508
276.56
340.608
325.659
312.595
299.045
283.663
326.55
316.591
305.629
293.74
280.492
332.481
320.299
308.304
295.542
281.251
317.862
309.933
300.631
290.31
279.016
311.826
305.128
297.039
287.97
278.134
321.545
312.656
302.541
291.537
279.521
302.002
297.209
291.171
284.274
276.829
296.086
292.368
287.581
282.049
276.068
304.258
299.014
292.483
285.077
277.104
501.159
541.186
493.866
535.368
469.576
515.912
476.596
521.862
481.938
467.65
514.472
485.747
456.423
441.365
487.089
456.526
518.554
533.275
549.961
556.685
511.615
526.044
545.389
552.935
527.842
501.308
505.444
487.79
515.641
539.877
539.992
541.556
500.173
506.554
516.059
516.748
469.621
474.681
547.081
551.323
520.754
529.217
557.072
561.491
547.785
563.7
562.883
569.333
540.954
560.93
559.641
567.938
527.303
555.032
544.426
562.493
556.41
566.97
561.243
568.675
461.153
453.013
470.67
456.168
432.001
424.477
440.432
426.831
498.183
484.877
488.391
481.119
477.908
457.73
480.486
457.631
446.796
427.981
448.803
427.564
505.414
486.766
508.204
486.982
523.873
554.345
513.643
546.232
515.046
549.564
509.343
542.628
530.319
557.231
515.833
548.153
532.922
558.466
516.262
549.039
533.77
517.58
557.725
546.595
525.136
509.878
553.956
541.799
512.718
499.47
547.665
535.235
451.461
422.941
478.092
504.017
540.933
419.719
446.72
471.304
494.999
530.174
420.59
448.421
475.946
503.296
535.756
495.297
479.952
512.063
497.695
491.229
476.638
511.365
496.559
484.939
470.814
510.406
495.325
412.257
402.855
439.081
428.396
462.408
450.198
484.964
471.395
511.942
497.172
411.797
400.207
440.418
432.006
467.748
458.979
493.495
482.563
517.09
503.833
442.833
438.686
440.853
436.517
411.183
394.601
408.962
390.594
470.813
469.508
472.032
469.869
437.985
434.573
437.438
433.996
406.949
388.608
406.123
387.471
468.09
468.17
467.856
468.071
499.151
497.538
522.45
519.852
498.953
495.994
521.676
517.138
497.926
497.262
522.522
520.623
496.545
496.281
521.329
519.483
470.498
466.342
485.363
479.783
467.256
462.476
483.967
477.364
461.172
456.222
482.058
473.973
394.776
389.209
419.897
413.759
441.055
434.326
461.119
454.319
481.887
471.019
389.409
382.798
424.424
416.798
449.539
440.167
469.247
457.635
483.271
469.086
400.944
394.225
410.245
401.496
427.533
415.805
445.133
426.873
382.499
362.657
386.225
365.068
382.016
364.616
386.255
366.879
384.73
379.527
384.102
378.587
367.435
370.581
405.942
408.677
433.995
437.595
387.394
390.981
387.308
389.191
372.347
374.035
346.997
328.202
348.709
329.233
348.581
327.984
349.869
328.956
351.704
327.717
354.406
329.527
355.996
330.194
355.697
329.517
383.355
375.026
388.099
375.765
405.822
397.867
412.289
399.394
368.851
355.326
365.461
355.001
391.192
376.009
392.17
375.281
416.783
400.077
418.263
399.46
370.881
355.298
371.316
354.472
350.262
326.066
338.267
319.366
347.81
324.72
338.04
319.145
351.607
326.759
338.104
319.154
351.674
326.641
337.271
318.461
343.57
338.907
325.713
321.696
345.05
340.645
325.317
321.494
347.548
344.082
324.827
321.648
377.722
398.469
360.859
344.66
322.553
396.779
377.519
360.494
343.786
320.957
394.849
373.335
354.018
337.398
318.601
333.245
326.701
316.289
308.082
335.597
329.391
316.622
308.71
339.459
333.781
317.265
309.738
389.974
381.654
371.209
364.071
354.754
348.976
338.306
332.271
316.849
309.603
386.381
374.096
365.632
354.229
347.389
337.221
331.405
321.564
314.72
306.723
361.527
345.349
360.428
342.473
383.34
365.869
382.027
361.853
342.607
327.52
343.502
329.475
360.69
340.981
359.767
339.661
381.772
359.621
380.868
358.22
342.878
326.501
341.902
325.266
326.43
313.471
311.469
301.668
327.895
314.848
312.686
302.875
325.823
312.699
310.507
300.595
325.747
311.952
310.148
300.348
321.312
319.437
294.617
293.32
324.705
322.463
295.495
294.041
329.159
325.534
296.616
293.581
374.313
369.089
357.592
353.122
343.415
339.638
325.866
320.759
295.782
290.943
363.254
358.085
344.294
339.918
327.995
324.204
311.291
307.411
290.422
286.766
310.024
297.763
290.054
284.832
310.542
297.877
289.987
284.684
309.615
297.577
289.979
284.793
310.215
297.674
289.923
284.691
308.866
297.259
290.022
284.946
309.604
297.344
289.942
284.814
309.356
297.05
289.485
284.412
308.592
296.523
289.047
284.108
307.953
296.73
289.774
284.858
305.401
295.893
289.613
285.171
307.605
296.788
290.034
285.209
305.67
296.16
289.846
285.413
307.948
296.529
289.442
284.557
305.075
295.601
289.355
284.998
307.553
296.167
289.119
284.356
304.642
295.266
289.11
284.862
309.001
297.511
290.198
285.185
307.474
297.143
290.312
285.675
308.6
297.352
290.164
285.194
307.233
297.044
290.264
285.666
307.975
297.1
290.149
285.272
306.907
296.882
290.191
285.652
306.871
296.701
290.101
285.437
306.396
296.661
290.136
285.686
305.765
296.33
290.034
285.656
305.942
296.824
290.176
286.473
304.881
296.647
290.193
286.805
305.873
296.764
290.156
286.468
304.839
296.59
290.162
286.786
305.7
296.637
290.064
286.403
304.699
296.47
290.077
286.733
305.329
296.422
289.994
286.354
304.37
296.276
289.98
286.673
304.666
296.105
289.908
286.316
303.726
295.997
289.852
286.598
303.204
295.361
289.445
286.025
302.021
295.209
289.438
286.302
303.877
295.736
289.684
286.177
302.813
295.62
289.665
286.47
302.614
294.997
289.152
285.809
301.343
294.798
289.153
286.089
302.109
294.639
288.892
285.607
300.791
294.397
288.874
285.875
280.705
278.121
276.414
275.392
274.916
280.666
278.11
276.41
275.39
274.915
280.68
278.104
276.404
275.386
274.912
280.627
278.085
276.396
275.382
274.909
280.655
278.084
276.392
275.379
274.907
280.582
278.057
276.38
275.372
274.902
280.498
278.012
276.356
275.359
274.893
280.379
277.948
276.321
275.339
274.879
280.589
278.047
276.372
275.368
274.899
280.61
278.039
276.365
275.363
274.896
280.651
278.073
276.385
275.375
274.904
280.659
278.062
276.376
275.369
274.9
280.508
278.006
276.35
275.355
274.891
280.54
278.002
276.345
275.352
274.888
280.4
277.947
276.318
275.337
274.878
280.446
277.951
276.317
275.336
274.877
280.762
278.135
276.419
275.394
274.918
280.812
278.144
276.422
275.396
274.918
280.745
278.123
276.412
275.39
274.915
280.798
278.135
276.416
275.393
274.916
280.722
278.104
276.401
275.384
274.91
280.771
278.118
276.406
275.387
274.912
280.708
278.087
276.39
275.377
274.906
280.734
278.096
276.395
275.38
274.907
280.692
278.076
276.384
275.373
274.903
524.734
523.076
524.983
523.282
525.706
523.988
527.224
525.36
530.062
528.026
534.626
535.103
533.298
532.942
535.12
535.91
535.195
535.823
563.49
570.986
572.547
572.899
572.974
555.546
568.793
572.049
572.791
572.949
563.596
571.012
572.553
572.9
572.975
555.761
568.855
572.061
572.795
572.95
563.79
571.059
572.564
572.903
572.975
556.069
568.933
572.079
572.799
572.951
564.201
571.153
572.585
572.907
572.976
556.611
569.065
572.109
572.805
572.952
564.921
571.305
572.618
572.914
572.978
557.521
569.27
572.152
572.814
572.954
565.486
571.376
572.628
572.916
572.978
559.527
569.685
572.235
572.831
572.958
565.358
571.367
572.629
572.916
572.978
558.777
569.527
572.205
572.825
572.957
565.506
571.372
572.627
572.915
572.978
559.866
569.765
572.252
572.834
572.958
565.549
571.382
572.628
572.916
572.978
559.898
569.784
572.254
572.834
572.958
419.398
456.599
453.118
414.878
407.441
413.958
404.922
413.01
435.333
452.837
439.559
455.061
277.531
278.029
279.133
280.93
283.567
287.207
277.943
278.461
279.601
281.438
284.074
287.62
277.221
277.069
277.746
277.644
278.912
278.926
280.828
281.076
283.611
284.164
287.259
287.872
292.007
298.059
305.568
314.634
323.481
329.296
292.164
297.707
304.145
311.006
317.109
320.911
277.097
276.476
275.643
274.652
273.562
277.547
276.856
275.932
274.832
273.623
278.543
277.698
276.57
275.229
273.758
280.162
279.065
277.605
275.874
273.977
282.535
281.066
279.117
276.815
274.296
285.801
283.811
281.187
278.101
274.732
277.47
276.791
275.882
274.801
273.612
277.936
277.185
276.181
274.987
273.676
278.964
278.053
276.838
275.396
273.815
280.617
279.448
277.893
276.053
274.037
282.986
281.443
279.4
276.99
274.355
286.166
284.113
281.412
278.24
274.779
276.818
276.239
275.464
274.54
273.524
276.681
276.123
275.376
274.485
273.505
277.292
276.64
275.768
274.73
273.588
277.199
276.562
275.709
274.693
273.576
278.344
277.53
276.443
275.15
273.731
278.357
277.541
276.451
275.156
273.733
280.071
278.99
277.549
275.839
273.965
280.295
279.18
277.693
275.929
273.996
282.576
281.103
279.147
276.834
274.302
283.075
281.524
279.466
277.032
274.37
285.851
283.858
281.224
278.124
274.74
286.404
284.324
281.577
278.343
274.814
290.089
287.399
283.883
279.772
275.299
295.455
291.86
287.22
281.84
276
302.034
297.273
291.253
284.344
276.857
309.82
303.594
295.95
287.294
277.887
317.163
309.44
300.298
290.088
278.914
321.893
313.173
303.082
291.907
279.602
290.222
287.507
283.962
279.821
275.315
295.143
291.602
287.029
281.722
275.961
300.812
296.286
290.526
283.892
276.7
306.784
301.18
294.169
286.164
277.482
312.022
305.432
297.333
288.153
278.177
315.26
308.053
299.287
289.391
278.614
277.598
278.238
279.507
281.51
284.413
288.395
278.014
278.681
279.991
282.029
284.904
288.722
277.287
277.137
277.953
277.857
279.289
279.321
281.429
281.72
284.51
285.136
288.588
289.365
293.579
299.944
307.596
316.462
324.732
329.738
293.53
299.261
305.732
312.394
318.056
321.247
277.158
276.527
275.683
274.677
273.57
277.737
277.017
276.055
274.909
273.649
278.882
277.987
276.791
275.368
273.805
280.689
279.515
277.949
276.09
274.05
283.304
281.723
279.622
277.132
274.404
286.884
284.74
281.901
278.551
274.886
277.534
276.846
275.924
274.827
273.621
278.136
277.355
276.311
275.069
273.703
279.318
278.355
277.069
275.541
273.864
281.155
279.907
278.245
276.274
274.113
283.742
282.09
279.896
277.302
274.462
287.17
284.974
282.075
278.657
274.922
276.878
276.29
275.503
274.564
273.532
276.742
276.175
275.415
274.51
273.514
277.48
276.8
275.89
274.806
273.614
277.393
276.727
275.835
274.772
273.603
278.686
277.822
276.666
275.29
273.779
278.715
277.847
276.685
275.302
273.783
280.617
279.455
277.905
276.063
274.041
280.881
279.679
278.075
276.169
274.077
283.394
281.802
279.683
277.171
274.418
283.96
282.281
280.046
277.398
274.495
287.064
284.897
282.024
278.628
274.912
287.766
285.492
282.476
278.91
275.008
291.527
288.637
284.839
280.377
275.506
297.188
293.359
288.385
282.58
276.255
303.913
298.915
292.539
285.169
277.142
311.535
305.111
297.155
288.076
278.161
318.354
310.508
301.158
290.656
279.116
322.318
313.557
303.394
292.115
279.677
291.472
288.582
284.792
280.346
275.495
296.57
292.835
287.985
282.329
276.169
302.277
297.559
291.519
284.527
276.919
308.074
302.308
295.057
286.734
277.679
312.907
306.213
297.951
288.553
278.316
315.576
308.332
299.509
289.535
278.665
361.574
343.436
299.562
293.261
296.455
293.173
297.877
366.957
364.655
343.034
354.818
321.901
333.694
315.331
319.451
312.964
360.943
334.679
318.107
313.545
321.938
316.548
307.89
306.804
305.652
301.67
311.032
307.503
359.633
337.501
347.656
327.062
320.49
333.992
308.912
301.927
312.245
343.378
327.835
314.339
300.304
284.029
332.43
321.181
309.133
296.174
281.543
296.869
293.109
288.206
282.471
276.217
291.254
288.418
284.679
280.279
275.472
294.13
290.844
286.513
281.419
275.859
291.184
288.367
284.645
280.259
275.465
295.39
291.891
287.297
281.905
276.024
350.317
333.825
318.862
303
285.064
348.801
332.431
317.244
301.012
282.917
333.697
322.822
310.287
296.435
281.231
342.068
327.417
313.233
297.981
281.619
316.408
309.165
300.141
289.858
278.735
326.233
316.945
305.829
293.396
279.97
310.798
304.644
296.809
287.789
278.021
314.37
307.551
298.951
289.106
278.468
308.753
302.982
295.58
287.026
277.759
345.429
330.174
316.251
301.372
284.512
326.88
317.486
306.417
294.038
280.388
313.155
306.546
298.231
288.698
278.347
309.182
303.295
295.823
287.21
277.84
316.345
309.096
300.149
289.956
278.822
311.731
305.351
297.359
288.194
278.192
304.193
299.163
292.736
285.295
277.186
303.294
298.456
292.214
284.96
277.064
302.324
297.684
291.643
284.598
276.937
298.781
294.73
289.431
283.229
276.473
307.043
301.569
294.536
286.391
277.548
303.929
298.994
292.617
285.207
277.146
343.023
327.918
314.533
300.433
284.231
328.257
318.163
306.932
294.628
280.824
336.641
324.197
311.588
297.804
282.093
320.397
312.224
302.49
291.542
279.456
315.03
307.99
299.331
289.468
278.659
326.224
316.949
306.063
293.89
280.369
305.115
299.941
293.32
285.655
277.306
298.99
294.891
289.547
283.302
276.499
308.032
302.342
295.114
286.775
277.692
279.11
290.974
301.969
311.659
319.478
325.445
481.206
474.849
450.906
457.086
465.09
455.978
441.209
430.566
501.036
516.848
494.219
508.415
484.678
475.956
496.397
470.934
465.798
442.555
447.505
457.564
449.556
434.522
425.433
490.524
501.748
484.602
494.455
475.732
467.692
484.036
456.643
452.922
430.887
434.478
446.57
440.131
424.733
417.122
474.533
485.253
469.836
479.52
463.078
456.345
471.127
441.865
439.155
418.667
421.373
434.144
428.64
413.776
407.288
459.359
470.697
455.627
466.034
450.179
443.77
458.664
431.15
428.982
409.761
412.019
424.688
419.965
405.544
399.663
447.881
460.058
444.731
456.313
440.387
434.771
449.944
423.89
421.989
403.683
405.714
418.183
414.104
399.81
394.381
440.334
454.27
437.481
450.626
433.919
428.965
444.273
400.751
397.52
423.457
428
393.244
387.952
416.405
407.814
378.162
357.773
377.187
359.457
373.567
373.082
362.221
396.405
393.405
417.435
421.369
389.421
384.511
411.213
403.286
373.565
354.034
372.754
355.849
369.376
369.334
358.364
389.506
386.879
408.461
411.604
383.37
378.904
403.333
396.542
368.879
349.504
368.014
351.104
364.972
364.851
353.377
381.034
378.775
398.345
400.88
375.53
371.102
394.068
387.781
362.137
343.934
361.389
345.328
358.648
358.445
347.549
374.325
372.292
390.734
392.939
369.399
365.233
386.926
381.186
356.458
339.867
355.803
340.895
353.55
353.259
343.073
369.567
367.685
385.473
387.494
365.178
361.494
381.94
376.648
352.874
337.133
352.333
338.122
350.314
350.181
340.462
)
;

boundaryField
{
    patch1
    {
        type            zeroGradient;
    }
    patch2
    {
        type            fixedValue;
        value           uniform 273;
    }
    patch3
    {
        type            zeroGradient;
    }
    patch4
    {
        type            fixedValue;
        value           uniform 573;
    }
}


// ************************************************************************* //
