/*--------------------------------*- C++ -*----------------------------------*\
  =========                 |
  \\      /  F ield         | OpenFOAM: The Open Source CFD Toolbox
   \\    /   O peration     | Website:  https://openfoam.org
    \\  /    A nd           | Version:  11
     \\/     M anipulation  |
\*---------------------------------------------------------------------------*/
FoamFile
{
    format      ascii;
    class       volScalarField;
    location    "0.5";
    object      k;
}
// * * * * * * * * * * * * * * * * * * * * * * * * * * * * * * * * * * * * * //

dimensions      [0 2 -2 0 0 0 0];

internalField   nonuniform List<scalar> 
2200
(
0.00186197
0.00186197
0.00186197
0.00186197
0.00186197
0.00186197
0.00186197
0.00186197
0.00186197
0.00186197
0.00186197
0.00186197
0.00186197
0.00186197
0.00186197
0.00186197
0.00186197
0.00186197
0.00186197
0.00186197
0.00186197
0.00186197
0.00186197
0.00186197
0.00186197
0.00186197
0.00186197
0.00186197
0.00186197
0.00186197
0.00186197
0.00186197
0.00186197
0.00186197
0.00186197
0.00186197
0.00186197
0.00186197
0.00186197
0.00186197
0.00186197
0.00186197
0.00186197
0.00186197
0.00186197
0.00186197
0.00186197
0.00186197
0.00186197
0.00186197
0.00186197
0.00186197
0.00186197
0.00186197
0.00186197
0.00186197
0.00186197
0.00186197
0.00186197
0.00186197
0.00186197
0.00186197
0.00186197
0.00186197
0.00186197
0.00186197
0.00186197
0.00186197
0.00186197
0.00186197
0.00186197
0.00186197
0.00186197
0.00186197
0.00186197
0.00186197
0.00186197
0.00186197
0.00186197
0.00186197
0.00186197
0.00186197
0.00186197
0.00186197
0.00186197
0.00186197
0.00186197
0.00186197
0.00186197
0.00186197
0.00186197
0.00186197
0.00186197
0.00186197
0.00186197
0.00186197
0.00186197
0.00186197
0.00186197
0.00186197
0.00186197
0.00186197
0.00186197
0.00186197
0.00186197
0.00186197
0.00186197
0.00186197
0.00186197
0.00186197
0.00186197
0.00186197
0.00186197
0.00186197
0.00186197
0.00186197
0.00186197
0.00186197
0.00186197
0.00186197
0.00186197
0.00186197
0.00186197
0.00186197
0.00186197
0.00186197
0.00186197
0.00186197
0.00186197
0.00186197
0.00186197
0.00186197
0.00186197
0.00186197
0.00186197
0.00186197
0.00186197
0.00186197
0.00186197
0.00186197
0.00186197
0.00186197
0.00186197
0.00186197
0.00186197
0.00186197
0.00186197
0.00186197
0.00186197
0.00186197
0.00186197
0.00186197
0.00186197
0.00186197
0.00186197
0.00186197
0.00186197
0.00186197
0.00186197
0.00186197
0.00186197
0.00186197
0.00186197
0.00186197
0.00186197
0.00186197
0.00186197
0.00186197
0.00186197
0.00186197
0.00186197
0.00186197
0.00186197
0.00186197
0.00186197
0.00186197
0.00186197
0.00186197
0.00186197
0.00186197
0.00186197
0.00186197
0.00186197
0.00186197
0.00186197
0.00186197
0.00186197
0.00186197
0.00186197
0.00186197
0.00186197
0.00186197
0.00186197
0.00186197
0.00186197
0.00186197
0.00186197
0.00186197
0.00186197
0.00186197
0.00186197
0.00186197
0.00186197
0.00186197
0.00186197
0.00186197
0.00186197
0.00186197
0.00186197
0.00186197
0.00186197
0.00186197
0.00186197
0.00186197
0.00186197
0.00186197
0.00186197
0.00186197
0.00186197
0.00186197
0.00186197
0.00186197
0.00186197
0.00186197
0.00186197
0.00186197
0.00186197
0.00186197
0.00186197
0.00186197
0.00186197
0.00186197
0.00186197
0.00186197
0.00186197
0.00186197
0.00186197
0.00186197
0.00186197
0.00186197
0.00186197
0.00186197
0.00186197
0.00186197
0.00186197
0.00186197
0.00186197
0.00186197
0.00186197
0.00186197
0.00186197
0.00186197
0.00186197
0.00186197
0.00186197
0.00186197
0.00186197
0.00186197
0.00186197
0.00186197
0.00186197
0.00186197
0.00186197
0.00186197
0.00186197
0.00186197
0.00186197
0.00186197
0.00186197
0.00186197
0.00186197
0.00186197
0.00186197
0.00186197
0.00186197
0.00186197
0.00186197
0.00186197
0.00186197
0.00186197
0.00186197
0.00186197
0.00186197
0.00186197
0.00186197
0.00186197
0.00186197
0.00186197
0.00186197
0.00186197
0.00186197
0.00186197
0.00186197
0.00186197
0.00186197
0.00186197
0.00186197
0.00186197
0.00186197
0.00186197
0.00186197
0.00186197
0.00186197
0.00186197
0.00186197
0.00186197
0.00186197
0.00186197
0.00186197
0.00186197
0.00186197
0.00186197
0.00186197
0.00186197
0.00186197
0.00186197
0.00186197
0.00186197
0.00186197
0.00186197
0.00186197
0.00186197
0.00186197
0.00186197
0.00186197
0.00186197
0.00186197
0.00186197
0.00186197
0.00186197
0.00186197
0.00186197
0.00186197
0.00186197
0.00186197
0.00186197
0.00186197
0.00186197
0.00186197
0.00186197
0.00186197
0.00186197
0.00186197
0.00186197
0.00186197
0.00186197
0.00186197
0.00186197
0.00186197
0.00186197
0.00186197
0.00186197
0.00186197
0.00186197
0.00186197
0.00186197
0.00186197
0.00186197
0.00186197
0.00186197
0.00186197
0.00186197
0.00186197
0.00186197
0.00186197
0.00186197
0.00186197
0.00186197
0.00186197
0.00186197
0.00186197
0.00186197
0.00186197
0.00186197
0.00186197
0.00186197
0.00186197
0.00186197
0.00186197
0.00186197
0.00186197
0.00186197
0.00186197
0.00186197
0.00186197
0.00186197
0.00186197
0.00186197
0.00186197
0.00186197
0.00186197
0.00186197
0.00186197
0.00186197
0.00186197
0.00186197
0.00186197
0.00186197
0.00186197
0.00186197
0.00186197
0.00186197
0.00186197
0.00186197
0.00186197
0.00186197
0.00186197
0.00186197
0.00186197
0.00186197
0.00186197
0.00186197
0.00186197
0.00186197
0.00186197
0.00186197
0.00186197
0.00186197
0.00186197
0.00186197
0.00186197
0.00186197
0.00186197
0.00186197
0.00186197
0.00186197
0.00186197
0.00186197
0.00186197
0.00186197
0.00186197
0.00186197
0.00186197
0.00186197
0.00186197
0.00186197
0.00186197
0.00186197
0.00186197
0.00186197
0.00186197
0.00186197
0.00186197
0.00186197
0.00186197
0.00186197
0.00186197
0.00186197
0.00186197
0.00186197
0.00186197
0.00186197
0.00186197
0.00186197
0.00186197
0.00186197
0.00186197
0.00186197
0.00186197
0.00186197
0.00186197
0.00186197
0.00186197
0.00186197
0.00186197
0.00186197
0.00186197
0.00186197
0.00186197
0.00186197
0.00186197
0.00186197
0.00186197
0.00186197
0.00186197
0.00186197
0.00186197
0.00186197
0.00186197
0.00186197
0.00186197
0.00186197
0.00186197
0.00186197
0.00186197
0.00186197
0.00186197
0.00186197
0.00186197
0.00186197
0.00186197
0.00186197
0.00186197
0.00186197
0.00186197
0.00186197
0.00186197
0.00186197
0.00186197
0.00186197
0.00186197
0.00186197
0.00186197
0.00186197
0.00186197
0.00186197
0.00186197
0.00186197
0.00186197
0.00186197
0.00186197
0.00186197
0.00186197
0.00186197
0.00186197
0.00186197
0.00186197
0.00186197
0.00186197
0.00186197
0.00186197
0.00186197
0.00186197
0.00186197
0.00186197
0.00186197
0.00186197
0.00186197
0.00186197
0.00186197
0.00186197
0.00186197
0.00186197
0.00186197
0.00186197
0.00186197
0.00186197
0.00186197
0.00186197
0.00186197
0.00186197
0.00186197
0.00186197
0.00186197
0.00186197
0.00186197
0.00186197
0.00186197
0.00186197
0.00186197
0.00186198
0.00186197
0.00186197
0.00186197
0.00186197
0.00186197
0.00186197
0.00186197
0.00186197
0.00186191
0.00186207
0.00186198
0.00186197
0.00186197
0.00186197
0.00186197
0.00186198
0.00186199
0.00186196
0.00186144
0.00186275
0.00186206
0.00186198
0.00186197
0.00186197
0.00186198
0.00186201
0.00186212
0.00186195
0.00185797
0.00186691
0.0018625
0.001862
0.00186197
0.00186198
0.00186202
0.00186227
0.00186314
0.00186267
0.00183825
0.00188578
0.00186407
0.00186206
0.00186197
0.001862
0.00186229
0.00186392
0.00186922
0.00187062
0.00175608
0.00189008
0.00186829
0.00186233
0.00186197
0.00186207
0.00186294
0.00186773
0.00188252
0.00190868
0.00192123
0.00188294
0.00187121
0.00186293
0.001862
0.00186187
0.00186142
0.00186074
0.00186364
0.00187759
0.00189796
0.0018763
0.00187332
0.00186371
0.00186214
0.00186199
0.00186191
0.00186128
0.00185975
0.00186043
0.00186879
0.00186553
0.0018732
0.00186442
0.00186234
0.00186202
0.00186201
0.00186204
0.00186176
0.00186107
0.00186198
0.00185009
0.00186899
0.00186431
0.00186249
0.00186206
0.00186198
0.00186199
0.001862
0.00186193
0.0018619
0.00183258
0.00186061
0.00186258
0.00186227
0.00186205
0.00186199
0.00186197
0.00186198
0.00186197
0.00186197
0.00181861
0.00185144
0.00185985
0.00186165
0.00186194
0.00186197
0.00186197
0.00186197
0.00186197
0.00186197
0.00181385
0.00184679
0.00185823
0.00186122
0.00186184
0.00186195
0.00186197
0.00186197
0.00186197
0.00186195
0.00182054
0.00184923
0.00185897
0.00186139
0.00186188
0.00186196
0.00186197
0.00186196
0.00186194
0.00186188
0.00184274
0.00185782
0.00186123
0.00186187
0.00186196
0.00186197
0.00186199
0.00186206
0.00186237
0.00186351
0.00186933
0.00186334
0.00186219
0.001862
0.00186198
0.00186197
0.00186198
0.00186199
0.00186206
0.00186221
0.00186334
0.00186237
0.00186205
0.00186198
0.00186197
0.00186197
0.00186197
0.00186198
0.00186198
0.001862
0.00186216
0.00186204
0.00186199
0.00186197
0.00186197
0.00186197
0.00186197
0.00186197
0.00186197
0.00186198
0.00186199
0.00186198
0.00186197
0.00186197
0.00186197
0.00186197
0.00186197
0.00186197
0.00186197
0.00186197
0.00186197
0.00186197
0.00186197
0.00186197
0.00186197
0.00186197
0.00186197
0.00186197
0.00186197
0.00186197
0.00186197
0.00186197
0.00186197
0.00186197
0.00186197
0.00186197
0.00186197
0.00186197
0.00186197
0.00186197
0.00186197
0.00186197
0.00186197
0.00186197
0.00186197
0.00186197
0.00186197
0.00186197
0.00186197
0.00186197
0.00186197
0.00186197
0.00186197
0.00186197
0.00186197
0.00186197
0.00186197
0.00186197
0.00186197
0.00186197
0.00186197
0.00186197
0.00186197
0.00186197
0.00186197
0.00186197
0.00186197
0.00186197
0.00186197
0.00186197
0.00186197
0.00186197
0.00186197
0.00186197
0.00186197
0.00186197
0.00186197
0.00186197
0.00186197
0.00186197
0.00186197
0.00186197
0.00186197
0.00186197
0.00186197
0.00186197
0.00186197
0.00186197
0.00186197
0.00186197
0.00186197
0.00186197
0.00186197
0.00186197
0.00186197
0.00186197
0.00186197
0.00186197
0.00186197
0.00186197
0.00186197
0.00186197
0.00186197
0.00186197
0.00186197
0.00186197
0.00186197
0.00186197
0.00186197
0.00186197
0.00186197
0.00186197
0.00186197
0.00186197
0.00186197
0.00186197
0.00186197
0.00186197
0.00186197
0.00186197
0.00186197
0.00186197
0.00186197
0.00186197
0.00186197
0.00186197
0.00186197
0.00186197
0.00186197
0.00186197
0.00186197
0.00186197
0.00186197
0.00186197
0.00186197
0.00186197
0.00186197
0.00186197
0.00186197
0.00186197
0.00186197
0.00186197
0.00186197
0.00186197
0.00186197
0.00186197
0.00186197
0.00186197
0.00186197
0.00186197
0.00186197
0.00186197
0.00186197
0.00186197
0.00186197
0.00186197
0.00186197
0.00186197
0.00186197
0.00186197
0.00186197
0.00186197
0.00186197
0.00186197
0.00186197
0.00186197
0.00186197
0.00186197
0.00186197
0.00186197
0.00186197
0.00186197
0.00186197
0.00186197
0.00186197
0.00186197
0.00186197
0.00186197
0.00186197
0.00186197
0.00186197
0.00186197
0.00186197
0.00186197
0.00186197
0.00186197
0.00186197
0.00186197
0.00186197
0.00186197
0.00186197
0.00186197
0.00186197
0.00186197
0.00186197
0.00186197
0.00186197
0.00186197
0.00186197
0.00186197
0.00186197
0.00186197
0.00186197
0.00186197
0.00186197
0.00186197
0.00186197
0.00186197
0.00186197
0.00186197
0.00186197
0.00186197
0.00186197
0.00186197
0.00186197
0.00186197
0.00186197
0.00186197
0.00186197
0.00186197
0.00186197
0.00186197
0.00186197
0.00186197
0.00186197
0.00186197
0.00186197
0.00186197
0.00186197
0.00186197
0.00186197
0.00186197
0.00186197
0.00186197
0.00186197
0.00186197
0.00186197
0.00186197
0.00186197
0.00186197
0.00186197
0.00186197
0.00186197
0.00186197
0.00186197
0.00186197
0.00186197
0.00186197
0.00186197
0.00186197
0.00186197
0.00186197
0.00186197
0.00186197
0.00186197
0.00186197
0.00186197
0.00186197
0.00186197
0.00186197
0.00186197
0.00186197
0.00186197
0.00186197
0.00186197
0.00186197
0.00186197
0.00186197
0.00186197
0.00186197
0.00186197
0.00186197
0.00186197
0.00186197
0.00186197
0.00186197
0.00186197
0.00186197
0.00186197
0.00186197
0.00186197
0.00186197
0.00186197
0.00186197
0.00186197
0.00186197
0.00186197
0.00186197
0.00186197
0.00186197
0.00186197
0.00186197
0.00186197
0.00186197
0.00186197
0.00186197
0.00186197
0.00186197
0.00186197
0.00186197
0.00186197
0.00186197
0.00186197
0.00186197
0.00186197
0.00186197
0.00186197
0.00186197
0.00186197
0.00186197
0.00186197
0.00186197
0.00186197
0.00186197
0.00186197
0.00186197
0.00186197
0.00186197
0.00186197
0.00186197
0.00186197
0.00186197
0.00186197
0.00186197
0.00186197
0.00186197
0.00186197
0.00186197
0.00186197
0.00186197
0.00186197
0.00186197
0.00186197
0.00186197
0.00186197
0.00186197
0.00186197
0.00186197
0.00186197
0.00186197
0.00186197
0.00186197
0.00186197
0.00186197
0.00186197
0.00186197
0.00186197
0.00186197
0.00186197
0.00186197
0.00186197
0.00186197
0.00186197
0.00186197
0.00186197
0.00186197
0.00186197
0.00186197
0.00186197
0.00186197
0.00186197
0.00186197
0.00186197
0.00186197
0.00186197
0.00186197
0.00186197
0.00186197
0.00186197
0.00186197
0.00186197
0.00186197
0.00186197
0.00186197
0.00186197
0.00186197
0.00186197
0.00186197
0.00186197
0.00186197
0.00186197
0.00186197
0.00186197
0.00186197
0.00186197
0.00186197
0.00186197
0.00186197
0.00186197
0.00186197
0.00186197
0.00186197
0.00186197
0.00186197
0.00186197
0.00186197
0.00186197
0.00186197
0.00186197
0.00186197
0.00186197
0.00186197
0.00186197
0.00186197
0.00186197
0.00186197
0.00186197
0.00186197
0.00186197
0.00186197
0.00186197
0.00186197
0.00186197
0.00186197
0.00186197
0.00186197
0.00186197
0.00186197
0.00186197
0.00186197
0.00186197
0.00186197
0.00186197
0.00186197
0.00186197
0.00186197
0.00186197
0.00186197
0.00186197
0.00186197
0.00186197
0.00186197
0.00186197
0.00186197
0.00186197
0.00186197
0.00186197
0.00186197
0.00186197
0.00186197
0.00186197
0.00186197
0.00186197
0.00186197
0.00186197
0.00186197
0.00186197
0.00186197
0.00186197
0.00186197
0.00186197
0.00186197
0.00186197
0.00186197
0.00186197
0.00186197
0.00186197
0.00186197
0.00186197
0.00186197
0.00186197
0.00186197
0.00186197
0.00186197
0.00186197
0.00186197
0.00186197
0.00186197
0.00186197
0.00186197
0.00186197
0.00186197
0.00186197
0.00186197
0.00186197
0.00186197
0.00186197
0.00186197
0.00186197
0.00186197
0.00186197
0.00186197
0.00186197
0.00186197
0.00186197
0.00186197
0.00186197
0.00186197
0.00186197
0.00186197
0.00186197
0.00186197
0.00186197
0.00186197
0.00186197
0.00186197
0.00186197
0.00186197
0.00186197
0.00186197
0.00186197
0.00186197
0.00186197
0.00186197
0.00186197
0.00186197
0.00186197
0.00186197
0.00186197
0.00186197
0.00186197
0.00186197
0.00186197
0.00186197
0.00186197
0.00186197
0.00186197
0.00186197
0.00186197
0.00186197
0.00186197
0.00186197
0.00186197
0.00186197
0.00186197
0.00186197
0.00186197
0.00186197
0.00186197
0.00186197
0.00186197
0.00186197
0.00186197
0.00186197
0.00186197
0.00186197
0.00186197
0.00186197
0.00186197
0.00186197
0.00186197
0.00186197
0.00186197
0.00186197
0.00186197
0.00186197
0.00186197
0.00186197
0.00186197
0.00186197
0.00186197
0.00186197
0.00186197
0.00186197
0.00186197
0.00186197
0.00186197
0.00186197
0.00186197
0.00186197
0.00186197
0.00186197
0.00186197
0.00186197
0.00186197
0.00186197
0.00186197
0.00186197
0.00186197
0.00186197
0.00186197
0.00186197
0.00186197
0.00186197
0.00186197
0.00186197
0.00186197
0.00186197
0.00186197
0.00186197
0.00186197
0.00186197
0.00186197
0.00186197
0.00186197
0.00186197
0.00186197
0.00186197
0.00186197
0.00186197
0.00186197
0.00186197
0.00186197
0.00186197
0.00186197
0.00186197
0.00186197
0.00186197
0.00186197
0.00186197
0.00186197
0.00186197
0.00186197
0.00186197
0.00186197
0.00186197
0.00186197
0.00186197
0.00186197
0.00186197
0.00186197
0.00186197
0.00186197
0.00186197
0.00186197
0.00186197
0.00186197
0.00186197
0.00186197
0.00186197
0.00186197
0.00186197
0.00186197
0.00186197
0.00186197
0.00186197
0.00186197
0.00186197
0.00186197
0.00186197
0.00186197
0.00186197
0.00186197
0.00186197
0.00186197
0.00186197
0.00186197
0.00186197
0.00186197
0.00186197
0.00186197
0.00186197
0.00186197
0.00186197
0.00186197
0.00186197
0.00186197
0.00186197
0.00186197
0.00186197
0.00186197
0.00186197
0.00186197
0.00186197
0.00186197
0.00186197
0.00186197
0.00186197
0.00186197
0.00186197
0.00186197
0.00186197
0.00186197
0.00186197
0.00186197
0.00186197
0.00186197
0.00186197
0.00186197
0.00186197
0.00186197
0.00186197
0.00186197
0.00186197
0.00186197
0.00186197
0.00186197
0.00186197
0.00186197
0.00186197
0.0018632
0.00186377
0.00186451
0.00186531
0.00186601
0.0018664
0.00186642
0.00186614
0.00186569
0.00186519
0.00186218
0.00186248
0.00186286
0.00186318
0.00186328
0.00186312
0.0018628
0.00186245
0.00186212
0.00186185
0.001862
0.00186208
0.00186218
0.00186223
0.00186219
0.00186209
0.00186198
0.00186191
0.00186188
0.0018619
0.00186197
0.00186199
0.001862
0.00186201
0.00186199
0.00186197
0.00186196
0.00186196
0.00186196
0.00186197
0.00186197
0.00186197
0.00186198
0.00186198
0.00186197
0.00186197
0.00186197
0.00186197
0.00186197
0.00186197
0.00186198
0.00186198
0.00186197
0.00186197
0.00186197
0.00186197
0.00186197
0.00186197
0.00186197
0.00186196
0.00186205
0.001862
0.00186197
0.00186197
0.00186196
0.00186196
0.00186197
0.00186197
0.00186196
0.00186195
0.00186243
0.00186222
0.00186201
0.00186191
0.00186188
0.00186187
0.00186188
0.00186189
0.00186193
0.00186302
0.00186432
0.00186385
0.00186252
0.00186169
0.00186123
0.00186098
0.00186086
0.00186085
0.00186134
0.00186695
0.00186757
0.00187294
0.00187093
0.00186915
0.00186786
0.00186688
0.00186613
0.00186541
0.00186289
0.0018407
0.00186228
0.00186204
0.00186198
0.00186197
0.00186197
0.00186197
0.00186192
0.00186158
0.00185947
0.00184921
0.00186201
0.00186198
0.00186197
0.00186197
0.00186197
0.00186197
0.00186195
0.00186185
0.00186133
0.00185978
0.00186198
0.00186197
0.00186197
0.00186197
0.00186197
0.00186197
0.00186197
0.00186195
0.00186188
0.00186169
0.00186197
0.00186197
0.00186197
0.00186197
0.00186197
0.00186197
0.00186197
0.00186197
0.00186196
0.00186194
0.00186197
0.00186197
0.00186197
0.00186197
0.00186197
0.00186197
0.00186197
0.00186197
0.00186197
0.00186197
0.00186197
0.00186197
0.00186197
0.00186197
0.00186197
0.00186197
0.00186197
0.00186197
0.00186197
0.00186197
0.00186197
0.00186197
0.00186197
0.00186197
0.00186197
0.00186197
0.00186197
0.00186197
0.00186197
0.00186197
0.00186197
0.00186197
0.00186197
0.00186197
0.00186197
0.00186197
0.00186197
0.00186197
0.00186197
0.00186197
0.00186197
0.00186197
0.00186197
0.00186197
0.00186197
0.00186197
0.00186197
0.00186197
0.00186197
0.00186197
0.00186197
0.00186197
0.00186197
0.00186197
0.00186197
0.00186197
0.00186197
0.00186197
0.00186197
0.00186197
0.00186197
0.00186197
0.00186197
0.00186197
0.00186197
0.00186197
0.00186197
0.00186197
0.00186197
0.00186197
0.00186197
0.00186197
0.00186197
0.00186197
0.00186197
0.00186197
0.00186197
0.00186197
0.00186197
0.00186197
0.00186197
0.00186197
0.00186197
0.00186197
0.00186197
0.00186197
0.00186197
0.00186197
0.00186197
0.00186197
0.00186197
0.00186197
0.00186197
0.00186197
0.00186197
0.00186197
0.00186197
0.00186197
0.00186197
0.00186197
0.00186197
0.00186197
0.00186197
0.00186197
0.00186197
0.00186197
0.00186197
0.00186197
0.00186197
0.00186197
0.00186197
0.00186197
0.00186197
0.00186197
0.00186197
0.00186197
0.00186197
0.00186197
0.00186197
0.00186197
0.00186197
0.00186197
0.00186197
0.00186197
0.00186197
0.00186197
0.00186197
0.00186197
0.00186197
0.00186197
0.00186197
0.00186197
0.00186197
0.00186197
0.00186197
0.00186197
0.00186197
0.00186197
0.00186197
0.00186197
0.00186197
0.00186197
0.00186197
0.00186197
0.00186197
0.00186197
0.00186197
0.00186197
0.00186197
0.00186197
0.00186197
0.00186197
0.00186197
0.00186197
0.00186197
0.00186197
0.00186197
0.00186197
0.00186197
0.00186197
0.00186197
0.00186197
0.00186197
0.00186197
0.00186197
0.00186197
0.00186197
0.00186197
0.00186197
0.00186197
0.00186197
0.00186197
0.00186197
0.00186197
0.00186197
0.00186197
0.00186197
0.00186197
0.00186197
0.00186197
0.00186197
0.00186197
0.00186197
0.00186197
0.00186197
0.00186197
0.00186197
0.00186197
0.00186197
0.00186197
0.00186197
0.00186197
0.00186197
0.00186197
0.00186197
0.00186197
0.00186197
0.00186197
0.00186197
0.00186197
0.00186197
0.00186197
0.00186197
0.00186197
0.00186197
0.00186197
0.00186197
0.00186197
0.00186197
0.00186197
0.00186197
0.00186197
0.00186197
0.00186197
0.00186197
0.00186197
0.00186197
0.00186197
0.00186197
0.00186197
0.00186197
0.00186197
0.00186197
0.00186197
0.00186197
0.00186197
0.00186197
0.00186197
0.00186197
0.00186197
0.00186197
0.00186197
0.00186197
0.00186197
0.00186197
0.00186197
0.00186197
0.00186197
0.00186197
0.00186197
0.00186197
0.00186197
0.00186197
0.00186197
0.00186197
0.00186197
0.00186197
0.00186197
0.00186197
0.00186197
0.00186197
0.00186197
0.00186197
0.00186197
0.00186197
0.00186197
0.00186197
0.00186197
0.00186197
0.00186197
0.00186197
0.00186197
0.00186197
0.00186197
0.00186197
0.00186197
0.00186197
0.00186197
0.00186197
0.00186197
0.00186197
0.00186197
0.00186197
0.00186197
0.00186197
0.00186197
0.00186197
0.00186197
0.00186197
0.00186197
0.00186197
0.00186197
0.00186197
0.00186197
0.00186197
0.00186197
0.00186197
0.00186197
0.00186197
0.00186197
0.00186197
0.00186197
0.00186197
0.00186197
0.00186197
0.00186197
0.00186197
0.00186197
0.00186197
0.00186197
0.00186197
0.00186197
0.00186197
0.00186197
0.00186197
0.00186197
0.00186197
0.00186197
0.00186197
0.00186197
0.00186197
0.00186197
0.00186197
0.00186197
0.00186197
0.00186197
0.00186197
0.00186197
0.00186197
0.00186197
0.00186197
0.00186197
0.00186197
0.00186197
0.00186197
0.00186197
0.00186197
0.00186197
0.00186197
0.00186197
0.00186197
0.00186197
0.00186197
0.00186197
0.00186197
0.00186197
0.00186197
0.00186197
0.00186197
0.00186197
0.00186197
0.00186197
0.00186197
0.00186197
0.00186197
0.00186197
0.00186197
0.00186197
0.00186197
0.00186197
0.00186197
0.00186197
0.00186197
0.00186197
0.00186197
0.00186197
0.00186197
0.00186197
0.00186197
0.00186197
0.00186197
0.00186197
0.00186197
0.00186197
0.00186197
0.00186197
0.00186197
0.00186197
0.00186197
0.00186197
0.00186197
0.00186197
0.00186197
0.00186197
0.00186197
0.00186197
0.00186197
0.00186197
0.00186197
0.00186197
0.00186197
0.00186197
0.00186197
0.00186197
0.00186197
0.00186197
0.00186197
0.00186197
0.00186197
0.00186197
0.00186197
0.00186197
0.00186197
0.00186197
0.00186197
0.00186197
0.00186197
0.00186197
0.00186197
0.00186197
0.00186197
0.00186197
0.00186197
0.00186197
0.00186197
0.00186197
0.00186197
0.00186197
0.00186197
0.00186197
0.00186197
0.00186197
0.00186197
0.00186197
0.00186197
0.00186197
0.00186197
0.00186197
0.00186197
0.00186197
0.00186197
0.00186197
0.00186197
0.00186197
0.00186197
0.00186197
0.00186197
0.00186197
0.00186197
0.00186197
0.00186197
0.00186197
0.00186197
0.00186197
0.00186197
0.00186197
0.00186197
0.00186197
0.00186197
0.00186197
0.00186197
0.00186197
0.00186197
0.00186197
0.00186197
0.00186197
0.00186197
0.00186197
0.00186197
0.00186197
0.00186197
0.00186197
0.00186197
0.00186197
0.00186197
0.00186197
0.00186197
0.00186197
0.00186197
0.00186197
0.00186197
0.00186197
0.00186197
0.00186197
0.00186197
0.00186197
0.00186197
0.00186197
0.00186197
0.00186197
0.00186197
0.00186197
0.00186197
0.00186197
0.00186197
0.00186197
0.00186197
0.00186197
0.00186197
0.00186197
0.00186197
0.00186197
0.00186197
0.00186197
0.00186197
0.00186197
0.00186197
0.00186197
0.00186197
0.00186197
0.00186197
0.00186197
0.00186197
0.00186197
0.00186197
0.00186197
0.00186197
0.00186197
0.00186197
0.00186197
0.00186197
0.00186197
0.00186197
0.00186197
0.00186197
0.00186197
0.00186197
0.00186197
0.00186197
0.00186197
0.00186197
0.00186197
0.00186197
0.00186197
0.00186197
0.00186197
0.00186197
0.00186197
0.00186197
0.00186197
0.00186197
0.00186197
0.00186197
0.00186197
0.00186197
0.00186197
0.00186197
0.00186197
0.00186197
0.00186197
0.00186197
0.00186197
0.00186197
0.00186197
0.00186197
0.00186197
0.00186197
0.00186197
0.00186197
0.00186197
0.00186197
0.00186197
0.00186197
0.00186197
0.00186197
0.00186197
0.00186197
0.00186197
0.00186197
0.00186197
0.00186197
0.00186197
0.00186197
0.00186197
0.00186197
0.00186197
0.00186197
0.00186197
0.00186197
0.00186197
0.00186197
0.00186197
0.00186197
0.00186197
0.00186197
0.00186197
0.00186197
0.00186197
0.00186197
0.00186197
0.00186197
0.00186197
0.00186197
0.00186197
0.00186197
0.00186197
0.00186197
0.00186197
0.00186197
0.00186197
0.00186197
0.00186197
0.00186197
0.00186197
0.00186197
0.00186197
0.00186197
0.00186197
0.00186197
0.00186197
0.00186197
0.00186197
0.00186197
0.00186197
0.00186197
0.00186197
0.00186197
0.00186197
0.00186197
0.00186197
0.00186197
0.00186197
0.00186197
0.00186197
0.00186197
0.00186197
0.00186197
0.00186197
0.00186197
0.00186197
0.00186197
0.00186197
0.00186197
0.00186197
0.00186197
0.00186197
0.00186197
0.00186197
0.00186197
0.00186197
0.00186197
0.00186197
0.00186197
0.00186197
0.00186197
0.00186197
0.00186197
0.00186197
0.00186197
0.00186197
0.00186197
0.00186197
0.00186197
0.00186197
0.00186197
0.00186197
0.00186197
0.00186197
0.00186197
0.00186197
0.00186197
0.00186197
0.00186197
0.00186197
0.00186197
0.00186197
0.00186197
0.00186197
0.00186197
0.00186197
0.00186197
0.00186197
0.00186197
0.00186197
0.00186197
0.00186197
0.00186197
0.00186197
0.00186197
0.00186197
)
;

boundaryField
{
    defaultFaces
    {
        type            empty;
    }
}


// ************************************************************************* //
