/*--------------------------------*- C++ -*----------------------------------*\
  =========                 |
  \\      /  F ield         | OpenFOAM: The Open Source CFD Toolbox
   \\    /   O peration     | Website:  https://openfoam.org
    \\  /    A nd           | Version:  11
     \\/     M anipulation  |
\*---------------------------------------------------------------------------*/
FoamFile
{
    format      ascii;
    class       volScalarField;
    location    "0.5";
    object      nut;
}
// * * * * * * * * * * * * * * * * * * * * * * * * * * * * * * * * * * * * * //

dimensions      [0 2 -1 0 0 0 0];

internalField   nonuniform List<scalar> 
2200
(
0.000161014
0.000161014
0.000161014
0.000161014
0.000161014
0.000161014
0.000161014
0.000161014
0.000161014
0.000161014
0.000161014
0.000161014
0.000161014
0.000161014
0.000161014
0.000161014
0.000161014
0.000161014
0.000161014
0.000161014
0.000161014
0.000161014
0.000161014
0.000161014
0.000161014
0.000161014
0.000161014
0.000161014
0.000161014
0.000161014
0.000161014
0.000161014
0.000161014
0.000161014
0.000161014
0.000161014
0.000161014
0.000161014
0.000161014
0.000161014
0.000161014
0.000161014
0.000161014
0.000161014
0.000161014
0.000161014
0.000161014
0.000161014
0.000161014
0.000161014
0.000161014
0.000161014
0.000161014
0.000161014
0.000161014
0.000161014
0.000161014
0.000161014
0.000161014
0.000161014
0.000161014
0.000161014
0.000161014
0.000161014
0.000161014
0.000161014
0.000161014
0.000161014
0.000161014
0.000161014
0.000161014
0.000161014
0.000161014
0.000161014
0.000161014
0.000161014
0.000161014
0.000161014
0.000161014
0.000161014
0.000161014
0.000161014
0.000161014
0.000161014
0.000161014
0.000161014
0.000161014
0.000161014
0.000161014
0.000161014
0.000161014
0.000161014
0.000161014
0.000161014
0.000161014
0.000161014
0.000161014
0.000161014
0.000161014
0.000161014
0.000161014
0.000161014
0.000161014
0.000161014
0.000161014
0.000161014
0.000161014
0.000161014
0.000161014
0.000161014
0.000161014
0.000161014
0.000161014
0.000161014
0.000161014
0.000161014
0.000161014
0.000161014
0.000161014
0.000161014
0.000161014
0.000161014
0.000161014
0.000161014
0.000161014
0.000161014
0.000161014
0.000161014
0.000161014
0.000161014
0.000161014
0.000161014
0.000161014
0.000161014
0.000161014
0.000161014
0.000161014
0.000161014
0.000161014
0.000161014
0.000161014
0.000161014
0.000161014
0.000161014
0.000161014
0.000161014
0.000161014
0.000161014
0.000161014
0.000161014
0.000161014
0.000161014
0.000161014
0.000161014
0.000161014
0.000161014
0.000161014
0.000161014
0.000161014
0.000161014
0.000161014
0.000161014
0.000161014
0.000161014
0.000161014
0.000161014
0.000161014
0.000161014
0.000161014
0.000161014
0.000161014
0.000161014
0.000161014
0.000161014
0.000161014
0.000161014
0.000161014
0.000161014
0.000161014
0.000161014
0.000161014
0.000161014
0.000161014
0.000161014
0.000161014
0.000161014
0.000161014
0.000161014
0.000161014
0.000161014
0.000161014
0.000161014
0.000161014
0.000161014
0.000161014
0.000161014
0.000161014
0.000161014
0.000161014
0.000161014
0.000161014
0.000161014
0.000161014
0.000161014
0.000161014
0.000161014
0.000161014
0.000161014
0.000161014
0.000161014
0.000161014
0.000161014
0.000161014
0.000161014
0.000161014
0.000161014
0.000161014
0.000161014
0.000161014
0.000161014
0.000161014
0.000161014
0.000161014
0.000161014
0.000161014
0.000161014
0.000161014
0.000161014
0.000161014
0.000161014
0.000161014
0.000161014
0.000161014
0.000161014
0.000161014
0.000161014
0.000161014
0.000161014
0.000161014
0.000161014
0.000161014
0.000161014
0.000161014
0.000161014
0.000161014
0.000161014
0.000161014
0.000161014
0.000161014
0.000161014
0.000161014
0.000161014
0.000161014
0.000161014
0.000161014
0.000161014
0.000161014
0.000161014
0.000161014
0.000161014
0.000161014
0.000161014
0.000161014
0.000161014
0.000161014
0.000161014
0.000161014
0.000161014
0.000161014
0.000161014
0.000161014
0.000161014
0.000161014
0.000161014
0.000161014
0.000161014
0.000161014
0.000161014
0.000161014
0.000161014
0.000161014
0.000161014
0.000161014
0.000161014
0.000161014
0.000161014
0.000161014
0.000161014
0.000161014
0.000161014
0.000161014
0.000161014
0.000161014
0.000161014
0.000161014
0.000161014
0.000161014
0.000161014
0.000161014
0.000161014
0.000161014
0.000161014
0.000161014
0.000161014
0.000161014
0.000161014
0.000161014
0.000161014
0.000161014
0.000161014
0.000161014
0.000161014
0.000161014
0.000161014
0.000161014
0.000161014
0.000161014
0.000161014
0.000161014
0.000161014
0.000161014
0.000161014
0.000161014
0.000161014
0.000161014
0.000161014
0.000161014
0.000161014
0.000161014
0.000161014
0.000161014
0.000161014
0.000161014
0.000161014
0.000161014
0.000161014
0.000161014
0.000161014
0.000161014
0.000161014
0.000161014
0.000161014
0.000161014
0.000161014
0.000161014
0.000161014
0.000161014
0.000161014
0.000161014
0.000161014
0.000161014
0.000161014
0.000161014
0.000161014
0.000161014
0.000161014
0.000161014
0.000161014
0.000161014
0.000161014
0.000161014
0.000161014
0.000161014
0.000161014
0.000161014
0.000161014
0.000161014
0.000161014
0.000161014
0.000161014
0.000161014
0.000161014
0.000161014
0.000161014
0.000161014
0.000161014
0.000161014
0.000161014
0.000161014
0.000161014
0.000161014
0.000161014
0.000161014
0.000161014
0.000161014
0.000161014
0.000161014
0.000161014
0.000161014
0.000161014
0.000161014
0.000161014
0.000161014
0.000161014
0.000161014
0.000161014
0.000161014
0.000161014
0.000161014
0.000161014
0.000161014
0.000161014
0.000161014
0.000161014
0.000161014
0.000161014
0.000161014
0.000161014
0.000161014
0.000161014
0.000161014
0.000161014
0.000161014
0.000161014
0.000161014
0.000161014
0.000161014
0.000161014
0.000161014
0.000161014
0.000161014
0.000161014
0.000161014
0.000161014
0.000161014
0.000161014
0.000161014
0.000161014
0.000161014
0.000161014
0.000161014
0.000161014
0.000161014
0.000161014
0.000161014
0.000161014
0.000161014
0.000161014
0.000161014
0.000161014
0.000161014
0.000161014
0.000161014
0.000161014
0.000161014
0.000161014
0.000161014
0.000161014
0.000161014
0.000161014
0.000161014
0.000161014
0.000161014
0.000161014
0.000161014
0.000161014
0.000161014
0.000161014
0.000161014
0.000161014
0.000161014
0.000161014
0.000161014
0.000161014
0.000161014
0.000161014
0.000161014
0.000161014
0.000161014
0.000161014
0.000161014
0.000161014
0.000161014
0.000161014
0.000161014
0.000161014
0.000161014
0.000161014
0.000161014
0.000161014
0.000161014
0.000161014
0.000161014
0.000161014
0.000161014
0.000161014
0.000161014
0.000161014
0.000161014
0.000161014
0.000161014
0.000161014
0.000161014
0.000161014
0.000161014
0.000161014
0.000161014
0.000161014
0.000161014
0.000161014
0.000161014
0.000161014
0.000161014
0.000161014
0.000161014
0.000161014
0.000161014
0.000161014
0.000161014
0.000161014
0.000161014
0.000161014
0.000161014
0.000161014
0.000161014
0.000161014
0.000161014
0.000161014
0.000161014
0.000161014
0.000161014
0.000161014
0.000161014
0.000161014
0.000161014
0.000161014
0.000161014
0.000161014
0.000161014
0.000161014
0.000161014
0.000161014
0.000161014
0.000161014
0.000161014
0.000161014
0.000161014
0.000161014
0.000161014
0.000161014
0.000161015
0.000161014
0.000161014
0.000161014
0.000161014
0.000161014
0.000161014
0.000161014
0.000161014
0.000161014
0.000161016
0.000161015
0.000161014
0.000161014
0.000161014
0.000161014
0.000161014
0.000161015
0.000161014
0.000161007
0.000161026
0.000161016
0.000161015
0.000161014
0.000161014
0.000161014
0.000161015
0.000161016
0.000161012
0.000160951
0.000161103
0.000161025
0.000161015
0.000161014
0.000161014
0.000161015
0.000161019
0.000161032
0.000161011
0.000160567
0.000161538
0.000161074
0.000161018
0.000161015
0.000161015
0.00016102
0.00016105
0.000161147
0.000161082
0.000158567
0.000163336
0.00016124
0.000161024
0.000161015
0.000161018
0.000161051
0.00016123
0.000161768
0.000161819
0.000151083
0.000163789
0.000161657
0.000161054
0.000161015
0.000161026
0.00016112
0.000161603
0.000162967
0.000165175
0.000165918
0.000163093
0.000161942
0.00016112
0.000161018
0.000161002
0.000160956
0.000160911
0.000161271
0.000162615
0.000164268
0.000162433
0.000162137
0.000161202
0.000161034
0.000161016
0.000161005
0.000160933
0.000160792
0.000160924
0.000161718
0.000161374
0.0001621
0.000161275
0.000161057
0.00016102
0.000161019
0.00016102
0.000160986
0.00016092
0.000161023
0.00015987
0.000161655
0.000161254
0.000161072
0.000161025
0.000161016
0.000161016
0.000161018
0.000161008
0.000161007
0.000158174
0.000160802
0.000161061
0.000161046
0.000161024
0.000161016
0.000161015
0.000161015
0.000161015
0.000161014
0.000156829
0.00015989
0.000160767
0.000160974
0.00016101
0.000161014
0.000161014
0.000161014
0.000161014
0.000161014
0.00015637
0.000159436
0.000160596
0.000160925
0.000160998
0.000161012
0.000161014
0.000161014
0.000161014
0.000161015
0.000157013
0.00015969
0.000160679
0.000160946
0.000161003
0.000161013
0.000161014
0.000161015
0.000161018
0.00016103
0.000159155
0.000160569
0.000160928
0.000161002
0.000161013
0.000161014
0.000161015
0.000161015
0.000160996
0.000160871
0.000161683
0.000161147
0.000161037
0.000161018
0.000161015
0.000161015
0.000161015
0.000161015
0.000161014
0.000161004
0.000161154
0.000161058
0.000161023
0.000161016
0.000161015
0.000161014
0.000161014
0.000161015
0.000161015
0.000161015
0.000161035
0.000161022
0.000161016
0.000161015
0.000161014
0.000161014
0.000161014
0.000161014
0.000161015
0.000161015
0.000161017
0.000161015
0.000161015
0.000161014
0.000161014
0.000161014
0.000161014
0.000161014
0.000161014
0.000161014
0.000161015
0.000161015
0.000161014
0.000161014
0.000161014
0.000161014
0.000161014
0.000161014
0.000161014
0.000161014
0.000161014
0.000161014
0.000161014
0.000161014
0.000161014
0.000161014
0.000161014
0.000161014
0.000161014
0.000161014
0.000161014
0.000161014
0.000161014
0.000161014
0.000161014
0.000161014
0.000161014
0.000161014
0.000161014
0.000161014
0.000161014
0.000161014
0.000161014
0.000161014
0.000161014
0.000161014
0.000161014
0.000161014
0.000161014
0.000161014
0.000161014
0.000161014
0.000161014
0.000161014
0.000161014
0.000161014
0.000161014
0.000161014
0.000161014
0.000161014
0.000161014
0.000161014
0.000161014
0.000161014
0.000161014
0.000161014
0.000161014
0.000161014
0.000161014
0.000161014
0.000161014
0.000161014
0.000161014
0.000161014
0.000161014
0.000161014
0.000161014
0.000161014
0.000161014
0.000161014
0.000161014
0.000161014
0.000161014
0.000161014
0.000161014
0.000161014
0.000161014
0.000161014
0.000161014
0.000161014
0.000161014
0.000161014
0.000161014
0.000161014
0.000161014
0.000161014
0.000161014
0.000161014
0.000161014
0.000161014
0.000161014
0.000161014
0.000161014
0.000161014
0.000161014
0.000161014
0.000161014
0.000161014
0.000161014
0.000161014
0.000161014
0.000161014
0.000161014
0.000161014
0.000161014
0.000161014
0.000161014
0.000161014
0.000161014
0.000161014
0.000161014
0.000161014
0.000161014
0.000161014
0.000161014
0.000161014
0.000161014
0.000161014
0.000161014
0.000161014
0.000161014
0.000161014
0.000161014
0.000161014
0.000161014
0.000161014
0.000161014
0.000161014
0.000161014
0.000161014
0.000161014
0.000161014
0.000161014
0.000161014
0.000161014
0.000161014
0.000161014
0.000161014
0.000161014
0.000161014
0.000161014
0.000161014
0.000161014
0.000161014
0.000161014
0.000161014
0.000161014
0.000161014
0.000161014
0.000161014
0.000161014
0.000161014
0.000161014
0.000161014
0.000161014
0.000161014
0.000161014
0.000161014
0.000161014
0.000161014
0.000161014
0.000161014
0.000161014
0.000161014
0.000161014
0.000161014
0.000161014
0.000161014
0.000161014
0.000161014
0.000161014
0.000161014
0.000161014
0.000161014
0.000161014
0.000161014
0.000161014
0.000161014
0.000161014
0.000161014
0.000161014
0.000161014
0.000161014
0.000161014
0.000161014
0.000161014
0.000161014
0.000161014
0.000161014
0.000161014
0.000161014
0.000161014
0.000161014
0.000161014
0.000161014
0.000161014
0.000161014
0.000161014
0.000161014
0.000161014
0.000161014
0.000161014
0.000161014
0.000161014
0.000161014
0.000161014
0.000161014
0.000161014
0.000161014
0.000161014
0.000161014
0.000161014
0.000161014
0.000161014
0.000161014
0.000161014
0.000161014
0.000161014
0.000161014
0.000161014
0.000161014
0.000161014
0.000161014
0.000161014
0.000161014
0.000161014
0.000161014
0.000161014
0.000161014
0.000161014
0.000161014
0.000161014
0.000161014
0.000161014
0.000161014
0.000161014
0.000161014
0.000161014
0.000161014
0.000161014
0.000161014
0.000161014
0.000161014
0.000161014
0.000161014
0.000161014
0.000161014
0.000161014
0.000161014
0.000161014
0.000161014
0.000161014
0.000161014
0.000161014
0.000161014
0.000161014
0.000161014
0.000161014
0.000161014
0.000161014
0.000161014
0.000161014
0.000161014
0.000161014
0.000161014
0.000161014
0.000161014
0.000161014
0.000161014
0.000161014
0.000161014
0.000161014
0.000161014
0.000161014
0.000161014
0.000161014
0.000161014
0.000161014
0.000161014
0.000161014
0.000161014
0.000161014
0.000161014
0.000161014
0.000161014
0.000161014
0.000161014
0.000161014
0.000161014
0.000161014
0.000161014
0.000161014
0.000161014
0.000161014
0.000161014
0.000161014
0.000161014
0.000161014
0.000161014
0.000161014
0.000161014
0.000161014
0.000161014
0.000161014
0.000161014
0.000161014
0.000161014
0.000161014
0.000161014
0.000161014
0.000161014
0.000161014
0.000161014
0.000161014
0.000161014
0.000161014
0.000161014
0.000161014
0.000161014
0.000161014
0.000161014
0.000161014
0.000161014
0.000161014
0.000161014
0.000161014
0.000161014
0.000161014
0.000161014
0.000161014
0.000161014
0.000161014
0.000161014
0.000161014
0.000161014
0.000161014
0.000161014
0.000161014
0.000161014
0.000161014
0.000161014
0.000161014
0.000161014
0.000161014
0.000161014
0.000161014
0.000161014
0.000161014
0.000161014
0.000161014
0.000161014
0.000161014
0.000161014
0.000161014
0.000161014
0.000161014
0.000161014
0.000161014
0.000161014
0.000161014
0.000161014
0.000161014
0.000161014
0.000161014
0.000161014
0.000161014
0.000161014
0.000161014
0.000161014
0.000161014
0.000161014
0.000161014
0.000161014
0.000161014
0.000161014
0.000161014
0.000161014
0.000161014
0.000161014
0.000161014
0.000161014
0.000161014
0.000161014
0.000161014
0.000161014
0.000161014
0.000161014
0.000161014
0.000161014
0.000161014
0.000161014
0.000161014
0.000161014
0.000161014
0.000161014
0.000161014
0.000161014
0.000161014
0.000161014
0.000161014
0.000161014
0.000161014
0.000161014
0.000161014
0.000161014
0.000161014
0.000161014
0.000161014
0.000161014
0.000161014
0.000161014
0.000161014
0.000161014
0.000161014
0.000161014
0.000161014
0.000161014
0.000161014
0.000161014
0.000161014
0.000161014
0.000161014
0.000161014
0.000161014
0.000161014
0.000161014
0.000161014
0.000161014
0.000161014
0.000161014
0.000161014
0.000161014
0.000161014
0.000161014
0.000161014
0.000161014
0.000161014
0.000161014
0.000161014
0.000161014
0.000161014
0.000161014
0.000161014
0.000161014
0.000161014
0.000161014
0.000161014
0.000161014
0.000161014
0.000161014
0.000161014
0.000161014
0.000161014
0.000161014
0.000161014
0.000161014
0.000161014
0.000161014
0.000161014
0.000161014
0.000161014
0.000161014
0.000161014
0.000161014
0.000161014
0.000161014
0.000161014
0.000161014
0.000161014
0.000161014
0.000161014
0.000161014
0.000161014
0.000161014
0.000161014
0.000161014
0.000161014
0.000161014
0.000161014
0.000161014
0.000161014
0.000161014
0.000161014
0.000161014
0.000161014
0.000161014
0.000161014
0.000161014
0.000161014
0.000161014
0.000161014
0.000161014
0.000161014
0.000161014
0.000161014
0.000161014
0.000161014
0.000161014
0.000161014
0.000161014
0.000161014
0.000161014
0.000161014
0.000161014
0.000161014
0.000161014
0.000161014
0.000161014
0.000161014
0.000161014
0.000161014
0.000161014
0.000161014
0.000161014
0.000161014
0.000161014
0.000161014
0.000161014
0.000161014
0.000161014
0.000161014
0.000161014
0.000161014
0.000161014
0.000161014
0.000161014
0.000161014
0.000161014
0.000161014
0.000161014
0.000161014
0.000161014
0.000161014
0.000161014
0.000161014
0.000161014
0.000161014
0.000161014
0.000161014
0.000161014
0.000161014
0.000161014
0.000161014
0.000161014
0.000161014
0.000161014
0.000161014
0.000161014
0.000161014
0.000161014
0.000161014
0.000161014
0.000161014
0.000161014
0.000161014
0.000161014
0.000161014
0.000161014
0.000161014
0.000161014
0.000161014
0.000161014
0.000161014
0.000161014
0.000161014
0.000161014
0.000161014
0.000161014
0.000161014
0.000161014
0.000161014
0.000161014
0.000161014
0.000161014
0.000161014
0.000161014
0.000161014
0.000161014
0.000161014
0.000161014
0.000161014
0.000161014
0.000161014
0.000161014
0.000161014
0.000161014
0.000161014
0.000161014
0.000161014
0.000161014
0.000161014
0.000161014
0.000161014
0.000161014
0.000161014
0.000161014
0.000161014
0.000161014
0.000161014
0.000161014
0.000161014
0.000161014
0.000161014
0.000161014
0.000161014
0.000161014
0.000161014
0.000161014
0.000161014
0.000161014
0.000161014
0.000161014
0.000161014
0.000161014
0.000161014
0.000161014
0.000161014
0.000161014
0.000161014
0.000161014
0.000161014
0.000161014
0.000161014
0.000161014
0.000161014
0.000161014
0.000161014
0.000161014
0.000161014
0.000161014
0.000161014
0.000161014
0.000161014
0.000161014
0.000161014
0.000161014
0.000161014
0.000161014
0.000161014
0.000161014
0.000161014
0.000161014
0.000161014
0.000161014
0.000161014
0.000161014
0.000161014
0.000161014
0.000161014
0.000161014
0.000161014
0.000161014
0.000161014
0.000161014
0.000161014
0.000161014
0.000161014
0.000161014
0.000161014
0.000161014
0.000160893
0.000160829
0.000160746
0.000160659
0.000160589
0.000160533
0.000160523
0.000160555
0.00016061
0.000160667
0.000161011
0.000160986
0.000160947
0.000160909
0.000160891
0.0001609
0.000160935
0.000160977
0.000161014
0.000161042
0.000161016
0.000161015
0.00016101
0.000161004
0.000161003
0.000161009
0.000161017
0.000161023
0.000161024
0.00016102
0.000161015
0.000161015
0.000161015
0.000161015
0.000161014
0.000161015
0.000161015
0.000161015
0.000161014
0.000161014
0.000161015
0.000161015
0.000161015
0.000161015
0.000161014
0.000161014
0.000161014
0.000161014
0.000161014
0.000161014
0.000161016
0.000161015
0.000161014
0.000161014
0.000161014
0.000161014
0.000161014
0.000161014
0.000161014
0.000161013
0.000161023
0.000161018
0.000161015
0.000161014
0.000161013
0.000161014
0.000161014
0.000161014
0.000161012
0.000161013
0.000161063
0.000161043
0.000161019
0.000161009
0.000161005
0.000161004
0.000161005
0.000161005
0.000161011
0.000161134
0.000161247
0.000161215
0.000161081
0.000160997
0.000160949
0.000160922
0.000160909
0.000160907
0.00016096
0.000161523
0.000161553
0.000162085
0.000161895
0.000161722
0.000161594
0.000161499
0.000161425
0.000161352
0.000161088
0.000158949
0.000160999
0.000161016
0.000161015
0.000161015
0.000161014
0.000161014
0.000161009
0.000160972
0.00016076
0.000159816
0.000161015
0.000161015
0.000161015
0.000161014
0.000161014
0.000161014
0.000161012
0.000161
0.000160944
0.000160787
0.000161015
0.000161015
0.000161014
0.000161014
0.000161014
0.000161014
0.000161014
0.000161012
0.000161003
0.000160983
0.000161014
0.000161014
0.000161014
0.000161014
0.000161014
0.000161014
0.000161014
0.000161014
0.000161013
0.000161011
0.000161014
0.000161014
0.000161014
0.000161014
0.000161014
0.000161014
0.000161014
0.000161014
0.000161014
0.000161014
0.000161014
0.000161014
0.000161014
0.000161014
0.000161014
0.000161014
0.000161014
0.000161014
0.000161014
0.000161014
0.000161014
0.000161014
0.000161014
0.000161014
0.000161014
0.000161014
0.000161014
0.000161014
0.000161014
0.000161014
0.000161014
0.000161014
0.000161014
0.000161014
0.000161014
0.000161014
0.000161014
0.000161014
0.000161014
0.000161014
0.000161014
0.000161014
0.000161014
0.000161014
0.000161014
0.000161014
0.000161014
0.000161014
0.000161014
0.000161014
0.000161014
0.000161014
0.000161014
0.000161014
0.000161014
0.000161014
0.000161014
0.000161014
0.000161014
0.000161014
0.000161014
0.000161014
0.000161014
0.000161014
0.000161014
0.000161014
0.000161014
0.000161014
0.000161014
0.000161014
0.000161014
0.000161014
0.000161014
0.000161014
0.000161014
0.000161014
0.000161014
0.000161014
0.000161014
0.000161014
0.000161014
0.000161014
0.000161014
0.000161014
0.000161014
0.000161014
0.000161014
0.000161014
0.000161014
0.000161014
0.000161014
0.000161014
0.000161014
0.000161014
0.000161014
0.000161014
0.000161014
0.000161014
0.000161014
0.000161014
0.000161014
0.000161014
0.000161014
0.000161014
0.000161014
0.000161014
0.000161014
0.000161014
0.000161014
0.000161014
0.000161014
0.000161014
0.000161014
0.000161014
0.000161014
0.000161014
0.000161014
0.000161014
0.000161014
0.000161014
0.000161014
0.000161014
0.000161014
0.000161014
0.000161014
0.000161014
0.000161014
0.000161014
0.000161014
0.000161014
0.000161014
0.000161014
0.000161014
0.000161014
0.000161014
0.000161014
0.000161014
0.000161014
0.000161014
0.000161014
0.000161014
0.000161014
0.000161014
0.000161014
0.000161014
0.000161014
0.000161014
0.000161014
0.000161014
0.000161014
0.000161014
0.000161014
0.000161014
0.000161014
0.000161014
0.000161014
0.000161014
0.000161014
0.000161014
0.000161014
0.000161014
0.000161014
0.000161014
0.000161014
0.000161014
0.000161014
0.000161014
0.000161014
0.000161014
0.000161014
0.000161014
0.000161014
0.000161014
0.000161014
0.000161014
0.000161014
0.000161014
0.000161014
0.000161014
0.000161014
0.000161014
0.000161014
0.000161014
0.000161014
0.000161014
0.000161014
0.000161014
0.000161014
0.000161014
0.000161014
0.000161014
0.000161014
0.000161014
0.000161014
0.000161014
0.000161014
0.000161014
0.000161014
0.000161014
0.000161014
0.000161014
0.000161014
0.000161014
0.000161014
0.000161014
0.000161014
0.000161014
0.000161014
0.000161014
0.000161014
0.000161014
0.000161014
0.000161014
0.000161014
0.000161014
0.000161014
0.000161014
0.000161014
0.000161014
0.000161014
0.000161014
0.000161014
0.000161014
0.000161014
0.000161014
0.000161014
0.000161014
0.000161014
0.000161014
0.000161014
0.000161014
0.000161014
0.000161014
0.000161014
0.000161014
0.000161014
0.000161014
0.000161014
0.000161014
0.000161014
0.000161014
0.000161014
0.000161014
0.000161014
0.000161014
0.000161014
0.000161014
0.000161014
0.000161014
0.000161014
0.000161014
0.000161014
0.000161014
0.000161014
0.000161014
0.000161014
0.000161014
0.000161014
0.000161014
0.000161014
0.000161014
0.000161014
0.000161014
0.000161014
0.000161014
0.000161014
0.000161014
0.000161014
0.000161014
0.000161014
0.000161014
0.000161014
0.000161014
0.000161014
0.000161014
0.000161014
0.000161014
0.000161014
0.000161014
0.000161014
0.000161014
0.000161014
0.000161014
0.000161014
0.000161014
0.000161014
0.000161014
0.000161014
0.000161014
0.000161014
0.000161014
0.000161014
0.000161014
0.000161014
0.000161014
0.000161014
0.000161014
0.000161014
0.000161014
0.000161014
0.000161014
0.000161014
0.000161014
0.000161014
0.000161014
0.000161014
0.000161014
0.000161014
0.000161014
0.000161014
0.000161014
0.000161014
0.000161014
0.000161014
0.000161014
0.000161014
0.000161014
0.000161014
0.000161014
0.000161014
0.000161014
0.000161014
0.000161014
0.000161014
0.000161014
0.000161014
0.000161014
0.000161014
0.000161014
0.000161014
0.000161014
0.000161014
0.000161014
0.000161014
0.000161014
0.000161014
0.000161014
0.000161014
0.000161014
0.000161014
0.000161014
0.000161014
0.000161014
0.000161014
0.000161014
0.000161014
0.000161014
0.000161014
0.000161014
0.000161014
0.000161014
0.000161014
0.000161014
0.000161014
0.000161014
0.000161014
0.000161014
0.000161014
0.000161014
0.000161014
0.000161014
0.000161014
0.000161014
0.000161014
0.000161014
0.000161014
0.000161014
0.000161014
0.000161014
0.000161014
0.000161014
0.000161014
0.000161014
0.000161014
0.000161014
0.000161014
0.000161014
0.000161014
0.000161014
0.000161014
0.000161014
0.000161014
0.000161014
0.000161014
0.000161014
0.000161014
0.000161014
0.000161014
0.000161014
0.000161014
0.000161014
0.000161014
0.000161014
0.000161014
0.000161014
0.000161014
0.000161014
0.000161014
0.000161014
0.000161014
0.000161014
0.000161014
0.000161014
0.000161014
0.000161014
0.000161014
0.000161014
0.000161014
0.000161014
0.000161014
0.000161014
0.000161014
0.000161014
0.000161014
0.000161014
0.000161014
0.000161014
0.000161014
0.000161014
0.000161014
0.000161014
0.000161014
0.000161014
0.000161014
0.000161014
0.000161014
0.000161014
0.000161014
0.000161014
0.000161014
0.000161014
0.000161014
0.000161014
0.000161014
0.000161014
0.000161014
0.000161014
0.000161014
0.000161014
0.000161014
0.000161014
0.000161014
0.000161014
0.000161014
0.000161014
0.000161014
0.000161014
0.000161014
0.000161014
0.000161014
0.000161014
0.000161014
0.000161014
0.000161014
0.000161014
0.000161014
0.000161014
0.000161014
0.000161014
0.000161014
0.000161014
0.000161014
0.000161014
0.000161014
0.000161014
0.000161014
0.000161014
0.000161014
0.000161014
0.000161014
0.000161014
0.000161014
0.000161014
0.000161014
0.000161014
0.000161014
0.000161014
0.000161014
0.000161014
0.000161014
0.000161014
0.000161014
0.000161014
0.000161014
0.000161014
0.000161014
0.000161014
0.000161014
0.000161014
0.000161014
0.000161014
0.000161014
0.000161014
0.000161014
0.000161014
0.000161014
0.000161014
0.000161014
0.000161014
0.000161014
0.000161014
0.000161014
0.000161014
0.000161014
0.000161014
0.000161014
0.000161014
0.000161014
0.000161014
0.000161014
0.000161014
0.000161014
0.000161014
0.000161014
0.000161014
0.000161014
0.000161014
0.000161014
0.000161014
0.000161014
0.000161014
0.000161014
0.000161014
0.000161014
0.000161014
0.000161014
0.000161014
0.000161014
0.000161014
0.000161014
0.000161014
0.000161014
0.000161014
0.000161014
0.000161014
0.000161014
0.000161014
0.000161014
0.000161014
0.000161014
0.000161014
0.000161014
0.000161014
0.000161014
0.000161014
0.000161014
0.000161014
0.000161014
0.000161014
0.000161014
0.000161014
0.000161014
0.000161014
0.000161014
0.000161014
0.000161014
0.000161014
0.000161014
0.000161014
0.000161014
0.000161014
0.000161014
0.000161014
0.000161014
0.000161014
0.000161014
0.000161014
0.000161014
0.000161014
0.000161014
0.000161014
0.000161014
0.000161014
0.000161014
0.000161014
0.000161014
0.000161014
0.000161014
0.000161014
0.000161014
0.000161014
0.000161014
0.000161014
0.000161014
0.000161014
0.000161014
0.000161014
0.000161014
0.000161014
0.000161014
0.000161014
0.000161014
0.000161014
0.000161014
0.000161014
0.000161014
0.000161014
0.000161014
0.000161014
0.000161014
0.000161014
0.000161014
0.000161014
0.000161014
0.000161014
0.000161014
0.000161014
0.000161014
0.000161014
0.000161014
0.000161014
0.000161014
0.000161014
0.000161014
0.000161014
0.000161014
0.000161014
0.000161014
0.000161014
0.000161014
0.000161014
0.000161014
0.000161014
0.000161014
0.000161014
0.000161014
0.000161014
0.000161014
0.000161014
0.000161014
0.000161014
0.000161014
0.000161014
0.000161014
0.000161014
0.000161014
0.000161014
0.000161014
0.000161014
0.000161014
0.000161014
0.000161014
0.000161014
0.000161014
0.000161014
0.000161014
0.000161014
0.000161014
0.000161014
0.000161014
0.000161014
0.000161014
0.000161014
0.000161014
0.000161014
0.000161014
0.000161014
0.000161014
0.000161014
0.000161014
)
;

boundaryField
{
    defaultFaces
    {
        type            empty;
    }
}


// ************************************************************************* //
