/*--------------------------------*- C++ -*----------------------------------*\
  =========                 |
  \\      /  F ield         | OpenFOAM: The Open Source CFD Toolbox
   \\    /   O peration     | Website:  https://openfoam.org
    \\  /    A nd           | Version:  11
     \\/     M anipulation  |
\*---------------------------------------------------------------------------*/
FoamFile
{
    format      ascii;
    class       volScalarField;
    location    "7";
    object      nut;
}
// * * * * * * * * * * * * * * * * * * * * * * * * * * * * * * * * * * * * * //

dimensions      [0 2 -1 0 0 0 0];

internalField   nonuniform List<scalar> 
2200
(
0.000137568
0.000137568
0.000137568
0.000137568
0.000137568
0.000137568
0.000137568
0.000137568
0.000137568
0.000137568
0.000137568
0.000137568
0.000137568
0.000137568
0.000137568
0.000137568
0.000137568
0.000137568
0.000137568
0.000137568
0.000137568
0.000137568
0.000137568
0.000137568
0.000137568
0.000137568
0.000137568
0.000137568
0.000137568
0.000137568
0.000137568
0.000137568
0.000137568
0.000137568
0.000137568
0.000137568
0.000137568
0.000137568
0.000137568
0.000137568
0.000137568
0.000137568
0.000137568
0.000137568
0.000137568
0.000137568
0.000137568
0.000137568
0.000137568
0.000137568
0.000137568
0.000137568
0.000137568
0.000137568
0.000137568
0.000137568
0.000137568
0.000137568
0.000137568
0.000137568
0.000137568
0.000137568
0.000137568
0.000137568
0.000137568
0.000137568
0.000137568
0.000137568
0.000137568
0.000137568
0.000137568
0.000137568
0.000137568
0.000137568
0.000137568
0.000137568
0.000137568
0.000137568
0.000137568
0.000137568
0.000137568
0.000137568
0.000137568
0.000137568
0.000137568
0.000137568
0.000137568
0.000137568
0.000137568
0.000137568
0.000137568
0.000137568
0.000137568
0.000137568
0.000137568
0.000137568
0.000137568
0.000137568
0.000137568
0.000137568
0.000137568
0.000137568
0.000137568
0.000137568
0.000137568
0.000137568
0.000137568
0.000137568
0.000137568
0.000137568
0.000137568
0.000137568
0.000137568
0.000137568
0.000137568
0.000137568
0.000137568
0.000137568
0.000137568
0.000137568
0.000137568
0.000137568
0.000137568
0.000137568
0.000137568
0.000137568
0.000137568
0.000137568
0.000137568
0.000137568
0.000137568
0.000137568
0.000137568
0.000137568
0.000137568
0.000137568
0.000137568
0.000137568
0.000137568
0.000137568
0.000137568
0.000137568
0.000137568
0.000137568
0.000137568
0.000137568
0.000137568
0.000137568
0.000137568
0.000137568
0.000137568
0.000137568
0.000137568
0.000137568
0.000137568
0.000137568
0.000137568
0.000137568
0.000137568
0.000137568
0.000137568
0.000137568
0.000137568
0.000137568
0.000137568
0.000137568
0.000137568
0.000137568
0.000137568
0.000137568
0.000137568
0.000137568
0.000137568
0.000137568
0.000137568
0.000137568
0.000137568
0.000137568
0.000137568
0.000137568
0.000137568
0.000137568
0.000137568
0.000137568
0.000137568
0.000137568
0.000137568
0.000137568
0.000137568
0.000137568
0.000137568
0.000137568
0.000137568
0.000137568
0.000137568
0.000137568
0.000137568
0.000137568
0.000137568
0.000137568
0.000137568
0.000137568
0.000137568
0.000137568
0.000137568
0.000137568
0.000137568
0.000137568
0.000137568
0.000137568
0.000137568
0.000137568
0.000137568
0.000137568
0.000137568
0.000137568
0.000137568
0.000137568
0.000137568
0.000137568
0.000137568
0.000137568
0.000137568
0.000137568
0.000137568
0.000137568
0.000137568
0.000137568
0.000137568
0.000137568
0.000137568
0.000137568
0.000137568
0.000137568
0.000137568
0.000137568
0.000137568
0.000137568
0.000137568
0.000137568
0.000137568
0.000137568
0.000137568
0.000137568
0.000137568
0.000137568
0.000137568
0.000137568
0.000137568
0.000137568
0.000137568
0.000137568
0.000137568
0.000137568
0.000137568
0.000137568
0.000137568
0.000137568
0.000137568
0.000137568
0.000137568
0.000137568
0.000137568
0.000137568
0.000137568
0.000137568
0.000137568
0.000137568
0.000137568
0.000137568
0.000137568
0.000137568
0.000137568
0.000137568
0.000137568
0.000137568
0.000137568
0.000137568
0.000137568
0.000137568
0.000137568
0.000137568
0.000137568
0.000137568
0.000137568
0.000137568
0.000137568
0.000137568
0.000137568
0.000137568
0.000137568
0.000137568
0.000137568
0.000137568
0.000137568
0.000137568
0.000137568
0.000137568
0.000137568
0.000137568
0.000137568
0.000137568
0.000137568
0.000137568
0.000137568
0.000137568
0.000137568
0.000137568
0.000137568
0.000137568
0.000137568
0.000137568
0.000137568
0.000137568
0.000137568
0.000137568
0.000137568
0.000137568
0.000137568
0.000137568
0.000137568
0.000137568
0.000137568
0.000137568
0.000137568
0.000137568
0.000137568
0.000137568
0.000137568
0.000137568
0.000137568
0.000137568
0.000137568
0.000137568
0.000137568
0.000137568
0.000137568
0.000137568
0.000137568
0.000137568
0.000137568
0.000137568
0.000137568
0.000137568
0.000137568
0.000137568
0.000137568
0.000137568
0.000137568
0.000137568
0.000137568
0.000137568
0.000137568
0.000137568
0.000137568
0.000137568
0.000137568
0.000137568
0.000137568
0.000137568
0.000137568
0.000137568
0.000137568
0.000137568
0.000137568
0.000137568
0.000137568
0.000137568
0.000137568
0.000137568
0.000137568
0.000137568
0.000137568
0.000137568
0.000137568
0.000137568
0.000137568
0.000137568
0.000137568
0.000137568
0.000137568
0.000137568
0.000137568
0.000137568
0.000137568
0.000137568
0.000137568
0.000137568
0.000137568
0.000137568
0.000137568
0.000137568
0.000137568
0.000137568
0.000137568
0.000137568
0.000137568
0.000137568
0.000137568
0.000137568
0.000137568
0.000137568
0.000137568
0.000137568
0.000137568
0.000137568
0.000137568
0.000137568
0.000137568
0.000137568
0.000137568
0.000137568
0.000137568
0.000137568
0.000137568
0.000137568
0.000137568
0.000137568
0.000137568
0.000137568
0.000137568
0.000137568
0.000137568
0.000137568
0.000137568
0.000137568
0.000137568
0.000137568
0.000137568
0.000137568
0.000137568
0.000137568
0.000137568
0.000137568
0.000137568
0.000137568
0.000137568
0.000137568
0.000137568
0.000137568
0.000137568
0.000137568
0.000137568
0.000137568
0.000137568
0.000137568
0.000137568
0.000137568
0.000137568
0.000137568
0.000137569
0.000137569
0.000137569
0.000137568
0.000137568
0.000137568
0.000137568
0.000137568
0.000137567
0.000137567
0.00013757
0.00013757
0.000137569
0.000137569
0.000137568
0.000137568
0.000137568
0.000137567
0.000137565
0.000137564
0.000137573
0.000137572
0.00013757
0.000137569
0.000137569
0.000137568
0.000137567
0.000137565
0.000137561
0.000137558
0.000137579
0.000137576
0.000137573
0.000137571
0.00013757
0.000137569
0.000137566
0.000137561
0.000137552
0.000137545
0.000137593
0.000137587
0.000137579
0.000137574
0.000137571
0.000137569
0.000137565
0.000137553
0.000137533
0.000137516
0.000137624
0.000137609
0.000137592
0.00013758
0.000137575
0.000137571
0.000137562
0.000137537
0.000137496
0.000137459
0.000137686
0.000137655
0.000137618
0.000137593
0.000137582
0.000137576
0.000137558
0.000137509
0.000137425
0.000137349
0.000137808
0.000137742
0.000137666
0.000137617
0.000137597
0.000137586
0.000137553
0.000137462
0.000137302
0.000137149
0.000138035
0.0001379
0.000137752
0.000137659
0.000137622
0.000137604
0.000137551
0.000137392
0.000137098
0.000136801
0.000138437
0.000138174
0.000137896
0.000137728
0.000137664
0.000137639
0.000137558
0.000137296
0.000136781
0.000136222
0.00013912
0.000138619
0.000138122
0.000137834
0.000137729
0.000137698
0.000137587
0.000137186
0.000136326
0.000135287
0.000140236
0.000139304
0.000138451
0.000137983
0.000137822
0.000137792
0.00013766
0.000137094
0.000135731
0.000133809
0.000141998
0.000140287
0.000138891
0.000138174
0.000137945
0.000137929
0.000137807
0.000137096
0.000135069
0.000131483
0.000144706
0.00014158
0.000139421
0.000138395
0.000138093
0.000138115
0.000138063
0.000137316
0.000134593
0.000127767
0.000148799
0.000143064
0.000139967
0.000138617
0.00013825
0.000138341
0.000138449
0.000137928
0.000134987
0.000121583
0.00015136
0.000145145
0.000140932
0.000139064
0.000138466
0.000138525
0.000138861
0.000139175
0.00013916
0.000137296
0.000149127
0.000145872
0.00014203
0.000139831
0.000138795
0.000138502
0.000138653
0.000139018
0.000139391
0.000138963
0.000144514
0.000144316
0.000141969
0.000140236
0.000139138
0.00013857
0.000138404
0.000138511
0.000138768
0.000138853
0.000138509
0.000140785
0.000140323
0.000139667
0.00013905
0.000138583
0.000138303
0.000138206
0.000138256
0.000138359
0.00013221
0.000135999
0.000137238
0.000137838
0.000138058
0.000138079
0.000138023
0.000137966
0.000137948
0.000137976
0.000126799
0.000131129
0.000133535
0.00013516
0.000136215
0.000136868
0.000137252
0.000137468
0.000137589
0.000137665
0.000123356
0.000127564
0.000130531
0.000132732
0.000134331
0.000135462
0.000136242
0.000136764
0.000137104
0.000137321
0.000122625
0.000126443
0.000129459
0.00013177
0.000133511
0.000134798
0.000135729
0.000136386
0.00013684
0.000137145
0.000124916
0.000128217
0.000130809
0.000132776
0.00013425
0.000135337
0.000136122
0.000136678
0.000137064
0.000137329
0.000130446
0.000132422
0.000133875
0.000135008
0.000135868
0.000136501
0.000136957
0.00013728
0.000137512
0.000137687
0.000135533
0.000135391
0.000135769
0.000136247
0.000136679
0.000137022
0.000137277
0.000137457
0.000137582
0.000137662
0.000136417
0.000136438
0.000136598
0.000136824
0.00013705
0.000137244
0.000137395
0.000137505
0.00013758
0.000137627
0.000136971
0.000136998
0.000137074
0.00013718
0.000137292
0.000137393
0.000137475
0.000137536
0.000137578
0.000137603
0.000137282
0.000137298
0.000137333
0.000137381
0.000137433
0.000137482
0.000137523
0.000137554
0.000137576
0.000137588
0.000137442
0.000137449
0.000137464
0.000137485
0.000137508
0.00013753
0.000137549
0.000137563
0.000137573
0.000137579
0.000137518
0.000137521
0.000137527
0.000137535
0.000137544
0.000137553
0.000137561
0.000137567
0.000137571
0.000137574
0.00013755
0.000137551
0.000137554
0.000137556
0.00013756
0.000137563
0.000137566
0.000137568
0.00013757
0.000137571
0.000137563
0.000137563
0.000137564
0.000137565
0.000137566
0.000137567
0.000137568
0.000137569
0.000137569
0.000137569
0.000137567
0.000137567
0.000137567
0.000137568
0.000137568
0.000137568
0.000137568
0.000137569
0.000137569
0.000137569
0.000137568
0.000137568
0.000137568
0.000137568
0.000137568
0.000137568
0.000137568
0.000137568
0.000137568
0.000137568
0.000137568
0.000137568
0.000137568
0.000137568
0.000137568
0.000137568
0.000137568
0.000137568
0.000137568
0.000137568
0.000137568
0.000137568
0.000137568
0.000137568
0.000137568
0.000137568
0.000137568
0.000137568
0.000137568
0.000137568
0.000137568
0.000137568
0.000137568
0.000137568
0.000137568
0.000137568
0.000137568
0.000137568
0.000137568
0.000137568
0.000137568
0.000137568
0.000137568
0.000137568
0.000137568
0.000137568
0.000137568
0.000137568
0.000137568
0.000137568
0.000137568
0.000137568
0.000137568
0.000137568
0.000137568
0.000137568
0.000137568
0.000137568
0.000137568
0.000137568
0.000137568
0.000137568
0.000137568
0.000137568
0.000137568
0.000137568
0.000137568
0.000137568
0.000137568
0.000137568
0.000137568
0.000137568
0.000137568
0.000137568
0.000137568
0.000137568
0.000137568
0.000137568
0.000137568
0.000137568
0.000137568
0.000137568
0.000137568
0.000137568
0.000137568
0.000137568
0.000137568
0.000137568
0.000137568
0.000137568
0.000137568
0.000137568
0.000137568
0.000137568
0.000137568
0.000137568
0.000137568
0.000137568
0.000137568
0.000137568
0.000137568
0.000137568
0.000137568
0.000137568
0.000137568
0.000137568
0.000137568
0.000137568
0.000137568
0.000137568
0.000137568
0.000137568
0.000137568
0.000137568
0.000137568
0.000137568
0.000137568
0.000137568
0.000137568
0.000137568
0.000137568
0.000137568
0.000137568
0.000137568
0.000137568
0.000137568
0.000137568
0.000137568
0.000137568
0.000137568
0.000137568
0.000137568
0.000137568
0.000137568
0.000137568
0.000137568
0.000137568
0.000137568
0.000137568
0.000137568
0.000137568
0.000137568
0.000137568
0.000137568
0.000137568
0.000137568
0.000137568
0.000137568
0.000137568
0.000137568
0.000137568
0.000137568
0.000137568
0.000137568
0.000137568
0.000137568
0.000137568
0.000137568
0.000137568
0.000137568
0.000137568
0.000137568
0.000137568
0.000137568
0.000137568
0.000137568
0.000137568
0.000137568
0.000137568
0.000137568
0.000137568
0.000137568
0.000137568
0.000137568
0.000137568
0.000137568
0.000137568
0.000137568
0.000137568
0.000137568
0.000137568
0.000137568
0.000137568
0.000137568
0.000137568
0.000137568
0.000137568
0.000137568
0.000137568
0.000137568
0.000137568
0.000137568
0.000137568
0.000137568
0.000137568
0.000137568
0.000137568
0.000137568
0.000137568
0.000137568
0.000137568
0.000137568
0.000137568
0.000137568
0.000137568
0.000137568
0.000137568
0.000137568
0.000137568
0.000137568
0.000137568
0.000137568
0.000137568
0.000137568
0.000137568
0.000137568
0.000137568
0.000137568
0.000137568
0.000137568
0.000137568
0.000137568
0.000137568
0.000137568
0.000137568
0.000137568
0.000137568
0.000137568
0.000137568
0.000137568
0.000137568
0.000137568
0.000137568
0.000137568
0.000137568
0.000137568
0.000137568
0.000137568
0.000137568
0.000137568
0.000137568
0.000137568
0.000137568
0.000137568
0.000137568
0.000137568
0.000137568
0.000137568
0.000137568
0.000137568
0.000137568
0.000137568
0.000137568
0.000137568
0.000137568
0.000137568
0.000137568
0.000137568
0.000137568
0.000137568
0.000137568
0.000137568
0.000137568
0.000137568
0.000137568
0.000137568
0.000137568
0.000137568
0.000137568
0.000137568
0.000137568
0.000137568
0.000137568
0.000137568
0.000137568
0.000137568
0.000137568
0.000137568
0.000137568
0.000137568
0.000137568
0.000137568
0.000137568
0.000137568
0.000137568
0.000137568
0.000137568
0.000137568
0.000137568
0.000137568
0.000137568
0.000137568
0.000137568
0.000137568
0.000137568
0.000137568
0.000137568
0.000137568
0.000137568
0.000137568
0.000137568
0.000137568
0.000137568
0.000137568
0.000137568
0.000137568
0.000137568
0.000137568
0.000137568
0.000137568
0.000137568
0.000137568
0.000137568
0.000137568
0.000137568
0.000137568
0.000137568
0.000137568
0.000137568
0.000137568
0.000137568
0.000137568
0.000137568
0.000137568
0.000137568
0.000137568
0.000137568
0.000137568
0.000137568
0.000137568
0.000137568
0.000137568
0.000137568
0.000137568
0.000137568
0.000137568
0.000137568
0.000137568
0.000137568
0.000137568
0.000137568
0.000137568
0.000137568
0.000137568
0.000137568
0.000137568
0.000137568
0.000137568
0.000137568
0.000137568
0.000137568
0.000137568
0.000137568
0.000137568
0.000137568
0.000137568
0.000137568
0.000137568
0.000137568
0.000137568
0.000137568
0.000137568
0.000137568
0.000137568
0.000137568
0.000137568
0.000137568
0.000137568
0.000137568
0.000137568
0.000137568
0.000137568
0.000137568
0.000137568
0.000137568
0.000137568
0.000137568
0.000137568
0.000137568
0.000137568
0.000137568
0.000137568
0.000137568
0.000137568
0.000137568
0.000137568
0.000137568
0.000137568
0.000137568
0.000137568
0.000137568
0.000137568
0.000137568
0.000137568
0.000137568
0.000137568
0.000137568
0.000137568
0.000137568
0.000137568
0.000137568
0.000137568
0.000137568
0.000137568
0.000137568
0.000137568
0.000137568
0.000137568
0.000137568
0.000137568
0.000137568
0.000137568
0.000137568
0.000137568
0.000137568
0.000137568
0.000137568
0.000137568
0.000137568
0.000137568
0.000137568
0.000137568
0.000137568
0.000137568
0.000137568
0.000137568
0.000137568
0.000137568
0.000137568
0.000137568
0.000137568
0.000137568
0.000137568
0.000137568
0.000137568
0.000137568
0.000137568
0.000137568
0.000137568
0.000137568
0.000137568
0.000137568
0.000137568
0.000137568
0.000137568
0.000137568
0.000137568
0.000137568
0.000137568
0.000137568
0.000137568
0.000137568
0.000137568
0.000137568
0.000137568
0.000137568
0.000137568
0.000137568
0.000137568
0.000137568
0.000137568
0.000137568
0.000137568
0.000137568
0.000137568
0.000137568
0.000137568
0.000137568
0.000137568
0.000137568
0.000137568
0.000137568
0.000137568
0.000137568
0.000137568
0.000137568
0.000137568
0.000137568
0.000137568
0.000137568
0.000137568
0.000137568
0.000137568
0.000137568
0.000137568
0.000137568
0.000137568
0.000137568
0.000137568
0.000137568
0.000137568
0.000137568
0.000137568
0.000137568
0.000137568
0.000137568
0.000137568
0.000137568
0.000137568
0.000137568
0.000137568
0.000137568
0.000137568
0.000137568
0.000137568
0.000137568
0.000137568
0.000137568
0.000137568
0.000137568
0.000137568
0.000137568
0.000137568
0.000137568
0.000137568
0.000137568
0.000137568
0.000137568
0.000137568
0.000137568
0.000137568
0.000137568
0.000137568
0.000137568
0.000137568
0.000137568
0.000137568
0.000137568
0.000137568
0.000137568
0.000137568
0.000137568
0.000137568
0.000137568
0.000137568
0.000137568
0.000137568
0.000137568
0.000137568
0.000137568
0.000137568
0.000137568
0.000137568
0.000137568
0.000137568
0.000137568
0.000137568
0.000137568
0.000137568
0.000137568
0.000137568
0.000137568
0.000137568
0.000137568
0.000137568
0.000137568
0.000137568
0.000137568
0.000137568
0.000137568
0.000137568
0.000137568
0.000137568
0.000137568
0.000137568
0.000137568
0.000137568
0.000137568
0.000137568
0.000137568
0.000137568
0.000137568
0.000137568
0.000137568
0.000137568
0.000137568
0.000137568
0.000137568
0.000137568
0.000137568
0.000137568
0.000137568
0.000137568
0.000137568
0.000137568
0.000137568
0.000137568
0.000137568
0.000137568
0.000137568
0.000137568
0.000137568
0.000137568
0.000137568
0.000137568
0.000137568
0.000137568
0.000137568
0.000137568
0.000137568
0.000137568
0.000137568
0.000137568
0.000137568
0.000137568
0.000137568
0.000137568
0.000137568
0.000137568
0.000137568
0.000137752
0.00013777
0.000137788
0.000137803
0.000137811
0.000137811
0.000137803
0.000137788
0.000137767
0.000137742
0.000137727
0.000137745
0.000137757
0.000137756
0.000137737
0.000137701
0.000137652
0.000137591
0.000137523
0.000137448
0.000137728
0.000137742
0.000137744
0.000137726
0.000137688
0.000137631
0.000137562
0.000137482
0.000137395
0.0001373
0.000137754
0.000137769
0.00013776
0.000137729
0.000137679
0.000137619
0.000137556
0.000137495
0.000137441
0.000137401
0.00013782
0.000137847
0.000137827
0.000137775
0.000137711
0.000137649
0.000137599
0.000137572
0.000137576
0.000137628
0.000137945
0.000138018
0.000137985
0.000137898
0.000137799
0.000137717
0.000137668
0.000137665
0.000137722
0.000137861
0.000138156
0.000138345
0.000138304
0.000138154
0.000137987
0.000137852
0.000137774
0.000137775
0.000137881
0.000138126
0.000138489
0.000138926
0.000138886
0.000138636
0.000138348
0.000138101
0.000137923
0.000137837
0.000137891
0.000138199
0.000139002
0.000139902
0.000139864
0.000139465
0.000138992
0.000138539
0.000138092
0.000137602
0.000137086
0.000136871
0.000139538
0.000141481
0.000141622
0.000141201
0.000140645
0.000140031
0.000139217
0.000137849
0.000135296
0.000130474
0.000137701
0.000137696
0.00013769
0.000137695
0.000137714
0.000137743
0.000137764
0.000137722
0.000137465
0.000136553
0.000137648
0.000137648
0.000137641
0.000137633
0.000137626
0.000137613
0.000137578
0.000137493
0.000137321
0.000137065
0.000137614
0.000137613
0.000137606
0.000137594
0.000137577
0.000137552
0.000137511
0.000137446
0.000137356
0.000137269
0.000137593
0.000137591
0.000137584
0.000137573
0.000137557
0.000137534
0.000137503
0.000137461
0.000137416
0.000137381
0.000137581
0.000137579
0.000137573
0.000137565
0.000137553
0.000137537
0.000137516
0.000137492
0.000137469
0.000137453
0.000137574
0.000137572
0.000137569
0.000137563
0.000137556
0.000137546
0.000137534
0.00013752
0.000137508
0.000137501
0.000137571
0.00013757
0.000137568
0.000137564
0.00013756
0.000137554
0.000137548
0.000137541
0.000137535
0.000137532
0.000137569
0.000137569
0.000137568
0.000137566
0.000137563
0.000137561
0.000137557
0.000137554
0.000137551
0.000137549
0.000137569
0.000137568
0.000137568
0.000137567
0.000137566
0.000137564
0.000137563
0.000137561
0.00013756
0.000137559
0.000137568
0.000137568
0.000137568
0.000137568
0.000137567
0.000137566
0.000137566
0.000137565
0.000137565
0.000137564
0.000137568
0.000137568
0.000137568
0.000137568
0.000137568
0.000137567
0.000137567
0.000137567
0.000137567
0.000137567
0.000137568
0.000137568
0.000137568
0.000137568
0.000137568
0.000137568
0.000137568
0.000137568
0.000137568
0.000137568
0.000137568
0.000137568
0.000137568
0.000137568
0.000137568
0.000137568
0.000137568
0.000137568
0.000137568
0.000137568
0.000137568
0.000137568
0.000137568
0.000137568
0.000137568
0.000137568
0.000137568
0.000137568
0.000137568
0.000137568
0.000137568
0.000137568
0.000137568
0.000137568
0.000137568
0.000137568
0.000137568
0.000137568
0.000137568
0.000137568
0.000137568
0.000137568
0.000137568
0.000137568
0.000137568
0.000137568
0.000137568
0.000137568
0.000137568
0.000137568
0.000137568
0.000137568
0.000137568
0.000137568
0.000137568
0.000137568
0.000137568
0.000137568
0.000137568
0.000137568
0.000137568
0.000137568
0.000137568
0.000137568
0.000137568
0.000137568
0.000137568
0.000137568
0.000137568
0.000137568
0.000137568
0.000137568
0.000137568
0.000137568
0.000137568
0.000137568
0.000137568
0.000137568
0.000137568
0.000137568
0.000137568
0.000137568
0.000137568
0.000137568
0.000137568
0.000137568
0.000137568
0.000137568
0.000137568
0.000137568
0.000137568
0.000137568
0.000137568
0.000137568
0.000137568
0.000137568
0.000137568
0.000137568
0.000137568
0.000137568
0.000137568
0.000137568
0.000137568
0.000137568
0.000137568
0.000137568
0.000137568
0.000137568
0.000137568
0.000137568
0.000137568
0.000137568
0.000137568
0.000137568
0.000137568
0.000137568
0.000137568
0.000137568
0.000137568
0.000137568
0.000137568
0.000137568
0.000137568
0.000137568
0.000137568
0.000137568
0.000137568
0.000137568
0.000137568
0.000137568
0.000137568
0.000137568
0.000137568
0.000137568
0.000137568
0.000137568
0.000137568
0.000137568
0.000137568
0.000137568
0.000137568
0.000137568
0.000137568
0.000137568
0.000137568
0.000137568
0.000137568
0.000137568
0.000137568
0.000137568
0.000137568
0.000137568
0.000137568
0.000137568
0.000137568
0.000137568
0.000137568
0.000137568
0.000137568
0.000137568
0.000137568
0.000137568
0.000137568
0.000137568
0.000137568
0.000137568
0.000137568
0.000137568
0.000137568
0.000137568
0.000137568
0.000137568
0.000137568
0.000137568
0.000137568
0.000137568
0.000137568
0.000137568
0.000137568
0.000137568
0.000137568
0.000137568
0.000137568
0.000137568
0.000137568
0.000137568
0.000137568
0.000137568
0.000137568
0.000137568
0.000137568
0.000137568
0.000137568
0.000137568
0.000137568
0.000137568
0.000137568
0.000137568
0.000137568
0.000137568
0.000137568
0.000137568
0.000137568
0.000137568
0.000137568
0.000137568
0.000137568
0.000137568
0.000137568
0.000137568
0.000137568
0.000137568
0.000137568
0.000137568
0.000137568
0.000137568
0.000137568
0.000137568
0.000137568
0.000137568
0.000137568
0.000137568
0.000137568
0.000137568
0.000137568
0.000137568
0.000137568
0.000137568
0.000137568
0.000137568
0.000137568
0.000137568
0.000137568
0.000137568
0.000137568
0.000137568
0.000137568
0.000137568
0.000137568
0.000137568
0.000137568
0.000137568
0.000137568
0.000137568
0.000137568
0.000137568
0.000137568
0.000137568
0.000137568
0.000137568
0.000137568
0.000137568
0.000137568
0.000137568
0.000137568
0.000137568
0.000137568
0.000137568
0.000137568
0.000137568
0.000137568
0.000137568
0.000137568
0.000137568
0.000137568
0.000137568
0.000137568
0.000137568
0.000137568
0.000137568
0.000137568
0.000137568
0.000137568
0.000137568
0.000137568
0.000137568
0.000137568
0.000137568
0.000137568
0.000137568
0.000137568
0.000137568
0.000137568
0.000137568
0.000137568
0.000137568
0.000137568
0.000137568
0.000137568
0.000137568
0.000137568
0.000137568
0.000137568
0.000137568
0.000137568
0.000137568
0.000137568
0.000137568
0.000137568
0.000137568
0.000137568
0.000137568
0.000137568
0.000137568
0.000137568
0.000137568
0.000137568
0.000137568
0.000137568
0.000137568
0.000137568
0.000137568
0.000137568
0.000137568
0.000137568
0.000137568
0.000137568
0.000137568
0.000137568
0.000137568
0.000137568
0.000137568
0.000137568
0.000137568
0.000137568
0.000137568
0.000137568
0.000137568
0.000137568
0.000137568
0.000137568
0.000137568
0.000137568
0.000137568
0.000137568
0.000137568
0.000137568
0.000137568
0.000137568
0.000137568
0.000137568
0.000137568
0.000137568
0.000137568
0.000137568
0.000137568
0.000137568
0.000137568
0.000137568
0.000137568
0.000137568
0.000137568
0.000137568
0.000137568
0.000137568
0.000137568
0.000137568
0.000137568
0.000137568
0.000137568
0.000137568
0.000137568
0.000137568
0.000137568
0.000137568
0.000137568
0.000137568
0.000137568
0.000137568
0.000137568
0.000137568
0.000137568
0.000137568
0.000137568
0.000137568
0.000137568
0.000137568
0.000137568
0.000137568
0.000137568
0.000137568
0.000137568
0.000137568
0.000137568
0.000137568
0.000137568
0.000137568
0.000137568
0.000137568
0.000137568
0.000137568
0.000137568
0.000137568
0.000137568
0.000137568
0.000137568
0.000137568
0.000137568
0.000137568
0.000137568
0.000137568
0.000137568
0.000137568
0.000137568
0.000137568
0.000137568
0.000137568
0.000137568
0.000137568
0.000137568
0.000137568
0.000137568
0.000137568
0.000137568
0.000137568
0.000137568
0.000137568
0.000137568
0.000137568
0.000137568
0.000137568
0.000137568
0.000137568
0.000137568
0.000137568
0.000137568
0.000137568
0.000137568
0.000137568
0.000137568
0.000137568
0.000137568
0.000137568
0.000137568
0.000137568
0.000137568
0.000137568
0.000137568
0.000137568
0.000137568
0.000137568
0.000137568
0.000137568
0.000137568
0.000137568
0.000137568
0.000137568
0.000137568
0.000137568
0.000137568
0.000137568
0.000137568
0.000137568
0.000137568
0.000137568
0.000137568
0.000137568
0.000137568
0.000137568
0.000137568
0.000137568
0.000137568
0.000137568
0.000137568
0.000137568
0.000137568
0.000137568
0.000137568
0.000137568
0.000137568
0.000137568
0.000137568
0.000137568
0.000137568
0.000137568
0.000137568
0.000137568
0.000137568
0.000137568
0.000137568
0.000137568
0.000137568
0.000137568
0.000137568
0.000137568
0.000137568
0.000137568
0.000137568
0.000137568
0.000137568
0.000137568
0.000137568
0.000137568
0.000137568
0.000137568
0.000137568
0.000137568
0.000137568
0.000137568
0.000137568
0.000137568
0.000137568
0.000137568
0.000137568
0.000137568
0.000137568
0.000137568
0.000137568
0.000137568
0.000137568
0.000137568
0.000137568
0.000137568
0.000137568
0.000137568
0.000137568
0.000137568
0.000137568
0.000137568
0.000137568
0.000137568
0.000137568
0.000137568
0.000137568
0.000137568
0.000137568
0.000137568
0.000137568
0.000137568
0.000137568
0.000137568
0.000137568
0.000137568
0.000137568
0.000137568
0.000137568
0.000137568
0.000137568
0.000137568
0.000137568
0.000137568
0.000137568
0.000137568
0.000137568
0.000137568
0.000137568
0.000137568
0.000137568
0.000137568
0.000137568
0.000137568
0.000137568
0.000137568
0.000137568
0.000137568
0.000137568
0.000137568
0.000137568
0.000137568
0.000137568
0.000137568
0.000137568
0.000137568
0.000137568
0.000137568
0.000137568
0.000137568
0.000137568
0.000137568
0.000137568
0.000137568
0.000137568
0.000137568
0.000137568
0.000137568
0.000137568
0.000137568
0.000137568
0.000137568
0.000137568
0.000137568
0.000137568
0.000137568
0.000137568
0.000137568
0.000137568
0.000137568
0.000137568
0.000137568
0.000137568
)
;

boundaryField
{
    defaultFaces
    {
        type            empty;
    }
}


// ************************************************************************* //
