/*--------------------------------*- C++ -*----------------------------------*\
  =========                 |
  \\      /  F ield         | OpenFOAM: The Open Source CFD Toolbox
   \\    /   O peration     | Website:  https://openfoam.org
    \\  /    A nd           | Version:  11
     \\/     M anipulation  |
\*---------------------------------------------------------------------------*/
FoamFile
{
    format      ascii;
    class       volScalarField;
    location    "2.4";
    object      gradTy;
}
// * * * * * * * * * * * * * * * * * * * * * * * * * * * * * * * * * * * * * //

dimensions      [0 -1 0 1 0 0 0];

internalField   nonuniform List<scalar> 
5712
(
11573.4
6673.38
18773.8
12300.7
20476.2
15154.3
32161.1
39832.3
42267.3
51693.5
27327.8
23737.2
17362.2
13754.1
8712.48
5892.22
19458.5
19930.8
16748.2
19689.7
26284.2
23500.6
30296.1
24548.8
8182.38
5905.5
4593.77
3411.77
9803
7989.82
5938.39
4792.89
17743.7
18452.3
18156.7
15381.2
14189.5
11053.1
11097.8
12594.1
17891.8
17793.9
37474
38728.7
26593.3
27377.2
15123.6
12754.9
16504.6
11773.9
7677.56
7872.41
6253.9
8643
3269.16
3910.16
8581.11
11623.7
5100.92
5920.99
9533.8
15829.6
6595.87
10733.1
2520.41
6393.33
2095.8
4776.17
17600.1
21724.3
18117.5
21607.1
21547
21778.5
21899.5
21470.5
15389.5
20830.5
15857.2
20591.8
17825.1
21442.6
17806.7
21383.2
22053.4
21177.1
21963.3
20965
14205
20908.4
13705.3
20977.3
17254.2
20152.6
21792.4
30263
18262
23194.7
21585.9
32771.3
16366.5
17775.3
21888.1
29144.5
16195.4
16650.1
22127.7
28947.2
5055.93
6576.6
12864
22291.6
6303.22
7138.31
16641.7
25480.9
7901.56
7971.65
21206.6
28652.4
24200.3
26091.7
20379.7
19596.5
28122.6
26307.2
24768.6
20818.9
17995
32023.9
23953.5
23580.8
20932
20674.4
36781.4
1973.52
2362.84
4195.66
9419.09
2811.89
3165.12
5841.61
10646.7
4222.54
3570.04
8000.19
12335.2
26140.8
25997
23515.5
23296.2
20036.6
18507.2
15129
13453.6
10584.4
14577.6
23755.2
23081.1
23870.1
23613.6
20667.7
19466.8
17017.1
15301.9
11310.3
14794.2
23582.6
26599.1
23494
27220.1
22861.4
23741.6
22290.6
23863.4
21362.6
21751.6
21194.9
21134
23299.1
27321.3
23181.5
27283.3
21623.6
24133.1
21433.4
24063.9
21444.4
21703.1
21432
21684.7
17921.5
17045.1
11534
12794.7
17788
16582.2
11348.9
12799.8
18179.7
17005.1
11791.1
12868.5
18254.3
16836.5
12160.5
12886.3
1627.88
1122.46
789.977
956.288
673.035
630.505
2256.1
1384.41
1063.08
1897.43
1546.99
1349.48
2656.03
2267.22
2298.09
3348.95
2777.56
2513.78
25085.3
22904.9
21337.9
23013
21554.1
20334.8
16473.5
15453.2
14898
11120
9779.1
9218.25
5095.56
3824.45
3269.19
22631.4
21199
19911.8
23137.3
21333.3
19877.4
17073.1
14869.9
13607.5
11096.7
9021.93
8179.32
5426.77
3813.11
3088.85
26729
26228.5
29058.7
26142
29902.3
26158.2
36033
27492.8
20762.1
21154.3
20481.4
19049.1
23296.1
22012.1
22838.8
19555.3
22597.1
22484.4
20856.4
22373.2
27898.8
24974.7
27495.9
27894.3
29810.3
30805.6
22898.6
23746.9
20531.3
19920.2
24982.2
25607.4
16342.5
8708.02
15237.6
9654.98
16578
8785.11
15181.5
9587.65
16371.4
8835.71
15154.5
9999.78
14722.4
10466.9
14890.7
10380.1
21047.7
18071.9
20874.1
18013.1
23199.2
21013
23376
20769.2
20469.6
15078.4
21411.6
14909.9
21300.1
17906.9
21550.9
17697
23938.5
20575.5
23936
20302
20235
15106.8
20159.2
15009.2
13430.5
8867.7
11936.4
7496.45
12544
7935.28
11489.6
6992.73
13742.1
9431.6
12117.3
7728.35
13750.4
9782.01
12081.7
7782.53
2528.33
1296.02
4544.53
2293.93
2708.44
1616.84
4851.95
2808.32
3360.19
2492.25
5401.06
3786.18
13173.7
20333.1
9478.92
9079.91
6300.2
19967.4
13970.3
8192.96
8228.41
5148.37
20698.2
16367.6
13049.3
10138.7
6105.74
670.704
512.11
1183.58
812.793
996.121
689.533
1810.29
1412.97
1794.04
1434.6
2784.66
2247.96
20373.6
19923.2
13904.5
13517.9
9075.09
9331.53
7634.59
7189.93
4375.26
3590.72
19056.9
17516.2
14872.2
13257.2
11639
10548.7
8836.78
8183.25
5394.99
5508.85
15180.4
12502.8
15237.3
12156.6
18125
15214.2
18039.1
14937.2
12843.1
10640.4
12484.1
10717.8
15217.6
11939.4
15116.9
11913.1
17945.2
15183.8
17762.5
15126.9
13059.3
10452
13034.2
10590.9
10007.4
8683.52
6430.82
7019.49
9659.11
8522.38
6122.79
6668.67
10430.5
8847.42
6595.84
7450.04
10686.3
8850.63
6866.32
7560.97
1983.7
1758.15
1461
8725.87
4655.01
3808.39
1914.52
1906.93
1700.26
9409.63
5483.51
4656.77
2612.43
2957.81
3046.08
10315.5
6834.13
6106.67
19025.8
18008.7
17225.3
13213.1
12992.3
12821.9
9784.62
9807.32
9865.54
8553.79
8375.51
8216.67
11663.5
8413.1
7635.07
16184.3
15136.1
14394.2
12261.7
11599.5
11203.7
10381.1
9792.29
9429.81
10181.4
9149.59
8522.85
14150
9484.56
8565.07
4715.71
2981.42
2206.1
1995.27
5357.76
3267.82
2338.74
2042.68
4734.18
2972.78
2209.39
2010.9
5477.05
3336.18
2382.34
2061.62
4706.11
2927.19
2199.43
1989.99
5584.12
3373.26
2421.48
2044.87
6034.39
3590.1
2494.19
2147.77
6223.83
3738.77
2584.77
2238.86
5031.91
3125.56
2284.11
2008.59
3981.89
2669.51
2063.55
1931.02
4353.63
2794.4
2110.81
1855.52
3622.28
2496.69
1972.76
1847.89
5484.25
3374.7
2408.96
2110.53
4194.85
2795.64
2122.23
1997.57
5738.18
3542.67
2495.68
2179.94
4284.75
2884.85
2169.04
2031.76
3451.06
2504.93
1983.84
1886.1
2037.6
1926.17
1710.94
1770.26
3451.64
2485.65
1977.1
1879.9
2141.52
1953.93
1721.12
1780.13
3529.07
2474.4
1978.3
1883.27
2475.4
2051.47
1759.19
1825.49
3453.93
2390.35
1927.23
1915.73
2757.81
2115.73
1804.22
1808.03
3138.08
2294.27
1868.19
1817.72
555.116
1449.63
1324.35
396.714
-1169.1
1178.81
1160.39
427.825
809.179
1532.53
1356.07
419.961
-841.063
1272.32
1188.58
437.426
1283.39
1678.66
1407.14
418.892
-289.844
1429.16
1231.54
443.179
1857.3
1849.75
1475.63
456.398
285.234
1600.26
1290.76
463.109
2221.2
2002.27
1559.59
537.251
405.567
1724.79
1345.22
480.404
2370.62
2163.42
1600.1
507.999
3.69525
1844.33
1443.57
510.231
2312.22
2091.99
1569.53
508.709
-22.3624
1788.46
1394.51
492.603
2380.5
2214.01
1629.17
471.345
-76.0867
1893.32
1478.77
513.774
2435.5
2268.92
1677.22
483.046
29.3744
1950.54
1521.31
527.429
1924.36
1506.62
1059.12
625.088
206.365
1902.06
1503.5
1059.89
625.897
206.645
1947.75
1518.29
1064.93
627.827
207.169
1930.1
1518.45
1067.68
629.656
207.763
1991.49
1535
1072.49
631.299
208.183
1964.53
1536.41
1076.9
634.115
209.099
1995.67
1557.12
1089.13
640.381
211.018
2042.88
1587.15
1106.68
649.361
213.769
2036.78
1555.2
1083.42
636.73
209.831
2175.82
1580.23
1090.59
639.436
210.579
2046.28
1550.02
1078.12
633.701
208.866
2172.7
1571.24
1084.73
636.368
209.622
2056.1
1573.47
1094.4
642.392
211.574
2215.33
1597.95
1100.58
644.548
212.155
2101.9
1602.57
1110.9
650.77
214.141
2263.99
1623.89
1114.88
651.79
214.382
1978.78
1514.2
1059.08
624.439
206.118
2082.41
1522.62
1059.31
624.063
205.97
2000.63
1523.4
1063.39
626.424
206.692
2099.67
1529.53
1062.6
625.587
206.413
2044.94
1538.83
1070.21
629.54
207.594
2137.69
1542.11
1068.46
628.324
207.208
2118.37
1556.69
1077.12
632.599
208.472
2183.25
1555.66
1075.19
631.5
208.121
2188.43
1565.91
1081.04
634.425
209.008
9274.83
14215.7
9754.14
14527.8
10468
14944.7
10980.3
15235.1
10593.4
14711.4
9902.7
11140.5
9882.68
11620
9977.05
11075.4
10160.1
11225.2
8190.45
1400.06
298.462
66.783
11.803
9101.42
2587.17
626.961
141.931
25.0767
8291.55
1391.38
294.376
65.6053
11.5622
9201.18
2580.67
622.815
140.296
24.5722
8400.85
1389.79
291.423
64.6449
11.3668
9298.15
2578.29
618.628
138.797
24.269
8365.44
1353.84
281.234
62.2073
10.9288
9230.59
2534.55
605.703
135.629
23.6861
7976.64
1258.35
260.781
57.8446
10.1835
8783.08
2415.45
578.987
129.99
22.732
7165.62
1175.45
251.513
56.6889
10.055
7331.18
2113.66
519.883
118.614
20.936
7395.7
1193.63
252.378
56.5275
9.99415
7735.87
2226.05
542.734
122.856
21.5715
7082.26
1173.11
252.21
56.9858
10.1177
7204.21
2065.47
508.54
116.397
20.6024
7063.87
1165.43
250.394
56.6036
10.0417
7222.33
2056.2
505.018
115.872
20.4771
33130.6
46885.2
45833.6
32169.5
18999.6
19981.2
28015.2
29234.1
21888.5
24503
34765.3
47354.8
43919.6
58111.9
28703.6
32684.2
22552
24070.8
12251.3
13424.2
4937.79
3289.92
922.661
721.828
808.967
713.861
859.538
4862.8
4841.29
2941.59
4145.84
4001.64
1755.78
2402.46
2198.28
1464.67
1682.16
1388.82
4375.08
2416.36
1577.86
1401.19
1760.66
1533.29
1214.3
1155.48
1094.06
966.209
1293.59
1171.42
4560.21
2799.09
3202.52
2068.25
1719.96
2389.72
1240.07
988.711
1358.3
10081.2
10264
10576.6
12006.2
19987.7
7320.37
8474.32
9363.7
10615.6
12444.5
2430.63
3482.51
4291.48
4848.51
5138.44
1915.27
2771.83
3441.27
3901.5
4137.13
2143.49
3094.32
3830.37
4330.91
4584.75
1895.7
2746.15
3410.55
3865.49
4097.03
2272.44
3270.73
4040.88
4566.21
4834.63
10264.2
10656.5
10625.5
11394.3
18005.7
10188.5
10394.6
10178.8
10515.3
12067.5
6787.27
8106.12
8826.72
9509.02
10308.3
9001.43
9523.71
9361.98
9360.38
9635.95
8679.74
9258.07
9061.7
8895.59
8930.66
4389.97
5835.46
6773.07
7384.34
7727.68
5731.27
7137.92
7911.56
8431.79
8799.34
5310.04
6711.82
7471.26
7903.61
8134.58
3741.87
5122.08
6068.05
6675.98
6989.1
4222.8
5636.32
6540.52
7096.55
7379.4
3568.98
4923.16
5860.92
6457.73
6756.43
9417.84
10119.3
10394
11431.9
18288
5769.62
7248.57
8207.92
9056.36
9896.41
4004.53
5439.98
6430.36
7102.78
7486.28
3596.41
4967.21
5953.3
6634.06
7016.77
4403.93
5880.46
6902.75
7658.9
8170.11
3904.48
5343.02
6383.29
7138.97
7600.36
3151.13
4425.02
5381.77
6057.09
6432.8
3013.69
4255.84
5184.13
5819.69
6156.06
2865.06
4063.5
4952.72
5542.22
5839.53
2544.31
3639.29
4469.81
5028.86
5312.55
3346.19
4664.73
5612.23
6239.65
6565.68
3052.08
4301.07
5224.37
5846.93
6171.62
9549.73
10017
10377
11691.2
19199.7
6434.87
7766.61
8748.12
9890.01
11311.4
7470.46
8830.89
9593.96
10758.4
13172.1
5061.79
6602.86
7716.32
8685.75
9493.58
4322.85
5823.14
6909.39
7752.42
8328.29
5716.27
7222.79
8252.97
9216.53
10184.3
3215.65
4508.25
5470.4
6141.87
6511.48
2598.8
3709.44
4552.9
5126.5
5422.21
3496.45
4851.57
5841.57
6534.44
6926.05
18165.7
12055.1
18721.3
13360.2
24286.7
34627.8
25370.2
34448
19258.4
20393
16515.4
19689.5
21908.5
20856.3
27846
22864.2
13982.1
13034.5
6850.23
5831.41
15245.6
13901.8
7872.03
6411.31
18841.1
20376.8
19335.6
17661.3
19681.6
12967.7
10886.9
12552.5
17781.7
17755.6
36903.9
38600.3
25842.2
27170.4
15688.1
12873.4
17152.7
11885.7
8309.4
8023.87
13669.8
15101.2
5722.1
6231.13
15055.2
17142.1
7142.7
7873.84
14382.2
20043.4
8355.21
12853.6
2925.57
7120.48
2176.38
4917.79
17962
20551.2
17899.8
20918.9
19636.2
19932.6
20673.5
20433.3
16307.9
20642.3
18494.9
20350.5
17605.5
21072.9
17722.5
21263.2
21419.5
20645.3
21776
20800
14463
20780.4
13741.4
20928.3
18117.5
21384.8
22008.8
30598.8
19727.2
25291.4
22068.3
33498.9
16753.7
18362.1
21962.1
29285.1
16293.3
16811.6
22138.5
28982.7
18737.6
20249.9
23449.6
34733.3
18870.3
19323.5
25109.1
35204.1
18623.3
18309.8
27043.7
34964.6
18171
19088.8
19366.2
20550.4
30785.6
18357.1
17114.8
20685.9
18805.1
35159.3
19151.4
19931.1
19723.1
21315.2
38062.1
11311
10369.9
10441.8
13463.8
12378.2
11364.9
10824.2
13846.2
13617.1
11836.8
11331.1
14168.4
17827.2
17190.7
16693.8
16281.3
19213.5
18014.9
15841.7
14291.9
11876.5
14796
18837.5
18673.7
19910.6
20084.7
19056.7
17969
17246.4
15335.9
11705.1
14322.3
21664.2
24409.1
22516.2
26038
20527.7
21464.3
21160.8
22734.5
20821
21057
20275.8
20021.8
22818.3
26744.9
23034.8
27110.9
21092.8
23583.6
21275.7
23902.9
21149.1
21344.4
21338.2
21576.7
17772.1
16763.3
11559.9
12704.7
17676.6
16265.1
11517.8
12728.8
18069.2
16836.2
11778.6
12803.2
18214
16781.5
12151
12861.3
9509.14
9652.21
4080.98
3762.89
10607.5
10268.7
4573.04
4379.85
10341.9
9702.97
5210.47
5034.01
16984.6
16507
16526
16618.7
16439.1
15963.1
12336.9
11063.1
6141.28
5079.98
19035
18300.2
20275.4
19520.3
16058.9
14920.9
11515.3
9919.33
5652.24
4265.95
21902.8
20860.7
26801.7
23457.7
24337.8
21731.2
33261.2
25140
20041.5
16558.9
21800.8
17349.2
19929.8
16844.9
21896
17575.2
20446.2
18161.8
18537.2
17280
21086.5
22307.9
26140
27480.5
28658.5
30469.7
21544.7
23266.8
19491.5
19622.8
23457.4
25093.6
13511.4
9934.03
13927.7
10159.7
13794
9843.42
14110.3
10006.1
13733.1
9696.68
14071.1
10198.9
14098.7
10505.7
14688.8
10386
17186.8
16741.8
18946.3
17190.6
19658.1
18875.5
21486.3
19576.4
18664
14772
17777.2
14615.6
20341.1
17468.9
21265.2
17564
23013.8
19972.7
23667.2
20119.4
19341
14914.2
19899
14949.2
13025.3
9285.12
12142.8
7873.97
12494.2
9007
12095.8
7795.36
13425.7
9585.91
12181.9
7904.06
13638.5
9818.64
12098
7839.8
13055.5
13320.7
9320.91
8574.67
13205.8
13437.9
9173.52
8502.01
13178.4
12909.1
8939.34
8402.42
15269.4
17954.4
16106
11995.9
8687.86
16675.1
15663.6
17567
12076.6
8390.66
18381.4
16365.2
14580.2
12242.5
7725.59
14044
15403.8
8569.22
9352.41
13885.6
14965.7
8485.59
9211.95
12942.8
13584.6
8098.16
8304.68
16541.1
15752.8
15027.7
14564.7
15683.3
16264.1
12276.7
13228
7846.41
7730.14
16752
15446.8
15184.5
13999.2
13736.2
13293.5
11637.8
11811.6
7215.33
7863.07
14859.3
12861.1
14921.4
12272.6
16710.8
14287.1
17227.9
14455.3
13005.7
11206.4
13098.7
12000
15018.8
11988.8
15055
11926.4
17538.2
14946.9
17640.9
15059.3
13076.2
10698.1
13025.5
10653.2
10509.7
9487.49
6920.5
7760.62
10804.7
10198.5
7092.56
8158.6
10630.8
9206.95
6822.99
7848.12
10743.3
8956.08
6943.82
7686.59
18589.7
18567.2
25824.1
21651.4
17793.4
17912.9
24744.7
20682
15591.8
16309.9
22688.6
19216.9
15342.6
14874.8
14242
14109.9
16601.1
17134.1
15520.8
15561.3
20810
17608.2
14534.6
13898.7
13478.4
13374.4
13887.3
14306.8
15036.1
14748.1
20394.9
16217.9
6211.77
3985.23
2820.63
2433.1
6469.37
4129.98
2907.94
2453.3
6088.72
3905.15
2770
2409.62
6405.48
4082.41
2873.19
2417.39
5862.77
3746.54
2686.84
2335.4
6304.45
3973.65
2830.76
2343
6455.39
3967.65
2773.56
2361.68
6364.75
3869.99
2678.93
2313.27
5636.85
3597.56
2619.01
2272.61
4384.19
3003.77
2297.28
2128.89
5303.56
3464.83
2542.83
2174.77
4279.87
3012.26
2281.93
2081.41
5818.78
3656.49
2620.03
2280.59
4411.93
2983.87
2269.71
2133.23
5841.76
3637.06
2568.44
2239.59
4353.1
2946.11
2219.57
2078.41
5671.19
3709.84
2655.64
2352.64
4760.52
3302.18
2438.57
2266.13
5507.65
3626.34
2605.79
2314.46
4647.65
3255.36
2412.81
2254.45
5277.29
3490.93
2540.6
2275.97
4564.81
3195.01
2380.5
2252.55
4793.37
3242.79
2407.3
2258.1
4380.78
3093.24
2327.31
2151.12
4113.49
2992.38
2250.53
2077.19
3402.86
2885.91
1997.94
554.323
1284.57
2616.67
1844.94
623.41
3445.89
2885.27
1996.88
573.899
1466.6
2621.86
1841.82
625.588
3521.72
2866.11
1973.91
545.508
1719.15
2611.3
1817.36
610.609
3487.93
2812.98
1974.7
575.001
1758.59
2565.39
1795.93
609.759
3210.01
2702.28
1962.97
654.849
1212.95
2450.22
1757.18
605.375
2667.5
2457.9
1848.13
600.266
135.52
2156.32
1663.19
586.615
2861.78
2562.27
1903.04
616.862
326.489
2282.7
1704.65
592.133
2526.94
2374.93
1780.61
530.711
-34.9981
2062.63
1607.99
560.884
2477.28
2320.13
1727.36
503.24
34.8384
2003.43
1563.2
543
2269.34
1717.01
1178.01
684.803
224.461
2217.1
1703.22
1174.1
683.482
224.115
2268.18
1710.31
1173.29
682.247
223.661
2208.3
1692.92
1167.34
679.908
223.009
2284.18
1704.59
1167.72
679.082
222.662
2199.34
1681.11
1159.37
675.684
221.711
2157.38
1657.6
1146.62
669.408
219.831
2102.36
1625.05
1128.47
660.391
217.123
2252.59
1686.12
1157.17
673.783
221.064
2381.78
1696.89
1155.42
671.906
220.417
2320.74
1705.46
1164.72
677.075
222.004
2438.38
1711.33
1162.02
674.995
221.318
2198.75
1663.36
1145.39
668.072
219.366
2348.77
1677.08
1144.86
666.783
218.899
2151.33
1633.73
1128.67
659.742
216.871
2309.86
1651.45
1130.37
659.598
216.762
2370.26
1737.1
1182.65
686.176
224.802
2536.58
1755.17
1185.88
687.045
225.012
2375.07
1732.93
1179.33
684.331
224.216
2538.1
1751.46
1183.26
685.621
224.565
2394.04
1727.26
1174.08
681.403
223.29
2545.57
1744.25
1178.25
682.961
223.731
2446.4
1725.07
1169.37
678.621
222.399
2556.77
1733.71
1172.06
679.759
222.72
2502.16
1721.13
1166.14
676.889
221.86
11348.4
14930.5
11412.3
14944
11550.3
14954.5
11372.6
14784.4
10644.2
14072.1
9894.58
11071.3
9914.92
11498
9961.88
11032.7
10153.3
11210.6
8720.21
1450.14
304.532
67.6093
11.8989
9389.05
2653.47
638.459
143.693
25.2899
8687.14
1426.94
298.522
66.1469
11.6214
9352
2621.68
630.217
141.417
24.7003
8582.84
1402.57
292.544
64.7351
11.3668
9251.62
2582.51
620.005
138.974
24.2733
8349.52
1346.44
279.654
61.8833
10.8732
9026.11
2507.76
601.758
134.94
23.5735
7885.22
1243.63
258.092
57.3233
10.099
8549.1
2378.11
572.632
128.837
22.5515
7128.97
1168.33
249.856
56.3113
9.98902
7279.55
2097.23
515.791
117.703
20.7799
7341.63
1182.78
250.011
56.0217
9.90894
7640.89
2199.45
536.9
121.665
21.3775
7060.1
1168.98
251.235
56.7568
10.0768
7175.67
2056.47
506.193
115.85
20.5057
7056.36
1164.06
250.07
56.5267
10.0278
7212.88
2053.35
504.264
115.692
20.4448
32676.8
46578.8
44769.5
30806.5
24094.5
28669.8
23299.9
28561.4
26954.3
42692.2
28563.7
43706.1
244.371
261.529
299.773
361.67
451.631
574.817
258.865
276.474
315.566
378.248
467.528
586.953
233.433
228.039
251.663
248.107
292.422
293.146
358.907
367.943
454.423
474.287
578.885
601.831
737.293
945.602
1217.23
1579.01
1997.02
2297.79
740.032
929.19
1155.99
1411.36
1656.22
1815.16
654.316
959.995
1206.4
1379.03
1467.91
700.022
1026.54
1289.42
1473.38
1568.02
801.923
1174.89
1474.47
1683.71
1791.23
966.578
1414.04
1772.13
2021.57
2149.56
1205.15
1758.94
2199.76
2505.75
2662.54
1530
2224.76
2773.52
3153.02
3347.47
692.957
1016.35
1276.84
1459.22
1553.07
739.804
1084.4
1361.57
1555.38
1655.04
843.807
1235.48
1549.65
1768.88
1881.48
1010.26
1476.6
1849.15
2108.41
2241.42
1246.52
1817.15
2270.45
2584.96
2746.22
1560.75
2266.41
2822.79
3207.84
3405.58
625.082
917.266
1152.94
1318.11
1403.17
610.648
896.142
1126.49
1287.96
1371.12
673.701
988.166
1241.51
1418.88
1510.15
664.196
974.288
1224.17
1399.16
1489.2
782.394
1146.61
1439.37
1643.95
1749.1
784.341
1149.52
1443.1
1648.26
1753.7
959.418
1404.07
1760.19
2008.34
2135.66
983.535
1439.3
1804.26
2058.48
2188.86
1212.97
1771.14
2215.71
2524.24
2682.22
1265.83
1847.88
2311.08
2632.2
2796.45
1541.64
2243.21
2797.59
3180.42
3376.11
1602.66
2331.57
2906.74
3303.05
3505.15
1954.04
2823.92
3503.56
3972.62
4214.27
2487.74
3559.13
4384.43
4957.23
5258.64
3161.6
4447.57
5420.96
6113.4
6499.71
4011.82
5488.31
6585.83
7420.2
7952.45
4917.97
6473.02
7615.68
8589.95
9350.74
5541.69
7107.43
8257.09
9328.03
10273.6
1959.8
2829.54
3508.8
3978.71
4221.66
2445.73
3501.66
4316.91
4883.82
5182.11
3015.61
4266.58
5219.99
5893.44
6261.06
3637.44
5066.36
6141.6
6925.2
7380.97
4211.28
5766.61
6925.87
7807.51
8362.83
4575.58
6198.54
7404.17
8350.47
8978.68
247.252
270.282
314.908
383.977
482.131
614.613
261.818
285.431
330.924
400.548
497.247
624.104
236.344
231.056
260.575
257.39
307.97
309.477
382.16
392.715
486.628
508.372
622.508
649.221
785.824
998.743
1267.83
1616.97
2017.17
2303.49
783.276
975.107
1199.26
1445.85
1677.62
1822.28
662.049
971.417
1220.88
1395.7
1485.71
723.595
1061.45
1333.73
1524.45
1622.62
842.728
1235.46
1551.49
1772.62
1886.4
1026.85
1503.81
1886.73
2154.25
2291.8
1287.87
1882.88
2358.9
2690.88
2861.54
1638.56
2388.9
2986.19
3402.17
3616.33
700.899
1028.1
1291.78
1476.44
1571.48
763.956
1120.24
1407.14
1607.98
1711.32
885.267
1297.13
1628.22
1859.73
1978.8
1070.59
1566.64
1964.31
2241.96
2384.73
1327.19
1938.21
2426.15
2766.32
2941.31
1662.11
2419.72
3021.52
3440.77
3657.01
632.901
928.811
1167.55
1334.92
1421.12
618.749
908.101
1141.62
1305.35
1389.69
697.684
1023.65
1286.48
1470.65
1565.48
689.168
1011.21
1270.95
1452.99
1546.72
824.285
1208.72
1518.27
1734.95
1846.44
828.331
1214.72
1525.91
1743.75
1855.83
1022.22
1497.54
1879.41
2146.28
2283.49
1050.46
1538.95
1931.43
2205.69
2346.67
1300.34
1902.09
2383.93
2719.98
2892.65
1358.45
1987.11
2490.44
2841.35
3021.57
1660.76
2423.6
3031.63
3454.89
3672.44
1732.37
2528.73
3163.49
3605.03
3831.71
2087.68
3028.92
3772.8
4291.41
4560.29
2636.37
3792.28
4696.91
5332.96
5670.02
3307.23
4684.83
5749.08
6517.27
6948.03
4127.66
5689.63
6877.37
7791.6
8374.33
4986.67
6603.54
7813.81
8851.76
9657.49
5563.5
7151.94
8326.78
9422.39
10386.5
2078.66
3011.39
3747.13
4260.46
4527.25
2573.34
3700.08
4580.87
5199.5
5526.76
3137.91
4461.17
5484.08
6214.19
6614.43
3737.33
5230.24
6369.53
7207.31
7695.49
4275.23
5875.08
7080.29
8002.15
8582.68
4597.35
6236.3
7458.69
8419.99
9057.87
4919.28
3288.94
986.128
776.43
883.181
774.624
929.565
4533.66
4380.61
2881.35
3632.04
1818.97
2378.53
1545.93
1705.94
1453.98
4228.25
2437.85
1657.76
1483.24
1828.25
1602.61
1277.74
1233.75
1191.85
1056.94
1384.37
1258.43
4506.07
2805.31
3172.12
2100.85
1774.13
2414.59
1312.18
1066.18
1435.34
10079.6
10319.4
10683.3
12180.6
20308.4
7335.27
8524.51
9453.01
10748
12617.8
2608.86
3763.76
4670.33
5305.47
5639.41
2065.81
3003.25
3745.85
4262.63
4529.32
2349.66
3414.85
4256.76
4840.61
5140.81
2063.33
3004.05
3750.28
4268.55
4534.93
2468.23
3577.8
4452.23
5060.2
5374.72
10056
11310.4
12100.7
13655.4
21576.5
9930.43
11405
12400
13802.9
16193
6903.45
8787.27
10167.5
11450.7
12656.2
8734.61
10640.5
11742.3
12881.3
13871.7
4667.95
6467.1
7809.81
8778.13
9335.2
5913.48
7865.64
9275.17
10362
11073.3
4029.82
5695.83
6961.09
7846.91
8324.18
4419.09
6193.28
7524.45
8459.8
8970.93
3809.03
5418.4
6648.08
7501.66
7952.56
9333.07
10513.5
11316.5
12873
20679.5
5954.89
7773.18
9134.11
10357.1
11458.5
4283.41
5989.47
7282.15
8219.47
8761.84
3855.51
5435.21
6646.31
7521.56
8020.24
4650.47
6382.14
7693.36
8708.51
9383.09
4125.74
5746.99
6986.36
7917.33
8486.23
3336.83
4734.07
5816.04
6596.96
7034.93
3242.9
4637.68
5720.7
6485.44
6896.54
3150.08
4535.91
5614.53
6361.85
6750.15
2801.18
4049.35
5027.64
5706.34
6057.81
3629.65
5171.19
6356.82
7187.52
7632.24
3310.43
4738.42
5845.6
6622.29
7036.12
9546.4
10190.7
10716.6
12234.8
20195
6491.81
7920.13
9010.72
10266.3
11787.2
7523.42
9142.01
10204.7
11680.2
14420.9
5184.93
6856.8
8119.71
9231.74
10140.5
4502.07
6160.76
7423.18
8425.95
9104.52
5870.1
7625.69
8954.75
10205.5
11381.9
3429.5
4869.73
5983.82
6783.9
7229.16
2819.85
4065.8
5041.16
5722
6078.55
3733.14
5267.5
6447.69
7304.26
7793.45
9884
9308.5
8304.85
6905.8
5010.04
1959.22
18500.6
18847.8
21409.5
22076.7
18160.8
19278.3
20491.3
19876.1
15165.1
18620.3
15823.3
19181.9
18161.6
16385.9
25306.4
17808
18018.5
20231.7
20662.8
17211.9
18311.6
19614.3
19194.2
15109.7
22481.8
15684.1
22385.9
18341.6
19893.4
27152.6
17039.2
17124.1
18739.7
18932.1
16518
18007.1
18446.3
18511.6
17338.4
19927
18096.6
19949.9
19925.7
21891.2
24483.6
16321.1
16424.6
17406.5
17444.3
16126.4
17849.8
17280.3
17614.3
16280.4
17459.9
17013.2
17035.6
18258
19736.7
21216.7
15564.7
15701.2
16510.2
16465.9
15862.2
17740.7
16527.9
17045
15444.4
14456.1
16204.4
13901.6
16831.1
16700.8
17587.4
15239
15417.2
15921.3
15845.5
15510.7
17074.2
16050.2
16488.7
14771.6
12468.4
15343.6
12235.7
15696.7
14737.2
15970.4
21371.4
20563.6
22385.6
23497.2
19849
19855.1
20883.2
19968.9
18921.9
14073
18892.4
14156.8
16795.5
15264.2
18370.4
20202.5
19622.3
20722.3
21448.2
19199.9
19367.1
19731.3
18966.9
17595.9
13667.7
17592.9
13769.1
15449.3
13793.5
17062.4
18679.4
18342.1
18738.8
19084.8
18108.3
18288.7
18252.9
17801.1
16777
13473.3
16589
13217.2
14901.1
12664.7
16838.9
17266.7
17080.1
17243
17391.6
16933.2
17055.9
17085.5
16733.5
15931.7
13999.1
15837.5
13681.8
14393.7
12803
17272.1
16566.8
16447.3
16435
16499
16164.8
16281.6
16412
16198.2
15804.5
15167.6
15745.7
15023
14564.2
13380.6
17954.9
16067.6
15956.2
15979.5
16016
15721.5
16016.9
15931.7
15852.2
15765.1
15904.5
15766.1
15822.9
14710.8
13955.4
18725.6
11384.7
6459.91
18766.6
12307.8
20497.3
15141.9
32188.9
39846
42317.4
51718.4
27376.9
23737.7
17369.8
13779.8
8450.87
5623.24
19461.6
19933.1
16746.9
19690.7
26297.2
23506.3
30304.4
24553.1
8014.51
5788.42
4439.11
3309.16
9775.84
7980.22
5936.93
4806.26
17739.1
18447.7
18155.2
15381.6
14185.3
11056.1
11098.7
12595.6
17893.3
17795.5
37480.9
38733.4
26596.6
27379.5
15124.5
12756.3
16506.1
11775.3
7678.69
7873.5
6142.37
8506.13
3181.85
3813.89
8582.8
11635.7
5114.98
5937.37
9534.96
15835.6
6601.93
10740.8
2521.76
6396.3
2096.27
4777.31
17601.2
21725.3
18118.9
21608.1
21549.8
21780
21901.8
21471.7
15391.3
20831.6
15857.3
20592.7
17826.3
21443.6
17807.7
21384
22055.2
21177.9
21964.4
20965.6
14206.3
20909.6
13706.3
20978.5
17256.1
20156.2
21794.1
30265.5
18263.5
23198.5
21587.6
32774.2
16368.3
17778
21889.7
29146.8
16197.1
16652.3
22129.3
28949.4
4974.15
6496.21
12691.2
22103.4
6308.67
7142.09
16656.8
25499.2
7904.02
7973.71
21213.4
28659.4
24200.4
26092.5
20379.4
19597.6
28126.6
26307.7
24768.5
20818
17995.7
32028.1
23954.4
23581.4
20932.6
20675.9
36784.8
1933.05
2331.55
4109.72
9328.07
2816.24
3169.34
5852.95
10656.3
4224.52
3571.2
8003.91
12337.5
26141
25997
23515.3
23296.1
20035.9
18506.9
15129.8
13454.4
10586.3
14579
23755.5
23081.2
23870.3
23613.8
20668.1
19467.2
17018.2
15302.8
11311.5
14795.1
23583.2
26599.3
23494.6
27220.3
22862
23741.7
22291.1
23863.5
21363.4
21752.2
21195.6
21134.6
23299.6
27321.6
23181.9
27283.5
21623.9
24133.2
21433.7
24063.8
21445.2
21703.6
21432.7
21685.2
17922.4
17045.9
11534.7
12795.4
17789
16583
11349.8
12800.6
18180.6
17005.8
11791.8
12869.1
18255.2
16837.1
12161.2
12886.9
1605.55
1105
775.53
951.706
667.525
623.951
2262.69
1387.94
1064.69
1903.65
1550.97
1351.83
2656.61
2267.97
2298.92
3349.98
2778.96
2515.18
25085.4
22905.1
21338.3
23013.2
21554.7
20335.5
16473.8
15453.9
14898.8
11120.6
9779.93
9219.17
5096.23
3825.22
3269.92
22631.5
21199.3
19912.2
23137.5
21333.8
19878.1
17073.6
14870.5
13608.2
11097.3
9022.56
8179.99
5427.25
3813.56
3089.26
26733.4
26229.9
29061.8
26143.3
29916.3
26163.8
36045.4
27497.7
20587.4
21101.7
20275.9
18985.4
23265.8
21984.1
22805
19528.1
22591.9
22480.1
20856.3
22371.5
27882.2
24959.9
27496.9
27894.7
29813.9
30807.7
22896.8
23746
20530.4
19919.3
24974.9
25604
16347
8713.2
15235.8
9662.09
16559.4
8780.29
15165.7
9583.99
16359.3
8831.16
15144
9995.13
14716.5
10463.4
14887.6
10378
21046
18071.5
20873.1
18012.7
23201.2
21013.9
23377.8
20769.8
20464.4
15077.1
21404.8
14908.4
21299.6
17906.6
21550.4
17696.6
23939.8
20575.9
23936.6
20302.1
20231.9
15105.8
20157.3
15008.3
13427.4
8865.3
11934.7
7495.21
12540.7
7932.91
11487.7
6991.36
13739.9
9429.59
12116
7727.31
13748.8
9780.51
12080.6
7781.66
2515.56
1279.91
4530.06
2275.29
2708.93
1617.92
4851.89
2809.2
3359.34
2492.13
5399.56
3785.6
13174.3
20334.3
9478.57
9078.42
6298.76
19968.3
13970.6
8192.88
8227.33
5147.44
20699
16367.5
13048.3
10137.2
6104.57
652.956
490.842
1163.91
803.249
997.51
689.33
1810.54
1412.31
1794.34
1435.26
2784.61
2248.44
20373.9
19923.2
13904.3
13517.5
9074.76
9331.02
7633.96
7189.66
4374.76
3590.67
19057.2
17516.2
14872.1
13256.9
11638.3
10548.3
8835.93
8182.8
5394.23
5508.38
15180.1
12502.4
15237.1
12156.3
18125.4
15214.3
18039.3
14937.2
12842.4
10639.9
12483.3
10717.2
15217.3
11939.1
15116.6
11912.8
17945.3
15183.8
17762.5
15126.7
13058.7
10451.5
13033.6
10590.4
10006.6
8682.91
6430.06
7018.83
9658.12
8521.77
6121.97
6668.02
10429.8
8846.85
6595.18
7449.4
10685.6
8850.11
6865.73
7560.4
1948.61
1728.75
1437.42
8677.19
4611.86
3766.97
1911.62
1905.61
1700.27
9405.66
5483.32
4657.01
2613.12
2958.32
3046.5
10315.5
6834.68
6107.32
19025.7
18008.7
17225.3
13212.6
12991.9
12821.6
9784.01
9806.76
9865.09
8553.59
8375.3
8216.46
11663.1
8413.18
7635.28
16184.2
15136
14394.2
12261.4
11599.3
11203.5
10380.7
9792.02
9429.61
10181
9149.38
8522.72
14149.1
9484.33
8565.04
4715.98
2981.33
2206.11
1994.65
5356.31
3266.09
2337.92
2041.63
4733
2972.29
2209.04
2010.68
5476.39
3335.92
2382.12
2061.43
4704.84
2926.7
2199.11
1989.77
5582.85
3372.81
2421.2
2044.66
6033.12
3589.63
2493.93
2147.59
6222.85
3738.37
2584.55
2238.7
5030.89
3125.09
2283.83
2008.4
3981.21
2669.12
2063.31
1930.84
4352.64
2793.93
2110.53
1855.34
3621.58
2496.29
1972.51
1847.71
5483.28
3374.25
2408.7
2110.35
4194.24
2795.28
2122
1997.39
5737.38
3542.28
2495.46
2179.77
4284.22
2884.53
2168.84
2031.6
3450.11
2505.28
1984.4
1885.67
2035.24
1925.67
1711.38
1769.24
3450.82
2485.21
1976.76
1879.7
2140.87
1953.63
1720.87
1780.04
3528.21
2473.96
1978.01
1883.08
2474.78
2051.13
1758.94
1825.34
3453.15
2389.94
1926.96
1915.53
2757.18
2115.37
1803.98
1807.86
3137.42
2293.89
1867.94
1817.52
554.799
1449.18
1325.05
396.774
-1167.71
1177.38
1160.05
427.656
808.58
1532.41
1355.89
419.948
-841.766
1272.39
1188.6
437.457
1282.97
1678.42
1406.97
418.847
-290.122
1428.99
1231.45
443.155
1856.85
1849.44
1475.43
456.344
285.009
1600.01
1290.61
463.062
2220.73
2001.93
1559.38
537.186
405.354
1724.51
1345.04
480.347
2370.22
2163.1
1599.9
507.943
3.55475
1844.05
1443.38
510.171
2311.77
2091.66
1569.33
508.652
-22.5227
1788.16
1394.33
492.542
2380.15
2213.72
1628.99
471.297
-76.1984
1893.06
1478.6
513.719
2435.19
2268.67
1677.06
483.004
29.277
1950.31
1521.16
527.381
1922.87
1505.91
1058.82
624.953
206.325
1900.39
1502.62
1059.48
625.706
206.589
1947.68
1518.21
1064.88
627.806
207.163
1929.99
1518.37
1067.63
629.64
207.761
1991.38
1534.93
1072.44
631.28
208.178
1964.41
1536.33
1076.85
634.097
209.096
1995.55
1557.04
1089.08
640.359
211.013
2042.76
1587.07
1106.63
649.338
213.763
2036.64
1555.11
1083.37
636.708
209.825
2175.65
1580.14
1090.54
639.411
210.572
2046.14
1549.94
1078.08
633.68
208.86
2172.53
1571.15
1084.68
636.344
209.616
2055.95
1573.38
1094.35
642.368
211.568
2215.16
1597.86
1100.53
644.522
212.148
2101.76
1602.49
1110.85
650.745
214.134
2263.83
1623.8
1114.82
651.764
214.375
1977.25
1513.6
1058.83
624.333
206.087
2080.94
1522.12
1059.11
623.98
205.949
2000.61
1523.32
1063.35
626.406
206.689
2099.66
1529.45
1062.55
625.573
206.415
2044.85
1538.76
1070.16
629.522
207.59
2137.59
1542.03
1068.42
628.307
207.206
2118.23
1556.61
1077.07
632.578
208.466
2183.1
1555.58
1075.14
631.479
208.117
2188.27
1565.82
1081
634.402
209.002
9225.45
14160.4
9756.47
14529.5
10469.5
14945.6
10981.3
15235.7
10594.1
14711.9
9903.3
11141.1
9883.32
11620.6
9977.62
11076
10160.7
11225.8
8179.54
1390.7
296.053
66.2297
11.7052
9085.95
2581.36
625.298
141.534
25.0042
8289.08
1391.97
294.488
65.623
11.5645
9199.55
2580.06
622.601
140.236
24.5604
8400.28
1389.85
291.432
64.6433
11.366
9297.73
2578.08
618.549
138.771
24.2636
8365.5
1353.86
281.232
62.205
10.9281
9230.63
2534.51
605.677
135.619
23.6837
7976.91
1258.38
260.784
57.8444
10.1833
8783.32
2415.49
578.985
129.987
22.7311
7165.99
1175.51
251.524
56.6911
10.0554
7331.55
2113.76
519.903
118.618
20.9366
7396.04
1193.68
252.387
56.5289
9.99432
7736.2
2226.13
542.748
122.857
21.5716
7082.64
1173.17
252.222
56.9885
10.1182
7204.59
2065.57
508.565
116.403
20.6032
7064.25
1165.5
250.407
56.6064
10.0422
7222.71
2056.31
505.045
115.878
20.4781
33131.9
46890.1
45842.2
32172
18715.8
19635
28016.3
29226.1
21918.5
24531
34795.7
47382
43968
58152.1
28744
32724.3
22522.8
24034.3
11795.5
12907.1
4937.74
3289.85
922.62
721.793
808.929
713.826
859.499
4862.79
4841.26
2941.55
4145.81
4001.62
1755.74
2402.42
2198.24
1464.62
1682.12
1388.78
4375.07
2416.32
1577.81
1401.14
1760.61
1533.24
1214.25
1155.44
1094.02
966.167
1293.54
1171.38
4560.17
2799.03
3202.48
2068.2
1719.91
2389.67
1240.02
988.669
1358.25
10081
10263.7
10576.1
12005.5
19986.3
7320.19
8474.01
9363.25
10615
12443.7
2430.52
3482.33
4291.25
4848.25
5138.15
1915.17
2771.69
3441.08
3901.29
4136.9
2143.39
3094.17
3830.18
4330.68
4584.5
1895.6
2746.01
3410.37
3865.28
4096.81
2272.33
3270.57
4040.67
4565.97
4834.37
10264
10656.2
10625
11393.5
18004.3
10188.3
10394.3
10178.3
10514.8
12066.8
6787.14
8105.87
8826.34
9508.52
10307.7
9001.31
9523.49
9361.69
9360.05
9635.57
8679.66
9257.91
9061.48
8895.37
8930.44
4389.84
5835.25
6772.79
7384.01
7727.3
5731.14
7137.7
7911.26
8431.42
8798.93
5309.93
6711.63
7471.01
7903.31
8134.26
3741.74
5121.89
6067.79
6675.68
6988.76
4222.68
5636.13
6540.26
7096.25
7379.08
3568.85
4922.98
5860.67
6457.44
6756.11
9417.71
10119
10393.5
11431.2
18286.5
5769.47
7248.31
8207.53
9055.85
9895.8
4004.39
5439.76
6430.07
7102.43
7485.89
3596.27
4967
5953.02
6633.71
7016.39
4403.79
5880.23
6902.43
7658.5
8169.64
3904.34
5342.8
6382.97
7138.58
7599.92
3151
4424.81
5381.49
6056.76
6432.43
3013.56
4255.65
5183.88
5819.38
6155.72
2864.94
4063.33
4952.49
5541.95
5839.23
2544.19
3639.12
4469.59
5028.6
5312.27
3346.06
4664.53
5611.98
6239.35
6565.35
3051.96
4300.88
5224.12
5846.63
6171.29
9549.57
10016.7
10376.4
11690.4
19198.3
6434.7
7766.31
8747.69
9889.43
11310.7
7470.3
8830.58
9593.48
10757.7
13171.1
5061.62
6602.59
7715.93
8685.25
9492.99
4322.7
5822.89
6909.04
7751.99
8327.79
5716.11
7222.52
8252.57
9216
10183.6
3215.52
4508.05
5470.13
6141.54
6511.11
2598.68
3709.26
4552.67
5126.23
5421.91
3496.32
4851.35
5841.28
6534.09
6925.67
18132.2
11980.5
18725.5
13383.1
24273.7
34591.1
25415.4
34519.1
19258.7
20393
16519.3
19690.3
21903
20853.9
27832.9
22861
13923.5
12972.3
6770.77
5751.04
15253.9
13908.5
7896.2
6440.04
18846.6
20378.9
19335.3
17662.2
19687.3
12982
10888.1
12553.7
17782.5
17757
36903.5
38603.2
25841.2
27171.5
15692.4
12875.5
17155.7
11887.4
8314.54
8025.78
13598
15007.9
5640.73
6141.04
15062.6
17157
7165.88
7895.95
14388.5
20051.8
8367.7
12865.1
2928.7
7125.01
2177.2
4919.23
17963
20551.6
17901.6
20919.5
19635
19932.1
20672.5
20433
16313.4
20643.8
18498.3
20351.9
17606.6
21073.6
17723.4
21263.9
21419.2
20645.3
21776.5
20800.4
14465.7
20781.7
13742.7
20929.5
18121.1
21390.1
22011.2
30602
19730.3
25296.6
22070.7
33502.6
16756.5
18365.7
21964.1
29287.8
16295.3
16814.1
22140.2
28985
18691.6
20231.2
23369.5
34667.3
18868.1
19314.9
25121.4
35218.6
18625.3
18309.3
27049.7
34969.7
18171.3
19087.9
19367.8
20552.4
30789.9
18356.3
17115.2
20686.4
18806.3
35163.2
19150.8
19931.4
19724.3
21317.3
38066.2
11317
10374
10421.2
13445.2
12372.3
11358.8
10831.6
13851.4
13616
11835.8
11332.7
14169.5
17826.7
17190.5
16693.9
16281.2
19213.1
18014.2
15842.4
14292.1
11877.7
14796.8
18837
18673.4
19910.7
20084.6
19057.4
17969.3
17247.6
15336.5
11706.2
14323.1
21664.4
24409.1
22516.5
26038.1
20527.3
21463.9
21160.5
22734.2
20821.8
21057.6
20276.6
20022.3
22818.6
26744.9
23035.2
27111
21092.7
23583.4
21275.7
23902.8
21149.8
21344.9
21338.8
21577.2
17773.2
16764.2
11560.8
12705.5
17677.9
16266
11518.9
12729.6
18070.2
16836.9
11779.4
12803.9
18214.9
16782.1
12151.7
12861.9
9514.74
9665.82
4125.86
3804.34
10598.2
10258.6
4574.95
4379.94
10340.8
9702.17
5210.49
5034.19
16984.6
16507
16525.9
16618.6
16438.5
15962.6
12336.8
11062.9
6141.36
5080.05
19034.8
18300.1
20275.3
19520.2
16058.9
14920.8
11515.4
9919.34
5652.4
4266.02
21897.9
20857.5
26793.9
23453.5
24329.6
21727.4
33242.8
25134.4
20071.2
16574.9
21828.1
17363.7
19928.2
16841.6
21895.1
17573.5
20442.4
18158.8
18534.2
17277.6
21083.2
22304.8
26137.3
27479.6
28656.4
30470
21541.7
23265.1
19489.5
19621.6
23454.5
25091
13524.5
9944.44
13940.6
10172.1
13792.5
9845.22
14109.2
10008
13731.9
9696.58
14069.9
10198.8
14097.4
10505.1
14687.1
10384.8
17184.8
16740.4
18944.1
17189.4
19655.9
18874.1
21483.8
19575.3
18662.1
14770.9
17775.3
14614.4
20339.5
17468
21264.4
17563.5
23012.6
19972.1
23667
20119.2
19339.3
14913.3
19897.5
14948.4
13024
9284.57
12141.9
7873.39
12493.1
9006.55
12094.9
7794.86
13424.4
9585.13
12181
7903.4
13637.1
9817.54
12097
7839.06
13064.7
13326.8
9329.8
8582.44
13203.5
13435.7
9174.38
8502.43
13177.1
12907.9
8939.04
8401.92
15268.1
17953
16104.6
11994.9
8687.4
16674
15662.5
17565.5
12075.7
8390.16
18380.1
16364
14579.1
12241.7
7725.13
14046.5
15415.9
8584.88
9399.43
13883.1
14955.1
8485.09
9207.63
12941.8
13583.8
8097.67
8304.55
16540.4
15752.5
15027
14564.4
15682.4
16263.5
12276
13227.5
7845.94
7729.83
16751.2
15446.4
15183.6
13998.7
13735.4
13292.9
11637.1
11811.1
7214.88
7862.67
14858.4
12860.5
14920.6
12272
16710
14286.6
17227.3
14454.9
13004.9
11205.8
13097.8
11999.4
15018.3
11988.3
15054.6
11926
17537.8
14946.6
17640.7
15059.1
13075.5
10697.6
13024.9
10652.7
10509.1
9486.99
6920.04
7760.17
10804
10198
7092.11
8158.16
10630.1
9206.44
6822.51
7847.64
10742.6
8955.58
6943.29
7686.08
18593.1
18572.5
25831.2
21668.8
17769.4
17890.9
24734.3
20676.3
15590.9
16308.9
22688.1
19216.6
15342.5
14874.7
14241.8
14109.7
16600.5
17133.4
15520.4
15560.9
20809.5
17607.8
14534.4
13898.5
13478
13374.1
13886.8
14306.4
15035.7
14747.7
20394.2
16217.5
6218.8
3989.16
2823.15
2434.04
6475.79
4133.72
2910.55
2454.48
6089.1
3905.27
2769.97
2409.56
6406.28
4082.74
2873.28
2417.33
5862.86
3746.58
2686.8
2335.33
6304.6
3973.72
2830.75
2342.93
6455.18
3967.56
2773.48
2361.59
6364.16
3869.72
2678.76
2313.14
5636.64
3597.45
2618.93
2272.53
4383.91
3003.6
2297.17
2128.79
5303.42
3464.77
2542.77
2174.72
4279.64
3012.14
2281.84
2081.33
5818.4
3656.3
2619.9
2280.48
4411.57
2983.64
2269.57
2133.1
5841.17
3636.77
2568.26
2239.45
4352.65
2945.84
2219.39
2078.27
5679.21
3713.79
2658.15
2353.28
4769.12
3305.38
2440.73
2265.83
5507.79
3626.41
2605.73
2314.42
4647.46
3255.48
2412.79
2254.52
5277.27
3490.95
2540.57
2275.94
4564.65
3195.05
2380.5
2252.56
4793.22
3242.76
2407.25
2258.03
4380.61
3093.24
2327.29
2151.08
4113.3
2992.31
2250.46
2077.09
3415.74
2889.28
1999.95
554.714
1303.06
2619.38
1845.89
623.525
3445.36
2885.61
1996.94
573.982
1465.45
2622.35
1842.04
625.682
3521.42
2866.21
1973.95
545.52
1718.68
2611.44
1817.45
610.645
3487.72
2812.97
1974.69
575.002
1758.34
2565.4
1795.95
609.767
3209.83
2702.21
1962.93
654.838
1212.79
2450.17
1757.16
605.368
2667.29
2457.75
1848.05
600.25
135.428
2156.19
1663.11
586.59
2861.59
2562.16
1902.98
616.852
326.381
2282.6
1704.6
592.115
2526.7
2374.75
1780.5
530.689
-35.0773
2062.47
1607.88
560.852
2477.01
2319.91
1727.22
503.207
34.7502
2003.23
1563.07
542.959
2268.71
1717.02
1178.15
684.902
224.493
2216.92
1703.41
1174.33
683.625
224.159
2268.23
1710.27
1173.26
682.238
223.66
2208.25
1692.86
1167.31
679.899
223.01
2284.17
1704.55
1167.7
679.073
222.661
2199.28
1681.05
1159.34
675.673
221.711
2157.3
1657.54
1146.58
669.392
219.827
2102.25
1624.98
1128.43
660.37
217.117
2252.51
1686.06
1157.13
673.769
221.061
2381.67
1696.83
1155.38
671.889
220.412
2320.69
1705.41
1164.69
677.064
222.002
2438.29
1711.27
1161.98
674.98
221.314
2198.65
1663.3
1145.35
668.053
219.361
2348.65
1677
1144.82
666.762
218.893
2151.21
1633.65
1128.62
659.72
216.865
2309.71
1651.37
1130.32
659.574
216.755
2369.23
1737.03
1182.75
686.249
224.825
2535.47
1755.12
1185.97
687.111
225.037
2375.17
1732.9
1179.31
684.328
224.218
2538.21
1751.41
1183.23
685.62
224.571
2394.05
1727.23
1174.06
681.396
223.29
2545.58
1744.21
1178.23
682.957
223.733
2446.35
1725.02
1169.34
678.61
222.397
2556.73
1733.66
1172.04
679.75
222.719
2502.08
1721.08
1166.11
676.876
221.857
11324.2
14904
11414.5
14945.8
11551.7
14955.6
11373.6
14785.2
10645
14072.9
9895.29
11072
9915.69
11498.8
9962.52
11033.4
10153.9
11211.2
8717.8
1441.36
302.181
67.064
11.8022
9383.11
2648.98
636.981
143.322
25.2208
8685.95
1427.73
298.665
66.1694
11.6243
9351.6
2621.42
630.065
141.366
24.69
8582.86
1402.74
292.576
64.7379
11.3667
9251.77
2582.52
619.975
138.959
24.2693
8349.87
1346.52
279.667
61.8844
10.873
9026.47
2507.85
601.766
134.937
23.5723
7885.66
1243.69
258.104
57.3252
10.0992
8549.54
2378.22
572.653
128.84
22.5516
7129.41
1168.4
249.87
56.3143
9.98952
7280
2097.35
515.82
117.709
20.7809
7342.09
1182.84
250.024
56.0244
9.90934
7641.35
2199.57
536.927
121.67
21.3782
7060.51
1169.04
251.249
56.7599
10.0773
7176.09
2056.59
506.221
115.857
20.5068
7056.76
1164.12
250.083
56.5297
10.0283
7213.28
2053.46
504.291
115.698
20.4459
32676
46580.8
44766.7
30802.6
24153
28746.4
23293.4
28546.8
26936.5
42633
28649.9
43868
244.356
261.513
299.755
361.649
451.606
574.787
258.85
276.458
315.547
378.227
467.503
586.923
233.418
228.025
251.647
248.092
292.404
293.129
358.886
367.921
454.398
474.261
578.855
601.8
737.257
945.56
1217.18
1578.96
1996.96
2297.73
739.996
929.148
1155.94
1411.31
1656.16
1815.1
654.275
959.936
1206.33
1378.94
1467.82
699.979
1026.47
1289.34
1473.29
1567.92
801.875
1174.82
1474.38
1683.6
1791.12
966.522
1413.95
1772.03
2021.45
2149.43
1205.08
1758.84
2199.63
2505.6
2662.38
1529.92
2224.64
2773.37
3152.84
3347.28
692.915
1016.28
1276.76
1459.13
1552.97
739.76
1084.34
1361.49
1555.28
1654.93
843.757
1235.41
1549.55
1768.77
1881.37
1010.2
1476.52
1849.04
2108.29
2241.29
1246.45
1817.05
2270.32
2584.81
2746.06
1560.67
2266.28
2822.64
3207.65
3405.39
625.044
917.209
1152.86
1318.03
1403.08
610.609
896.086
1126.42
1287.88
1371.03
673.66
988.104
1241.43
1418.79
1510.05
664.155
974.227
1224.1
1399.07
1489.11
782.346
1146.54
1439.29
1643.85
1748.99
784.293
1149.45
1443.01
1648.16
1753.59
959.362
1403.99
1760.09
2008.22
2135.53
983.478
1439.21
1804.15
2058.36
2188.73
1212.91
1771.04
2215.58
2524.1
2682.06
1265.76
1847.78
2310.95
2632.04
2796.29
1541.56
2243.09
2797.44
3180.25
3375.92
1602.58
2331.44
2906.58
3302.87
3504.96
1953.94
2823.78
3503.37
3972.4
4214.03
2487.62
3558.95
4384.2
4956.96
5258.34
3161.46
4447.36
5420.68
6113.06
6499.34
4011.67
5488.06
6585.49
7419.79
7951.98
4917.8
6472.75
7615.3
8589.46
9350.19
5541.51
7107.14
8256.69
9327.52
10273
1959.7
2829.39
3508.61
3978.48
4221.42
2445.62
3501.49
4316.68
4883.55
5181.82
3015.48
4266.38
5219.71
5893.11
6260.71
3637.29
5066.12
6141.28
6924.82
7380.54
4211.12
5766.35
6925.52
7807.08
8362.34
4575.41
6198.27
7403.8
8350.02
8978.17
247.237
270.266
314.89
383.956
482.106
614.582
261.802
285.415
330.906
400.527
497.221
624.073
236.329
231.041
260.56
257.375
307.953
309.459
382.139
392.694
486.603
508.346
622.477
649.189
785.787
998.698
1267.78
1616.9
2017.11
2303.42
783.239
975.063
1199.21
1445.79
1677.56
1822.22
662.009
971.358
1220.81
1395.61
1485.62
723.552
1061.39
1333.65
1524.36
1622.53
842.681
1235.39
1551.4
1772.52
1886.29
1026.8
1503.73
1886.62
2154.13
2291.67
1287.8
1882.78
2358.78
2690.74
2861.39
1638.48
2388.78
2986.04
3402
3616.14
700.857
1028.04
1291.7
1476.35
1571.39
763.911
1120.18
1407.06
1607.88
1711.22
885.218
1297.06
1628.12
1859.62
1978.69
1070.53
1566.55
1964.2
2241.84
2384.6
1327.12
1938.11
2426.02
2766.17
2941.16
1662.03
2419.59
3021.37
3440.59
3656.82
632.862
928.754
1167.48
1334.84
1421.03
618.711
908.045
1141.55
1305.27
1389.6
697.643
1023.58
1286.4
1470.57
1565.39
689.127
1011.15
1270.88
1452.9
1546.62
824.238
1208.65
1518.19
1734.85
1846.34
828.284
1214.65
1525.82
1743.65
1855.73
1022.16
1497.45
1879.31
2146.16
2283.36
1050.4
1538.87
1931.33
2205.57
2346.54
1300.27
1901.99
2383.8
2719.84
2892.49
1358.38
1987.01
2490.31
2841.21
3021.41
1660.68
2423.48
3031.48
3454.72
3672.26
1732.29
2528.6
3163.33
3604.85
3831.52
2087.58
3028.77
3772.62
4291.2
4560.06
2636.25
3792.1
4696.69
5332.7
5669.74
3307.09
4684.61
5748.8
6516.95
6947.68
4127.5
5689.38
6877.04
7791.21
8373.9
4986.49
6603.25
7813.43
8851.3
9656.97
5563.31
7151.65
8326.38
9421.88
10385.9
2078.56
3011.25
3746.94
4260.24
4527.02
2573.22
3699.91
4580.64
5199.24
5526.48
3137.77
4460.96
5483.82
6213.88
6614.09
3737.17
5230
6369.22
7206.94
7695.09
4275.05
5874.82
7079.94
8001.73
8582.22
4597.17
6236.02
7458.32
8419.54
9057.36
4919.21
3288.87
986.084
776.393
883.142
774.588
929.524
4533.54
4380.52
2881.26
3631.97
1818.9
2378.46
1545.88
1705.88
1453.93
4228.13
2437.76
1657.7
1483.19
1828.18
1602.55
1277.69
1233.7
1191.8
1056.89
1384.31
1258.37
4505.97
2805.24
3172.03
2100.78
1774.06
2414.51
1312.13
1066.13
1435.28
10079.4
10319
10682.8
12179.9
20307.1
7335.07
8524.19
9452.56
10747.4
12617.1
2608.74
3763.59
4670.11
5305.21
5639.14
2065.72
3003.1
3745.67
4262.42
4529.1
2349.55
3414.7
4256.57
4840.38
5140.57
2063.23
3003.91
3750.1
4268.35
4534.71
2468.11
3577.63
4452.03
5059.96
5374.46
10055.7
11310
12100.2
13654.8
21575.7
9930.18
11404.7
12399.5
13802.4
16192.4
6903.22
8786.95
10167.1
11450.2
12655.7
8734.41
10640.2
11742
12880.8
13871.2
4667.79
6466.85
7809.5
8777.78
9334.82
5913.29
7865.37
9274.83
10361.6
11072.9
4029.67
5695.61
6960.8
7846.58
8323.83
4418.93
6193.04
7524.16
8459.46
8970.56
3808.88
5418.18
6647.81
7501.35
7952.22
9332.75
10513.1
11316
12872.4
20678.6
5954.68
7772.87
9133.73
10356.7
11458
4283.25
5989.23
7281.85
8219.12
8761.47
3855.36
5434.98
6646.03
7521.23
8019.88
4650.3
6381.88
7693.03
8708.13
9382.67
4125.57
5746.74
6986.05
7916.96
8485.84
3336.68
4733.86
5815.77
6596.65
7034.59
3242.77
4637.47
5720.45
6485.14
6896.22
3149.95
4535.72
5614.29
6361.57
6749.85
2801.06
4049.17
5027.42
5706.08
6057.54
3629.5
5170.98
6356.55
7187.21
7631.91
3310.29
4738.22
5845.35
6622
7035.8
9546.13
10190.3
10716.1
12234.2
20193.9
6491.6
7919.81
9010.3
10265.7
11786.6
7523.16
9141.64
10204.2
11679.6
14420.2
5184.73
6856.51
8119.33
9231.28
10140
4501.89
6160.5
7422.85
8425.55
9104.09
5869.89
7625.38
8954.35
10205
11381.3
3429.36
4869.52
5983.54
6783.58
7228.82
2819.73
4065.61
5040.93
5721.74
6078.27
3732.98
5267.27
6447.41
7303.93
7793.09
9883.61
9308.14
8304.54
6905.55
5009.87
1959.16
18488.4
18849.9
21404.9
22102.7
18161.5
19278.7
20488.5
19874.6
15123.6
18591.6
15829.8
19176.8
18164.4
16386.7
25306.8
17798.1
18021.1
20229.6
20680.8
17213
18312.4
19612.6
19193.2
15070.7
22472.3
15689.8
22380.2
18343.5
19892.7
27150.7
17034.2
17126
18739.7
18940.9
16518.7
18007.5
18445.9
18511.1
17318.4
19924.1
18097.1
19948.2
19925.3
21890
24480.7
16316.9
16426.2
17407.3
17446.8
16126.8
17849.9
17280.5
17614.3
16259.7
17446.3
17013.3
17037
18257.7
19736
21214.1
15560
15702.7
16511.2
16465.1
15862.6
17740.7
16528.4
17045.1
15432.8
14453.1
16204.4
13907.9
16831
16700.5
17585.4
15234.6
15418.8
15922.3
15843.4
15511.1
17074.4
16050.8
16488.9
14766.9
12472.9
15344
12240.5
15696.7
14737.1
15968.8
21407.2
20562.4
22379.4
23543.3
19846.5
19852.9
20879.2
19966.5
18946.6
14084.6
18892
14152.4
16793.8
15262.7
18367.5
20229.5
19622.8
20719.5
21479.8
19198.4
19365.6
19728.8
18965.2
17612.8
13678.6
17592.9
13766.1
15448.4
13792.5
17060.2
18694.7
18344.1
18738.8
19100.6
18108.1
18288
18252.2
17800.3
16788.5
13480.1
16590.3
13218.7
14901
12664.4
16837.2
17274.5
17082.5
17243.9
17398.4
16933.6
17055.8
17085.7
16733.3
15942.6
14009.1
15839.2
13684.6
14394
12803.1
17270.8
16571.3
16449.6
16436
16502
16165.4
16281.7
16412.5
16198.3
15811.9
15194.7
15747.1
15029.3
14564.5
13380.7
17953.1
16070.9
15957.9
15980.4
16017.5
15721.9
16016.9
15932.2
15852.3
15770.4
15940.6
15766.4
15826
14710.5
13955.3
18723.4
)
;

boundaryField
{
    patch1
    {
        type            calculated;
        value           nonuniform List<scalar> 
2440
(
14189.5
27898.8
0
0
0
0
0
0
0
0
14185.3
27882.2
0
0
0
0
0
0
0
0
11573.4
18773.8
20476.2
32161.1
42267.3
27327.8
17362.2
8712.48
46876.3
18999.6
28015.2
21888.5
34765.3
43919.6
28703.6
22552
12251.3
0
0
0
0
0
0
0
0
0
0
0
0
0
0
0
0
0
0
0
0
0
0
0
0
0
0
0
0
0
0
0
0
0
0
0
46569.9
0
0
0
0
0
0
0
0
0
0
0
0
0
0
0
0
0
0
0
0
0
0
0
0
0
0
0
0
0
0
0
0
0
0
0
0
0
0
0
0
0
0
0
0
0
0
0
0
0
0
0
0
0
0
0
0
0
11384.7
18766.6
20497.3
32188.9
42317.4
27376.9
17369.8
8450.87
46881.2
18715.8
28016.3
21918.5
34795.7
43968
28744
22522.8
11795.5
0
0
0
0
0
0
0
0
0
0
0
0
0
0
0
0
0
0
0
0
0
0
0
0
0
0
0
0
0
0
0
0
0
0
0
46571.9
0
0
0
0
0
0
0
0
0
0
0
0
0
0
0
0
0
0
0
0
0
0
0
0
0
0
0
0
0
0
0
0
0
0
0
0
0
0
0
0
0
0
0
0
0
0
0
0
0
0
0
0
0
0
0
0
0
15381.2
22373.2
0
0
0
0
0
14737.2
15970.4
13955.4
18725.6
15381.6
22371.5
0
0
0
0
0
14737.1
15968.8
13955.3
18723.4
18452.3
26766.8
27490.2
21976.4
21262.8
27686.9
27659.5
22016.6
22005.8
17241.5
12904.9
16706.1
12885.6
17234.4
12992
17091.9
13054.2
789.977
630.505
1063.08
1349.48
2298.09
2513.78
21337.9
20334.8
14898
9218.25
3269.19
19911.8
19877.4
13607.5
8179.32
3088.85
22484.4
1461
3808.39
1700.26
4656.77
3046.08
6106.67
17225.3
12821.9
9865.54
8216.67
7635.07
14394.2
11203.7
9429.81
8522.85
8565.07
0
0
0
0
0
0
0
0
0
0
0
0
0
0
0
0
0
0
0
0
0
0
0
0
0
0
0
0
0
0
0
0
0
0
0
0
0
0
0
0
0
0.752458
-0.288176
0.750306
-0.357757
0.743364
-0.357063
0.725991
-0.345537
0.706986
-0.336
0.22173
-0.124454
0.465699
-0.243762
0.0808988
-0.0464508
0.0162633
-0.00848516
33129.9
45841.3
32170.9
19931.1
29260.5
24510.8
47352.5
58102.2
32719.1
24059
13411.5
24562.8
26295.8
21271.4
20138.9
27102.9
27484.7
21651.4
21895.9
16953.2
12813.4
16382.4
12814.8
17061.8
12925.8
17035.7
13028.7
9652.25
3762.87
10268.7
4379.85
9702.97
5034.01
16507
16618.7
15963.1
11063.1
5079.98
18300.2
19520.3
14920.9
9919.33
4265.95
18567.2
21651.4
17912.9
20682
16309.9
19216.9
14874.8
14109.9
17134.1
15561.3
17608.2
13898.7
13374.4
14306.8
14748.1
16217.9
0
0
0
0
0
0
0
0
0
0
0
0
0
0
0
0
0
0
0
0
0
0
0
0
0
0
0
0
0
0
0
0
0
0
0
0
0
0
0
0
0
0.754701
-0.288929
0.751082
-0.358309
0.741735
-0.356201
0.721924
-0.343329
0.701484
-0.33312
0.22017
-0.123792
0.461873
-0.241634
0.0804758
-0.0463922
0.016211
-0.00851577
32676.1
44777.5
30807.8
28649.7
28583.2
42735.8
43655.6
15239.1
15417.2
15921.3
15845.6
15510.7
17074.2
16050.2
16488.7
14771.6
12468.4
15343.6
12235.7
15696.7
16067.5
15956.2
15979.5
16015.9
15721.5
16016.9
15931.7
15852.2
15765.1
15904.5
15766.1
15822.9
14710.8
18447.7
26767.1
27490.4
21977
21263.3
27687.1
27659.7
22017.1
22006.3
17242.2
12905.6
16706.9
12886.4
17235
12992.7
17092.5
13054.8
775.53
623.951
1064.69
1351.83
2298.92
2515.18
21338.3
20335.5
14898.8
9219.17
3269.92
19912.2
19878.1
13608.2
8179.99
3089.26
22480.1
1437.42
3766.97
1700.27
4657.01
3046.5
6107.32
17225.3
12821.6
9865.09
8216.46
7635.28
14394.2
11203.5
9429.61
8522.72
8565.04
0
0
0
0
0
0
0
0
0
0
0
0
0
0
0
0
0
0
0
0
0
0
0
0
0
0
0
0
0
0
0
0
0
0
0
0
0
0
0
0
0
0.751383
-0.289994
0.750133
-0.357281
0.743173
-0.356917
0.725891
-0.345489
0.706947
-0.335988
0.221734
-0.12446
0.465694
-0.243772
0.0809014
-0.0464534
0.016264
-0.00848563
33131.1
45849.9
32173.3
19572.9
29252.5
24538.9
47379.7
58142.5
32759.4
24022.6
12884.2
24562.8
26295.8
21272
20139.5
27102.9
27484.8
21651.9
21896.4
16954
12814.2
16383.2
12815.7
17062.5
12926.5
17036.4
13029.4
9665.86
3804.32
10258.6
4379.94
9702.17
5034.19
16507
16618.6
15962.6
11062.9
5080.05
18300.1
19520.2
14920.8
9919.34
4266.02
18572.4
21668.8
17890.9
20676.3
16308.9
19216.6
14874.7
14109.7
17133.4
15560.9
17607.8
13898.5
13374.1
14306.4
14747.7
16217.5
0
0
0
0
0
0
0
0
0
0
0
0
0
0
0
0
0
0
0
0
0
0
0
0
0
0
0
0
0
0
0
0
0
0
0
0
0
0
0
0
0
0.753701
-0.290792
0.75094
-0.357847
0.741579
-0.356072
0.721857
-0.343296
0.70147
-0.33312
0.220177
-0.123799
0.461881
-0.241649
0.0804793
-0.0463947
0.0162118
-0.00851617
32675.4
44774.6
30803.8
28724.5
28568.7
42676.9
43813.4
15234.7
15418.8
15922.3
15843.5
15511.1
17074.4
16050.8
16488.9
14766.9
12472.9
15344
12240.5
15696.7
16070.8
15957.9
15980.4
16017.4
15721.9
16016.9
15932.2
15852.3
15770.4
15940.6
15766.4
15826
14710.5
18982.5
7300.15
1959.22
18981.6
7300.07
1959.16
19458.5
19930.8
26284.2
23500.6
8182.38
5905.5
9803
7989.82
533.565
668.43
4616.27
5073.64
9441.55
10203
25038.7
25824.7
19347.8
498.215
162.211
3729.98
3017.48
7377.35
6290.07
233.354
203.967
209.836
2404.62
1940.36
1700.74
4972.16
4318.29
4080.46
26729
26228.5
29902.3
26158.2
20762.1
21154.3
23296.1
22012.1
125.893
93.8856
1405.1
1120.61
1518.65
1802.92
14878.8
21195.2
8691.06
121.203
192.983
1014.86
968.967
1876.69
2026.99
94.4253
99.0476
116.524
1140.43
1211.53
1224.42
2688.82
3055.52
3160.6
9274.83
9754.14
10468
10980.3
10593.4
9902.7
9882.68
9977.05
10160.1
11348.4
11412.3
11550.3
11372.6
10644.2
9894.58
9914.92
9961.88
10153.3
19461.6
19933.1
26297.2
23506.3
8014.51
5788.42
9775.84
7980.22
460.105
572.686
4600.31
5059.93
9438.5
10199.6
25038.8
25825.6
19347.2
417.192
84.1449
3738.06
3024.34
7374.79
6289.16
186.526
164.229
175.575
2413.39
1943.7
1700.9
4972.4
4318.95
4081.11
26733.4
26229.9
29916.3
26163.8
20587.4
21101.7
23265.8
21984.1
108.993
79.2256
1396.61
1111.62
1517.7
1802.23
14879.4
21196.2
8690.97
105.978
185.814
1004.75
960.285
1876.09
2026.1
79.8547
82.3292
97.0891
1131.17
1206.37
1220.86
2687.68
3054.42
3159.84
9225.45
9756.47
10469.5
10981.3
10594.1
9903.3
9883.32
9977.62
10160.7
11324.2
11414.5
11551.7
11373.6
10645
9895.29
9915.69
9962.52
10153.9
20951.2
15757.2
2183.25
1555.66
1075.19
631.5
208.121
2188.43
1565.91
1081.04
634.425
209.008
23448.6
25087
25995.4
23858.7
24964.8
25596.9
2556.73
1733.66
1172.04
679.75
222.719
2502.08
1721.08
1166.11
676.876
221.857
9883.61
9308.14
8304.54
6905.55
5009.87
26460.8
26518.9
24393.1
24338.1
19452.8
17908.5
25512.9
23279.2
21722.7
23557.2
21425.9
19931
15448.4
13536.4
12484.4
20275.4
19520.3
16058.9
14920.9
11515.3
9919.33
5652.24
4265.95
14110.9
10509.8
14722.2
10392.8
6455.39
3967.65
2773.56
2361.68
6364.75
3869.99
2678.93
2313.27
2157.38
1657.6
1146.62
669.408
219.831
2102.36
1625.05
1128.47
660.391
217.123
231.056
257.39
309.477
392.715
508.372
649.221
618.749
908.101
1141.62
1305.35
1389.69
689.168
1011.21
1270.95
1452.99
1546.72
828.331
1214.72
1525.91
1743.75
1855.83
1050.46
1538.95
1931.43
2205.69
2346.67
1358.45
1987.11
2490.44
2841.35
3021.57
1732.37
2528.73
3163.49
3605.03
3831.71
1191.85
3150.08
4535.91
5614.53
6361.85
6750.15
23137.5
21333.8
19878.1
17073.6
14870.5
13608.2
11097.3
9022.56
8179.99
5427.25
3813.56
3089.26
14730.1
10468.3
14922.3
10385.1
20692.4
19899.2
14794.3
13415.4
7541.65
7307.55
18875.9
17852.8
17044
12689.2
12541.8
12307.7
7783.54
8005.08
8005.89
6033.12
3589.63
2493.93
2147.59
6222.85
3738.37
2584.55
2238.7
1995.55
1557.04
1089.08
640.359
211.013
2042.76
1587.07
1106.63
649.338
213.763
1094.02
2864.94
4063.33
4952.49
5541.95
5839.23
228.025
248.092
293.129
367.921
474.261
601.8
610.609
896.086
1126.42
1287.88
1371.03
664.155
974.227
1224.1
1399.07
1489.11
784.293
1149.45
1443.01
1648.16
1753.59
983.478
1439.21
1804.15
2058.36
2188.73
1265.76
1847.78
2310.95
2632.04
2796.29
1602.58
2331.44
2906.58
3302.87
3504.96
25994.8
23858.6
24972
25600.3
2556.77
1733.71
1172.06
679.759
222.72
2502.16
1721.13
1166.14
676.889
221.86
9884
9308.5
8304.85
6905.8
5010.04
20952
15757.1
2183.1
1555.58
1075.14
631.479
208.117
2188.27
1565.82
1081
634.402
209.002
23445.7
25084.4
43432.7
55865.2
28906
31527.2
14349.2
15929.2
1968.73
2095.11
0
0
0
0
0
0
0
0
0
0
0
0
0
0
0
20482.5
19051.6
22838.8
19555.9
22901.3
23751.7
15237.6
9655.07
15167.6
9584.56
5357.76
3267.82
2338.74
2042.68
5477.05
3336.18
2382.34
2061.62
-1169.1
1178.81
1160.39
427.825
-841.063
1272.32
1188.58
437.426
-289.844
1429.16
1231.54
443.179
285.234
1600.26
1290.76
463.109
405.567
1724.79
1345.22
480.404
3.69525
1844.33
1443.57
510.231
-22.3624
1788.46
1394.51
492.603
-76.0867
1893.32
1478.77
513.774
29.3744
1950.54
1521.31
527.429
1902.06
1503.5
1059.89
625.897
206.645
1930.1
1518.45
1067.68
629.656
207.763
2175.82
1580.23
1090.59
639.436
210.579
2172.7
1571.24
1084.73
636.368
209.622
2215.33
1597.95
1100.58
644.548
212.155
2263.99
1623.89
1114.88
651.79
214.382
2082.41
1522.62
1059.31
624.063
205.97
2099.67
1529.53
1062.6
625.587
206.413
2137.69
1542.11
1068.46
628.324
207.208
14296.3
14610.4
15029
15279
14747.3
11175.9
11648.7
11115.1
11268.3
9151.37
2600.62
630.541
142.747
25.2583
9252.72
2595.87
626.561
141.165
24.7941
9349.93
2593.5
622.371
139.663
24.4908
9284
2550.19
609.522
136.508
23.9103
8833.73
2430.59
582.708
130.85
22.952
7371.24
2125.69
522.821
119.283
21.1076
7776.79
2238.6
545.838
123.573
21.7552
7243.68
2077.19
511.379
117.037
20.7666
7261.96
2068.03
507.914
116.477
20.6418
42723.6
56700.7
24103.7
28302.6
13407.2
15345.8
1556.38
1909.84
808.967
4001.64
2198.28
1388.82
2143.49
3094.32
3830.37
4330.91
4584.75
8679.74
9258.07
9061.7
8895.59
8930.66
5310.04
6711.82
7471.26
7903.61
8134.58
3568.98
4923.16
5860.92
6457.73
6756.43
0
0
0
0
0
0
0
0
0
0
21804.9
17352.3
21896
17575.8
21547.8
23271.8
13927.6
10159.8
14102.4
10004.1
6469.37
4129.98
2907.94
2453.3
6405.48
4082.41
2873.19
2417.39
1284.57
2616.67
1844.94
623.41
1466.6
2621.86
1841.82
625.588
1719.15
2611.3
1817.36
610.609
1758.59
2565.39
1795.93
609.759
1212.95
2450.22
1757.18
605.375
135.52
2156.32
1663.19
586.615
326.489
2282.7
1704.65
592.133
-34.9981
2062.63
1607.99
560.884
34.8384
2003.43
1563.2
543
2217.1
1703.22
1174.1
683.482
224.115
2208.3
1692.92
1167.34
679.908
223.009
2381.78
1696.89
1155.42
671.906
220.417
2438.38
1711.33
1162.02
674.995
221.318
2348.77
1677.08
1144.86
666.783
218.899
2309.86
1651.45
1130.37
659.598
216.762
2536.58
1755.17
1185.88
687.045
225.012
2538.1
1751.46
1183.26
685.621
224.565
2545.57
1744.25
1178.25
682.961
223.731
15003
15017.1
15028
14822.5
14103.7
11106.5
11527
11072.2
11253.6
9439.61
2667.1
642.086
144.514
25.4721
9403.74
2637.03
633.992
142.289
24.9227
9302.87
2597.73
623.745
139.84
24.4944
9078.48
2523.25
605.548
135.813
23.7963
8598.77
2393.05
576.313
129.689
22.7699
7319.39
2109.18
518.71
118.367
20.9503
7681.41
2211.87
539.973
122.375
21.5596
7215
2068.16
509.019
116.488
20.6693
7252.46
2065.16
507.156
116.296
20.6093
258.865
276.474
315.566
378.248
467.528
586.953
740.032
929.19
1155.99
1411.36
1656.22
1815.16
692.957
1016.35
1276.84
1459.22
1553.07
739.804
1084.4
1361.57
1555.38
1655.04
843.807
1235.48
1549.65
1768.88
1881.48
1010.26
1476.6
1849.15
2108.41
2241.42
1246.52
1817.15
2270.45
2584.96
2746.22
1560.75
2266.41
2822.79
3207.84
3405.58
1959.8
2829.54
3508.8
3978.71
4221.66
2445.73
3501.66
4316.91
4883.82
5182.11
3015.61
4266.58
5219.99
5893.44
6261.06
3637.44
5066.36
6141.6
6925.2
7380.97
4211.28
5766.61
6925.87
7807.51
8362.83
4575.58
6198.54
7404.17
8350.47
8978.68
261.818
285.431
330.924
400.548
497.247
624.104
783.276
975.107
1199.26
1445.85
1677.62
1822.28
700.899
1028.1
1291.78
1476.44
1571.48
763.956
1120.24
1407.14
1607.98
1711.32
885.267
1297.13
1628.22
1859.73
1978.8
1070.59
1566.64
1964.31
2241.96
2384.73
1327.19
1938.21
2426.15
2766.32
2941.31
1662.11
2419.72
3021.52
3440.77
3657.01
2078.66
3011.39
3747.13
4260.46
4527.25
2573.34
3700.08
4580.87
5199.5
5526.76
3137.91
4461.17
5484.08
6214.19
6614.43
3737.33
5230.24
6369.53
7207.31
7695.49
4275.23
5875.08
7080.29
8002.15
8582.68
4597.35
6236.3
7458.69
8419.99
9057.87
883.181
3632.04
1453.98
2349.66
3414.85
4256.76
4840.61
5140.81
8734.61
10640.5
11742.3
12881.3
13871.7
3809.03
5418.4
6648.08
7501.66
7952.56
43483.4
55890.2
28960.4
31528.7
14358.1
15973.8
1343.54
1429.96
0
0
0
0
0
0
0
0
0
0
0
0
0
0
0
20277.1
18988
22805
19528.6
22899.4
23750.8
15235.8
9662.17
15151.7
9580.88
5356.31
3266.09
2337.92
2041.63
5476.39
3335.92
2382.12
2061.43
-1167.71
1177.38
1160.05
427.656
-841.766
1272.39
1188.6
437.457
-290.122
1428.99
1231.45
443.155
285.009
1600.01
1290.61
463.062
405.354
1724.51
1345.04
480.347
3.55475
1844.05
1443.38
510.171
-22.5227
1788.16
1394.33
492.542
-76.1984
1893.06
1478.6
513.719
29.277
1950.31
1521.16
527.381
1900.39
1502.62
1059.48
625.706
206.589
1929.99
1518.37
1067.63
629.64
207.761
2175.65
1580.14
1090.54
639.411
210.572
2172.53
1571.15
1084.68
636.344
209.616
2215.16
1597.86
1100.53
644.522
212.148
2263.83
1623.8
1114.82
651.764
214.375
2080.94
1522.12
1059.11
623.98
205.949
2099.66
1529.45
1062.55
625.573
206.415
2137.59
1542.03
1068.42
628.307
207.206
14240.4
14612.2
15029.8
15279.6
14747.8
11176.5
11649.3
11115.7
11268.9
9136.3
2594.9
628.901
142.354
25.1869
9251.04
2595.25
626.343
141.103
24.7821
9349.49
2593.29
622.291
139.637
24.4853
9284.04
2550.14
609.495
136.498
23.9078
8833.96
2430.62
582.707
130.847
22.9511
7371.6
2125.79
522.842
119.287
21.1082
7777.13
2238.68
545.852
123.575
21.7552
7244.05
2077.29
511.403
117.042
20.7675
7262.34
2068.14
507.94
116.483
20.6428
42773
56742.7
24147.6
28348.8
13362.9
15294.5
1046.26
1287.59
808.929
4001.62
2198.24
1388.78
2143.39
3094.17
3830.18
4330.68
4584.5
8679.66
9257.91
9061.48
8895.37
8930.44
5309.93
6711.63
7471.01
7903.31
8134.26
3568.85
4922.98
5860.67
6457.44
6756.11
0
0
0
0
0
0
0
0
0
0
21832.4
17366.9
21895.1
17574.1
21544.8
23270
13940.5
10172.2
14101.2
10005.9
6475.79
4133.72
2910.55
2454.48
6406.28
4082.74
2873.28
2417.33
1303.06
2619.38
1845.89
623.525
1465.45
2622.35
1842.04
625.682
1718.68
2611.44
1817.45
610.645
1758.34
2565.4
1795.95
609.767
1212.79
2450.17
1757.16
605.368
135.428
2156.19
1663.11
586.59
326.381
2282.6
1704.6
592.115
-35.0773
2062.47
1607.88
560.852
34.7502
2003.23
1563.07
542.959
2216.92
1703.41
1174.33
683.625
224.159
2208.25
1692.86
1167.31
679.899
223.01
2381.67
1696.83
1155.38
671.889
220.412
2438.29
1711.27
1161.98
674.98
221.314
2348.65
1677
1144.82
666.762
218.893
2309.71
1651.37
1130.32
659.574
216.755
2535.47
1755.12
1185.97
687.111
225.037
2538.21
1751.41
1183.23
685.62
224.571
2545.58
1744.21
1178.23
682.957
223.733
14976.1
15019
15029
14823.4
14104.5
11107.2
11527.7
11072.8
11254.2
9434.11
2662.71
640.632
144.149
25.4041
9403.29
2636.75
633.837
142.238
24.912
9303.02
2597.74
623.714
139.824
24.4904
9078.84
2523.34
605.556
135.81
23.795
8599.21
2393.16
576.334
129.692
22.77
7319.83
2109.31
518.739
118.373
20.9513
7681.87
2211.99
540
122.38
21.5603
7215.42
2068.28
509.048
116.494
20.6704
7252.86
2065.27
507.183
116.302
20.6103
258.85
276.458
315.547
378.227
467.503
586.923
739.996
929.148
1155.94
1411.31
1656.16
1815.1
692.915
1016.28
1276.76
1459.13
1552.97
739.76
1084.34
1361.49
1555.28
1654.93
843.757
1235.41
1549.55
1768.77
1881.37
1010.2
1476.52
1849.04
2108.29
2241.29
1246.45
1817.05
2270.32
2584.81
2746.06
1560.67
2266.28
2822.64
3207.65
3405.39
1959.7
2829.39
3508.61
3978.48
4221.42
2445.62
3501.49
4316.68
4883.55
5181.82
3015.48
4266.38
5219.71
5893.11
6260.71
3637.29
5066.12
6141.28
6924.82
7380.54
4211.12
5766.35
6925.52
7807.08
8362.34
4575.41
6198.27
7403.8
8350.02
8978.17
261.802
285.415
330.906
400.527
497.221
624.073
783.239
975.063
1199.21
1445.79
1677.56
1822.22
700.857
1028.04
1291.7
1476.35
1571.39
763.911
1120.18
1407.06
1607.88
1711.22
885.218
1297.06
1628.12
1859.62
1978.69
1070.53
1566.55
1964.2
2241.84
2384.6
1327.12
1938.11
2426.02
2766.17
2941.16
1662.03
2419.59
3021.37
3440.59
3656.82
2078.56
3011.25
3746.94
4260.24
4527.02
2573.22
3699.91
4580.64
5199.24
5526.48
3137.77
4460.96
5483.82
6213.88
6614.09
3737.17
5230
6369.22
7206.94
7695.09
4275.05
5874.82
7079.94
8001.73
8582.22
4597.17
6236.02
7458.32
8419.54
9057.36
883.142
3631.97
1453.93
2349.55
3414.7
4256.57
4840.38
5140.57
8734.41
10640.2
11742
12880.8
13871.2
3808.88
5418.18
6647.81
7501.35
7952.22
23137.3
21333.3
19877.4
17073.1
14869.9
13607.5
11096.7
9021.93
8179.32
5426.77
3813.11
3088.85
14736
10471.9
14925.3
10387.3
20692.2
19899.2
14794.6
13415.7
7541.72
7307.83
18876
17852.9
17044
12689.6
12542.2
12308
7784.02
8005.62
8006.35
6034.39
3590.1
2494.19
2147.77
6223.83
3738.77
2584.77
2238.86
1995.67
1557.12
1089.13
640.381
211.018
2042.88
1587.15
1106.68
649.361
213.769
1094.06
2865.06
4063.5
4952.72
5542.22
5839.53
228.039
248.107
293.146
367.943
474.287
601.831
610.648
896.142
1126.49
1287.96
1371.12
664.196
974.288
1224.17
1399.16
1489.2
784.341
1149.52
1443.1
1648.26
1753.7
983.535
1439.3
1804.26
2058.48
2188.86
1265.83
1847.88
2311.08
2632.2
2796.45
1602.66
2331.57
2906.74
3303.05
3505.15
26461
26518.9
24392.9
24337.9
19451.9
17907.9
25512.9
23279.5
21723.1
23557.4
21426.4
19931.7
15448.5
13537
12485.1
20275.3
19520.2
16058.9
14920.8
11515.4
9919.34
5652.4
4266.02
14109.6
10509.1
14720.5
10391.6
6455.18
3967.56
2773.48
2361.59
6364.16
3869.72
2678.76
2313.14
2157.3
1657.54
1146.58
669.392
219.827
2102.25
1624.98
1128.43
660.37
217.117
231.041
257.375
309.459
392.694
508.346
649.189
618.711
908.045
1141.55
1305.27
1389.6
689.127
1011.15
1270.88
1452.9
1546.62
828.284
1214.65
1525.82
1743.65
1855.73
1050.4
1538.87
1931.33
2205.57
2346.54
1358.38
1987.01
2490.31
2841.21
3021.41
1732.29
2528.6
3163.33
3604.85
3831.52
1191.8
3149.95
4535.72
5614.29
6361.57
6749.85
)
;
    }
    patch2
    {
        type            calculated;
        value           nonuniform List<scalar> 
348
(
10050.8
10050.4
10648.9
6614.66
5498.52
7039.53
11921.8
7353.35
6171.17
7934.35
10648.2
6614.29
5498.22
7039.14
11921.3
7353
6170.88
7933.99
19982.9
13497.3
5213.73
4197.01
4648.84
4155.56
4902.93
17599.1
12708.5
10731
9836.23
8996.9
7830.26
8940.01
8204.36
7072.56
7455.4
6833.2
17975.5
10305.3
7601.11
7128.05
8353.53
7745.69
6538.55
6245.73
5915.05
5384.6
6652.27
6257.31
19210.9
12077.4
14304.6
9829.64
8530.04
1490.46
1592.02
1818.49
2181.99
2702.25
3396.8
1576.88
1680.3
1910.02
2275.13
2787.11
3455.86
1424.75
1392.22
1533.3
1512.04
1775.75
1780.42
2167.91
2221.88
2722.2
2837.99
3425.64
3556.21
4276.04
5337.68
6608.15
8125.17
9648.81
10678.3
4283.97
5260.18
6361.31
7514.17
8539.28
9188.5
1508.56
1647.54
1915.26
2326.69
2904.84
3670.8
1595.59
1737.54
2009.01
2420.95
2985.75
3712.12
1443
1411.08
1589.54
1570.49
1874.73
1884.26
2318.28
2382.4
2936.43
3067.25
3727.68
3889.19
4629.25
5758.63
7068.84
8562.32
9971
10797.9
4595.83
5612.56
6723.58
7837.9
8766.69
9270.67
20305.6
13689.3
5726.48
4597.36
5217.17
4602.61
5455.24
21193.1
17059.9
13215.7
14283
9497.53
11311.4
8452.83
9110.91
8071.23
20449.6
11958.7
8921.41
8164.1
9616.05
8662.81
7158.04
7006.57
6850.31
6148.03
7751.25
7146.01
20200.6
12596.1
15681.5
10511.5
9337.88
19981.5
13496.5
5213.44
4196.78
4648.59
4155.33
4902.66
17597.6
12707.7
10730.4
9835.82
8996.67
7829.87
8939.57
8204.03
7072.22
7455.07
6832.88
17974
10304.7
7600.71
7127.65
8353.04
7745.24
6538.17
6245.38
5914.75
5384.32
6651.92
6256.97
19209.5
12076.6
14303.6
9829.02
8529.52
1490.37
1591.92
1818.38
2181.86
2702.09
3396.6
1576.78
1680.2
1909.91
2274.99
2786.95
3455.67
1424.66
1392.13
1533.21
1511.94
1775.64
1780.31
2167.78
2221.75
2722.04
2837.82
3425.44
3556.01
4275.8
5337.38
6607.76
8124.68
9648.22
10677.6
4283.72
5259.87
6360.95
7513.73
8538.78
9187.97
1508.46
1647.44
1915.15
2326.56
2904.69
3670.61
1595.5
1737.44
2008.89
2420.81
2985.6
3711.92
1442.91
1411
1589.45
1570.4
1874.62
1884.15
2318.15
2382.27
2936.28
3067.09
3727.49
3889
4629.01
5758.34
7068.48
8561.87
9970.46
10797.3
4595.6
5612.27
6723.24
7837.49
8766.22
9270.15
20304.3
13688.5
5726.2
4597.14
5216.92
4602.39
5454.98
21192.3
17059.2
13215.1
14282.5
9497.14
11311
8452.48
9110.54
8070.89
20448.7
11958.1
8921.03
8163.73
9615.63
8662.4
7157.69
7006.24
6850.01
6147.74
7750.91
7145.69
20199.5
12595.4
15680.8
10511
9337.42
10181.3
5979.99
4745.74
10987.3
6807.84
5553.83
12244
8074.85
6854.22
13763.3
9395.99
8103.2
15467.7
10299.6
8819
27953.5
24130.4
27030.7
22994.3
25637
21317.3
24371.4
19562.6
22665.3
17827.9
10156.9
5945.31
4708.66
10983.1
6809.06
5555.03
12242.4
8074.98
6854.68
13762.1
9395.77
8103.3
15466.5
10299.2
8818.92
27989.8
24158.7
27024.1
22996.2
25634.8
21316.7
24370.2
19561.9
22664.5
17827.3
)
;
    }
    patch3
    {
        type            calculated;
        value           uniform 0;
    }
    patch4
    {
        type            calculated;
        value           nonuniform List<scalar> 
384
(
6279.37
12201.3
15111.3
39796.1
51464.6
23485.7
13793.7
5577.32
11983.1
13427.6
34768
34256
6040.72
12208.1
15098.7
39809.8
51489.3
23485.9
13819.5
5261.81
11904.7
13451
34731.7
34314.7
11104.6
12578.2
37497.9
38688.5
10894.3
12536.2
36928.4
38559.8
11105.5
12579.7
37504.8
38693.3
10895.4
12537.4
36928
38562.7
7667.22
7860.83
8303.38
8013.86
2523.62
6396.53
2103.4
4780.9
2933.23
7129.18
2185.72
4924.4
8298.25
8011.95
7668.36
7861.91
4607.83
3420.98
5938.43
4794.06
15118.2
12748.3
3269.16
3910.14
5094.06
5919.93
6865.5
5841.58
7872.07
6412.47
15681.4
12866.4
5721.95
6231.14
7134.87
7872.4
4453.75
3318.76
5936.96
4807.44
15119
12749.8
3181.85
3813.86
5107.97
5936.27
6786.57
5761.47
7896.24
6441.2
15685.7
12868.5
5640.59
6141.04
7157.87
7894.45
2930.1
7124.65
2184.9
4922.95
2524.98
6399.51
2103.88
4782.04
47188
52018.6
50575.4
53292.2
47194.1
52023.1
50581.6
53297.6
9643.31
4184.83
12887.4
6273.66
18276.1
11474.9
6811.61
5093.89
22205.2
37247.3
27100.3
42312.9
19089.3
34939.7
17714
34322.4
15822.2
6457.05
18202.6
8223.45
22402.6
13596.3
7582.78
5251.94
23506.3
37616.2
29284.1
43076.4
19721.2
35096.8
17890.9
34362
9496.38
4083.8
12901.5
6291.81
18284
11483.6
6814.99
5095.2
22209.4
37250.3
27105
42316.5
19092.3
34942.4
17716.4
34325
15715.9
6361.46
18219.7
8247.51
22412.5
13608.6
7587.63
5253.55
23512
37620
29290.1
43081.1
19725.2
35099.9
17893.6
34364.8
15897.3
32052.4
20242
36522.5
26352.7
40910
36669.3
25778.7
44250.2
28352.8
46286.4
32078.6
47292.4
39486.8
15703.1
31796.1
20259.5
36548.5
26361.6
40920
36674.6
25667.1
44110.6
28369.1
46311.1
32087.2
47301.5
39492.6
8190.45
8291.55
8400.85
8365.44
7976.64
7165.62
7395.7
7082.26
7063.87
8720.22
8687.15
8582.84
8349.52
7885.22
7128.97
7341.63
7060.1
7056.36
8179.54
8289.08
8400.28
8365.5
7976.91
7165.99
7396.04
7082.64
7064.25
8717.81
8685.95
8582.86
8349.87
7885.66
7129.41
7342.08
7060.51
7056.76
1400.06
1391.38
1389.79
1353.84
1258.35
1175.45
1193.63
1173.11
1165.43
1450.14
1426.94
1402.57
1346.44
1243.63
1168.33
1182.78
1168.98
1164.06
1390.7
1391.97
1389.85
1353.86
1258.38
1175.51
1193.68
1173.17
1165.5
1441.36
1427.73
1402.74
1346.52
1243.69
1168.4
1182.84
1169.04
1164.12
298.462
294.376
291.423
281.234
260.781
251.513
252.378
252.21
250.394
304.532
298.522
292.544
279.654
258.092
249.856
250.011
251.235
250.07
296.053
294.488
291.432
281.232
260.784
251.524
252.387
252.222
250.407
302.181
298.665
292.576
279.667
258.104
249.87
250.024
251.249
250.083
66.783
65.6053
64.6449
62.2073
57.8446
56.6889
56.5275
56.9858
56.6036
67.6093
66.1469
64.7351
61.8833
57.3233
56.3113
56.0217
56.7568
56.5267
66.2297
65.623
64.6433
62.205
57.8444
56.6911
56.5289
56.9885
56.6064
67.064
66.1694
64.7379
61.8844
57.3252
56.3143
56.0244
56.7599
56.5297
11.803
11.5622
11.3668
10.9288
10.1835
10.055
9.99415
10.1177
10.0417
11.8989
11.6214
11.3668
10.8732
10.099
9.98902
9.90894
10.0768
10.0278
11.7052
11.5645
11.366
10.9281
10.1833
10.0554
9.99432
10.1182
10.0422
11.8022
11.6243
11.3667
10.873
10.0992
9.98952
9.90934
10.0773
10.0283
)
;
    }
}


// ************************************************************************* //
