/*--------------------------------*- C++ -*----------------------------------*\
  =========                 |
  \\      /  F ield         | OpenFOAM: The Open Source CFD Toolbox
   \\    /   O peration     | Website:  https://openfoam.org
    \\  /    A nd           | Version:  11
     \\/     M anipulation  |
\*---------------------------------------------------------------------------*/
FoamFile
{
    format      ascii;
    class       volScalarField;
    location    "2.4";
    object      T;
}
// * * * * * * * * * * * * * * * * * * * * * * * * * * * * * * * * * * * * * //

dimensions      [0 0 0 1 0 0 0];

internalField   nonuniform List<scalar> 
5712
(
539.483
555.374
529.264
548.475
514.448
538.973
488.756
517.908
488.333
511.412
511.27
533.838
525.126
544.645
534.21
551.602
506.013
486.418
525.421
497.054
478.481
457.977
497.935
467.413
547.45
554.898
559.934
564.023
537.49
546.704
553.836
559.633
537.898
523.111
516.073
506.378
534.554
548.13
544.191
543.882
506.971
511.032
521.125
520.267
477.091
480.48
551.09
553.172
526.568
532.51
559.974
562.612
559.934
567.785
567.148
570.79
553.355
565.187
563.842
569.461
540.169
559.56
551.068
564.835
559.213
567.993
562.376
569.108
472.562
460.918
479.685
463.244
441.301
430.901
448.897
433.556
506.606
491.364
500.028
488.936
484.822
464.364
486.206
464.167
454.139
434.957
455.587
434.914
511.355
492.499
512.691
492.38
530.176
556.718
518.545
548.49
524.058
553.062
515.483
545.55
534.57
558.841
520.024
550.048
535.959
559.618
520.117
550.751
553.971
542.099
564.386
555.639
544.599
532.81
560.626
550.73
530.434
519.43
554.015
543.351
458.342
421.753
489.797
515.171
545.772
416.284
452.841
484.391
508.432
536.627
421.539
454.911
484.773
511.013
539.728
520.986
502.857
525.643
508.314
515.213
498.401
523.667
506.156
506.004
490.299
520.539
503.241
406.465
394.43
444.205
432.002
474.478
461.343
497.715
483.368
518.976
502.88
410.536
397.364
445.397
435.355
475.628
465.122
500.926
488.632
522.032
508.063
448.817
443.685
447.142
442.239
414.759
396.349
414.589
395.268
476.968
475.317
478.729
475.93
444.661
440.993
444.566
441.094
413.755
395.102
413.869
395.345
474.184
474.066
474.067
474.23
504.328
502.633
526.268
523.827
504.791
501.533
525.881
521.439
502.907
502.227
526.186
524.439
501.557
501.342
525.045
523.381
483.782
469.513
462.231
486.732
471.288
463.725
480.64
466.149
458.559
484.698
468.711
460.758
472.815
458.274
450.607
481.695
464.531
455.927
381.766
373.175
369.18
418.082
406.182
399.909
446.065
431.575
423.505
465.943
450.325
442.14
480.231
461.092
451.306
383.251
372.451
367.318
423.447
410.684
403.908
450.984
435.288
426.441
470.448
451.632
441.3
482.464
460.688
449.219
412.556
403.788
418.18
409.53
443.859
428.875
454.237
436.423
388.575
366.135
389.783
368.127
389.868
368.896
391.748
371.033
391.4
387.435
390.743
385.23
372.269
375.978
413.694
416.563
441.878
444.712
394.734
399.186
394.666
397.423
379.105
382.382
344.228
326.76
349.674
330.232
346.864
327.325
352.231
331.282
351.046
328.052
358.25
333.224
362.22
336.438
364.235
338.451
386.523
377.175
394.039
380.712
412.145
401.991
419.593
405.231
373.511
359.705
366.18
356.167
398.357
382.724
400.283
383.395
424.178
407.006
425.853
407.317
377.677
361.818
379.743
362.686
353.884
330.445
342.606
324.47
347.12
326.265
339.338
322.036
358.035
333.571
344.614
326.072
360.343
335.726
345.545
326.979
327.647
316.229
319.937
312.279
329.877
318.899
320.243
313.016
334.268
324.968
321.168
315.206
367.597
391.071
350.214
337.335
321.001
386.174
362.963
343.639
331.309
317.069
390.782
367.522
348.9
334.367
319.058
306.596
297.524
304.585
296.2
309.685
300.539
305.989
297.716
315.844
306.567
308.742
300.52
376.058
364.322
353.158
341.836
335.972
325.936
323.787
314.122
312.106
303.853
379.471
365.193
356.967
343.395
339.931
327.944
326.629
315.373
314.2
305.132
361.162
343.137
364.292
345.173
384.184
364.544
386.62
365.235
346.126
329.95
343.165
327.703
366.936
346.489
367.686
347.114
388.352
365.63
388.839
366.084
348.803
331.529
349.58
332.107
330.046
315.985
315.865
304.738
328.426
314.24
315.079
304.054
331.482
317.26
316.399
304.964
333.035
317.983
317.316
305.828
287.981
283.419
281.652
282.547
278.896
277.674
291.329
286.275
284.286
284.164
280.332
278.935
297.541
292.019
289.746
286.697
282.209
280.507
352.89
345.444
342.07
331.497
325.13
322.441
316.333
310.338
308.004
304.004
297.547
294.772
288.539
283.234
281.144
351.535
341.987
337.907
330.92
322.293
318.615
316.298
308.446
305.226
303.055
295.942
293.252
287.373
282.404
280.476
313.23
304.386
298.407
293.556
314.784
304.973
298.546
293.478
313.326
304.486
298.532
293.67
315.333
305.282
298.802
293.707
313.289
304.581
298.834
294.042
315.766
305.598
299.216
294.114
317.262
306.387
299.419
294.066
318.545
307.214
299.851
294.291
314.765
305.43
299.363
294.36
312.725
304.985
299.514
294.953
312.83
304.58
299.121
294.505
311.58
304.376
299.237
294.957
316.367
306.238
299.646
294.403
313.69
305.555
299.822
295.145
317.649
306.995
300.062
294.707
314.505
306.095
300.199
295.489
310.704
303.5
298.282
293.843
307.691
302.498
298.137
294.29
310.712
303.548
298.389
293.967
307.922
302.613
298.218
294.377
310.835
303.672
298.604
294.243
308.601
302.912
298.406
294.554
310.628
303.735
298.833
294.637
309.137
303.191
298.638
294.815
310.343
303.804
299.026
295.048
305.217
301.762
297.867
295.097
303.757
301.395
297.769
295.374
305.726
301.955
297.973
295.18
304.323
301.604
297.868
295.441
306.65
302.321
298.15
295.301
305.294
301.979
298.039
295.555
307.767
302.801
298.442
295.512
306.39
302.444
298.282
295.72
308.824
303.359
298.801
295.746
307.297
302.938
298.565
295.921
310.286
304.401
299.404
296.127
308.597
303.98
299.271
296.437
309.599
303.894
299.093
295.92
307.957
303.465
298.904
296.162
310.897
304.885
299.693
296.33
309.23
304.51
299.637
296.721
311.543
305.375
300.05
296.625
309.917
305.048
300.03
297.04
288.711
285.246
282.684
281.01
280.184
288.705
285.254
282.691
281.014
280.188
288.778
285.282
282.705
281.022
280.194
288.793
285.303
282.72
281.032
280.201
288.871
285.328
282.731
281.038
280.206
288.899
285.361
282.753
281.053
280.217
289.03
285.441
282.802
281.084
280.24
289.22
285.556
282.871
281.129
280.274
288.993
285.398
282.772
281.065
280.225
289.112
285.438
282.791
281.076
280.233
288.949
285.362
282.749
281.049
280.214
289.052
285.399
282.768
281.061
280.222
289.11
285.47
282.816
281.093
280.246
289.223
285.504
282.831
281.101
280.253
289.291
285.578
282.881
281.134
280.278
289.382
285.597
282.887
281.137
280.28
288.735
285.242
282.679
281.005
280.181
288.765
285.24
282.675
281.002
280.179
288.787
285.268
282.693
281.014
280.187
288.804
285.26
282.686
281.009
280.184
288.871
285.309
282.716
281.028
280.198
288.874
285.295
282.706
281.021
280.193
288.965
285.35
282.739
281.042
280.208
288.952
285.337
282.73
281.036
280.204
289.016
285.375
282.752
281.051
280.214
532.475
529.819
532.017
529.369
531.522
529.012
531.754
529.366
533.715
531.416
537.671
538.099
536.57
536.171
538.067
538.785
538.148
538.715
564.809
571.25
572.606
572.912
572.978
557.904
569.358
572.177
572.819
572.956
564.864
571.274
572.613
572.914
572.978
557.955
569.392
572.185
572.823
572.957
564.879
571.292
572.619
572.915
572.979
557.98
569.418
572.194
572.825
572.957
565.093
571.352
572.633
572.919
572.979
558.229
569.491
572.212
572.829
572.958
565.651
571.472
572.659
572.924
572.981
558.913
569.643
572.244
572.836
572.96
566.119
571.524
572.665
572.925
572.981
560.672
569.989
572.311
572.849
572.963
566.019
571.52
572.666
572.925
572.981
560.017
569.856
572.286
572.844
572.962
566.13
571.52
572.663
572.924
572.981
560.966
570.058
572.325
572.851
572.963
566.175
571.53
572.665
572.925
572.981
561.005
570.079
572.328
572.852
572.963
427.015
462.958
460.541
422.651
405.799
407.29
409.169
412.057
421.005
424.988
451.258
460.356
459.215
468.962
435.138
439.702
422.782
426.177
415.982
418.047
369.786
351.908
305.133
298.694
301.594
298.45
303.196
367.799
361.886
344.189
351.466
348.097
324.677
334.823
330.694
318.825
322.678
317.128
364.559
338.101
321.852
318.054
326.046
321.622
313.6
311.955
310.083
306.425
315.23
312.237
366.395
344.825
352.926
333.477
326.144
338.669
314.252
307.092
317.192
351.191
334.889
320.321
304.722
286.033
340.393
328.301
314.97
300.21
283.123
301.903
297.379
291.456
284.505
276.91
296.168
292.587
287.852
282.264
276.148
298.762
294.759
289.479
283.268
276.487
295.952
292.406
287.713
282.174
276.117
300.188
295.949
290.376
283.827
276.677
349.409
332.26
317.385
302.138
284.992
343.571
326.579
312.055
297.523
281.781
333.894
322.357
309.575
295.876
281.048
335.771
320.426
306.906
293.585
280.062
333.15
318.202
305.005
292.18
279.461
318.532
310.63
301.026
290.31
278.873
326.414
316.428
305
292.693
279.705
323
313.664
302.864
291.25
279.153
313.699
306.867
298.332
288.663
278.304
316.79
309.168
299.881
289.547
278.592
312.268
305.727
297.498
288.144
278.125
348.023
331.992
317.629
302.456
285.144
329.644
319.584
307.898
294.96
280.729
316.329
309.049
300.009
289.758
278.701
313.15
306.564
298.248
288.704
278.346
319.883
311.953
302.242
291.245
279.265
316.255
309.142
300.226
289.992
278.809
309.35
303.54
296.075
287.394
277.904
307.911
302.336
295.143
286.784
277.684
306.253
300.94
294.063
286.082
277.436
303.043
298.309
292.125
284.899
277.038
310.702
304.545
296.708
287.708
277.989
308.137
302.495
295.234
286.822
277.693
349.223
333.414
319.143
303.838
285.83
335.028
324.121
311.728
297.876
282.058
341.256
328.07
314.659
299.931
282.95
326.238
317.257
306.429
294.109
280.372
320.124
312.316
302.655
291.587
279.398
330.305
320.325
308.636
295.566
280.987
309.911
303.985
296.387
287.573
277.961
303.632
298.801
292.503
285.143
277.124
312.438
306.023
297.883
288.499
278.28
505.902
542.98
499.389
537.991
476.247
519.557
482.525
524.61
488.108
474.585
518.324
491.305
463.74
449.37
492.318
463.412
522.407
536.266
551.353
557.745
516.191
529.738
547.451
554.513
531.001
506.48
509.991
493.749
519.964
542.308
542.058
543.399
504.632
510.464
519.367
519.854
475.527
480.106
548.804
552.671
524.121
531.925
558.19
562.243
549.76
564.443
563.573
569.59
543.599
561.965
560.727
568.36
530.914
556.525
546.604
563.325
557.62
567.427
562.058
568.987
468.416
460.619
477.078
463.29
440.342
433.053
448.056
434.982
503.244
490.717
494.363
487.481
483.656
464.522
485.92
464.26
453.842
435.82
455.555
435.226
509.804
492.276
512.284
492.346
527.432
555.764
517.869
548.247
519.455
551.455
514.105
545.055
533.274
558.372
519.745
549.944
535.609
559.485
520.054
550.725
537.062
522.507
559.032
549.032
529.234
515.514
555.668
544.776
517.689
505.739
549.89
538.725
459.588
432.012
485.053
509.503
543.68
429.069
455.251
478.914
501.392
534.016
429.678
456.622
482.963
508.778
538.913
502.567
488.942
518.182
505.57
498.813
485.821
517.581
504.519
492.713
480.132
516.523
503.219
422.149
413.482
448.302
438.661
470.871
459.948
492.409
480.374
517.67
504.647
421.423
410.577
449.271
441.799
475.542
467.913
499.962
490.422
522.058
510.383
451.038
447.386
448.688
444.655
420.328
404.438
417.716
399.886
477.489
476.444
479.056
477.383
445.599
442.319
444.879
441.51
415.417
397.466
414.4
396.071
474.599
474.761
474.217
474.457
504.435
503.132
526.38
524.156
504.582
502.186
525.91
522.011
503.054
502.552
526.285
524.633
501.623
501.461
525.084
523.447
480.549
476.857
494.633
489.674
477.475
473.23
493.352
487.482
471.573
467.24
491.47
484.314
405.998
400.827
431.024
425.465
451.839
445.829
471.338
465.399
491.133
481.531
400.474
394.348
435.265
428.436
459.859
451.563
478.888
468.647
492.249
479.721
410.327
403.691
419.007
410.475
436.009
424.667
452.403
434.949
392.532
373.165
396.066
375.53
392.053
375.038
396.042
377.223
394.383
389.473
393.632
388.423
377.645
380.65
414.504
416.872
441.465
444.656
396.723
399.878
396.525
398.08
382.15
383.474
357.786
339.312
359.543
340.466
359.269
338.982
360.6
340.101
362.129
338.436
364.818
340.42
366.196
340.946
365.622
340.025
392.945
384.583
397.345
385.06
414.915
407.094
420.853
408.273
378.578
364.788
375.375
364.636
400.119
385.074
400.849
384.16
424.909
408.679
426.117
407.876
380.387
364.582
380.599
363.576
360.376
336.502
347.759
328.933
357.957
335.035
347.618
328.727
361.589
337.164
347.466
328.645
361.465
336.907
346.466
327.821
354.186
349.104
336.508
331.817
355.576
350.822
335.978
331.512
357.859
354.16
335.219
331.494
387.594
408.08
370.869
354.699
332.532
406.576
387.502
370.557
353.731
330.603
404.468
383.144
363.782
346.991
328.103
342.697
335.057
325.208
315.084
345.185
338.045
325.587
315.861
349.129
342.751
326.192
316.978
400.144
392.283
381.363
374.387
364.738
358.771
347.881
341.171
325.761
316.925
396.355
384.47
375.558
364.125
356.999
346.325
340.554
329.639
323.508
313.846
371.112
354.692
369.674
351.44
392.942
375.793
391.242
371.301
351.602
335.736
352.787
337.974
369.66
349.633
368.534
348.061
390.671
368.672
389.563
367.002
351.64
334.471
350.465
332.997
334.981
320.684
319.753
308.133
336.723
322.267
321.202
309.525
334.146
319.721
318.576
306.819
333.904
318.762
318.007
306.397
328.582
326.353
298.452
296.723
332.472
329.829
299.621
297.675
337.444
333.332
300.949
297.158
385.26
380.227
367.93
363.44
352.904
348.895
333.91
328.126
300.025
294.12
373.879
368.908
353.957
349.494
336.323
332.183
317.734
313.205
293.744
289.273
321.733
309.818
301.918
295.827
322.308
309.916
301.786
295.59
321.256
309.593
301.822
295.763
321.907
309.654
301.68
295.575
320.35
309.195
301.848
295.953
321.142
309.223
301.65
295.707
320.767
308.796
301.048
295.143
319.792
308.083
300.442
294.688
319.195
308.478
301.468
295.795
316.183
307.472
301.318
296.28
318.85
308.617
301.852
296.308
316.551
307.853
301.66
296.64
319.116
308.163
301
295.357
315.747
307.061
300.945
296.015
318.586
307.658
300.53
295.038
315.191
306.602
300.582
295.791
320.565
309.566
302.162
296.36
318.775
309.171
302.385
297.104
320.102
309.378
302.118
296.362
318.5
309.052
302.324
297.082
319.345
309.062
302.084
296.459
318.098
308.838
302.215
297.05
318.025
308.569
302.02
296.69
317.478
308.552
302.124
297.084
316.697
308.106
301.934
297.005
316.935
308.814
302.338
298.342
315.645
308.613
302.399
298.875
316.872
308.739
302.3
298.32
315.614
308.54
302.351
298.84
316.663
308.568
302.168
298.213
315.454
308.379
302.228
298.753
316.212
308.281
302.038
298.116
315.059
308.119
302.078
298.647
315.399
307.857
301.873
298.029
314.273
307.748
301.878
298.517
313.57
306.846
301.207
297.58
312.151
306.685
301.249
298.036
314.42
307.358
301.553
297.817
313.144
307.242
301.594
298.307
312.816
306.348
300.799
297.255
311.286
306.121
300.835
297.702
312.172
305.86
300.42
296.938
310.58
305.574
300.424
297.365
290.012
286.015
283.144
281.303
280.405
289.948
285.994
283.135
281.297
280.401
289.965
285.982
283.124
281.289
280.395
289.878
285.948
283.107
281.279
280.387
289.917
285.944
283.098
281.273
280.382
289.798
285.895
283.073
281.258
280.371
289.656
285.814
283.025
281.227
280.348
289.457
285.697
282.956
281.183
280.315
289.802
285.875
283.057
281.247
280.362
289.829
285.857
283.041
281.235
280.353
289.904
285.921
283.082
281.262
280.374
289.91
285.898
283.065
281.25
280.365
289.667
285.801
283.014
281.219
280.342
289.71
285.79
283.002
281.211
280.335
289.485
285.693
282.95
281.178
280.311
289.553
285.697
282.947
281.176
280.308
290.101
286.038
283.153
281.307
280.408
290.179
286.054
283.158
281.31
280.41
290.07
286.015
283.138
281.298
280.401
290.153
286.036
283.147
281.303
280.404
290.024
285.978
283.115
281.282
280.389
290.103
286.002
283.126
281.289
280.394
289.993
285.945
283.092
281.267
280.378
290.035
285.96
283.1
281.272
280.381
289.963
285.923
283.079
281.259
280.371
529.962
528.52
530.143
528.671
530.667
529.183
531.842
530.241
534.164
532.438
537.854
538.349
536.841
536.617
538.177
538.923
538.186
538.761
564.525
571.216
572.601
572.911
572.978
557.529
569.294
572.168
572.818
572.956
564.663
571.251
572.61
572.913
572.978
557.723
569.351
572.179
572.822
572.957
564.807
571.286
572.618
572.915
572.979
557.956
569.411
572.193
572.825
572.958
565.136
571.362
572.635
572.919
572.98
558.38
569.513
572.216
572.83
572.959
565.736
571.487
572.662
572.925
572.981
559.125
569.68
572.251
572.837
572.96
566.161
571.534
572.667
572.925
572.981
560.768
570.013
572.316
572.85
572.963
566.082
571.534
572.669
572.926
572.981
560.17
569.89
572.293
572.846
572.962
566.154
571.525
572.665
572.924
572.981
561.019
570.071
572.328
572.852
572.963
566.183
571.532
572.666
572.925
572.981
561.021
570.083
572.329
572.852
572.963
427.207
462.746
459.691
423.175
416.648
422.715
414.288
421.824
443.544
459.838
447.391
461.784
281.99
282.609
283.989
286.209
289.401
293.693
282.515
283.147
284.55
286.785
289.933
294.069
281.592
281.395
282.252
282.123
283.727
283.755
286.119
286.448
289.518
290.229
293.866
294.677
299.177
305.862
313.899
323.346
332.415
338.357
299.228
305.354
312.297
319.55
325.924
329.891
281.135
279.905
278.255
276.286
274.118
281.694
280.378
278.614
276.51
274.194
282.94
281.433
279.415
277.01
274.364
284.943
283.129
280.701
277.812
274.636
287.821
285.56
282.544
278.961
275.027
291.681
288.815
285.007
280.495
275.548
281.609
280.307
278.56
276.477
274.183
282.18
280.79
278.926
276.705
274.26
283.446
281.861
279.739
277.212
274.433
285.461
283.565
281.032
278.018
274.706
288.297
285.96
282.845
279.148
275.09
292.015
289.093
285.215
280.625
275.592
280.775
279.6
278.023
276.141
274.069
280.596
279.449
277.908
276.069
274.044
281.371
280.105
278.407
276.38
274.15
281.254
280.006
278.332
276.334
274.134
282.704
281.234
279.264
276.915
274.332
282.729
281.255
279.28
276.926
274.335
284.863
283.062
280.651
277.781
274.626
285.16
283.313
280.842
277.9
274.666
287.928
285.652
282.614
279.005
275.042
288.569
286.194
283.025
279.261
275.128
291.84
288.952
285.111
280.559
275.569
292.571
289.569
285.576
280.848
275.667
296.597
292.946
288.125
282.436
276.207
302.552
297.926
291.875
284.773
277.003
309.639
303.806
296.296
287.543
277.956
317.819
310.521
301.354
290.763
279.094
325.426
316.663
306.006
293.816
280.237
330.315
320.583
308.993
295.812
281.009
296.638
292.978
288.149
282.452
276.213
302.102
297.552
291.597
284.601
276.945
308.251
302.672
295.451
287.012
277.771
314.61
307.932
299.411
289.507
278.636
320.127
312.462
302.827
291.684
279.404
323.538
315.257
304.943
293.045
279.891
282.098
282.939
284.563
287.063
290.587
295.277
282.627
283.487
285.136
287.643
291.093
295.55
281.701
281.507
282.587
282.471
284.315
284.372
287.008
287.395
290.772
291.565
295.61
296.59
301.183
308.19
316.345
325.525
333.904
338.884
301.004
307.321
314.266
321.252
327.078
330.3
281.233
279.988
278.319
276.326
274.131
281.993
280.633
278.809
276.632
274.236
283.461
281.877
279.754
277.223
274.436
285.719
283.791
281.208
278.13
274.745
288.9
286.483
283.251
279.406
275.179
293.126
290.054
285.96
281.096
275.753
281.71
280.393
278.626
276.518
274.197
282.488
281.052
279.127
276.831
274.303
283.977
282.314
280.086
277.43
274.507
286.242
284.231
281.542
278.338
274.816
289.353
286.863
283.538
279.585
275.239
293.366
290.252
286.106
281.187
275.784
280.873
279.684
278.087
276.181
274.082
280.699
279.536
277.974
276.111
274.058
281.675
280.364
278.604
276.504
274.192
281.57
280.275
278.537
276.462
274.178
283.237
281.688
279.611
277.133
274.406
283.289
281.732
279.644
277.154
274.413
285.67
283.75
281.178
278.112
274.739
286.021
284.047
281.404
278.253
274.787
289.069
286.627
283.362
279.476
275.202
289.786
287.236
283.824
279.764
275.3
293.431
290.316
286.16
281.222
275.796
294.318
291.069
286.732
281.578
275.917
298.433
294.527
289.346
283.209
276.472
304.695
299.782
293.318
285.691
277.319
311.908
305.79
297.853
288.542
278.302
319.865
312.333
302.797
291.701
279.422
326.844
317.936
307.034
294.494
280.478
330.821
321.041
309.366
296.061
281.098
298.262
294.376
289.228
283.135
276.447
303.908
299.113
292.808
285.371
277.209
310.069
304.253
296.685
287.801
278.043
316.191
309.317
300.5
290.208
278.878
321.207
313.414
303.581
292.173
279.575
323.922
315.597
305.213
293.221
279.953
370.594
352.596
307.954
300.963
304.77
300.981
306.259
377.415
375.697
353.71
366.135
332.225
344.491
325.379
329.763
322.903
370.931
344.892
328.12
323.185
331.883
326.099
316.834
315.942
315.002
310.577
320.735
316.846
368.926
346.825
357.411
336.502
329.973
343.886
318.069
310.723
321.69
352.069
335.712
321.032
305.238
286.243
341.085
328.946
315.511
300.586
283.267
304.503
299.634
293.211
285.623
277.295
298.246
294.377
289.236
283.14
276.448
301.679
297.28
291.435
284.51
276.913
298.27
294.404
289.258
283.153
276.452
303.005
298.389
292.272
285.033
277.091
360.269
342.727
326.322
308.381
287.441
359.125
341.476
324.588
306.013
284.787
343.626
331.559
317.264
301.057
282.912
352.502
336.386
320.321
302.617
283.272
325.859
317.312
306.458
293.882
280.123
336.167
325.562
312.57
297.736
281.484
319.968
312.516
302.88
291.633
279.34
323.792
315.653
305.213
293.08
279.833
317.814
310.748
301.558
290.804
279.053
354.951
338.718
323.424
306.557
286.816
336.36
325.809
313.04
298.406
281.969
322.318
314.441
304.349
292.594
279.691
317.993
310.877
301.688
290.938
279.123
325.484
317.017
306.338
293.937
280.212
320.49
312.921
303.249
291.962
279.497
312.362
306.184
298.159
288.736
278.369
311.624
305.597
297.711
288.435
278.255
310.831
304.956
297.223
288.113
278.138
306.878
301.645
294.73
286.562
277.611
315.89
309.154
300.376
290.083
278.813
312.442
306.286
298.226
288.749
278.36
351.959
335.987
321.361
305.436
286.49
337.006
325.947
313.246
298.915
282.447
345.852
332.406
318.339
302.483
283.908
329.149
319.897
308.579
295.538
280.884
323.764
315.58
305.281
293.31
280.003
335.435
325.068
312.558
298.204
281.941
313.476
307.124
298.867
289.172
278.515
306.992
301.731
294.794
286.607
277.628
316.666
309.773
300.864
290.43
278.951
280.538
295.114
308.464
320.028
329.181
336.038
487.582
481.837
458.915
464.545
472.573
463.866
449.632
439.366
506.402
521.361
500.219
513.656
491.237
482.963
502.375
478.187
473.526
451.199
455.735
465.676
457.979
443.465
434.642
496.867
507.707
491.468
500.99
483.114
475.447
491.161
465.153
461.742
440.444
443.776
455.631
449.384
434.45
426.98
482.333
492.854
478.021
487.535
471.609
465.125
479.537
451.748
449.227
429.216
431.771
444.35
438.971
424.378
417.931
468.683
479.852
465.214
475.487
460.003
453.803
468.404
442.065
440.02
421.042
423.206
435.796
431.14
416.817
410.912
458.4
470.32
455.439
466.821
451.236
445.763
460.651
435.516
433.705
415.464
417.43
429.918
425.84
411.55
406.055
451.642
465.161
448.931
461.759
445.44
440.563
455.589
410.392
407.323
432.492
436.699
403.054
397.756
425.636
417.229
388.362
368.302
387.411
369.919
383.704
383.114
372.491
406.305
403.441
426.896
430.562
399.441
394.495
420.81
413.003
383.897
364.47
383.099
366.248
379.618
379.473
368.611
399.792
397.256
418.552
421.518
393.696
389.158
413.475
406.717
379.319
359.685
378.46
361.304
375.291
375.08
363.484
391.688
389.474
409.109
411.543
386.147
381.615
404.81
398.482
372.544
353.663
371.795
355.108
368.905
368.652
357.325
385.179
383.162
401.968
404.114
380.172
375.873
398.095
392.26
366.7
349.113
366.047
350.211
363.653
363.345
352.485
380.517
378.634
397.011
398.996
376.027
372.194
393.391
387.972
362.955
346.033
362.433
347.115
360.286
360.169
349.633
540.087
555.886
529.296
548.432
514.46
538.955
488.744
517.889
488.32
511.389
511.288
533.822
525.178
544.623
534.925
552.251
506.01
486.409
525.406
497.043
478.466
457.964
497.917
467.399
547.907
555.208
560.298
564.258
537.49
546.69
553.781
559.591
537.878
523.103
516.06
506.371
534.543
548.108
544.185
543.877
506.962
511.024
521.116
520.259
477.079
480.47
551.083
553.168
526.56
532.504
559.967
562.609
560.144
567.866
567.295
570.843
553.335
565.178
563.815
569.45
540.157
559.554
551.052
564.829
559.207
567.991
562.374
569.107
472.553
460.91
479.676
463.237
441.29
430.892
448.886
433.547
506.598
491.358
500.021
488.93
484.813
464.357
486.198
464.16
454.129
434.949
455.577
434.906
511.348
492.493
512.684
492.374
530.169
556.715
518.54
548.488
524.05
553.058
515.478
545.548
534.565
558.839
520.02
550.046
535.954
559.617
520.113
550.749
554.245
542.409
564.497
555.791
544.576
532.786
560.615
550.714
530.421
519.417
554.009
543.344
458.334
421.745
489.789
515.163
545.768
416.277
452.835
484.384
508.424
536.622
421.531
454.905
484.766
511.007
539.725
521.291
503.101
525.849
508.482
515.194
498.394
523.66
506.156
505.994
490.293
520.534
503.24
406.459
394.425
444.199
431.997
474.472
461.339
497.708
483.363
518.973
502.878
410.53
397.359
445.391
435.35
475.622
465.118
500.921
488.629
522.029
508.061
448.81
443.68
447.136
442.234
414.752
396.343
414.582
395.263
476.963
475.312
478.723
475.925
444.655
440.988
444.56
441.089
413.748
395.097
413.862
395.34
474.179
474.061
474.062
474.226
504.324
502.629
526.266
523.824
504.786
501.529
525.879
521.437
502.903
502.224
526.183
524.437
501.553
501.338
525.043
523.378
483.985
469.685
462.394
486.889
471.426
463.851
480.641
466.153
458.564
484.703
468.721
460.768
472.814
458.276
450.611
481.696
464.536
455.934
381.763
373.174
369.179
418.079
406.181
399.909
446.063
431.575
423.506
465.942
450.326
442.142
480.231
461.095
451.311
383.247
372.45
367.318
423.444
410.683
403.908
450.982
435.288
426.442
470.446
451.633
441.302
482.463
460.689
449.223
412.509
403.76
418.134
409.503
443.827
428.854
454.205
436.403
388.479
366.148
389.647
368.109
389.79
368.846
391.675
370.991
391.357
387.391
390.713
385.199
372.23
375.942
413.673
416.549
441.862
444.7
394.705
399.169
394.644
397.407
379.08
382.365
344.246
326.753
349.676
330.213
346.843
327.317
352.216
331.277
351.024
328.044
358.228
333.216
362.202
336.43
364.222
338.444
386.506
377.163
394.021
380.701
412.13
401.98
419.578
405.221
373.493
359.694
366.162
356.156
398.343
382.714
400.272
383.387
424.166
406.996
425.842
407.308
377.663
361.809
379.732
362.678
353.87
330.438
342.597
324.465
347.106
326.258
339.329
322.03
358.022
333.564
344.606
326.067
360.333
335.72
345.539
326.975
327.601
316.166
319.926
312.262
329.872
318.898
320.237
313.011
334.258
324.962
321.162
315.201
367.586
391.062
350.203
337.326
320.995
386.166
362.954
343.631
331.302
317.064
390.773
367.512
348.891
334.359
319.053
306.536
297.458
304.579
296.193
309.685
300.543
305.985
297.712
315.841
306.567
308.738
300.517
376.051
364.318
353.151
341.832
335.966
325.933
323.782
314.119
312.102
303.85
379.464
365.188
356.96
343.39
339.924
327.94
326.623
315.369
314.196
305.129
361.154
343.132
364.284
345.168
384.176
364.539
386.613
365.23
346.119
329.946
343.158
327.699
366.929
346.484
367.68
347.109
388.345
365.625
388.833
366.079
348.797
331.524
349.575
332.103
330.04
315.982
315.861
304.735
328.42
314.237
315.075
304.052
331.477
317.257
316.395
304.961
333.03
317.98
317.313
305.826
287.913
283.341
281.569
282.557
278.884
277.655
291.336
286.283
284.293
284.159
280.333
278.936
297.542
292.022
289.749
286.695
282.209
280.508
352.887
345.443
342.07
331.495
325.129
322.44
316.331
310.337
308.005
304.004
297.548
294.773
288.538
283.234
281.144
351.532
341.986
337.907
330.917
322.292
318.614
316.296
308.445
305.225
303.053
295.941
293.252
287.372
282.403
280.476
313.223
304.38
298.399
293.547
314.766
304.96
298.536
293.467
313.322
304.484
298.531
293.67
315.331
305.28
298.801
293.707
313.286
304.579
298.833
294.041
315.762
305.596
299.215
294.114
317.259
306.385
299.418
294.065
318.542
307.213
299.85
294.29
314.762
305.428
299.362
294.359
312.722
304.983
299.512
294.952
312.826
304.578
299.12
294.504
311.576
304.374
299.236
294.956
316.364
306.236
299.645
294.403
313.687
305.553
299.82
295.144
317.646
306.994
300.061
294.706
314.502
306.094
300.198
295.488
310.701
303.497
298.277
293.834
307.684
302.494
298.133
294.283
310.709
303.546
298.387
293.967
307.92
302.611
298.217
294.377
310.832
303.67
298.603
294.243
308.598
302.91
298.405
294.554
310.625
303.733
298.831
294.636
309.134
303.189
298.637
294.815
310.34
303.802
299.024
295.047
305.211
301.758
297.864
295.091
303.746
301.39
297.765
295.37
305.724
301.954
297.972
295.179
304.323
301.603
297.867
295.44
306.648
302.32
298.149
295.301
305.292
301.978
298.038
295.554
307.764
302.8
298.441
295.511
306.387
302.442
298.28
295.719
308.821
303.357
298.8
295.745
307.294
302.936
298.564
295.92
310.283
304.399
299.402
296.126
308.594
303.978
299.27
296.436
309.596
303.892
299.092
295.919
307.954
303.463
298.903
296.161
310.894
304.883
299.692
296.329
309.227
304.508
299.635
296.72
311.54
305.373
300.049
296.624
309.915
305.046
300.028
297.039
288.707
285.244
282.684
281.009
280.184
288.701
285.252
282.69
281.014
280.187
288.778
285.282
282.705
281.022
280.194
288.793
285.303
282.72
281.032
280.201
288.871
285.328
282.731
281.038
280.206
288.899
285.361
282.753
281.053
280.217
289.03
285.441
282.802
281.084
280.24
289.22
285.556
282.871
281.129
280.274
288.993
285.398
282.772
281.065
280.225
289.112
285.438
282.791
281.076
280.234
288.948
285.362
282.749
281.049
280.214
289.052
285.399
282.768
281.061
280.222
289.109
285.47
282.816
281.093
280.246
289.222
285.504
282.831
281.101
280.253
289.291
285.578
282.881
281.134
280.278
289.382
285.597
282.887
281.137
280.28
288.732
285.24
282.678
281.005
280.181
288.763
285.239
282.674
281.002
280.178
288.786
285.268
282.693
281.014
280.187
288.804
285.259
282.686
281.009
280.184
288.871
285.309
282.716
281.028
280.198
288.874
285.295
282.706
281.022
280.193
288.965
285.35
282.739
281.042
280.208
288.952
285.337
282.73
281.036
280.204
289.016
285.375
282.752
281.051
280.215
532.542
529.895
532.027
529.378
531.525
529.014
531.754
529.366
533.714
531.415
537.669
538.097
536.569
536.169
538.065
538.783
538.146
538.713
564.864
571.264
572.609
572.913
572.978
557.939
569.368
572.18
572.82
572.956
564.861
571.274
572.613
572.914
572.978
557.959
569.393
572.185
572.823
572.957
564.878
571.292
572.619
572.915
572.979
557.981
569.419
572.194
572.825
572.957
565.093
571.352
572.633
572.919
572.979
558.229
569.491
572.212
572.829
572.958
565.65
571.472
572.659
572.924
572.981
558.913
569.644
572.244
572.836
572.96
566.118
571.524
572.665
572.925
572.981
560.672
569.989
572.311
572.849
572.963
566.018
571.52
572.666
572.925
572.981
560.016
569.856
572.286
572.844
572.962
566.13
571.52
572.663
572.924
572.981
560.966
570.058
572.325
572.851
572.963
566.175
571.53
572.665
572.925
572.981
561.004
570.079
572.327
572.852
572.963
426.998
462.944
460.52
422.622
405.536
406.943
409.067
411.954
420.933
424.915
451.215
460.31
459.172
468.915
435.066
439.629
422.685
426.077
415.518
417.458
369.781
351.904
305.131
298.693
301.592
298.449
303.195
367.795
361.883
344.186
351.464
348.096
324.675
334.821
330.692
318.823
322.676
317.127
364.555
338.098
321.849
318.052
326.043
321.619
313.598
311.953
310.081
306.423
315.228
312.235
366.391
344.821
352.922
333.474
326.141
338.666
314.25
307.09
317.19
351.187
334.885
320.318
304.72
286.032
340.389
328.298
314.967
300.209
283.122
301.902
297.378
291.455
284.504
276.91
296.167
292.586
287.851
282.263
276.148
298.761
294.758
289.478
283.267
276.486
295.95
292.405
287.712
282.174
276.116
300.187
295.948
290.375
283.826
276.677
349.405
332.257
317.382
302.136
284.991
343.568
326.576
312.053
297.521
281.78
333.891
322.354
309.573
295.875
281.048
335.769
320.425
306.905
293.584
280.062
333.149
318.2
305.004
292.179
279.461
318.53
310.628
301.024
290.31
278.872
326.412
316.426
304.999
292.692
279.705
322.998
313.663
302.863
291.25
279.153
313.697
306.865
298.331
288.662
278.304
316.788
309.167
299.88
289.546
278.591
312.266
305.726
297.497
288.144
278.125
348.019
331.988
317.625
302.454
285.143
329.641
319.582
307.896
294.959
280.728
316.327
309.047
300.008
289.757
278.701
313.148
306.562
298.247
288.703
278.346
319.881
311.951
302.24
291.244
279.265
316.253
309.14
300.225
289.991
278.809
309.348
303.538
296.074
287.394
277.904
307.909
302.335
295.142
286.783
277.684
306.252
300.939
294.062
286.082
277.436
303.041
298.307
292.124
284.899
277.038
310.701
304.543
296.707
287.707
277.989
308.135
302.494
295.233
286.821
277.693
349.219
333.411
319.14
303.835
285.829
335.025
324.118
311.726
297.875
282.057
341.252
328.066
314.656
299.929
282.95
326.235
317.255
306.428
294.107
280.372
320.122
312.313
302.653
291.586
279.397
330.302
320.322
308.634
295.565
280.986
309.909
303.983
296.385
287.573
277.961
303.63
298.8
292.502
285.142
277.124
312.436
306.021
297.882
288.498
278.279
506.228
543.369
499.345
537.874
476.203
519.428
482.871
525.085
488.079
474.567
518.271
491.279
463.714
449.354
492.269
463.391
522.681
536.472
551.662
557.965
516.154
529.71
547.355
554.446
530.957
506.454
509.964
493.73
519.94
542.268
542.041
543.392
504.617
510.454
519.35
519.845
475.512
480.095
548.789
552.665
524.106
531.918
558.177
562.239
549.901
564.504
563.71
569.64
543.574
561.954
560.69
568.347
530.897
556.518
546.579
563.316
557.61
567.423
562.055
568.986
468.402
460.609
477.063
463.28
440.33
433.043
448.042
434.973
503.229
490.709
494.35
487.472
483.645
464.514
485.911
464.253
453.831
435.812
455.545
435.218
509.794
492.269
512.276
492.34
527.42
555.76
517.863
548.245
519.444
551.451
514.099
545.052
533.266
558.369
519.74
549.942
535.603
559.483
520.049
550.723
537.184
522.623
559.102
549.126
529.218
515.5
555.658
544.761
517.678
505.731
549.884
538.719
459.578
432.002
485.043
509.494
543.676
429.061
455.242
478.906
501.385
534.011
429.669
456.613
482.955
508.771
538.91
502.68
489.008
518.292
505.633
498.799
485.812
517.572
504.515
492.707
480.127
516.517
503.215
422.143
413.478
448.296
438.656
470.865
459.944
492.403
480.369
517.666
504.643
421.416
410.572
449.263
441.794
475.535
467.908
499.956
490.418
522.055
510.379
451.031
447.38
448.681
444.649
420.321
404.433
417.709
399.881
477.483
476.439
479.049
477.378
445.592
442.313
444.873
441.505
415.411
397.461
414.394
396.066
474.593
474.756
474.212
474.452
504.43
503.128
526.377
524.153
504.577
502.182
525.907
522.007
503.05
502.548
526.282
524.63
501.619
501.457
525.081
523.444
480.603
476.908
494.694
489.735
477.469
473.224
493.349
487.481
471.57
467.237
491.467
484.311
405.995
400.825
431.021
425.463
451.836
445.827
471.334
465.396
491.13
481.529
400.47
394.346
435.262
428.433
459.855
451.56
478.884
468.644
492.245
479.718
410.319
403.683
418.999
410.465
435.994
424.655
452.382
434.935
392.634
373.246
396.164
375.608
392.051
375.039
396.044
377.226
394.378
389.468
393.625
388.417
377.643
380.648
414.493
416.86
441.452
444.644
396.716
399.867
396.516
398.069
382.145
383.465
357.856
339.354
359.612
340.51
359.276
338.984
360.609
340.105
362.129
338.436
364.818
340.42
366.192
340.944
365.615
340.021
392.938
384.576
397.336
385.053
414.905
407.086
420.842
408.264
378.572
364.783
375.37
364.632
400.11
385.066
400.839
384.152
424.899
408.671
426.107
407.868
380.379
364.576
380.59
363.57
360.372
336.5
347.755
328.93
357.955
335.034
347.614
328.725
361.584
337.161
347.462
328.641
361.457
336.902
346.46
327.817
354.258
349.175
336.55
331.86
355.579
350.822
335.979
331.511
357.857
354.158
335.219
331.493
387.589
408.072
370.865
354.696
332.531
406.569
387.496
370.553
353.728
330.602
404.461
383.138
363.778
346.988
328.101
342.769
335.128
325.277
315.174
345.186
338.047
325.584
315.856
349.126
342.749
326.191
316.975
400.139
392.279
381.359
374.383
364.734
358.768
347.878
341.169
325.76
316.923
396.35
384.466
375.554
364.121
356.995
346.322
340.552
329.637
323.506
313.844
371.107
354.688
369.669
351.437
392.936
375.789
391.236
371.296
351.598
335.733
352.783
337.971
369.655
349.629
368.528
348.057
390.665
368.667
389.557
366.997
351.635
334.467
350.46
332.994
334.978
320.682
319.751
308.132
336.721
322.265
321.2
309.523
334.143
319.718
318.573
306.818
333.9
318.759
318.004
306.394
328.669
326.433
298.573
296.839
332.48
329.84
299.614
297.677
337.443
333.333
300.947
297.158
385.257
380.225
367.927
363.437
352.902
348.893
333.909
328.126
300.023
294.119
373.876
368.905
353.954
349.492
336.321
332.181
317.733
313.203
293.743
289.272
321.757
309.83
301.921
295.824
322.333
309.93
301.792
295.59
321.256
309.593
301.822
295.763
321.908
309.654
301.679
295.575
320.35
309.195
301.848
295.953
321.142
309.222
301.649
295.707
320.766
308.795
301.047
295.143
319.789
308.081
300.441
294.687
319.194
308.477
301.467
295.795
316.182
307.471
301.317
296.28
318.849
308.617
301.851
296.308
316.55
307.852
301.659
296.639
319.114
308.162
300.999
295.357
315.745
307.06
300.944
296.015
318.583
307.656
300.529
295.038
315.188
306.601
300.581
295.79
320.587
309.576
302.163
296.355
318.793
309.178
302.387
297.101
320.103
309.378
302.118
296.362
318.5
309.052
302.324
297.083
319.345
309.062
302.084
296.459
318.098
308.838
302.215
297.05
318.024
308.568
302.019
296.69
317.478
308.552
302.123
297.084
316.696
308.105
301.934
297.005
316.954
308.82
302.339
298.338
315.66
308.618
302.401
298.875
316.873
308.739
302.299
298.32
315.616
308.54
302.35
298.84
316.663
308.568
302.168
298.213
315.454
308.379
302.227
298.753
316.211
308.281
302.038
298.115
315.059
308.119
302.077
298.646
315.398
307.856
301.872
298.028
314.273
307.748
301.878
298.517
313.568
306.845
301.206
297.579
312.149
306.684
301.249
298.035
314.418
307.357
301.552
297.817
313.142
307.241
301.593
298.306
312.814
306.346
300.798
297.254
311.284
306.12
300.834
297.702
312.17
305.858
300.419
296.937
310.578
305.572
300.423
297.364
290.013
286.016
283.145
281.303
280.405
289.95
285.996
283.136
281.298
280.402
289.965
285.982
283.124
281.289
280.395
289.878
285.948
283.107
281.279
280.387
289.917
285.944
283.099
281.273
280.382
289.798
285.895
283.074
281.258
280.371
289.656
285.814
283.026
281.227
280.348
289.456
285.697
282.956
281.183
280.315
289.802
285.875
283.058
281.247
280.363
289.829
285.857
283.041
281.235
280.354
289.904
285.921
283.082
281.262
280.374
289.91
285.898
283.065
281.25
280.365
289.667
285.8
283.014
281.219
280.342
289.71
285.79
283.002
281.211
280.335
289.485
285.693
282.95
281.179
280.311
289.552
285.697
282.947
281.176
280.309
290.102
286.039
283.154
281.308
280.409
290.18
286.055
283.159
281.311
280.411
290.07
286.015
283.138
281.298
280.401
290.153
286.036
283.147
281.303
280.404
290.024
285.979
283.115
281.282
280.389
290.103
286.002
283.126
281.289
280.394
289.993
285.945
283.092
281.268
280.378
290.035
285.961
283.101
281.272
280.382
289.963
285.923
283.079
281.259
280.371
529.989
528.555
530.147
528.673
530.667
529.183
531.84
530.24
534.162
532.436
537.852
538.347
536.839
536.615
538.175
538.921
538.184
538.759
564.577
571.229
572.604
572.912
572.978
557.556
569.303
572.17
572.819
572.956
564.658
571.25
572.61
572.913
572.978
557.725
569.352
572.179
572.822
572.957
564.806
571.286
572.618
572.915
572.979
557.956
569.411
572.193
572.825
572.958
565.136
571.361
572.635
572.919
572.98
558.38
569.513
572.216
572.83
572.959
565.735
571.487
572.662
572.925
572.981
559.125
569.68
572.251
572.837
572.96
566.16
571.534
572.667
572.925
572.981
560.767
570.013
572.316
572.85
572.963
566.082
571.534
572.669
572.926
572.981
560.17
569.889
572.293
572.846
572.962
566.154
571.525
572.664
572.924
572.981
561.018
570.071
572.328
572.852
572.963
566.183
571.532
572.666
572.925
572.981
561.021
570.083
572.329
572.852
572.963
427.194
462.733
459.676
423.164
416.803
422.874
414.285
421.824
443.529
459.816
447.62
462.038
281.99
282.609
283.988
286.208
289.401
293.692
282.515
283.147
284.549
286.784
289.932
294.068
281.591
281.394
282.251
282.122
283.726
283.754
286.119
286.447
289.517
290.228
293.865
294.676
299.176
305.86
313.897
323.343
332.412
338.354
299.226
305.352
312.295
319.548
325.921
329.889
281.134
279.905
278.255
276.286
274.118
281.693
280.378
278.614
276.51
274.194
282.939
281.433
279.415
277.01
274.364
284.943
283.128
280.701
277.812
274.636
287.82
285.559
282.543
278.961
275.027
291.68
288.814
285.006
280.494
275.547
281.609
280.307
278.56
276.476
274.183
282.179
280.789
278.926
276.705
274.26
283.445
281.86
279.739
277.212
274.432
285.461
283.565
281.031
278.018
274.706
288.296
285.959
282.845
279.148
275.09
292.014
289.092
285.215
280.624
275.592
280.774
279.599
278.023
276.141
274.068
280.596
279.448
277.908
276.069
274.044
281.371
280.105
278.406
276.38
274.15
281.254
280.006
278.331
276.333
274.134
282.703
281.233
279.263
276.915
274.332
282.728
281.255
279.28
276.926
274.335
284.862
283.061
280.65
277.781
274.626
285.159
283.312
280.841
277.9
274.666
287.927
285.651
282.614
279.005
275.042
288.568
286.193
283.025
279.26
275.128
291.839
288.951
285.11
280.559
275.569
292.57
289.568
285.576
280.848
275.667
296.595
292.945
288.124
282.435
276.207
302.551
297.925
291.874
284.772
277.003
309.637
303.804
296.295
287.542
277.956
317.817
310.519
301.353
290.762
279.094
325.423
316.66
306.005
293.814
280.236
330.312
320.581
308.991
295.811
281.008
296.636
292.977
288.148
282.451
276.213
302.1
297.551
291.596
284.601
276.945
308.249
302.671
295.45
287.011
277.771
314.608
307.93
299.41
289.506
278.635
320.124
312.46
302.825
291.683
279.404
323.536
315.255
304.941
293.044
279.891
282.098
282.939
284.562
287.062
290.586
295.276
282.626
283.486
285.135
287.643
291.092
295.549
281.7
281.507
282.586
282.471
284.314
284.371
287.007
287.394
290.771
291.564
295.609
296.589
301.182
308.189
316.343
325.522
333.901
338.881
301.002
307.319
314.264
321.249
327.076
330.297
281.232
279.988
278.318
276.326
274.131
281.993
280.633
278.809
276.632
274.236
283.46
281.877
279.754
277.223
274.436
285.718
283.79
281.207
278.13
274.745
288.899
286.482
283.251
279.406
275.179
293.125
290.054
285.959
281.095
275.753
281.71
280.393
278.626
276.518
274.197
282.487
281.052
279.127
276.831
274.303
283.977
282.314
280.086
277.429
274.507
286.241
284.231
281.541
278.338
274.816
289.352
286.862
283.538
279.584
275.239
293.364
290.251
286.106
281.187
275.784
280.873
279.683
278.087
276.181
274.082
280.698
279.535
277.974
276.111
274.058
281.675
280.363
278.604
276.504
274.192
281.57
280.275
278.537
276.462
274.178
283.236
281.688
279.611
277.133
274.406
283.288
281.732
279.644
277.154
274.413
285.669
283.749
281.177
278.111
274.739
286.02
284.047
281.403
278.253
274.787
289.068
286.627
283.362
279.475
275.202
289.785
287.235
283.824
279.764
275.3
293.43
290.316
286.16
281.221
275.796
294.317
291.068
286.731
281.578
275.917
298.432
294.526
289.345
283.208
276.472
304.693
299.781
293.317
285.69
277.319
311.906
305.788
297.852
288.542
278.301
319.863
312.331
302.795
291.7
279.421
326.842
317.933
307.032
294.493
280.478
330.819
321.039
309.364
296.06
281.098
298.261
294.375
289.227
283.134
276.447
303.907
299.112
292.807
285.37
277.209
310.067
304.251
296.684
287.8
278.042
316.189
309.315
300.499
290.207
278.878
321.204
313.412
303.58
292.172
279.575
323.919
315.594
305.211
293.219
279.953
370.59
352.592
307.952
300.962
304.769
300.98
306.257
377.411
375.694
353.707
366.132
332.223
344.489
325.377
329.761
322.901
370.927
344.889
328.118
323.183
331.88
326.097
316.832
315.94
315.001
310.576
320.733
316.844
368.922
346.821
357.407
336.499
329.97
343.883
318.066
310.722
321.688
352.065
335.709
321.029
305.237
286.242
341.081
328.943
315.509
300.585
283.266
304.501
299.633
293.21
285.623
277.295
298.244
294.376
289.235
283.139
276.448
301.678
297.279
291.434
284.509
276.913
298.269
294.403
289.257
283.152
276.452
303.004
298.388
292.271
285.032
277.091
360.266
342.725
326.32
308.38
287.44
359.122
341.473
324.586
306.012
284.787
343.623
331.557
317.262
301.056
282.911
352.499
336.384
320.319
302.616
283.272
325.857
317.31
306.456
293.882
280.123
336.164
325.56
312.568
297.735
281.483
319.966
312.515
302.879
291.632
279.339
323.79
315.651
305.211
293.079
279.833
317.812
310.747
301.557
290.803
279.053
354.947
338.715
323.422
306.555
286.815
336.357
325.806
313.039
298.405
281.969
322.316
314.439
304.348
292.594
279.691
317.991
310.875
301.686
290.937
279.123
325.482
317.015
306.336
293.936
280.212
320.488
312.919
303.248
291.961
279.497
312.36
306.183
298.158
288.735
278.368
311.623
305.595
297.71
288.434
278.255
310.829
304.955
297.222
288.112
278.138
306.877
301.644
294.729
286.562
277.611
315.888
309.152
300.375
290.083
278.813
312.44
306.284
298.225
288.748
278.359
351.955
335.983
321.359
305.435
286.49
337.003
325.944
313.244
298.913
282.447
345.848
332.404
318.336
302.482
283.908
329.147
319.895
308.577
295.537
280.883
323.761
315.578
305.28
293.309
280.003
335.432
325.066
312.556
298.203
281.941
313.474
307.122
298.865
289.172
278.515
306.99
301.729
294.793
286.607
277.628
316.664
309.771
300.862
290.429
278.95
280.538
295.113
308.462
320.027
329.179
336.036
487.825
481.818
458.897
464.785
472.556
463.853
449.616
439.355
506.617
521.513
500.205
513.65
491.223
482.95
502.364
478.389
473.515
451.189
455.933
465.665
457.969
443.454
434.633
497.048
507.821
491.463
500.992
483.105
475.438
491.156
465.303
461.74
440.441
443.923
455.625
449.377
434.444
426.974
482.481
492.956
478.022
487.536
471.605
465.12
479.534
451.859
449.227
429.215
431.882
444.348
438.967
424.375
417.927
468.796
479.929
465.217
475.488
460.002
453.8
468.402
442.154
440.021
421.042
423.299
435.794
431.138
416.815
410.909
458.493
470.409
455.442
466.822
451.235
445.761
460.65
435.594
433.706
415.463
417.513
429.917
425.839
411.549
406.053
451.721
465.256
448.934
461.761
445.44
440.562
455.589
410.526
407.319
432.484
436.882
403.048
397.75
425.626
417.22
388.462
368.38
387.406
369.916
383.7
383.109
372.488
406.43
403.437
426.89
430.723
399.436
394.489
420.802
412.995
383.988
364.546
383.092
366.244
379.613
379.468
368.607
399.902
397.253
418.549
421.648
393.692
389.153
413.47
406.711
379.401
359.765
378.453
361.298
375.286
375.076
363.48
391.783
389.471
409.107
411.648
386.144
381.611
404.807
398.478
372.618
353.717
371.789
355.102
368.901
368.649
357.321
385.265
383.159
401.966
404.205
380.169
375.87
398.093
392.257
366.769
349.149
366.041
350.205
363.649
363.342
352.482
380.597
378.632
397.009
399.079
376.024
372.191
393.39
387.969
363.025
346.061
362.427
347.112
360.283
360.167
349.631
)
;

boundaryField
{
    patch1
    {
        type            zeroGradient;
    }
    patch2
    {
        type            fixedValue;
        value           uniform 273;
    }
    patch3
    {
        type            zeroGradient;
    }
    patch4
    {
        type            fixedValue;
        value           uniform 573;
    }
}


// ************************************************************************* //
