/*--------------------------------*- C++ -*----------------------------------*\
  =========                 |
  \\      /  F ield         | OpenFOAM: The Open Source CFD Toolbox
   \\    /   O peration     | Website:  https://openfoam.org
    \\  /    A nd           | Version:  11
     \\/     M anipulation  |
\*---------------------------------------------------------------------------*/
FoamFile
{
    format      ascii;
    class       volScalarField;
    location    "2.9";
    object      gradTy;
}
// * * * * * * * * * * * * * * * * * * * * * * * * * * * * * * * * * * * * * //

dimensions      [0 -1 0 1 0 0 0];

internalField   nonuniform List<scalar> 
5712
(
11382.5
6562.65
18475.4
12097.3
20140
14899
31645.3
39157.9
41572.8
50811.7
26873.8
23332.5
17077.9
13520.4
8567.07
5792.46
19171.7
19679.9
16483.8
19404.4
25889.7
23199.7
29803.3
24197.4
8059.69
5831.48
4520.47
3355.66
9667.47
7888.16
5846.84
4713.27
17434.5
18163.7
17870.6
15194.4
14012
10878.7
10921.7
12387
17619.5
17513.3
36839.2
38067.3
26185.4
26943.9
14849
12525
16231.3
11585.2
7550.7
7734.99
6121.22
8378.43
3197.6
3802.01
8405.7
11290.9
4989.63
5768.68
9360.32
15408.6
6466.99
10474.7
2474.8
6249.07
2057.71
4673.74
17411.3
21485.5
17883
21344.4
21325.7
21580.4
21631.5
21248
15166.7
20517.5
15662.4
20298.5
17576.3
21167.8
17548.8
21102
21758.5
20941.2
21657.3
20723.6
13988
20586.6
13490.3
20651
16921.1
19687.4
21378.9
29577.8
17903.3
22609
21169.4
31963.9
16055.2
17389.8
21479.8
28518.9
15889.6
16302
21719.1
28343.8
4876.11
6315.28
12383.5
21344.3
6100.61
6886.73
16069.3
24481
7681.58
7742.54
20546.4
27661.2
23935.2
25899.8
20062
19199.1
27331.6
26148.9
24548.8
20513.3
17664.6
31044.8
23787
23356.2
20654.1
20274.8
35777.6
1917.04
2290.87
4055.12
9003.92
2738.18
3069.93
5675.52
10235.6
4130.86
3488.88
7807.56
11937.2
26060.7
26053.6
23384.7
23292.9
19818.7
18423.7
14919
13321.6
10366.3
14179.4
23643.8
23085.5
23692.1
23538.3
20436.1
19323.9
16746.7
15097
11094.6
14438
23357.1
26386.5
23253.7
26977.8
22700.1
23637
22115
23726.8
21086.1
21487.8
20925.4
20887.8
23054.2
27068.9
22931.1
27023.6
21443
23978.6
21247.3
23901.5
21167.1
21440.8
21151.4
21420.2
17637.2
16781.3
11333.1
12548.1
17499.2
16316.5
11144.6
12525.6
17897.5
16749
11589.8
12634.5
17972.6
16586
11955.2
12658.9
1595.99
1114.43
791.246
945.621
675.59
634.61
2206.73
1378.3
1068
1883.84
1550.19
1362.59
2620.99
2276.29
2323.29
3332.75
2790.23
2538.23
25329.5
23319.1
21840.1
23168.5
21864.3
20731.6
16546.4
15642.4
15154.5
11110.6
9870.23
9357.66
5064.38
3847.67
3309.44
22808
21553.1
20366.7
23233.4
21610.4
20257
17084.1
15029.9
13843.5
11065.8
9101.71
8307.54
5398.04
3840.64
3132.09
26362.2
25928.5
28619.4
25796.1
29461
25832.1
35454.6
27108.1
20486.2
20912.6
20190
18785.3
22997
21763.1
22512.8
19279.2
22251.3
22185.1
20583.2
22140.9
27601.1
24633.8
27104.4
27482.2
29363
30328.3
22538.8
23369.9
20243.3
19638.2
24613.5
25212.8
16125.1
8452.55
14993.4
9391.36
16356.6
8524.23
14926.3
9316.38
16174.9
8575.65
14921.3
9727.75
14481
10190.7
14639
10103.6
20849.3
17946.5
20630.8
17862.9
22969.7
20846.5
23100.1
20577.9
20228
14948.5
21211.9
14803.6
21022.9
17742.4
21256.7
17529.2
23627.1
20369.4
23611.5
20092
19964.6
14963.7
19874.1
14863
13224.9
8595.17
11789.4
7213.19
12369.4
7670.84
11358.8
6708.29
13518.2
9156.4
11959.9
7443.08
13517.9
9508.74
11919.4
7493.84
2449.54
1225.5
4305.17
2024.44
2629.16
1548.32
4601.17
2531.91
3280.58
2428.37
5142.72
3511.71
13094.8
20232
9379.2
8956.9
6040.69
19903.6
13926.6
8121.56
8145.16
4886.37
20594.6
16300.3
12987
10036.6
5819.71
605.595
458.286
907.328
545.98
939.986
639.617
1534.39
1153.96
1751.8
1423.13
2512.83
1989.97
20378.3
20058.7
13931.8
13667.9
9074.91
9459.43
7610.59
7282.31
4109
3346.23
19028.1
17604.9
14881
13386.9
11651.8
10692
8794.78
8273.89
5125.87
5367.12
15159.1
12613.7
15199.7
12241.5
18052.8
15253.7
17944.8
14942.5
12834.9
10768.3
12483.3
10864.7
15169.3
12008.3
15065.5
11978.2
17840
15169.9
17652.8
15106.8
13046.3
10567.2
13019.8
10709.7
9957.78
8771.03
6187.63
6945.47
9614.3
8619.1
5873.94
6601.77
10383.4
8938.55
6351.21
7394.95
10646.4
8948.25
6626.02
7510.29
2115.42
1881.04
1563.73
9474.65
5013.22
4090.58
2027.87
2032.86
1814.15
10160.3
5878.1
4983.6
2756.63
3138.55
3236.19
11052
7286.6
6508.61
19335.4
18462.8
17749.5
13521.3
13426.9
13317.3
10086.1
10214.5
10321.5
8918.63
8804.52
8665.42
12414.6
8935.38
8115.21
16422.2
15517.2
14848.5
12545.5
12004.9
11664.4
10721.7
10227.5
9897.15
10646.2
9641.16
9009.4
15037.7
10062.7
9101.49
4434.51
2765.41
2102.65
2024.38
5087.63
3061.33
2240.62
2073.13
4446.86
2752.8
2104.96
2041.42
5203.41
3127.71
2281.38
2088.4
4406.83
2698.53
2084.59
2009.88
5302.71
3159.15
2309.91
2057.38
5753.37
3379.97
2395.68
2181.25
5941
3528.79
2492.89
2283.05
4726.24
2893.51
2165.41
2024.44
3621.65
2406.35
1930.1
1945.86
4031.62
2551.41
1982.46
1856.27
3252.7
2230.8
1837.2
1856.77
5186.46
3149.48
2298.71
2137.86
3838.01
2534.2
1990.96
2018.01
5442.51
3320.25
2389.61
2212.04
3926.04
2623.49
2037.66
2051.94
3143.28
2270.42
1867.54
1906.73
1671.52
1663.75
1577.51
1784.79
3135.13
2246.72
1858.6
1899.45
1769.95
1689.76
1587.43
1795.09
3200.38
2228.63
1853.25
1898.58
2101.91
1786.21
1624.29
1842.89
3102.38
2132.28
1793.37
1928.05
2378.85
1847.04
1664.89
1820.81
2753.42
2023.86
1728.2
1823.27
91.2992
1160.24
1188.18
353.577
-1788.51
869.802
1016.64
386.64
352.814
1244.75
1219.02
375.547
-1441.02
965.957
1044.8
395.99
839.209
1393.29
1271.45
375.441
-861.308
1126.47
1089.4
402.389
1422.85
1565.09
1336.08
410.775
-266.211
1299.32
1148.22
421.86
1781.62
1714.99
1414.27
488.427
-170.303
1421.23
1201.89
438.726
1910.82
1868.2
1456.55
460.307
-639.301
1528.28
1296.07
467.42
1860.41
1800.3
1425.7
460.873
-656.912
1477.89
1249.89
450.657
1912.23
1916.13
1489.6
425.79
-733.514
1573.11
1331.54
471.504
1963.33
1969.33
1538.48
438.09
-625.527
1628.27
1373.68
485.291
2049.19
1649.54
1185.78
711.036
236.688
2025.17
1646.2
1186.64
711.934
237.001
2073.95
1661.99
1192.1
714.06
237.583
2054.24
1662.17
1195.13
716.089
238.246
2119.11
1679.81
1200.32
717.893
238.712
2089.34
1681.44
1205.19
721.017
239.733
2124.34
1703.89
1218.58
727.944
241.867
2175.52
1736.53
1237.83
737.896
244.934
2166.99
1701.53
1212.26
723.891
240.544
2315.41
1728.33
1220.04
726.875
241.376
2176.03
1695.84
1206.44
720.539
239.47
2311.27
1718.55
1213.62
723.483
240.312
2188.7
1721.4
1224.29
730.159
242.486
2357.98
1747.58
1230.99
732.532
243.13
2237.62
1752.98
1242.4
739.441
245.347
2409.83
1775.69
1246.67
740.557
245.614
2106.94
1657.61
1185.7
710.31
236.413
2217.28
1666.58
1185.93
709.893
236.248
2129.91
1667.41
1190.39
712.503
237.052
2235.4
1673.94
1189.5
711.576
236.743
2176.15
1683.85
1197.81
715.949
238.057
2275.29
1687.33
1195.89
714.606
237.63
2253.52
1702.92
1205.33
719.327
239.034
2322.97
1701.81
1203.23
718.122
238.647
2327.62
1712.8
1209.61
721.345
239.632
8850.41
13529.3
9333.67
13860.2
10060.6
14313.1
10604.3
14652.1
10278.4
14206.3
9673.95
10871.8
9631.9
11298.4
9760.08
10830.6
9946.43
10988.8
7796.88
1331.3
283.397
63.3173
11.1769
8658.3
2459.01
595.186
134.553
23.7452
7908.63
1325.25
279.916
62.2793
10.9618
8771.68
2456.98
592.109
133.175
23.2952
8041
1327.87
277.876
61.5221
10.802
8894.71
2461.94
589.664
132.064
23.0589
8041.81
1298.78
269.168
59.4104
10.4207
8865.22
2428.93
579.272
129.453
22.5722
7703.62
1212.82
250.722
55.4848
9.75123
8469.05
2323.65
555.752
124.509
21.7375
6974.11
1141.88
243.725
54.8024
9.70287
7132.58
2050.67
503.159
114.534
20.1798
7175.39
1155.76
243.745
54.4619
9.61163
7497.12
2151.08
523.182
118.162
20.711
6906.57
1141.98
244.943
55.2167
9.78634
7026.39
2009.5
493.625
112.731
19.9182
6896.21
1135.86
243.501
54.9249
9.72739
7053.46
2003.61
491.051
112.429
19.8349
32602.9
46097.4
45070.5
31666.3
18719.6
19677.9
27608.7
28788
21545.3
24104.1
34214.5
46560
43202.7
57126
28238.4
32137.7
22201.4
23682.4
12062.5
13212.2
4953.42
3327.06
990.808
787.714
878.524
780.759
928.723
4909.05
4923.98
3013.23
4257.31
4133.53
1836.63
2488.56
2293.53
1544.8
1767.62
1469.55
4409.71
2480.25
1653.72
1473.93
1830.89
1601.76
1282.17
1226.6
1169.32
1038.53
1369.88
1244.8
4580.52
2843.96
3243.44
2125.26
1783.69
2447
1309.72
1059.51
1429.03
10160.6
10440.8
10869
12490.9
21163
7439.13
8689.37
9695.32
11099.9
13114.8
2614.85
3757.47
4644.05
5259.25
5580.97
2092.67
3034.73
3775.48
4287.53
4550.61
2330.61
3371.21
4181.83
4736.28
5018.58
2075.6
3012.2
3747.94
4254.29
4512.89
2458.92
3547.61
4393.68
4974.66
5272.82
10407.5
10894.2
10969.4
11904.5
19143.7
10406.6
10705.9
10586.6
11047.8
12786.8
6982.48
8403.59
9228.03
10021.3
10924.9
9286.18
9901.72
9815.11
9886.77
10227.4
9004.29
9673.12
9537.45
9421.46
9494.42
4606.74
6156.31
7184.66
7868.69
8256.12
5959.25
7470.61
8337.21
8938.18
9361.41
5558.56
7065.5
7910.33
8408.37
8678.07
3956.84
5439.73
6472.87
7147.1
7497.54
4450
5967.87
6959.01
7580.78
7900.73
3785.27
5241.93
6265.48
6926.15
7259.85
9536.67
10335.2
10721.9
11932.2
19418.8
5948.14
7529.29
8594.17
9552.44
10491.7
4209.8
5747.72
6829.36
7575.88
8004.7
3793.94
5264.73
6340.1
7092.73
7518.66
4596.41
6174.85
7293.51
8135.2
8706.01
4092.28
5630.55
6764.25
7599.97
8112.97
3336.2
4705.43
5747.98
6492.16
6908.54
3206.46
4544.98
5557.35
6257.78
6630.77
3067.6
4363.66
5334.81
5984.62
6314.4
2739.08
3928.19
4837.68
5454.64
5769.34
3551.86
4970.7
6004.16
6697.01
7059.75
3250.38
4597.06
5604.42
6290.92
6651.3
9639.71
10204.5
10678.5
12175.6
20348.9
6570.53
7999.78
9093.73
10371.1
11940.8
7601.24
9060.88
9939.74
11259.3
13912.2
5223.93
6864.32
8082.92
9159.64
10055.4
4499.97
6099.76
7284.31
8217.82
8857.51
5879.67
7486.8
8625.36
9706.78
10783.9
3405.19
4794.51
5843.02
6583.24
6993.17
2789.95
3994.16
4917.21
5550.17
5878.21
3689.09
5142.94
6221.92
6986.96
7422.07
17851.2
11837.5
18404.2
13122.4
23888.8
34000.7
24942.3
33815.1
18943.4
20081.5
16231.9
19370.8
21572.9
20567
27369.4
22513.4
13722.9
12764.6
6722.24
5711.3
14969.8
13625
7728.37
6284.43
18490.5
20012.5
18996
17371.3
19314.9
12726.5
10703.2
12341.5
17492.8
17469.4
36254.4
37931.4
25427.4
26733.4
15393.2
12638.2
16850.7
11690
8158.4
7880.23
13357.6
14736.6
5593.32
6083.53
14721.5
16735.6
6986.22
7692.24
14080.6
19580.9
8182.14
12565.7
2868.33
6965.64
2135.79
4813.52
17700.2
20273.9
17633
20633
19387.2
19703.3
20390.4
20190.7
16034.1
20309.6
18181.8
20022.7
17341.9
20785.5
17460.3
20978
21115.2
20398
21466.7
20554.8
14225.1
20448.5
13521
20598.9
17763.1
20921.1
21590.7
29944.4
19335.6
24723.4
21642.4
32754.7
16431.9
17975.1
21551.8
28674.2
15984.6
16462.9
21729.5
28383.8
18304.7
19790.7
22867.3
33836.5
18448.6
18904.1
24493.5
34307.1
18229.8
17935.1
26396.4
34100.1
17917.8
18872.6
19040.9
20143.8
30069.6
18161.8
16892.9
20350.8
18450.3
34318.8
18945.4
19672.1
19411.9
20903.8
37181.4
11119.8
10214.9
10224
13148
12167
11192.8
10601.9
13528.6
13380.9
11657.6
11104.3
13854.5
17669.6
17092.3
16504.6
16140
18930.2
17797.8
15575.5
14080
11645.3
14477.3
18665.8
18561.5
19678.9
19898
18780.5
17743.1
16946.1
15088.6
11483
14023.6
21404.4
24150.6
22253.7
25769.6
20332
21309.4
20963.3
22570.1
20526.7
20775.9
19978.9
19744.4
22560.9
26478.2
22780.5
26846.7
20900.1
23414.4
21085.7
23736.1
20861.6
21072.6
21054.2
21309
17478.3
16492.8
11354.8
12465.6
17373.2
15990.1
11306.9
12475
17781.2
16576
11575
12571.8
17930.5
16529.8
11945
12634.6
9381.84
9523.31
4015.92
3707.42
10466.5
10139.7
4500.82
4314.84
10210.4
9594.73
5132.01
4963.47
16942.6
16507.3
16426.3
16550.1
16287.3
15848
12186.9
10954.3
6045.21
5012.11
18989.6
18305.1
20147.6
19442.2
15902.3
14815.3
11368.6
9823.73
5567.68
4219.12
21601
20611.7
26376.4
23130
23979.7
21450.4
32702.9
24768.1
19747.3
16304.2
21451.3
17060.5
19646.1
16599
21547.7
17288.5
20105.8
17895.7
18280.4
17082
20805.9
21968.5
25753.5
27069
28210.9
29990.9
21184.6
22888.5
19210.7
19342.6
23089.5
24699.1
13265.7
9653.99
13661.4
9878.17
13554.1
9562.79
13840
9721.01
13530.9
9421.68
13831.8
9916.37
13855.6
10223.4
14437.1
10107.5
17000.1
16604.9
18705.4
17032.1
19435
18693.8
21209.8
19373.7
18424.7
14635.7
17584.1
14500.1
20063.3
17299.2
20970.5
17394.4
22699.3
19759.4
23341.1
19906.9
19071.5
14767.2
19614.2
14801.6
12814.9
9004.47
11990.3
7582.27
12312.9
8731.34
11957.2
7499.47
13198.4
9305.9
12021
7613.7
13404.6
9543.73
11934.5
7549.47
12853.3
13206.8
9039.29
8283.57
13018.7
13333
8891.37
8211.87
13015.5
12810.3
8658.65
8115.64
15142.3
17791.1
15972.6
11857.5
8415.12
16536.8
15558.5
17459.7
11977
8117.14
18228.9
16260.1
14496.5
12129.3
7426.34
14065.1
15615.1
8322.08
9198.04
13896.9
15145.3
8234.3
9047.64
12935.5
13724.8
7836.37
8101.9
16444.5
15727.7
14982
14608.5
15659.3
16373.7
12247.6
13347.5
7574.44
7504.29
16656.3
15434.2
15143.5
14064.4
13723.6
13413.9
11588.1
11913.3
6932.78
7723.63
14812.7
12939.8
14869.9
12341.9
16604.6
14279.5
17114.8
14437.7
12988.3
11325.6
13082.2
12131.4
14963.2
12050.6
15001.3
11989.4
17423.1
14922
17528
15036
13058.1
10809.5
13009.4
10770.9
10453.8
9570.62
6668.71
7680.64
10751
10290.9
6831.98
8086.46
10579.9
9295.92
6573.14
7790.35
10702.3
9053.27
6701.97
7635.2
19115.9
19120.9
27048.8
22549.2
18249.5
18417.7
25898.1
21520.3
15962.7
16763
23717.6
19980.3
15385.8
14964.9
14366.8
14291.6
16847.2
17468.5
15906.7
16020.8
21740.7
18318.6
14610.1
14028.3
13663.5
13626.7
14193.8
14694.3
15524.2
15275.9
21382.5
16912.6
5919.48
3768.17
2723.53
2480.48
6189.88
3922.63
2816.54
2500.94
5791.01
3684.23
2670.92
2456.76
6123.81
3873.25
2777.36
2458.51
5553.65
3516.64
2574.81
2368.25
6016.18
3758.66
2722.79
2366.61
6170.03
3756.75
2679.07
2404.85
6080.39
3659.66
2588.2
2360.8
5324.54
3363.5
2503.12
2299.49
4016.1
2737.03
2163.52
2151.42
4972.07
3219.46
2416.74
2187.36
3899.22
2742.49
2144.77
2097.73
5516.96
3429.78
2511.86
2315.28
4050.31
2719.88
2138.71
2159.64
5544.66
3414.12
2463.18
2274.36
3992.76
2683.84
2088.36
2100.65
5350.38
3473.91
2544.37
2391.85
4383.62
3038.03
2308.73
2300.09
5178.65
3385.93
2491.33
2351.03
4264.86
2989.2
2282.41
2288.13
4936.28
3243.32
2417.85
2306.1
4178.53
2927.16
2248.17
2286.82
4429.52
2981.93
2274.04
2282.52
3988.13
2821.47
2187.77
2175.45
3715.07
2718.1
2108.2
2089.54
2931.37
2593.89
1863.17
508.986
653.581
2304.07
1701.92
582.465
2980.31
2594.35
1860.63
527.043
853.703
2311.19
1698.51
584.297
3065.05
2576.72
1838.2
498.911
1131.26
2303.02
1675.19
569.658
3037.71
2523.4
1835.08
526.661
1184.5
2257.53
1652.74
568.063
2753.46
2409.29
1816.74
604.46
609.912
2138.93
1612.68
563.294
2196.85
2157.92
1706.98
554.587
-525.22
1834.47
1514.92
544.132
2395.61
2264.99
1760.9
569.757
-331.094
1964.89
1558.75
550.023
2051.95
2073.83
1642.9
486.99
-703.345
1738.74
1460.46
519.058
2002.79
2019.43
1589.27
458.954
-623.765
1679.93
1415.48
501.033
2418.74
1877.91
1316.43
777.328
256.896
2362.46
1863
1312.15
775.863
256.509
2417.46
1870.45
1311.18
774.475
256.001
2352.19
1851.59
1304.67
771.88
255.272
2433.05
1863.93
1304.99
770.943
254.881
2340.82
1838.55
1295.84
767.171
253.818
2297.64
1813.02
1281.78
760.179
251.711
2239.25
1777.7
1261.8
750.144
248.68
2398.32
1843.71
1293.33
765.035
253.091
2536.6
1855.05
1291.31
762.928
252.363
2470.45
1864.61
1301.62
768.697
254.143
2596.78
1870.7
1298.57
766.372
253.375
2341.62
1819.05
1280.35
758.675
251.189
2501.25
1833.54
1279.67
757.221
250.663
2290.63
1786.83
1261.93
749.406
248.397
2459.07
1805.65
1263.71
749.231
248.274
2526.57
1899.53
1321.48
778.843
257.276
2704.54
1918.95
1325
779.805
257.511
2531.51
1894.85
1317.79
776.787
256.621
2706
1914.82
1322.08
778.218
257.012
2550.87
1888.41
1311.96
773.525
255.585
2713.43
1906.76
1316.53
775.261
256.081
2605.98
1885.73
1306.72
770.423
254.588
2724.59
1895.12
1309.69
771.7
254.951
2664.9
1881.36
1303.14
768.493
253.986
11042.1
14513.5
11107.6
14530.7
11249.3
14549.2
11086.4
14394.1
10389.1
13714
9680.79
10826.9
9691.64
11228.7
9752.32
10798.6
9941.68
10976.9
8462.07
1405.24
294.598
65.2937
11.4763
9111.38
2570.81
617.589
138.773
24.3924
8432.64
1383.19
288.871
63.8995
11.2117
9078.34
2540.79
609.797
136.614
23.8302
8336.87
1360.44
283.261
62.573
10.9725
8986.38
2504.32
600.263
134.33
23.431
8118.13
1307.25
271.031
59.87
10.5051
8774.95
2433.87
583.069
130.532
22.773
7676.21
1208.96
250.442
55.5244
9.76846
8319.8
2310.36
555.389
124.748
21.806
6957.09
1138.49
243.007
54.6627
9.68214
7104.01
2042.66
501.459
114.225
20.1366
7156.99
1151.39
242.921
54.3324
9.59635
7446.81
2139.55
521.368
117.94
20.6941
6894.24
1139.78
244.473
55.1192
9.77085
7008.64
2004.63
492.5
112.503
19.8828
6891.67
1135.08
243.335
54.8898
9.72165
7047.13
2001.97
490.665
112.348
19.8217
32148.5
45785.3
43996.5
30305.4
23725.7
28189.9
22953.1
28087.2
26527.3
41933.4
28096.7
42919.4
295.691
313.544
353.337
417.547
510.438
636.842
310.785
329.052
369.593
434.405
526.298
648.494
284.264
278.62
303.281
299.584
345.788
346.604
414.906
424.421
513.742
534.535
641.806
665.994
802.216
1012.22
1283.42
1641.61
2053.79
2350.03
804.02
994.718
1221.64
1475.51
1717.92
1874.99
791.806
1161.99
1460.68
1670.1
1777.98
839.396
1231.34
1547.29
1768.62
1882.57
945.483
1385.95
1740.35
1988.27
2115.79
1116.42
1634.53
2050.18
2340.34
2489.44
1362.99
1991.59
2493.66
2843.24
3022.72
1696.76
2471.24
3085.92
3512.8
3732.13
832.075
1220.78
1534.24
1753.92
1867.04
880.711
1291.52
1622.42
1854.1
1973.34
988.648
1448.51
1818.12
2076.52
2209.4
1160.91
1698.42
2129.05
2429.51
2583.92
1404.35
2050.01
2564.93
2923.45
3107.7
1726.34
2511.49
3133.9
3566.66
3789.57
761.261
1117.32
1404.73
1606.31
1710.16
746.16
1095.21
1377.03
1574.72
1676.57
812.005
1191.38
1497.33
1711.74
1822.14
802.124
1176.94
1479.28
1691.19
1800.3
925.414
1356.85
1704.16
1947.2
2072.23
927.613
1360.12
1708.33
1952.01
2077.35
1109.57
1624.96
2038.66
2327.51
2475.91
1134.98
1662.09
2085.12
2380.38
2532.03
1372.16
2005.66
2511.84
2864.13
3044.85
1427.51
2086.08
2611.84
2977.38
3164.73
1710.72
2492.9
3113.68
3544.07
3764.65
1775.04
2586.01
3228.68
3673.25
3900.58
2129.09
3083.98
3835.09
4356.55
4626.19
2668.26
3829.69
4732.99
5365.06
5699.26
3342.57
4722.93
5782.17
6544.03
6971.44
4185.65
5759.57
6952.38
7871.74
8460.72
5079.28
6733.02
7979.5
9057.05
9898.46
5693.14
7357.9
8616.71
9803.82
10848.4
2132.49
3086.5
3836.99
4359.41
4630.57
2623.42
3768.25
4660.72
5286.41
5617.22
3194.9
4538.89
5576.28
6316.7
6723.16
3814.36
5339.49
6505.87
7366.62
7870.09
4383.35
6036.96
7293.65
8262.75
8876.07
4743.8
6466.08
7773.01
8813.63
9507.12
298.747
322.817
369.279
440.863
542.023
677.654
313.902
338.497
385.71
457.656
557.056
686.653
287.367
281.844
312.756
309.469
362.205
363.856
439.228
450.301
547.044
569.654
686.383
714.147
851.527
1065.79
1334.03
1679.27
2073.58
2355.56
848.122
1041.26
1265.26
1510.12
1739.32
1882.09
800.014
1174.12
1476.06
1687.81
1796.9
864.368
1268.34
1594.24
1822.74
1940.45
988.469
1449.76
1821.52
2081.99
2216.11
1179.43
1728.41
2170.06
2479.19
2638.32
1448.68
2120.05
2658.74
3035.38
3229.31
1808.16
2639.86
3304.64
3769.26
4009.01
840.466
1233.21
1550.03
1772.13
1886.51
906.178
1329.32
1670.49
1909.6
2032.73
1032.16
1513.23
1900.62
2171.93
2311.63
1223.82
1792.35
2249.25
2568.95
2733.57
1487.88
2175.43
2726.35
3111.56
3310.11
1830.51
2669.22
3338.56
3806.72
4048.81
769.597
1129.63
1420.32
1624.25
1729.32
754.82
1108
1393.21
1593.32
1696.43
837.501
1229.1
1545.15
1766.8
1880.98
828.715
1216.26
1529.1
1748.53
1861.56
969.65
1422.44
1787.51
2043.34
2175.09
974.09
1429.02
1795.86
2052.95
2185.33
1175.27
1722.78
2163.47
2471.97
2630.75
1204.91
1766.27
2218.12
2534.39
2697.15
1462.54
2141.22
2686.1
3067.03
3263.05
1523
2229.74
2797.07
3193.55
3397.5
1832.54
2677.62
3353.67
3825.83
4069.03
1906.99
2786.93
3490.82
3982.01
4234.73
2265.03
3292.88
4109.95
4682.43
4980.17
2818.35
4065.79
5050.25
5747.27
6118.16
3488.67
4961.96
6113.96
6953.5
7426.59
4301.24
5961.76
7246.58
8247.77
8888.58
5147.49
6863.84
8179.28
9322.07
10209.6
5714.71
7402.47
8686.96
9899.34
10963
2253.83
3272.41
4080.99
4648.19
4943.97
2752.93
3970.06
4929.71
5608.59
5969.24
3318.43
4736.01
5844.49
6643.09
7083.08
3914.87
5505.05
6736.87
7653.18
8189.97
4447.54
6146.36
7449.97
8460.31
9099.54
4765.61
6504.13
7828.19
8884.17
9587.6
4933.89
3325.59
1054.35
842.918
952.497
841.889
998.63
4557.91
4420.26
2935.07
3687.66
1888.66
2443.89
1617.83
1777.47
1526.54
4251.95
2493.44
1726.97
1552.27
1893.13
1668.41
1344.96
1303.34
1264
1127.88
1455.98
1329.25
4523.24
2848.94
3208.12
2156.35
1835.93
2466.87
1380.42
1136.08
1503.54
10157.3
10495.1
10975.8
12666.9
21489.3
7453.16
8739.13
9784.96
11233.7
13290.6
2793.75
4040.86
5027.1
5722.43
6089.43
2245.11
3269.63
4085.36
4655.57
4950.69
2536.69
3693.01
4611.64
5251.63
5581.71
2244.57
3272.94
4092.4
4663.86
4958.38
2654.92
3856.29
4808.77
5474.53
5820.15
10157
11516.1
12431.2
14174.1
22756.7
10067.8
11657.3
12783.9
14350.3
16958.5
7061.86
9053.09
10552.9
11965.8
13289.6
8908.39
10933.4
12157.1
13420.7
14511.7
4860.77
6765.66
8208.43
9261.12
9870.25
6098.23
8159.71
9678.98
10866.6
11647
4226.8
5996.34
7355.66
8316.61
8837.34
4615.91
6495.57
7924.28
8939.11
9497.07
4007.22
5719.22
7040.75
7966.28
8457.87
9431.06
10713.6
11638.1
13379.5
21841
6116.06
8038.82
9513.38
10856.4
12064.7
4474.35
6284.02
7674.1
8693.21
9286.21
4045.17
5725.95
7030.55
7982.84
8528.27
4831.59
6666.53
8079.66
9187.26
9926.38
4308.06
6030.26
7366.73
8382.17
9005.76
3520.9
5014.82
6185.01
7037.42
7517.79
3432.65
4924.98
6094.94
6927.8
7377.7
3345.94
4830.17
5994.26
6806.32
7230.14
2993.29
4336.79
5396.87
6136.7
6521.32
3825.18
5467.84
6743.98
7645.85
8131.21
3503.38
5030.07
6224.68
7069.34
7521.56
9630.65
10374.5
11017.6
12723.5
21360.5
6625.19
8152.09
9357.2
10750.9
12422.9
7644.44
9364.42
10548.2
12186.2
15174.6
5344.2
7116.62
8487.43
9710.13
10709.5
4675.36
6434.86
7798.8
8895.93
9641.13
6023.16
7881.06
9324.07
10699.9
11991.4
3616.34
5154.53
6357.8
7229.86
7717.61
3009.43
4350.19
5407.64
6150.58
6541.24
3920.55
5554.82
6827.49
7760.42
8295.95
10429.4
9800.02
8709.17
7207.35
5203.93
2029.1
18198.2
18548.8
21094.3
21737.6
17890.5
19013.5
20212.2
19632.9
14897.8
18216.9
15556.4
18781.4
17864.7
16129.6
24821.8
17534.7
17751.4
19956
20368.4
16976.3
18081.3
19368.4
18978
14853.4
21997.9
15430.8
21924.4
18051.7
19568
26641.1
16807.2
16900.8
18521.9
18700.7
16320.9
17808.1
18251.2
18337.2
17059.1
19533.2
17814.5
19568.5
19625
21540.4
24060.8
16140.1
16252
17261
17288.5
15973.1
17694.5
17153.8
17504.3
16052.4
17149.6
16784.3
16747.4
18023.9
19472.1
20903.5
15433.3
15577.7
16426.8
16374.1
15749.5
17628
16461
16992.8
15259.8
14239.3
16019.7
13708.5
16656.2
16536.1
17380.3
15140.2
15325.2
15885.1
15802
15431.2
17001.7
16027.7
16480.3
14621.6
12314.2
15198
12097.4
15565.8
14638.6
15819.6
21085.5
20303
22077.4
23156.5
19628.4
19665.1
20623.1
19751
18688.7
13858.6
18675.8
13955.5
16608
15129.2
18144
19966.7
19408.1
20466.5
21167.7
19021.7
19216.1
19513
18785.4
17430.1
13488.7
17441.4
13600.8
15319.1
13678.3
16890.3
18522.7
18203
18556.8
18886
17999.7
18205.1
18097.4
17675
16682.2
13375.7
16506.3
13127.6
14831.3
12585.5
16766.5
17214.9
17042.9
17148.4
17284.6
16921.5
17069.5
17010.4
16685
15949.5
14043.1
15864.8
13730.3
14429.8
12816
17362.4
16609.4
16502.8
16414.6
16468.4
16237.5
16378
16407.1
16216.4
15930.5
15373.1
15878.9
15238.9
14701.6
13494.4
18210
16178.4
16077.9
16015.3
16042.9
15853.3
16169.4
15980.1
15918.7
15962.4
16213.7
15971.1
16135.7
14917.6
14141.3
19081.3
11196.4
6352.58
18468.4
12104.3
20160.8
14886.9
31672.6
39171.4
41622
50836.1
26921.9
23333.1
17085.3
13545.5
8309.41
5527.93
19174.7
19682.2
16482.6
19405.5
25902.5
23205.3
29811.5
24201.6
7894.28
5716.32
4368.29
3254.87
9640.87
7878.76
5845.46
4726.4
17430
18159.2
17869.2
15194.8
14008
10881.7
10922.6
12388.5
17621
17514.9
36845.9
38071.9
26188.7
26946.2
14849.9
12526.4
16232.8
11586.5
7551.82
7736.05
6012.14
8245.03
3112.18
3708.08
8407.32
11302.5
5003.36
5784.65
9361.43
15414.5
6472.91
10482.1
2476.12
6251.97
2058.17
4674.85
17412.4
21486.5
17884.3
21345.5
21328.4
21581.9
21633.8
21249.1
15168.5
20518.6
15662.6
20299.4
17577.6
21168.7
17549.8
21102.8
21760.3
20942
21658.4
20724.2
13989.3
20587.8
13491.3
20652.2
16923
19691
21380.6
29580.2
17904.8
22612.7
21171
31966.7
16056.9
17392.4
21481.4
28521.1
15891.3
16304.2
21720.7
28346
4796.37
6236.8
12215.2
21160.6
6105.93
6890.45
16084.1
24498.7
7683.97
7744.55
20553
27668.1
23935.3
25900.5
20061.6
19200.3
27335.5
26149.4
24548.7
20512.4
17665.2
31048.9
23787.9
23356.8
20654.6
20276.3
35780.9
1877.21
2259.95
3971.53
8915.88
2742.44
3073.97
5686.44
10244.7
4132.8
3490.02
7811.15
11939.4
26060.9
26053.6
23384.5
23292.8
19818
18423.5
14919.7
13322.4
10368.1
14180.7
23644.1
23085.6
23692.3
23538.4
20436.5
19324.3
16747.8
15097.9
11095.8
14438.9
23357.7
26386.8
23254.3
26978.1
22700.6
23637.1
22115.4
23726.9
21086.8
21488.3
20926.1
20888.3
23054.7
27069.1
22931.5
27023.7
21443.3
23978.7
21247.5
23901.5
21167.8
21441.3
21152.1
21420.7
17638.1
16782
11333.8
12548.8
17500.2
16317.2
11145.5
12526.4
17898.3
16749.6
11590.5
12635.1
17973.5
16586.6
11955.9
12659.5
1573.87
1097.03
776.772
940.929
670.08
628.061
2212.97
1381.68
1069.59
1889.84
1554.09
1364.95
2621.57
2277.06
2324.14
3333.8
2791.65
2539.65
25329.6
23319.3
21840.5
23168.8
21864.9
20732.3
16546.7
15643.1
15155.3
11111.2
9871.06
9358.59
5065.06
3848.45
3310.19
22808.1
21553.4
20367.1
23233.6
21610.9
20257.7
17084.5
15030.5
13844.2
11066.4
9102.34
8308.23
5398.52
3841.1
3132.5
26366.6
25929.8
28622.4
25797.4
29474.8
25837.6
35466.8
27112.9
20313.8
20860.7
19987.6
18722.7
22967.4
21735.7
22479.6
19252.4
22246.2
22180.9
20583.1
22139.2
27584.7
24619.3
27105.3
27482.6
29366.5
30330.3
22537
23369
20242.5
19637.3
24606.4
25209.5
16129.7
8458.05
14992
9398.76
16338.2
8519.47
14910.8
9312.79
16163
8571.18
14911
9723.18
14475.2
10187.2
14636
10101.5
20847.6
17946.2
20629.9
17862.6
22971.6
20847.4
23101.9
20578.5
20222.8
14947.3
21205.2
14802.1
21022.4
17742.1
21256.2
17528.8
23628.4
20369.8
23612.1
20092.1
19961.5
14962.8
19872.2
14862.1
13221.9
8592.82
11787.8
7211.98
12366.2
7668.51
11357
6706.95
13516
9154.43
11958.5
7442.06
13516.3
9507.26
11918.3
7493
2437.13
1209.66
4291.21
2006.19
2629.65
1549.4
4601.09
2532.75
3279.74
2428.26
5141.24
3511.13
13095.5
20233.2
9378.86
8955.45
6039.27
19904.5
13926.9
8121.5
8144.12
4885.45
20595.4
16300.2
12986
10035.1
5818.55
587.676
436.511
888.214
538.123
941.392
639.392
1534.58
1153.2
1752.11
1423.82
2512.78
1990.47
20378.6
20058.7
13931.7
13667.5
9074.6
9458.95
7609.98
7282.07
4108.51
3346.2
19028.4
17604.9
14880.9
13386.6
11651.2
10691.5
8793.95
8273.46
5125.13
5366.67
15158.8
12613.4
15199.5
12241.2
18053.2
15253.7
17945.1
14942.5
12834.2
10767.8
12482.5
10864.1
15169.1
12008
15065.2
11977.8
17840.1
15169.9
17652.7
15106.6
13045.7
10566.7
13019.3
10709.2
9956.91
8770.44
6186.89
6944.82
9613.34
8618.5
5873.13
6601.13
10382.6
8938
6350.57
7394.33
10645.7
8947.74
6625.45
7509.73
2078.14
1849.79
1538.67
9423.39
4967.52
4046.63
2024.74
2031.43
1814.16
10155.9
5877.89
4983.86
2757.38
3139.1
3236.65
11052
7287.2
6509.32
19335.3
18462.7
17749.5
13520.9
13426.5
13317
10085.5
10213.9
10321
8918.46
8804.32
8665.23
12414.2
8935.5
8115.47
16422.1
15517.2
14848.5
12545.2
12004.6
11664.2
10721.3
10227.3
9896.95
10645.8
9640.97
9009.29
15036.8
10062.5
9101.49
4435.12
2765.51
2102.83
2023.82
5086.48
3059.78
2239.92
2072.11
4445.71
2752.32
2104.62
2041.2
5202.78
3127.47
2281.19
2088.22
4405.58
2698.05
2084.29
2009.67
5301.47
3158.72
2309.65
2057.18
5752.13
3379.52
2395.43
2181.07
5940.05
3528.4
2492.67
2282.89
4725.24
2893.06
2165.14
2024.25
3620.99
2405.98
1929.86
1945.68
4030.65
2550.96
1982.18
1856.09
3252.01
2230.41
1836.96
1856.6
5185.52
3149.04
2298.46
2137.69
3837.41
2533.85
1990.74
2017.84
5441.73
3319.88
2389.4
2211.87
3925.53
2623.18
2037.46
2051.78
3142.76
2270.98
1868.26
1906.36
1669.63
1663.42
1578.06
1783.68
3134.32
2246.28
1858.26
1899.25
1769.27
1689.46
1587.18
1795.01
3199.52
2228.21
1852.96
1898.4
2101.28
1785.88
1624.05
1842.75
3101.61
2131.88
1793.1
1927.85
2378.22
1846.69
1664.65
1820.64
2752.78
2023.48
1727.96
1823.07
91.6676
1159.96
1188.99
353.62
-1786.24
868.465
1016.35
386.483
352.167
1244.64
1218.84
375.539
-1441.81
966.063
1044.83
396.025
838.766
1393.06
1271.28
375.394
-861.613
1126.32
1089.32
402.367
1422.41
1564.8
1335.89
410.721
-266.445
1299.08
1148.07
421.815
1781.16
1714.66
1414.06
488.363
-170.515
1420.95
1201.72
438.67
1910.43
1867.89
1456.35
460.253
-639.437
1528.01
1295.9
467.363
1859.98
1799.98
1425.49
460.817
-657.069
1477.61
1249.71
450.599
1911.88
1915.85
1489.42
425.744
-733.621
1572.86
1331.38
471.451
1963.03
1969.08
1538.33
438.051
-625.621
1628.05
1373.54
485.244
2047.61
1648.78
1185.45
710.885
236.643
2023.42
1645.26
1186.19
711.723
236.938
2073.89
1661.9
1192.04
714.035
237.576
2054.14
1662.08
1195.08
716.07
238.244
2119
1679.73
1200.27
717.869
238.705
2089.22
1681.35
1205.14
720.995
239.729
2124.21
1703.8
1218.52
727.918
241.861
2175.39
1736.44
1237.78
737.868
244.926
2166.85
1701.43
1212.2
723.865
240.537
2315.24
1728.23
1219.98
726.846
241.368
2175.9
1695.75
1206.39
720.513
239.463
2311.11
1718.46
1213.57
723.455
240.305
2188.56
1721.3
1224.24
730.131
242.478
2357.81
1747.48
1230.94
732.502
243.122
2237.48
1752.89
1242.34
739.413
245.338
2409.67
1775.6
1246.62
740.528
245.606
2105.33
1656.96
1185.43
710.192
236.377
2215.72
1666.04
1185.71
709.801
236.226
2129.89
1667.33
1190.34
712.482
237.048
2235.41
1673.85
1189.45
711.561
236.745
2176.05
1683.76
1197.75
715.925
238.052
2275.19
1687.24
1195.84
714.585
237.627
2253.38
1702.83
1205.27
719.302
239.028
2322.82
1701.72
1203.17
718.097
238.642
2327.46
1712.71
1209.55
721.318
239.625
8802.3
13475.4
9335.89
13861.8
10062.1
14313.9
10605.3
14652.7
10279.1
14206.9
9674.52
10872.3
9632.52
11299
9760.64
10831.2
9946.99
10989.4
7785.83
1322.3
281.093
62.7896
11.0838
8642.88
2453.32
593.574
134.17
23.6755
7906.24
1325.81
280.021
62.296
10.9639
8770.09
2456.38
591.904
133.117
23.284
8040.45
1327.92
277.883
61.5203
10.8012
8894.29
2461.74
589.587
132.04
23.0537
8041.85
1298.79
269.166
59.4081
10.42
8865.25
2428.89
579.246
129.443
22.5698
7703.87
1212.85
250.726
55.4845
9.75105
8469.27
2323.68
555.75
124.506
21.7366
6974.46
1141.94
243.736
54.8045
9.7032
7132.93
2050.76
503.179
114.538
20.1803
7175.72
1155.8
243.753
54.4632
9.61178
7497.43
2151.16
523.195
118.163
20.711
6906.93
1142.03
244.955
55.2192
9.78676
7026.74
2009.6
493.648
112.736
19.919
6896.58
1135.92
243.514
54.9277
9.72786
7053.83
2003.72
491.076
112.435
19.8358
32604.2
46102.2
45078.9
31668.7
18439.6
19336.7
27609.8
28780
21574.9
24131.6
34244.3
46586.7
43250.3
57165.5
28278.1
32177
22172.6
23646.5
11613.4
12702.9
4953.37
3327
990.767
787.679
878.488
780.725
928.685
4909.05
4923.96
3013.19
4257.29
4133.51
1836.59
2488.52
2293.49
1544.76
1767.57
1469.51
4409.7
2480.21
1653.68
1473.88
1830.84
1601.71
1282.13
1226.56
1169.28
1038.49
1369.84
1244.76
4580.49
2843.9
3243.41
2125.21
1783.64
2446.96
1309.67
1059.47
1428.99
10160.4
10440.5
10868.5
12490.2
21161.7
7438.95
8689.07
9694.88
11099.3
13114
2614.74
3757.3
4643.83
5258.99
5580.69
2092.57
3034.58
3775.3
4287.32
4550.38
2330.51
3371.06
4181.64
4736.05
5018.34
2075.51
3012.07
3747.77
4254.09
4512.67
2458.81
3547.45
4393.48
4974.42
5272.56
10407.4
10893.9
10968.9
11903.8
19142.2
10406.5
10705.6
10586.2
11047.3
12786.1
6982.35
8403.34
9227.67
10020.8
10924.3
9286.07
9901.51
9814.84
9886.45
10227.1
9004.22
9672.96
9537.25
9421.26
9494.22
4606.61
6156.11
7184.39
7868.36
8255.76
5959.13
7470.4
8336.93
8937.82
9361.01
5558.45
7065.32
7910.09
8408.1
8677.77
3956.72
5439.54
6472.62
7146.8
7497.22
4449.88
5967.69
6958.77
7580.49
7900.42
3785.16
5241.74
6265.25
6925.87
7259.54
9536.55
10334.9
10721.4
11931.5
19417.4
5948
7529.04
8593.8
9551.95
10491.1
4209.67
5747.51
6829.09
7575.54
8004.32
3793.82
5264.53
6339.82
7092.4
7518.29
4596.27
6174.63
7293.19
8134.8
8705.55
4092.14
5630.33
6763.94
7599.59
8112.54
3336.08
4705.23
5747.71
6491.84
6908.18
3206.33
4544.79
5557.1
6257.48
6630.45
3067.48
4363.48
5334.59
5984.36
6314.11
2738.97
3928.03
4837.46
5454.39
5769.07
3551.74
4970.51
6003.91
6696.71
7059.43
3250.26
4596.87
5604.18
6290.63
6650.98
9639.55
10204.2
10678
12174.9
20347.5
6570.36
7999.49
9093.31
10370.5
11940.1
7601.09
9060.57
9939.28
11258.6
13911.2
5223.78
6864.05
8082.54
9159.15
10054.8
4499.83
6099.53
7283.97
8217.4
8857.03
5879.52
7486.54
8624.97
9706.27
10783.3
3405.06
4794.32
5842.75
6582.92
6992.82
2789.84
3993.99
4916.99
5549.9
5877.93
3688.96
5142.74
6221.65
6986.62
7421.69
17818
11764.1
18408.4
13144.9
23876.1
33964.6
24986.1
33884.3
18943.7
20081.5
16235.8
19371.6
21567.6
20564.7
27356.5
22510.2
13665.1
12703.5
6644.13
5632.46
14977.8
13631.6
7752.09
6312.56
18495.9
20014.5
18995.8
17372.2
19320.5
12740.6
10704.3
12342.8
17493.6
17470.7
36254.1
37934.3
25426.5
26734.5
15397.4
12640.3
16853.7
11691.7
8163.43
7882.11
13287.2
14645.4
5513.66
5995.43
14728.8
16750.1
7008.9
7713.85
14086.7
19589.1
8194.36
12577
2871.39
6970.06
2136.59
4814.93
17701.2
20274.4
17634.8
20633.6
19386.1
19702.7
20389.4
20190.4
16039.5
20311.1
18185.1
20024.2
17343
20786.2
17461.2
20978.7
21115
20398
21467.2
20555.1
14227.8
20449.8
13522.4
20600.1
17766.7
20926.2
21593
29947.5
19338.7
24728.5
21644.8
32758.4
16434.6
17978.7
21553.8
28676.8
15986.5
16465.4
21731.1
28386
18259.4
19772
22789
33771.9
18446.5
18895.8
24505.5
34321.1
18231.6
17934.6
26402.3
34105.2
17918.1
18871.7
19042.4
20145.8
30073.8
18161
16893.4
20351.3
18451.5
34322.6
18944.8
19672.3
19413.1
20905.9
37185.4
11125.3
10218.7
10203.9
13130.2
12161.3
11186.7
10609.1
13533.6
13379.8
11656.6
11105.8
13855.6
17669.2
17092.1
16504.7
16139.9
18929.9
17797.1
15576.1
14080.2
11646.4
14478.1
18665.3
18561.2
19679
19898
18781.2
17743.3
16947.3
15089.2
11484.1
14024.4
21404.6
24150.5
22253.9
25769.6
20331.5
21309
20963
22569.8
20527.5
20776.5
19979.7
19744.9
22561.2
26478.2
22780.8
26846.8
20900
23414.2
21085.7
23735.9
20862.3
21073.1
21054.8
21309.5
17479.4
16493.6
11355.7
12466.4
17374.4
15991
11307.9
12475.8
17782.2
16576.7
11575.8
12572.5
17931.4
16530.4
11945.7
12635.2
9387.33
9536.6
4060.02
3748.21
10457.3
10129.7
4502.66
4314.93
10209.4
9593.95
5132.03
4963.65
16942.6
16507.3
16426.2
16550
16286.8
15847.5
12186.8
10954.2
6045.3
5012.19
18989.4
18305
20147.5
19442.1
15902.3
14815.2
11368.8
9823.73
5567.83
4219.18
21596.3
20608.6
26368.7
23125.9
23971.5
21446.7
32684.8
24762.6
19776
16319.6
21477.7
17074.5
19644.5
16595.8
21546.8
17286.7
20102
17892.7
18277.4
17079.7
20802.7
21965.4
25750.9
27068.1
28208.8
29991.2
21181.7
22886.8
19208.8
19341.4
23086.6
24696.6
13278.4
9664.42
13674.1
9890.56
13552.6
9564.55
13838.9
9722.83
13529.6
9421.57
13830.7
9916.23
13854.4
10222.8
14435.5
10106.3
16998.2
16603.5
18703.2
17030.9
19432.8
18692.5
21207.4
19372.5
18422.9
14634.6
17582.3
14498.9
20061.7
17298.4
20969.6
17393.8
22698.1
19758.8
23341
19906.7
19069.8
14766.3
19612.7
14800.8
12813.7
9003.93
11989.4
7581.7
12311.8
8730.9
11956.4
7498.97
13197.1
9305.13
12020.1
7613.06
13403.2
9542.65
11933.5
7548.74
12862.1
13212.4
9048.16
8291.28
13016.5
13330.9
8892.19
8212.24
13014.2
12809.1
8658.33
8115.11
15141
17789.7
15971.2
11856.5
8414.65
16535.7
15557.4
17458.3
11976.1
8116.63
18227.6
16258.9
14495.4
12128.5
7425.87
14066.9
15627
8338.14
9247.63
13894.4
15134.6
8233.69
9043.1
12934.5
13724.1
7835.85
8101.75
16443.9
15727.5
14981.3
14608.2
15658.4
16373.1
12246.9
13347
7573.96
7503.97
16655.6
15433.8
15142.7
14063.8
13722.8
13413.3
11587.4
11912.8
6932.33
7723.23
14811.8
12939.3
14869.1
12341.3
16603.8
14279
17114.2
14437.3
12987.5
11325.1
13081.4
12130.8
14962.7
12050.1
15000.9
11989.1
17422.8
14921.7
17527.8
15035.8
13057.4
10809
13008.8
10770.4
10453.1
9570.12
6668.26
7680.2
10750.3
10290.4
6831.54
8086.02
10579.2
9295.43
6572.66
7789.87
10701.6
9052.79
6701.45
7634.7
19118.4
19125.4
27054.5
22565.9
18224.9
18395.1
25887
21514.4
15961.8
16762
23717.2
19980
15385.7
14964.9
14366.6
14291.4
16846.6
17467.8
15906.3
16020.4
21740.1
18318.3
14609.8
14028.1
13663.2
13626.4
14193.4
14693.9
15523.8
15275.5
21381.9
16912.2
5926.81
3772.3
2726.26
2481.54
6196.53
3926.54
2819.33
2502.24
5791.38
3684.37
2670.9
2456.71
6124.62
3873.6
2777.47
2458.47
5553.73
3516.68
2574.78
2368.19
6016.34
3758.75
2722.79
2366.54
6169.83
3756.67
2679.01
2404.77
6079.81
3659.41
2588.05
2360.67
5324.34
3363.4
2503.04
2299.42
4015.82
2736.87
2163.41
2151.32
4971.94
3219.4
2416.7
2187.31
3899
2742.38
2144.69
2097.65
5516.6
3429.59
2511.74
2315.17
4049.96
2719.67
2138.58
2159.52
5544.08
3413.83
2463.01
2274.22
3992.32
2683.58
2088.19
2100.51
5358.78
3478.07
2547.09
2392.59
4392.68
3041.42
2311.04
2299.72
5178.78
3386
2491.28
2351
4264.62
2989.33
2282.39
2288.21
4936.25
3243.35
2417.83
2306.07
4178.35
2927.21
2248.17
2286.84
4429.36
2981.89
2274
2282.45
3987.94
2821.47
2187.75
2175.41
3714.88
2718.03
2108.14
2089.45
2945.05
2597.46
1865.29
509.359
673.269
2306.92
1702.93
582.593
2979.72
2594.7
1860.7
527.136
852.454
2311.71
1698.74
584.397
3064.72
2576.82
1838.23
498.922
1130.74
2303.17
1675.29
569.695
3037.48
2523.39
1835.08
526.661
1184.23
2257.54
1652.77
568.073
2753.26
2409.23
1816.7
604.45
609.74
2138.87
1612.67
563.288
2196.64
2157.77
1706.9
554.573
-525.315
1834.34
1514.85
544.108
2395.42
2264.88
1760.84
569.748
-331.208
1964.8
1558.7
550.008
2051.72
2073.65
1642.8
486.97
-703.424
1738.58
1460.36
519.027
2002.52
2019.21
1589.14
458.923
-623.851
1679.74
1415.36
500.994
2418.08
1877.93
1316.59
777.436
256.931
2362.3
1863.22
1312.42
776.024
256.559
2417.52
1870.41
1311.15
774.464
255.998
2352.14
1851.52
1304.63
771.868
255.272
2433.04
1863.89
1304.96
770.929
254.879
2340.76
1838.49
1295.8
767.157
253.817
2297.56
1812.96
1281.74
760.159
251.707
2239.14
1777.62
1261.75
750.119
248.673
2398.25
1843.65
1293.29
765.017
253.086
2536.5
1854.98
1291.26
762.907
252.358
2470.41
1864.56
1301.59
768.681
254.139
2596.69
1870.64
1298.54
766.353
253.37
2341.52
1818.98
1280.31
758.653
251.183
2501.13
1833.47
1279.63
757.197
250.656
2290.51
1786.75
1261.88
749.38
248.389
2458.92
1805.57
1263.66
749.204
248.266
2525.49
1899.46
1321.59
778.922
257.301
2703.35
1918.91
1325.09
779.878
257.539
2531.62
1894.81
1317.77
776.781
256.622
2706.14
1914.76
1322.05
778.218
257.019
2550.88
1888.37
1311.93
773.514
255.584
2713.45
1906.72
1316.5
775.254
256.083
2605.93
1885.69
1306.68
770.408
254.585
2724.55
1895.07
1309.66
771.687
254.949
2664.83
1881.31
1303.11
768.476
253.982
11018.5
14487.7
11109.7
14532.5
11250.6
14550.2
11087.4
14394.9
10390
13714.8
9681.48
10827.6
9692.39
11229.4
9752.94
10799.3
9942.27
10977.5
8459.61
1396.72
292.322
64.7664
11.3829
9105.51
2566.44
616.154
138.414
24.3256
8431.49
1383.96
289.008
63.9211
11.2145
9077.95
2540.53
609.65
136.565
23.8201
8336.89
1360.61
283.292
62.5757
10.9723
8986.53
2504.33
600.234
134.315
23.4272
8118.47
1307.33
271.044
59.871
10.505
8775.31
2433.95
583.077
130.53
22.7718
7676.64
1209.03
250.454
55.5263
9.76864
8320.23
2310.46
555.41
124.75
21.8061
6957.52
1138.56
243.021
54.6656
9.68261
7104.44
2042.78
501.487
114.231
20.1375
7157.43
1151.46
242.934
54.3349
9.59674
7447.26
2139.67
521.394
117.945
20.6947
6894.64
1139.85
244.487
55.1221
9.77136
7009.05
2004.75
492.528
112.509
19.8838
6892.06
1135.14
243.349
54.8926
9.72215
7047.51
2002.08
490.692
112.354
19.8228
32147.8
45787.3
43993.7
30301.5
23782.7
28264.5
22946.7
28072.8
26509.9
41875.4
28180.7
43077.4
295.676
313.527
353.318
417.526
510.413
636.812
310.768
329.034
369.574
434.383
526.272
648.464
284.249
278.605
303.265
299.568
345.769
346.586
414.885
424.4
513.717
534.509
641.777
665.963
802.181
1012.18
1283.38
1641.55
2053.73
2349.97
803.985
994.677
1221.59
1475.46
1717.86
1874.93
791.764
1161.93
1460.6
1670.02
1777.88
839.351
1231.28
1547.2
1768.53
1882.47
945.434
1385.88
1740.26
1988.16
2115.68
1116.36
1634.44
2050.07
2340.22
2489.31
1362.93
1991.49
2493.54
2843.1
3022.57
1696.68
2471.12
3085.77
3512.62
3731.94
832.031
1220.71
1534.16
1753.83
1866.94
880.664
1291.45
1622.33
1854.01
1973.24
988.596
1448.43
1818.02
2076.41
2209.28
1160.85
1698.34
2128.94
2429.39
2583.78
1404.29
2049.91
2564.8
2923.3
3107.53
1726.26
2511.37
3133.75
3566.48
3789.38
761.22
1117.26
1404.65
1606.23
1710.07
746.12
1095.15
1376.96
1574.64
1676.48
811.962
1191.31
1497.25
1711.65
1822.04
802.081
1176.88
1479.2
1691.1
1800.2
925.365
1356.77
1704.07
1947.1
2072.12
927.564
1360.05
1708.24
1951.91
2077.24
1109.51
1624.88
2038.56
2327.38
2475.78
1134.92
1662.01
2085.01
2380.26
2531.9
1372.09
2005.56
2511.71
2863.98
3044.7
1427.44
2085.98
2611.71
2977.23
3164.57
1710.64
2492.78
3113.53
3543.89
3764.46
1774.96
2585.89
3228.53
3673.07
3900.38
2128.99
3083.84
3834.91
4356.34
4625.96
2668.15
3829.52
4732.76
5364.8
5698.97
3342.44
4722.72
5781.9
6543.7
6971.07
4185.5
5759.33
6952.05
7871.34
8460.26
5079.11
6732.75
7979.12
9056.58
9897.92
5692.96
7357.61
8616.32
9803.32
10847.8
2132.39
3086.35
3836.8
4359.2
4630.33
2623.31
3768.08
4660.5
5286.14
5616.93
3194.77
4538.69
5576.01
6316.39
6722.81
3814.21
5339.27
6505.56
7366.25
7869.68
4383.19
6036.71
7293.3
8262.33
8875.6
4743.63
6465.82
7772.66
8813.19
9506.62
298.731
322.8
369.261
440.842
541.998
677.624
313.886
338.48
385.691
457.634
557.03
686.623
287.352
281.829
312.739
309.453
362.187
363.838
439.207
450.28
547.019
569.628
686.352
714.116
851.491
1065.74
1333.98
1679.21
2073.52
2355.5
848.086
1041.21
1265.21
1510.06
1739.26
1882.03
799.972
1174.06
1475.98
1687.72
1796.81
864.323
1268.27
1594.16
1822.65
1940.34
988.42
1449.69
1821.43
2081.89
2216
1179.37
1728.33
2169.96
2479.06
2638.19
1448.62
2119.96
2658.61
3035.23
3229.16
1808.08
2639.74
3304.48
3769.09
4008.83
840.422
1233.14
1549.95
1772.03
1886.42
906.132
1329.25
1670.4
1909.5
2032.63
1032.11
1513.15
1900.53
2171.83
2311.51
1223.76
1792.27
2249.14
2568.83
2733.44
1487.81
2175.32
2726.22
3111.42
3309.95
1830.43
2669.1
3338.41
3806.55
4048.62
769.557
1129.57
1420.25
1624.16
1729.23
754.78
1107.94
1393.14
1593.24
1696.34
837.457
1229.03
1545.07
1766.71
1880.89
828.672
1216.2
1529.03
1748.44
1861.47
969.602
1422.37
1787.42
2043.24
2174.98
974.042
1428.94
1795.77
2052.85
2185.22
1175.21
1722.7
2163.37
2471.85
2630.62
1204.85
1766.18
2218.01
2534.27
2697.02
1462.47
2141.12
2685.98
3066.89
3262.9
1522.93
2229.64
2796.94
3193.4
3397.34
1832.46
2677.5
3353.52
3825.65
4068.85
1906.9
2786.81
3490.66
3981.83
4234.54
2264.93
3292.73
4109.76
4682.22
4979.95
2818.24
4065.62
5050.03
5747.01
6117.88
3488.53
4961.75
6113.69
6953.19
7426.25
4301.07
5961.51
7246.26
8247.39
8888.16
5147.31
6863.57
8178.92
9321.62
10209.1
5714.52
7402.18
8686.57
9898.85
10962.4
2253.73
3272.27
4080.81
4647.98
4943.74
2752.81
3969.89
4929.49
5608.33
5968.97
3318.29
4735.8
5844.23
6642.78
7082.75
3914.72
5504.82
6736.57
7652.82
8189.58
4447.37
6146.1
7449.63
8459.9
9099.09
4765.44
6503.86
7827.83
8883.74
9587.11
4933.82
3325.52
1054.3
842.882
952.458
841.854
998.589
4557.79
4420.17
2934.99
3687.59
1888.6
2443.83
1617.77
1777.42
1526.49
4251.84
2493.36
1726.91
1552.21
1893.07
1668.35
1344.9
1303.29
1263.95
1127.84
1455.93
1329.2
4523.15
2848.86
3208.03
2156.28
1835.87
2466.79
1380.37
1136.04
1503.49
10157.1
10494.8
10975.3
12666.2
21488.1
7452.96
8738.81
9784.52
11233.1
13289.9
2793.63
4040.69
5026.88
5722.17
6089.16
2245.02
3269.49
4085.18
4655.36
4950.46
2536.59
3692.85
4611.44
5251.41
5581.47
2244.48
3272.8
4092.22
4663.66
4958.16
2654.81
3856.12
4808.57
5474.3
5819.9
10156.7
11515.7
12430.7
14173.6
22755.9
10067.5
11657
12783.4
14349.8
16957.9
7061.64
9052.78
10552.5
11965.4
13289.1
8908.2
10933.1
12156.8
13420.2
14511.2
4860.61
6765.42
8208.13
9260.77
9869.88
6098.05
8159.45
9678.65
10866.2
11646.6
4226.65
5996.12
7355.38
8316.3
8837
4615.75
6495.34
7924
8938.77
9496.72
4007.07
5719.01
7040.49
7965.98
8457.54
9430.75
10713.2
11637.6
13378.9
21840.1
6115.86
8038.52
9513.01
10855.9
12064.2
4474.19
6283.79
7673.81
8692.87
9285.84
4045.02
5725.73
7030.27
7982.52
8527.92
4831.42
6666.27
8079.34
9186.89
9925.97
4307.9
6030.02
7366.43
8381.82
9005.37
3520.77
5014.61
6184.74
7037.11
7517.46
3432.52
4924.78
6094.69
6927.51
7377.39
3345.81
4829.98
5994.02
6806.05
7229.84
2993.18
4336.61
5396.64
6136.44
6521.05
3825.04
5467.64
6743.72
7645.55
8130.89
3503.24
5029.87
6224.43
7069.05
7521.25
9630.39
10374.1
11017.1
12722.8
21359.4
6624.99
8151.78
9356.79
10750.4
12422.2
7644.19
9364.05
10547.8
12185.7
15173.9
5344.01
7116.34
8487.07
9709.69
10709
4675.19
6434.6
7798.47
8895.54
9640.7
6022.95
7880.76
9323.69
10699.4
11990.9
3616.2
5154.32
6357.54
7229.55
7717.28
3009.31
4350.02
5407.41
6150.32
6540.96
3920.4
5554.6
6827.22
7760.09
8295.6
10429
9799.67
8708.87
7207.11
5203.77
2029.03
18185.8
18550.9
21089.8
21762.6
17891.3
19013.9
20209.4
19631.4
14856.8
18188.6
15562.6
18776.4
17867.4
16130.4
24822.2
17524.6
17754
19953.9
20385.6
16977.4
18082
19366.7
18976.9
14814.8
21988.1
15436.4
21918.8
18053.6
19567.3
26639.3
16802
16902.8
18521.9
18708.9
16321.6
17808.5
18250.8
18336.7
17039.1
19529.9
17815
19566.9
19624.7
21539.1
24058
16135.6
16253.7
17261.8
17290.6
15973.5
17694.6
17154.1
17504.3
16031.7
17135.8
16784.4
16748.9
18023.6
19471.5
20901
15428.3
15579.3
16427.8
16373
15749.8
17628.1
16461.5
16992.9
15248
14236
16019.8
13714.8
16656
16535.9
17378.3
15135.5
15326.8
15886.2
15799.5
15431.7
17001.9
16028.2
16480.5
14616.6
12318.2
15198.5
12102.1
15565.8
14638.5
15818
21120.2
20301.8
22071.4
23201.3
19626
19663
20619.2
19748.6
18712.6
13869.8
18675.4
13951.1
16606.4
15127.8
18141.2
19992.7
19408.7
20463.7
21198.3
19020.3
19214.5
19510.6
18783.7
17446.3
13499
17441.4
13597.9
15318.2
13677.4
16888.1
18537.2
18205.1
18556.8
18901.1
17999.5
18204.4
18096.8
17674.3
16693.1
13381.9
16507.7
13129.2
14831.2
12585.2
16764.9
17222
17045.3
17149.3
17290.8
16922
17069.5
17010.7
16684.9
15960.1
14053
15866.5
13733.1
14430.2
12816.1
17361.2
16613.3
16505.2
16415.6
16470.9
16238.1
16378.2
16407.6
16216.5
15937.5
15400.9
15880.3
15245.3
14701.9
13494.5
18208.2
16181.2
16079.7
16016.2
16044
15853.8
16169.5
15980.6
15918.9
15967.3
16250.7
15971.5
16138.8
14917.3
14141.2
19079
)
;

boundaryField
{
    patch1
    {
        type            calculated;
        value           nonuniform List<scalar> 
2440
(
14012
27601.1
0
0
0
0
0
0
0
0
14008
27584.7
0
0
0
0
0
0
0
0
11382.5
18475.4
20140
31645.3
41572.8
26873.8
17077.9
8567.07
46088.7
18719.6
27608.7
21545.3
34214.5
43202.7
28238.4
22201.4
12062.5
0
0
0
0
0
0
0
0
0
0
0
0
0
0
0
0
0
0
0
0
0
0
0
0
0
0
0
0
0
0
0
0
0
0
0
45776.5
0
0
0
0
0
0
0
0
0
0
0
0
0
0
0
0
0
0
0
0
0
0
0
0
0
0
0
0
0
0
0
0
0
0
0
0
0
0
0
0
0
0
0
0
0
0
0
0
0
0
0
0
0
0
0
0
0
11196.4
18468.4
20160.8
31672.6
41622
26921.9
17085.3
8309.41
46093.5
18439.6
27609.8
21574.9
34244.3
43250.3
28278.1
22172.6
11613.4
0
0
0
0
0
0
0
0
0
0
0
0
0
0
0
0
0
0
0
0
0
0
0
0
0
0
0
0
0
0
0
0
0
0
0
45778.5
0
0
0
0
0
0
0
0
0
0
0
0
0
0
0
0
0
0
0
0
0
0
0
0
0
0
0
0
0
0
0
0
0
0
0
0
0
0
0
0
0
0
0
0
0
0
0
0
0
0
0
0
0
0
0
0
0
15194.4
22140.9
0
0
0
0
0
14638.6
15819.6
14141.3
19081.3
15194.8
22139.2
0
0
0
0
0
14638.5
15818
14141.2
19079
18163.7
26553.1
27245.7
21710
21015.3
27431.3
27396.4
21750.6
21737.4
16974.6
12656.2
16438.8
12609.9
16974.8
12755.7
16837.5
12823.7
791.246
634.61
1068
1362.59
2323.29
2538.23
21840.1
20731.6
15154.5
9357.66
3309.44
20366.7
20257
13843.5
8307.54
3132.09
22185.1
1563.73
4090.58
1814.15
4983.6
3236.19
6508.61
17749.5
13317.3
10321.5
8665.42
8115.21
14848.5
11664.4
9897.15
9009.4
9101.49
0
0
0
0
0
0
0
0
0
0
0
0
0
0
0
0
0
0
0
0
0
0
0
0
0
0
0
0
0
0
0
0
0
0
0
0
0
0
0
0
0
0.710741
-0.271926
0.709472
-0.338129
0.704424
-0.338309
0.690113
-0.328559
0.674749
-0.320951
0.213022
-0.120057
0.445977
-0.234387
0.0779076
-0.0449105
0.0156888
-0.00821516
32602.2
45078
31667.6
19628.4
28813.8
24111.7
46557.8
57116.6
32172
23670.9
13199.6
24302.8
26025
20987.6
19860
26832.9
27217
21375.8
21624.3
16679.6
12572.1
16105.4
12559.3
16798.1
12692
16780.1
12798.9
9523.35
3707.4
10139.7
4314.84
9594.73
4963.47
16507.3
16550.1
15848
10954.3
5012.11
18305.1
19442.2
14815.3
9823.73
4219.12
19120.9
22549.2
18417.7
21520.3
16763
19980.3
14964.9
14291.6
17468.5
16020.8
18318.6
14028.3
13626.7
14694.3
15275.9
16912.6
0
0
0
0
0
0
0
0
0
0
0
0
0
0
0
0
0
0
0
0
0
0
0
0
0
0
0
0
0
0
0
0
0
0
0
0
0
0
0
0
0
0.726008
-0.277757
0.722716
-0.344731
0.714118
-0.342923
0.695622
-0.330846
0.676661
-0.321408
0.212738
-0.119723
0.445938
-0.233546
0.0777953
-0.0448615
0.0156731
-0.00822319
32147.8
44004.4
30306.6
28170.1
28108.7
41976.2
42869.9
15140.3
15325.3
15885.2
15802.1
15431.2
17001.7
16027.7
16480.3
14621.6
12314.2
15198
12097.4
15565.8
16178.3
16077.9
16015.3
16042.8
15853.3
16169.4
15980.1
15918.7
15962.4
16213.7
15971.1
16135.7
14917.6
18159.2
26553.3
27245.9
21710.5
21015.8
27431.6
27396.6
21751.1
21737.9
16975.3
12656.9
16439.5
12610.6
16975.4
12756.3
16838.1
12824.3
776.772
628.061
1069.59
1364.95
2324.14
2539.65
21840.5
20732.3
15155.3
9358.59
3310.19
20367.1
20257.7
13844.2
8308.23
3132.5
22180.9
1538.67
4046.63
1814.16
4983.86
3236.65
6509.32
17749.5
13317
10321
8665.23
8115.47
14848.5
11664.2
9896.95
9009.29
9101.49
0
0
0
0
0
0
0
0
0
0
0
0
0
0
0
0
0
0
0
0
0
0
0
0
0
0
0
0
0
0
0
0
0
0
0
0
0
0
0
0
0
0.709693
-0.273626
0.709306
-0.337677
0.704241
-0.33817
0.690018
-0.328512
0.674711
-0.32094
0.213026
-0.120063
0.445972
-0.234397
0.0779101
-0.0449129
0.0156894
-0.00821561
32603.4
45086.5
31670
19275.4
28805.9
24139.3
46584.5
57156.1
32211.5
23635
12680.4
24302.8
26025
20988.1
19860.5
26832.9
27217.2
21376.3
21624.8
16680.3
12572.9
16106.2
12560.1
16798.8
12692.7
16780.7
12799.5
9536.65
3748.19
10129.7
4314.93
9593.95
4963.65
16507.3
16550
15847.5
10954.2
5012.19
18305
19442.1
14815.2
9823.73
4219.18
19125.4
22566
18395.1
21514.4
16762
19980
14964.9
14291.4
17467.8
16020.4
18318.3
14028.1
13626.4
14693.9
15275.5
16912.2
0
0
0
0
0
0
0
0
0
0
0
0
0
0
0
0
0
0
0
0
0
0
0
0
0
0
0
0
0
0
0
0
0
0
0
0
0
0
0
0
0
0.725039
-0.279544
0.722578
-0.344286
0.713968
-0.342799
0.695558
-0.330814
0.676647
-0.321407
0.212746
-0.11973
0.445945
-0.23356
0.0777988
-0.044864
0.0156738
-0.00822358
32147.1
44001.5
30302.8
28243
28094.5
41918.4
43023.9
15135.6
15326.8
15886.2
15799.6
15431.7
17001.9
16028.2
16480.5
14616.6
12318.2
15198.5
12102.1
15565.8
16181.1
16079.7
16016.1
16043.9
15853.8
16169.5
15980.6
15918.9
15967.3
16250.7
15971.5
16138.8
14917.3
18699.5
7230.18
2029.1
18698.6
7230.12
2029.03
19171.7
19679.9
25889.7
23199.7
8059.69
5831.48
9667.47
7888.16
519.227
648.34
4499
4935.13
9205.47
9955.06
24793.3
25643.8
19070.9
487.523
166.423
3655.51
2970.77
7242.01
6204.6
230.827
202.838
209.836
2382.33
1941.77
1715.53
4952.22
4342.65
4121.56
26362.2
25928.5
29461
25832.1
20486.2
20912.6
22997
21763.1
119.729
86.4368
1356.56
1073.12
1424.9
1715.51
14790.7
21085.1
8589.18
117.138
199.869
984.691
963.426
1823.16
2020.72
97.7261
104.121
123.204
1184.15
1276.12
1295.98
2790.85
3214.98
3340.94
8850.41
9333.67
10060.6
10604.3
10278.4
9673.95
9631.9
9760.08
9946.43
11042.1
11107.6
11249.3
11086.4
10389.1
9680.79
9691.64
9752.32
9941.68
19174.7
19682.2
25902.5
23205.3
7894.28
5716.32
9640.87
7878.76
447.73
555.413
4483.49
4921.75
9202.49
9951.75
24793.4
25644.6
19070.3
408.397
90.3708
3662.96
2977.08
7239.52
6203.71
184.668
163.403
175.441
2390.46
1944.79
1715.57
4952.44
4343.29
4122.21
26366.6
25929.8
29474.8
25837.6
20313.8
20860.7
22967.4
21735.7
103.701
72.8481
1348.27
1064.18
1423.97
1714.85
14791.3
21086.2
8589.11
102.69
193.611
974.246
954.291
1822.6
2019.84
82.7677
86.5819
102.649
1174.18
1270.6
1292.18
2789.67
3213.83
3340.14
8802.3
9335.89
10062.1
10605.3
10279.1
9674.52
9632.52
9760.64
9946.99
11018.5
11109.7
11250.6
11087.4
10390
9681.48
9692.39
9752.94
9942.27
20879.2
15710.4
2322.97
1701.81
1203.23
718.122
238.647
2327.62
1712.8
1209.61
721.345
239.632
23080.9
24692.6
25848
23677.4
24596.3
25202.5
2724.55
1895.07
1309.66
771.687
254.949
2664.83
1881.31
1303.11
768.476
253.982
10429
9799.67
8708.87
7207.11
5203.77
26383.2
26574.2
24276.2
24324.5
19233.4
17787.7
25758.2
23698.1
22230.4
23696.1
21729.7
20317.8
15471.2
13683.3
12692.1
20147.6
19442.2
15902.3
14815.3
11368.6
9823.73
5567.68
4219.12
13867.6
10227.5
14470.2
10114.2
6170.03
3756.75
2679.07
2404.85
6080.39
3659.66
2588.2
2360.8
2297.64
1813.02
1281.78
760.179
251.711
2239.25
1777.7
1261.8
750.144
248.68
281.844
309.469
363.856
450.301
569.654
714.147
754.82
1108
1393.21
1593.32
1696.43
828.715
1216.26
1529.1
1748.53
1861.56
974.09
1429.02
1795.86
2052.95
2185.33
1204.91
1766.27
2218.12
2534.39
2697.15
1523
2229.74
2797.07
3193.55
3397.5
1906.99
2786.93
3490.82
3982.01
4234.73
1264
3345.94
4830.17
5994.26
6806.32
7230.14
23233.6
21610.9
20257.7
17084.5
15030.5
13844.2
11066.4
9102.34
8308.23
5398.52
3841.1
3132.5
14488.7
10192.2
14670.3
10108.5
20695.6
20036.5
14820.1
13561
7516.96
7382.67
19186.5
18306.3
17566.9
12989.6
12966.3
12788
8012.95
8336.93
8378.16
5752.13
3379.52
2395.43
2181.07
5940.05
3528.4
2492.67
2282.89
2124.21
1703.8
1218.52
727.918
241.861
2175.39
1736.44
1237.78
737.868
244.926
1169.28
3067.48
4363.48
5334.59
5984.36
6314.11
278.605
299.568
346.586
424.4
534.509
665.963
746.12
1095.15
1376.96
1574.64
1676.48
802.081
1176.88
1479.2
1691.1
1800.2
927.564
1360.05
1708.24
1951.91
2077.24
1134.92
1662.01
2085.01
2380.26
2531.9
1427.44
2085.98
2611.71
2977.23
3164.57
1774.96
2585.89
3228.53
3673.07
3900.38
25847.4
23677.4
24603.5
25205.8
2724.59
1895.12
1309.69
771.7
254.951
2664.9
1881.36
1303.14
768.493
253.986
10429.4
9800.02
8709.17
7207.35
5203.93
20880
15710.3
2322.82
1701.72
1203.17
718.097
238.642
2327.46
1712.71
1209.55
721.318
239.625
23078
24690.1
42716.4
54907.6
28413.7
30973.7
14103.7
15645.2
1933.99
2057.11
0
0
0
0
0
0
0
0
0
0
0
0
0
0
0
20191.2
18787.8
22512.8
19279.8
22541.4
23374.6
14993.4
9391.45
14912.3
9313.16
5087.63
3061.33
2240.62
2073.13
5203.41
3127.71
2281.38
2088.4
-1788.51
869.802
1016.64
386.64
-1441.02
965.957
1044.8
395.99
-861.308
1126.47
1089.4
402.389
-266.211
1299.32
1148.22
421.86
-170.303
1421.23
1201.89
438.726
-639.301
1528.28
1296.07
467.42
-656.912
1477.89
1249.89
450.657
-733.514
1573.11
1331.54
471.504
-625.527
1628.27
1373.68
485.291
2025.17
1646.2
1186.64
711.934
237.001
2054.24
1662.17
1195.13
716.089
238.246
2315.41
1728.33
1220.04
726.875
241.376
2311.27
1718.55
1213.62
723.483
240.312
2357.98
1747.58
1230.99
732.532
243.13
2409.83
1775.69
1246.67
740.557
245.614
2217.28
1666.58
1185.93
709.893
236.248
2235.4
1673.94
1189.5
711.576
236.743
2275.29
1687.33
1195.89
714.606
237.63
13605.6
13938.8
14393.6
14694.3
14241.1
10906.8
11326.9
10869.7
11031.1
8705.7
2471.76
598.578
135.324
23.9166
8820.68
2471.42
595.663
133.997
23.505
8944.11
2476.43
593.224
132.887
23.2691
8916.38
2443.89
582.918
130.291
22.7853
8517.86
2338.21
559.323
125.333
21.9476
7171.51
2062.34
506.002
115.18
20.3449
7536.79
2163.22
526.176
118.852
20.8872
7064.8
2020.89
496.376
113.35
20.0766
7092.06
2015.11
493.86
113.015
19.9939
42025.9
55739.1
23703
27821.9
13189.6
15090.6
1530.13
1877.52
878.524
4133.53
2293.53
1469.55
2330.61
3371.21
4181.83
4736.28
5018.58
9004.29
9673.12
9537.45
9421.46
9494.42
5558.56
7065.5
7910.33
8408.37
8678.07
3785.27
5241.93
6265.48
6926.15
7259.85
0
0
0
0
0
0
0
0
0
0
21455.3
17063.7
21547.7
17289.1
21187.6
22893.3
13661.4
9878.22
13831.9
9718.86
6189.88
3922.63
2816.54
2500.94
6123.81
3873.25
2777.36
2458.51
653.581
2304.07
1701.92
582.465
853.703
2311.19
1698.51
584.297
1131.26
2303.02
1675.19
569.658
1184.5
2257.53
1652.74
568.063
609.912
2138.93
1612.68
563.294
-525.22
1834.47
1514.92
544.132
-331.094
1964.89
1558.75
550.023
-703.345
1738.74
1460.46
519.058
-623.765
1679.93
1415.48
501.033
2362.46
1863
1312.15
775.863
256.509
2352.19
1851.59
1304.67
771.88
255.272
2536.6
1855.05
1291.31
762.928
252.363
2596.78
1870.7
1298.57
766.372
253.375
2501.25
1833.54
1279.67
757.221
250.663
2459.07
1805.65
1263.71
749.231
248.274
2704.54
1918.95
1325
779.805
257.511
2706
1914.82
1322.08
778.218
257.012
2713.43
1906.76
1316.53
775.261
256.081
14583.9
14601.7
14620.6
14431.2
13744.8
10861.5
11257.2
10837.4
11019.1
9160.3
2583.98
621.091
139.565
24.5676
9128.42
2555.63
613.442
137.455
24.0441
9036.04
2519.05
603.877
135.165
23.6439
8825.74
2448.88
586.735
131.376
22.9876
8368.05
2324.85
558.954
125.572
22.0167
7142.81
2054.29
504.292
114.869
20.3013
7486.24
2151.61
524.348
118.627
20.87
7046.97
2016
495.245
113.121
20.0409
7085.7
2013.46
493.472
112.933
19.9807
310.785
329.052
369.593
434.405
526.298
648.494
804.02
994.718
1221.64
1475.51
1717.92
1874.99
832.075
1220.78
1534.24
1753.92
1867.04
880.711
1291.52
1622.42
1854.1
1973.34
988.648
1448.51
1818.12
2076.52
2209.4
1160.91
1698.42
2129.05
2429.51
2583.92
1404.35
2050.01
2564.93
2923.45
3107.7
1726.34
2511.49
3133.9
3566.66
3789.57
2132.49
3086.5
3836.99
4359.41
4630.57
2623.42
3768.25
4660.72
5286.41
5617.22
3194.9
4538.89
5576.28
6316.7
6723.16
3814.36
5339.49
6505.87
7366.62
7870.09
4383.35
6036.96
7293.65
8262.75
8876.07
4743.8
6466.08
7773.01
8813.63
9507.12
313.902
338.497
385.71
457.656
557.056
686.653
848.122
1041.26
1265.26
1510.12
1739.32
1882.09
840.466
1233.21
1550.03
1772.13
1886.51
906.178
1329.32
1670.49
1909.6
2032.73
1032.16
1513.23
1900.62
2171.93
2311.63
1223.82
1792.35
2249.25
2568.95
2733.57
1487.88
2175.43
2726.35
3111.56
3310.11
1830.51
2669.22
3338.56
3806.72
4048.81
2253.83
3272.41
4080.99
4648.19
4943.97
2752.93
3970.06
4929.71
5608.59
5969.24
3318.43
4736.01
5844.49
6643.09
7083.08
3914.87
5505.05
6736.87
7653.18
8189.97
4447.54
6146.36
7449.97
8460.31
9099.54
4765.61
6504.13
7828.19
8884.17
9587.6
952.497
3687.66
1526.54
2536.69
3693.01
4611.64
5251.63
5581.71
8908.39
10933.4
12157.1
13420.7
14511.7
4007.22
5719.22
7040.75
7966.28
8457.87
42766.1
54932.1
28467.1
30975.1
14112.3
15688.8
1319.83
1404.03
0
0
0
0
0
0
0
0
0
0
0
0
0
0
0
19988.8
18725.3
22479.6
19253
22539.6
23373.8
14992
9398.84
14896.7
9309.55
5086.48
3059.78
2239.92
2072.11
5202.78
3127.47
2281.19
2088.22
-1786.24
868.465
1016.35
386.483
-1441.81
966.063
1044.83
396.025
-861.613
1126.32
1089.32
402.367
-266.445
1299.08
1148.07
421.815
-170.515
1420.95
1201.72
438.67
-639.437
1528.01
1295.9
467.363
-657.069
1477.61
1249.71
450.599
-733.621
1572.86
1331.38
471.451
-625.621
1628.05
1373.54
485.244
2023.42
1645.26
1186.19
711.723
236.938
2054.14
1662.08
1195.08
716.07
238.244
2315.24
1728.23
1219.98
726.846
241.368
2311.11
1718.46
1213.57
723.455
240.305
2357.81
1747.48
1230.94
732.502
243.122
2409.67
1775.6
1246.62
740.528
245.606
2215.72
1666.04
1185.71
709.801
236.226
2235.41
1673.85
1189.45
711.561
236.745
2275.19
1687.24
1195.84
714.585
237.627
13551.2
13940.4
14394.3
14694.9
14241.6
10907.3
11327.5
10870.2
11031.7
8690.65
2466.16
596.987
134.945
23.8479
8819.04
2470.81
595.453
133.938
23.4935
8943.67
2476.23
593.146
132.862
23.2638
8916.41
2443.84
582.891
130.281
22.7829
8518.08
2338.24
559.321
125.33
21.9467
7171.86
2062.43
506.022
115.184
20.3455
7537.11
2163.29
526.189
118.853
20.8873
7065.16
2020.99
496.399
113.355
20.0774
7092.43
2015.21
493.886
113.02
19.9949
42074.5
55780.3
23746.2
27867.2
13145.8
15040.1
1028.61
1265.82
878.488
4133.51
2293.49
1469.51
2330.51
3371.06
4181.64
4736.05
5018.34
9004.22
9672.96
9537.25
9421.26
9494.22
5558.45
7065.32
7910.09
8408.1
8677.77
3785.16
5241.74
6265.25
6925.87
7259.54
0
0
0
0
0
0
0
0
0
0
21482
17077.8
21546.8
17287.4
21184.7
22891.6
13674
9890.62
13830.7
9720.67
6196.53
3926.54
2819.33
2502.24
6124.62
3873.6
2777.47
2458.47
673.269
2306.92
1702.93
582.593
852.454
2311.71
1698.74
584.397
1130.74
2303.17
1675.29
569.695
1184.23
2257.54
1652.77
568.073
609.74
2138.87
1612.67
563.288
-525.315
1834.34
1514.85
544.108
-331.208
1964.8
1558.7
550.008
-703.424
1738.58
1460.36
519.027
-623.851
1679.74
1415.36
500.994
2362.3
1863.22
1312.42
776.024
256.559
2352.14
1851.52
1304.63
771.868
255.272
2536.5
1854.98
1291.26
762.907
252.358
2596.69
1870.64
1298.54
766.353
253.37
2501.13
1833.47
1279.63
757.197
250.656
2458.92
1805.57
1263.66
749.204
248.266
2703.35
1918.91
1325.09
779.878
257.539
2706.14
1914.76
1322.05
778.218
257.019
2713.45
1906.72
1316.5
775.254
256.083
14557.7
14603.6
14621.7
14432.1
13745.6
10862.2
11257.9
10838
11019.7
9154.87
2579.71
619.678
139.211
24.5018
9127.99
2555.36
613.292
137.405
24.0338
9036.18
2519.05
603.847
135.149
23.64
8826.09
2448.96
586.742
131.373
22.9864
8368.48
2324.96
558.975
125.574
22.0168
7143.24
2054.41
504.32
114.875
20.3022
7486.69
2151.73
524.374
118.632
20.8707
7047.38
2016.11
495.272
113.127
20.042
7086.08
2013.57
493.499
112.939
19.9817
310.768
329.034
369.574
434.383
526.272
648.464
803.985
994.677
1221.59
1475.46
1717.86
1874.93
832.031
1220.71
1534.16
1753.83
1866.94
880.664
1291.45
1622.33
1854.01
1973.24
988.596
1448.43
1818.02
2076.41
2209.28
1160.85
1698.34
2128.94
2429.39
2583.78
1404.29
2049.91
2564.8
2923.3
3107.53
1726.26
2511.37
3133.75
3566.48
3789.38
2132.39
3086.35
3836.8
4359.2
4630.33
2623.31
3768.08
4660.5
5286.14
5616.93
3194.77
4538.69
5576.01
6316.39
6722.81
3814.21
5339.27
6505.56
7366.25
7869.68
4383.19
6036.71
7293.3
8262.33
8875.6
4743.63
6465.82
7772.66
8813.19
9506.62
313.886
338.48
385.691
457.634
557.03
686.623
848.086
1041.21
1265.21
1510.06
1739.26
1882.03
840.422
1233.14
1549.95
1772.03
1886.42
906.132
1329.25
1670.4
1909.5
2032.63
1032.11
1513.15
1900.53
2171.83
2311.51
1223.76
1792.27
2249.14
2568.83
2733.44
1487.81
2175.32
2726.22
3111.42
3309.95
1830.43
2669.1
3338.41
3806.55
4048.62
2253.73
3272.27
4080.81
4647.98
4943.74
2752.81
3969.89
4929.49
5608.33
5968.97
3318.29
4735.8
5844.23
6642.78
7082.75
3914.72
5504.82
6736.57
7652.82
8189.58
4447.37
6146.1
7449.63
8459.9
9099.09
4765.44
6503.86
7827.83
8883.74
9587.11
952.458
3687.59
1526.49
2536.59
3692.85
4611.44
5251.41
5581.47
8908.2
10933.1
12156.8
13420.2
14511.2
4007.07
5719.01
7040.49
7965.98
8457.54
23233.4
21610.4
20257
17084.1
15029.9
13843.5
11065.8
9101.71
8307.54
5398.04
3840.64
3132.09
14494.5
10195.6
14673.3
10110.7
20695.3
20036.5
14820.3
13561.3
7517.01
7382.93
19186.6
18306.4
17566.9
12990
12966.7
12788.4
8013.42
8337.47
8378.62
5753.37
3379.97
2395.68
2181.25
5941
3528.79
2492.89
2283.05
2124.34
1703.89
1218.58
727.944
241.867
2175.52
1736.53
1237.83
737.896
244.934
1169.32
3067.6
4363.66
5334.81
5984.62
6314.4
278.62
299.584
346.604
424.421
534.535
665.994
746.16
1095.21
1377.03
1574.72
1676.57
802.124
1176.94
1479.28
1691.19
1800.3
927.613
1360.12
1708.33
1952.01
2077.35
1134.98
1662.09
2085.12
2380.38
2532.03
1427.51
2086.08
2611.84
2977.38
3164.73
1775.04
2586.01
3228.68
3673.25
3900.58
26383.4
26574.2
24276
24324.3
19232.6
17787.2
25758.3
23698.4
22230.8
23696.3
21730.3
20318.5
15471.3
13683.9
12692.8
20147.5
19442.1
15902.3
14815.2
11368.8
9823.73
5567.83
4219.18
13866.4
10226.9
14468.5
10113
6169.83
3756.67
2679.01
2404.77
6079.81
3659.41
2588.05
2360.67
2297.56
1812.96
1281.74
760.159
251.707
2239.14
1777.62
1261.75
750.119
248.673
281.829
309.453
363.838
450.28
569.628
714.116
754.78
1107.94
1393.14
1593.24
1696.34
828.672
1216.2
1529.03
1748.44
1861.47
974.042
1428.94
1795.77
2052.85
2185.22
1204.85
1766.18
2218.01
2534.27
2697.02
1522.93
2229.64
2796.94
3193.4
3397.34
1906.9
2786.81
3490.66
3981.83
4234.54
1263.95
3345.81
4829.98
5994.02
6806.05
7229.84
)
;
    }
    patch2
    {
        type            calculated;
        value           nonuniform List<scalar> 
348
(
10612.1
10611.7
11296.7
7107.8
5963.08
7548.28
12581.7
7853.87
6642.92
8450.43
11296
7107.44
5962.79
7547.89
12581.1
7853.53
6642.63
8450.07
21181.3
14265.7
5664.68
4617.58
5090
4578.36
5348.85
18721.8
13498
11394.7
10455.7
9574.87
8371.79
9521.08
8759.12
7591.24
7986.95
7345.96
19100
10944
8133.1
7642.61
8909.96
8274.44
7025.9
6730.45
6398.42
5849.48
7156.36
6746.65
20377
12780.5
15148.7
10426
9081.03
1805.36
1911.48
2148.13
2527.24
3068.23
3787.85
1895.74
2003.58
2243.1
2623.07
3154.46
3846.33
1736.52
1702.41
1850.15
1827.98
2103.93
2109.13
2513.52
2570.45
3090.64
3212.16
3820.55
3958.09
4695.24
5787.08
7091.58
8651.65
10226.8
11293
4700.23
5703.96
6834.2
8017.38
9070.87
9738.44
1824.59
1970.32
2250.15
2678.7
3278.56
4070.05
1915.54
2063.98
2347.08
2775.36
3360.58
4110.58
1755.99
1722.6
1909.96
1890.25
2208.52
2218.92
2671.04
2738.43
3312.8
3449.23
4130.84
4298.89
5056.64
6215.83
7559.46
9095.21
10553.8
11414.5
5020.11
6063.96
7203.3
8346.73
9302.11
9822
21509.8
14460.7
6185.28
5026.09
5665.81
5033.31
5908.78
22360.9
17902.9
13900.6
14961.6
10048
11908
8978.03
9650.23
8587.58
21607.1
12611.1
9460.92
8685.85
10181.4
9199.41
7653.03
7498.36
7339.69
6620.23
8261.39
7641.9
21383.1
13306.6
16542.6
11116
9897.15
21180
14264.9
5664.4
4617.35
5089.75
4578.14
5348.59
18720.4
13497.2
11394
10455.3
9574.67
8371.41
9520.66
8758.81
7590.91
7986.63
7345.65
19098.6
10943.4
8132.7
7642.23
8909.49
8274
7025.54
6730.11
6398.13
5849.2
7156.03
6746.33
20375.6
12779.7
15147.7
10425.4
9080.52
1805.26
1911.38
2148.02
2527.11
3068.07
3787.65
1895.64
2003.48
2242.98
2622.93
3154.29
3846.13
1736.43
1702.32
1850.05
1827.88
2103.82
2109.02
2513.39
2570.32
3090.48
3211.99
3820.36
3957.89
4695.01
5786.78
7091.21
8651.17
10226.2
11292.4
4699.99
5703.67
6833.84
8016.95
9070.39
9737.93
1824.49
1970.21
2250.04
2678.57
3278.4
4069.86
1915.44
2063.87
2346.96
2775.22
3360.42
4110.38
1755.89
1722.5
1909.86
1890.15
2208.41
2218.81
2670.91
2738.3
3312.64
3449.07
4130.65
4298.69
5056.4
6215.55
7559.11
9094.78
10553.3
11413.9
5019.88
6063.68
7202.96
8346.33
9301.65
9821.5
21508.6
14459.9
6185.01
5025.87
5665.56
5033.09
5908.53
22360
17902.2
13900.1
14961.1
10047.6
11907.6
8977.69
9649.87
8587.25
21606.2
12610.6
9460.54
8685.49
10181
9199.02
7652.69
7498.04
7339.39
6619.96
8261.06
7641.59
21382
13305.9
16541.8
11115.5
9896.71
11059.1
6453.31
5104.22
11886.7
7319.53
5954.84
13173.4
8642.72
7322.29
14737.3
10021.4
8634.05
16507.5
10964.2
9387.78
29378.9
25257.9
28405.3
24058.1
26936.8
22297.1
25623.9
20465.2
23850.8
18657.3
11034.7
6416.99
5065.07
11882.1
7320.86
5956.16
13171.8
8642.87
7322.81
14736.1
10021.2
8634.19
16506.3
10963.9
9387.73
29416.9
25287.5
28398.2
24060
26934.4
22296.4
25622.7
20464.5
23849.9
18656.6
)
;
    }
    patch3
    {
        type            calculated;
        value           uniform 0;
    }
    patch4
    {
        type            calculated;
        value           nonuniform List<scalar> 
384
(
6176.31
11999.9
14856.9
39122.5
50586.8
23085.8
13559.2
5483.56
11767
13188.4
34138.1
33626.8
5941.56
12006.5
14844.6
39135.9
50611.1
23086
13584.4
5173.39
11689.8
13211.4
34102.6
33683.8
10928.4
12371.4
36862.7
38027.8
10710.4
12325.5
36278.4
37891.7
10929.3
12372.8
36869.5
38032.4
10711.6
12326.8
36278.1
37894.5
7540.57
7723.64
8152.5
7870.43
2477.94
6252.2
2065.14
4678.36
2875.82
6974.14
2144.92
4819.98
8147.47
7868.56
7541.68
7724.69
4534.24
3364.66
5846.87
4714.41
14843.7
12518.6
3197.6
3801.98
4982.86
5767.61
6737.19
5721.25
7728.4
6285.56
15386.6
12631.4
5593.17
6083.54
6978.55
7690.82
4382.64
3264.25
5845.5
4727.55
14844.6
12520
3112.18
3708.06
4996.45
5783.54
6659.61
5642.67
7752.13
6313.7
15390.8
12633.4
5513.52
5995.44
7001.04
7712.38
2872.75
6969.71
2144.11
4818.57
2479.26
6255.1
2065.6
4679.48
45607
50497.9
49302.7
52009.8
45612.8
50502.2
49308.7
52015
9329.93
4063.27
12493.4
6106.24
17753.4
11184.6
6651.56
4981.51
21667.2
36361.2
26369.7
41204.7
18659.8
34159.7
17332.2
33583
15433.8
6302.02
17761.7
8031.22
21870.6
13285.3
7414.27
5138.05
22982.5
36784.9
28604
42084.4
19295.1
34341.9
17509.9
33630.2
9186.85
3964.78
12507.2
6123.92
17761
11193.1
6654.85
4982.78
21671.2
36364.1
26374.3
41208.2
18662.6
34162.2
17334.6
33585.5
15329.9
6208.58
17778.4
8054.73
21880.3
13297.3
7419
5139.63
22988.1
36788.7
28609.9
42088.9
19299
34344.9
17512.5
33632.8
15286.2
30655.2
19512.3
35025.1
25480.3
39402.7
35552.2
25124.6
43071.2
27638.6
45063.2
31283.7
46072.3
38528.1
15097.3
30406
19529.2
35050
25489
39412.4
35557.2
25015.6
42935
27654.5
45087.2
31292.2
46081.2
38533.7
7796.88
7908.63
8041
8041.81
7703.62
6974.11
7175.39
6906.57
6896.21
8462.07
8432.65
8336.87
8118.13
7676.21
6957.09
7156.99
6894.24
6891.67
7785.83
7906.24
8040.45
8041.85
7703.87
6974.46
7175.72
6906.93
6896.58
8459.62
8431.5
8336.89
8118.47
7676.64
6957.52
7157.43
6894.64
6892.06
1331.3
1325.25
1327.87
1298.78
1212.82
1141.88
1155.76
1141.98
1135.86
1405.24
1383.19
1360.44
1307.25
1208.96
1138.49
1151.39
1139.78
1135.08
1322.3
1325.81
1327.92
1298.79
1212.85
1141.94
1155.8
1142.03
1135.92
1396.72
1383.96
1360.61
1307.33
1209.03
1138.56
1151.46
1139.85
1135.14
283.397
279.916
277.876
269.168
250.722
243.725
243.745
244.943
243.501
294.598
288.871
283.261
271.031
250.442
243.007
242.921
244.473
243.335
281.093
280.021
277.883
269.166
250.726
243.736
243.753
244.955
243.514
292.322
289.008
283.292
271.044
250.454
243.021
242.934
244.487
243.349
63.3173
62.2793
61.5221
59.4104
55.4848
54.8024
54.4619
55.2167
54.9249
65.2937
63.8995
62.573
59.87
55.5244
54.6627
54.3324
55.1192
54.8898
62.7896
62.296
61.5203
59.4081
55.4845
54.8045
54.4632
55.2192
54.9277
64.7664
63.9211
62.5757
59.871
55.5263
54.6656
54.3349
55.1221
54.8926
11.1769
10.9618
10.802
10.4207
9.75123
9.70287
9.61163
9.78634
9.72739
11.4763
11.2117
10.9725
10.5051
9.76846
9.68214
9.59635
9.77085
9.72165
11.0838
10.9639
10.8012
10.42
9.75105
9.7032
9.61178
9.78676
9.72786
11.3829
11.2145
10.9723
10.505
9.76864
9.68261
9.59674
9.77136
9.72215
)
;
    }
}


// ************************************************************************* //
