/*--------------------------------*- C++ -*----------------------------------*\
  =========                 |
  \\      /  F ield         | OpenFOAM: The Open Source CFD Toolbox
   \\    /   O peration     | Website:  https://openfoam.org
    \\  /    A nd           | Version:  11
     \\/     M anipulation  |
\*---------------------------------------------------------------------------*/
FoamFile
{
    format      ascii;
    class       volScalarField;
    location    "0.6";
    object      gradTx;
}
// * * * * * * * * * * * * * * * * * * * * * * * * * * * * * * * * * * * * * //

dimensions      [0 -1 0 1 0 0 0];

internalField   nonuniform List<scalar> 
5712
(
-8728.77
-11182.5
-20268.1
-30015.6
-30812.2
-52937
-23245.1
-58675.4
-18601.6
-40762.9
-27807.4
-42546.1
-24644.2
-32863.4
-10943.3
-12665.2
-20458.5
-23458.5
-25814.4
-25717.5
-19879
-24044
-28971.7
-25865.6
-7407.59
-5864.41
-9176.57
-6450.98
-17379
-14472.5
-29244.4
-21902
-22515.7
-23572.5
-25912.8
-25554.8
-9896.11
-7405.99
-51797.8
-69372.3
-34010.8
-41638.9
-67673.3
-88139.7
-35393.1
-40599.1
-39408.3
-55670.4
-35096.3
-46183.5
-20987.6
-33375.1
-4291.83
-1479.51
-4476.29
-1645.08
-12878.9
-5310.83
-17351.1
-6536.08
-12939.8
-4940.39
-13123.4
-4311.49
-21957.5
-7147.09
-28312
-9757.77
-30880.3
-15915.9
-28605.3
-16973.5
-27715
-17902
-24766.7
-17953.6
-23738.5
-14475.2
-23800.8
-12808.6
-29781
-18595.1
-30001.9
-18694.5
-26419.3
-18835.9
-26825.9
-18801.7
-25652.8
-16358.2
-26613.1
-16718.8
-24823.9
-11359.7
-12412.1
-15851.8
-24737.8
-12502.7
-11080.7
-16310.2
-26338.5
-11212.4
-13830.1
-15830.7
-27734.6
-11464.4
-14906.2
-16437.2
-5501.15
-6026.37
-1919.77
-4035.03
-15745.5
-16631.8
-6479.55
-12221.6
-20065.3
-21685.5
-10779.3
-18633.6
-12157.2
462.08
-16154
-22156.1
-13344.2
997.323
-6074.4
-15034.4
-25760.5
-21345.4
-12194.4
-15906.2
-15416.8
-14638.7
-23697.2
-4899.83
-3720.84
-2921.47
-2781.71
-13444
-10330.5
-8876.65
-8111.09
-16263.1
-12170.3
-11653.6
-9956.66
-4927.43
-6522.8
-11084.7
-11655.9
-16430.4
-14362.9
-19228.1
-15565.5
-15517.3
-12752.6
-9586.69
-8661.76
-13316
-8543.17
-13278.8
-7820.41
-12639.8
-7164.47
-16453
-9854.11
-11374.1
-3247.18
-10402.9
-9474.01
-13183
-15122.7
-14713.2
-19442.3
-9169.16
-8321.73
-10866.3
-1300.64
-9485.43
-15770.8
-9074.21
-17157.3
-14648.3
-24297.7
-14864
-26090
-8152.32
-14677.3
-7631.07
-15885.8
-11751.4
-7380.76
-17119.3
-5960.78
-11216.9
-206.705
-14669.3
571.81
-11561.7
-11539.6
-17972.8
-7715.41
-9963.05
-13751.8
-16300
-10112.2
-2584.34
-2011.79
-1452.53
-1936.32
-1572.18
-1191.98
-7312.13
-4813.68
-3344.36
-5224.89
-3333.71
-2331.39
-7945.75
-5474.58
-4408.65
-6158.98
-3880.96
-3128.42
-4844.94
-3194.65
-2700.29
-9197.78
-5112.62
-3504.27
-10036.7
-5508.31
-3487.48
-10507.6
-6359.83
-4620.91
-8469.32
-4340.44
-2726.95
-12796.5
-8594.7
-5863.12
-9460.38
-6177.75
-3822.74
-9784.55
-5882
-3369.53
-9398.47
-5308.29
-2889.91
-11459.9
-5403.67
-2233.8
-11941.5
-15643.9
-9870.61
-12281.4
-14079.2
-19823
-13021.8
-18012.6
-0.807897
-667.11
473.335
-213.036
-3099.26
-3192.98
-1533.75
-922.142
-1349.61
-2946.06
-10185.1
-14204.9
-6400.95
-4041.63
-11703.2
-11705
-19089.2
-21093.8
237.381
4149.89
-8437.46
-7848.88
-7359.35
-5589.84
-1024.46
-529.083
-816.639
-423.455
-2156.13
-282.167
-181.445
383.05
-9095.72
-2074.35
-6622
-1740.7
-9114.81
-2624.03
-10797.9
-3104.78
-10492.9
-12283.2
-9574.25
-11928.9
-17306.4
-16877.3
-16424.5
-15888.8
-6130.78
-8642.78
-7096.93
-8611.49
-10019.7
-11478.4
-10838.2
-11453
-17110.4
-15575.4
-17819.3
-15504.9
-6092.42
-8330.07
-6437.77
-8336.06
92.1525
-732.233
-5764.18
-2596.56
414.309
-443.953
-5325.25
-2268.6
-236.404
-927.298
-5841.48
-2815.73
-475.137
-1037.33
-5748.97
-2830.56
470.262
534.73
-157.001
16.6238
2122.92
2012.01
123.593
345.423
278.404
1255.94
-1094.12
-468.136
8941.64
9855.27
4367.21
3163.39
480.276
10628.5
9513.78
3187.77
4461.24
808.59
-11262.9
-8249.67
-6356.74
-5010.25
-2182.18
435.247
318.018
63.581
50.1918
1456.41
1114.37
227.079
165.887
1494.58
1469.86
-134.672
-95.7073
4461.58
1317.83
6279.65
3055.19
2266.15
1262.81
2462.52
1696.66
96.209
-213.117
-4193.79
-2455.84
-1586.31
269.699
-1091.96
237.674
-1036.27
-90.6053
-632.899
-535.05
-4996.76
-4012.38
-9058.84
-5152.28
-8298.96
-7306.71
-12317.5
-9181.67
-6210.73
-3336.39
-3189.77
-2703.88
-10565.8
-4542.29
-11464.3
-5020.18
-13648.4
-9451
-14439.9
-10175.1
-7497.18
-2789.41
-8258.36
-3165.92
-3887.13
-2494.73
-1817.98
-2359.27
-2403.97
-2197.74
-1498.04
-2160.29
-4485.92
-2404.07
-2031.39
-2704.55
-5461.99
-2575.62
-2798.16
-2741.96
222.426
175.656
173.345
24.6051
60.4528
59.476
828.597
672.439
583.04
98.8508
179.316
159.718
1191.82
988.162
844.168
-106.109
183.64
211.368
361.232
307.602
81.9377
1455.06
1306.36
1056.92
999.593
969.207
853.885
1265.43
1065.28
896.914
-342.889
65.3308
95.1136
-3283.03
-1716.86
-889.782
-95.8612
400.701
598.227
6.73976
491.107
634.903
-28.8895
402.171
482.251
-671.704
73.5608
149.776
-6.58543
-0.598499
0.878286
3.21005
100.178
35.7329
20.197
11.689
-44.8989
-10.4683
17.7993
20.4326
133.892
50.6215
52.1737
33.8885
-181.727
-44.6
25.9956
41.3546
-52.5315
1.73853
23.7567
21.2317
-92.2383
-10.0847
-1.46976
1.20547
-175.778
-41.6716
5.65392
12.6405
-557.206
-146.881
-37.9986
0.825566
-724.935
-182.874
-62.6212
14.0797
-387.14
-93.778
-9.02003
25.7271
-593.798
-145.06
-61.9937
6.80769
-585.922
-156.911
-24.6318
14.6449
-804.552
-208.144
-66.6971
20.4124
-611.709
-169.943
-20.1651
23.3141
-846.693
-224.452
-71.9103
20.1698
-4.8934
-1.55852
1.67615
5.04801
18.6324
6.44461
-0.549967
4.15206
15.9817
4.59307
12.7893
17.33
81.2901
26.8034
3.2912
12.5607
-225.677
-62.3351
-3.83999
23.0362
-94.9864
-20.3208
-8.51009
19.822
-64.2034
-0.208335
17.4736
29.8591
-9.40131
9.28438
-9.303
19.0446
-501.497
-119.036
-51.4176
22.2066
36.5083
12.8367
4.09601
4.69244
65.656
21.7845
7.07693
3.2137
76.5192
28.8133
5.06459
10.2628
172.448
57.9968
16.6934
7.72956
46.8242
26.0741
2.48827
15.1111
230.491
80.821
23.8797
11.2885
-36.0057
14.1483
-0.239933
20.8463
201.503
84.1081
25.3023
12.6817
-234.299
-28.1092
-26.8635
12.4144
88.0417
65.2273
16.7508
10.3736
-547.725
-100.863
-46.1158
9.70515
-166.699
-10.6135
-3.05723
3.62398
-413.155
-61.845
-39.2029
8.55109
-75.6103
22.4449
6.60046
7.20747
-650.128
-134.304
-53.77
10.2084
-232.407
-35.0967
-8.666
1.65851
-710.698
-158.016
-60.2852
7.91097
-276.884
-52.9145
-13.4862
-0.0333844
1.72994
0.547574
0.171571
0.0553585
0.0220119
2.57085
0.817624
0.264413
0.0872563
0.0351994
4.12356
1.2288
0.382515
0.123686
0.0493282
5.18803
1.68739
0.555622
0.185452
0.0753988
5.2768
1.48955
0.46062
0.149286
0.0597369
6.33404
2.12799
0.708054
0.237967
0.0972531
2.69825
0.965601
0.328486
0.112112
0.0463937
1.91161
0.55501
0.175633
0.0585024
0.0240292
4.3867
1.39134
0.445351
0.146868
0.0594522
1.92388
0.558769
0.173432
0.0565361
0.022787
5.54762
1.70816
0.55043
0.182301
0.0738938
2.08086
0.601863
0.186865
0.0607478
0.0243827
3.04419
0.851374
0.261656
0.085219
0.0344143
1.7804
0.46463
0.141634
0.0463122
0.0187995
2.75243
0.577865
0.150999
0.0455544
0.0177394
1.47514
0.274583
0.0670416
0.0196385
0.00755817
1.47106
0.443117
0.135259
0.0428745
0.0168408
1.28827
0.388216
0.118317
0.0373075
0.0145729
3.87192
1.10592
0.336197
0.107096
0.0422769
3.48528
1.00585
0.305337
0.0967704
0.0380095
4.90008
1.30352
0.389975
0.124057
0.0490639
4.68023
1.32643
0.406422
0.130405
0.0517351
4.88787
1.42821
0.452247
0.148432
0.0598158
3.3617
0.981918
0.307189
0.0998967
0.03998
2.44132
0.753426
0.244224
0.0810727
0.0328987
-31.516
-301.885
142.984
-675.979
642.85
-734.396
1595.14
-273.404
2375.65
1088.24
-335.854
-1227.77
1618.7
1398.96
-1228.79
-2369.48
-1778.46
-2826.91
-1155.26
-288.585
-71.3213
-18.5992
-6.42022
-275.034
-165.591
-25.5008
-8.29917
-4.21944
-3549.93
-881.57
-218.739
-56.8806
-19.7043
-631.17
-214.949
-62.8203
-16.7526
-6.42547
-5921.91
-1475.5
-368.047
-96.3185
-33.4404
-1086.32
-382.91
-108.971
-31.2594
-11.1412
-7857.01
-1968.51
-495.155
-130.685
-45.7242
-1328.81
-497.061
-144.475
-41.6686
-14.8422
-9701.26
-2462.07
-626.741
-167.35
-59.2676
-1565.62
-625.827
-184.917
-53.738
-19.3671
-11284.2
-2970.56
-773.762
-210.782
-76.0098
-2707.47
-910.135
-253.574
-71.0191
-25.3968
-10584.6
-2768.51
-714.765
-192.823
-68.8916
-1997.7
-753.637
-218.215
-62.4562
-22.3687
-11589.4
-3061.45
-801.405
-219.501
-79.5824
-3125.34
-1007.32
-275.438
-75.9964
-27.1001
-12063.8
-3164.56
-830.719
-227.879
-82.7528
-3277.49
-1054.98
-289.764
-75.3397
-28.0055
-921.768
-9091.78
-8291.3
-2966.31
1795.58
3043.35
8326.67
12406.5
1305.94
8848.51
-3228.49
1662.77
2153.3
5156.4
10494.1
15275.6
15947.9
20340.5
6519.65
8531.39
-18688.7
-12656.6
-1933.52
-1052.1
-706.943
-881.206
-1128.01
-10682.4
-8111.05
-7319.09
-6397.75
-4210.93
-3141.53
-4833.92
-2376.43
-1992.74
-2145.07
-1450.46
-17580.9
-7468.66
-1724.34
-3203.23
-5464.43
-3356.08
-3217.12
-2151.58
-1000.7
-1344.32
-1816.32
-2021.9
-18113.6
-10848.7
-10020.7
-6617.58
-5688.8
-6821.45
-1887.62
-2007.16
-3469.98
-11833.8
-8895.85
-6200.53
-4440.54
-2858.7
-7669.8
-4855.71
-3255.65
-2038.44
-847.396
-1626.11
-1270.24
-893.126
-527.271
-174.794
-903.352
-720.29
-514.746
-306.494
-101.637
-604.508
-479.241
-340.171
-201.292
-66.4832
-761.452
-610.903
-438.568
-261.678
-86.7705
-961.101
-759.49
-538.066
-318.319
-105.224
-6179.8
-4109.8
-2679.12
-1899.01
-1505.46
-3948.25
-2497.04
-1460.27
-960.616
-554.65
-4386.94
-2570.25
-1612.72
-954.699
-389.224
-3056.99
-1835.63
-1053.82
-616.967
-289.219
-1849.05
-1049.98
-573.785
-316.934
-126.166
-2352.45
-1645.07
-1055.04
-588.014
-192.813
-3184.23
-2002.17
-1237.16
-686.271
-234.996
-1493.82
-879.644
-508.274
-263.085
-84.2391
-1562.18
-1134.77
-747.565
-421.525
-137.105
-1625
-1141.2
-728.241
-400.092
-128.153
-1152.19
-846.349
-561.427
-316.917
-102.565
-10554.1
-7082.85
-4804.12
-3313.4
-2328.76
-5117.08
-3432.74
-2254.61
-1337.16
-521.206
-1359.72
-996.749
-664.462
-379.729
-125.471
-2562.28
-1909.87
-1295.18
-751.475
-251.498
-4204.62
-3054.24
-2047.33
-1195.44
-416.668
-2693.92
-2018.83
-1378.52
-805.498
-270.925
-2626.49
-1998.07
-1378.95
-808.849
-270.39
-1778.97
-1365.39
-945.743
-553.319
-183.204
-824.915
-628.626
-430.515
-248.476
-81.2051
-1134.17
-886.502
-621.631
-365.039
-120.284
-1470.6
-1102.85
-746.989
-429.476
-140.914
-1666.04
-1273.26
-877.76
-511.338
-168.858
-11314.3
-8170.39
-5692.42
-3932.85
-2527.67
-6989.3
-4602.33
-3091.86
-1912.76
-803.506
-6780.66
-4859.5
-3203.5
-1963.53
-801.185
-4851.23
-3383.02
-2272.25
-1356.28
-495.281
-4441.36
-3273.86
-2221.34
-1307.57
-454.151
-4961.06
-3444.5
-2302.23
-1368.43
-493.263
-1525.66
-1146.91
-782.659
-455.498
-151.838
-1691.17
-1321.18
-927.24
-545.646
-180.201
-2827.54
-2143.24
-1472.78
-860.358
-286.489
-7711.9
-15887.6
-16113
-45048.8
-15336.4
-58169.1
-8544.25
-20842.4
-15483.8
-11942
-26412.4
-21892.1
-14803.6
-13353.1
-28668.6
-22135.8
-5800.08
-4423.31
-11477.9
-8139.45
-12974.9
-9901.03
-35483.2
-26898.4
-20933.6
-15442.2
-22059
-13138.1
-1561.86
-5469.25
-54869.8
-70724.2
-33047.3
-41569.5
-70286.6
-89310.9
-34225.1
-40342.4
-41899
-56977.9
-34295.3
-46304.4
-23711.8
-34747
-2969.5
-820.879
-5270.37
-1825.77
-10075.4
-4674.62
-20491.3
-7540.63
-4600.12
-2689.02
-10899.5
-3534.54
-22276.1
-7150.69
-28732.1
-9881.23
-20489.3
-11267.9
-24642.4
-14657.1
-17433.9
-12816.2
-20703.2
-15534.8
-20974
-12624.6
-16329.9
-9201.61
-28321.2
-17574.5
-29658
-18420.1
-24813.9
-17768.6
-26398
-18513.2
-24745
-15534.6
-26428.8
-16496
-23819.3
-11138.6
-11237.6
-15579.5
-21171.9
-11559.6
-8822.26
-15688.1
-26283.5
-11242.8
-13314.9
-15729.8
-27817
-11506.3
-14775
-16415.7
-1724.29
-1672.83
-501.731
-2270.49
-6978.83
-7514.15
-4689.31
-9881.1
-4754.82
-5802.23
-7734.46
-14820.3
-13024.1
-8842.93
-11982.9
-15978.4
-11861.3
-6455.27
-7968.35
-9601.07
-18529.7
-19266.5
-14071
-13348.7
-10794.6
-10311.4
-21991.1
-1853.52
-1359.92
-1155.11
-1285.3
-6599.29
-5032.15
-6000.86
-5280.79
-1942.36
-323.312
-7384.47
-5824.43
-9169.51
-9534.56
-8940.35
-8250.16
-8707.15
-6265.33
-11842.7
-9104.41
-12968.9
-10012.5
-11738.2
-10514.2
-11060.9
-7018.66
-9230.04
-4959.34
-9176.93
-4766.43
-15203.2
-8490.98
-9811.61
-3437.75
-9196.06
-9102.64
-12874.2
-15658.3
-13832.8
-19090
-8009.17
-7987.21
-9080.21
-1419.29
-8827.95
-15447.3
-8870.02
-17041.8
-14043.4
-23968.3
-14662
-25946.1
-7552.13
-14439.6
-7449.58
-15803.1
-11056.4
-7255.66
-17025.2
-6044.85
-10040.6
-639.726
-14607.9
-374.6
-11217
-11422.1
-17932.3
-7702.85
-9848.63
-13709.4
-16284
-10110.3
-1242.6
-1129.26
-1024.36
-1153.94
-3779.52
-2824.41
-3761.84
-3438.94
374.477
-356.43
-4378.23
-4558.98
-8974.67
-7702.05
-7506.29
-5684.55
-4968.39
-3733.08
-7175.46
-5633.87
-8341.98
-5862.85
-15398.1
-11745.7
-7840.48
-5356.84
-7093.2
-4133.69
-6765.19
-3267.79
-8249.35
-2595.48
-5801.3
-9285.4
-4915.31
-9941.98
-9748.51
-11602
-11244.4
-15149.6
-855.224
-476.92
-410.589
-245.482
-3338.62
-1947.44
-2371.45
-787.087
-688.342
-1314.4
-7986.39
-8270.61
-3625.26
-2993
-10272.9
-11219
-17513.2
-20585.5
744.219
4312.38
-7140.03
-7355.34
-6565.99
-5319.23
-769.068
-612.928
-749.141
-556.512
-1255.12
-532.717
-75.366
74.7256
-6691.69
-2348.2
-5695.65
-1886.54
-8291.17
-2619.6
-10433.7
-3077.08
-5393.26
-9852.44
-7434.31
-10510.1
-9556.32
-12591.5
-13220.6
-13802.7
-4880.42
-7882.84
-4154.65
-7668.35
-8926.07
-10777.9
-10489.6
-11249.5
-15655.4
-14624.4
-17386.9
-15241.1
-5404.53
-7904.76
-6199.06
-8204.47
254.102
-838.593
-5573.54
-2685.67
293.194
-806.359
-5394.6
-2511.14
-66.9067
-970.773
-5678.38
-2843.09
-391.079
-1046.84
-5690.84
-2836.02
-752.339
-763.463
-603.675
-566.081
-1450.05
-1381.87
-671.077
-612.253
-6523.23
-5602.01
-2176.73
-1948.22
-2739.88
-3907.01
-3092.44
556.957
-459.673
-119.957
-694.571
-3348.17
2304.54
84.9871
-14890.2
-11358
-8758.81
-6283.69
-2790.58
-701.827
-552.179
-559.976
-581.086
-1292.74
-959.425
-736.737
-883.631
-5231.57
-4533.28
-1942.09
-2165.01
-4033.17
-5538.12
-2155.51
-3816.12
-3668.94
-3707.48
-333.152
-689.98
-911.248
-1367.65
-9023.71
-6584.22
-6359.69
-4088.01
-4653.48
-2966.93
-3225.55
-2020.41
-1468.77
-1385.95
-6576.02
-5917.28
-9200.29
-5608.27
-9411.3
-9125.56
-12046.1
-9488.25
-6576.5
-3763.66
-4603.14
-4176.85
-10393.1
-4696.15
-11374.1
-5025.26
-13243.6
-9477.42
-14282.6
-10132.5
-7505.97
-2968.59
-8229.58
-3191.11
-4267.69
-2819.55
-2127
-2643.19
-3449.16
-3193.78
-2084.64
-2767.44
-4594.22
-2562.25
-2164.36
-2845.94
-5475.2
-2609.63
-2830.71
-2774.79
-385.112
-337.481
-412.328
-342.097
-842.052
-959.224
-594.871
-522.481
-4006.67
-3423.38
-1360.5
-656.251
-6162.86
-5261.6
-4455.51
-3548.45
-3293.45
-2636.26
-985.105
-988.834
-1277.54
-649.721
-6786.77
-5047.02
-3512.35
-2562.3
-2440.68
-1654.74
-1465.72
-860.117
-1278.57
-85.2683
-68.0346
-24.6371
-8.3508
-0.0653215
-12.261
-9.56127
3.69744
5.89095
-196.649
-69.4804
-1.22102
14.6655
-76.5292
-38.557
20.9068
22.9942
-373.556
-119.504
3.80163
36.726
-269.093
-97.4692
-16.2783
4.97149
-210.681
-68.713
-26.5298
-8.55416
-219.153
-65.53
-4.75472
8.46847
-655.912
-195.151
-59.9198
-9.16808
-786.59
-210.149
-74.1159
11.5466
-583.477
-169.247
-37.0832
15.1642
-695.191
-182.435
-76.59
4.59594
-646.525
-190.145
-38.963
9.33872
-838.945
-225.597
-74.8586
17.9756
-633.877
-182.969
-25.857
21.1733
-857.928
-230.62
-74.8698
19.2857
-71.7033
-23.7081
-5.33277
3.31301
-59.0776
-16.8928
-8.73363
2.20662
-177.765
-58.5318
-6.18421
12.2983
-139.848
-40.2864
-19.5137
6.9118
-423.918
-126.802
-22.6058
19.353
-365.392
-101.815
-36.1509
13.8079
-416.424
-116.14
-18.9003
19.8872
-316.149
-83.5026
-38.3664
15.4594
-681.55
-174.65
-70.3866
22.5029
-41.1284
-11.0325
-3.17887
2.54551
-14.4065
-4.22394
-0.798553
0.294612
-127.375
-33.5568
-15.5405
3.78107
-48.8512
-13.3418
-5.53081
-0.437835
-239.69
-60.5361
-26.2026
6.18375
-105.916
-26.1375
-8.71348
-0.512885
-372.396
-89.4955
-33.6392
11.4895
-196.514
-42.7936
-12.5472
-0.774148
-506.039
-116.662
-58.8762
1.66862
-267.509
-54.125
-20.7934
-3.60612
-688.258
-159.431
-69.5178
1.21284
-294.091
-63.6274
-22.6076
-4.37215
-642.615
-146.489
-70.9215
-2.58805
-307.401
-63.5831
-22.6025
-4.37465
-719.019
-166.186
-67.3278
5.27136
-289.687
-61.9351
-19.1113
-2.58597
-730.006
-167.648
-64.5404
6.33496
-291.385
-60.3425
-16.5255
-1.29421
0.383466
0.000610938
-0.0289387
-0.016022
-0.0083939
0.149331
-0.113466
-0.071054
-0.0317093
-0.015498
1.033
-0.0252401
-0.0764578
-0.0397903
-0.0203948
-0.0541943
-0.346514
-0.181799
-0.0772775
-0.0369497
1.54531
-0.0436122
-0.100998
-0.0509365
-0.0257542
-0.638098
-0.54549
-0.25901
-0.10677
-0.0503432
-0.765551
-0.35698
-0.152522
-0.0603723
-0.0278048
0.205955
-0.106033
-0.0670047
-0.0290658
-0.0138117
0.165742
-0.210497
-0.132821
-0.0590412
-0.028643
0.348323
-0.0467902
-0.046005
-0.0217571
-0.0107409
0.056675
-0.329457
-0.174878
-0.0742637
-0.0355085
0.334515
-0.0514873
-0.0466881
-0.0219508
-0.0108735
0.686393
-0.0607512
-0.0710442
-0.0340544
-0.0168333
0.460982
-0.0436003
-0.0432291
-0.0199626
-0.00970672
1.72166
0.172081
0.00153652
-0.00838146
-0.0055439
1.04904
0.10598
0.00490906
-0.00279323
-0.00213145
0.479892
0.030592
-0.0150589
-0.0102858
-0.00569425
0.245146
0.00792474
-0.0138203
-0.00851588
-0.00467711
1.11865
0.0152662
-0.0545504
-0.030417
-0.0159802
0.607596
-0.0213003
-0.0494718
-0.0262216
-0.0137273
1.86512
0.0502422
-0.0639968
-0.0365164
-0.0191609
0.621126
-0.104937
-0.087723
-0.0413477
-0.0207321
0.23299
-0.241793
-0.131784
-0.0563791
-0.0271204
0.0253223
-0.15573
-0.0826852
-0.0355566
-0.0172419
-0.266911
-0.184567
-0.0816755
-0.0331623
-0.015628
137.134
-160.917
501.827
-362.331
988.135
-412.301
1715.36
-127.362
2219.09
879.24
-346.733
-1306.02
1406.26
954.483
-1196.98
-2364.5
-1762.89
-2817.89
-1133.03
-286.976
-71.4301
-18.6945
-6.45747
-258.988
-162.645
-25.2878
-8.29378
-4.23195
-3495.28
-878.206
-219.291
-57.2088
-19.8266
-603.002
-212.491
-62.654
-16.7656
-6.4372
-5854.44
-1472.59
-369.284
-96.8987
-33.646
-1071.06
-383.038
-109.291
-31.3589
-11.1696
-7812.05
-1969.75
-497.32
-131.477
-45.9849
-1359.75
-503.631
-145.695
-41.8857
-14.8863
-9718.23
-2472.05
-630.297
-168.377
-59.5766
-1655.23
-639.489
-187.03
-54.0744
-19.4301
-11368.3
-2989.58
-778.129
-211.78
-76.2678
-2743.34
-917.75
-254.932
-71.2531
-25.4385
-10666.4
-2786.68
-719.283
-193.934
-69.1976
-2088.53
-767.675
-220.371
-62.79
-22.4267
-11649.7
-3075.36
-804.505
-220.188
-79.7536
-3134.7
-1010.18
-276.017
-76.108
-27.1224
-12086.2
-3169.69
-831.86
-228.13
-82.8156
-3278.69
-1055.62
-289.918
-75.3641
-28.0124
-668.193
-8825.96
-7521.26
-2277.48
-1727.25
-770.501
-3970.66
-2444.92
-7809.05
-7144.61
-3842.14
-2744.44
-31.9691
-60.295
-127.1
-254.028
-474.615
-829.097
-26.237
-69.547
-172.487
-364.526
-678.382
-1131.72
-21.7148
-9.37959
-45.104
-27.681
-101.183
-74.9546
-209.709
-177.299
-379.864
-330.195
-654.774
-523.176
-1308.92
-1872.8
-2566.9
-4848.7
-6418.68
-7669.39
-1693.19
-2261.29
-2688.01
-2917.22
-2969.38
-2948.1
-28.313
-23.3892
-17.2871
-10.5486
-3.5392
-53.2637
-43.8634
-32.3149
-19.6673
-6.58923
-111.944
-91.8552
-67.4234
-40.9162
-13.6869
-222.891
-182.073
-133.049
-80.464
-26.8671
-414.295
-336.408
-244.418
-147.187
-49.0406
-718.392
-578.537
-417.156
-249.882
-83.0574
-23.1999
-19.1286
-14.1101
-8.59632
-2.88163
-61.3154
-50.3744
-37.0226
-22.4899
-7.52707
-151.601
-124.09
-90.8639
-55.0391
-18.393
-319.116
-259.993
-189.515
-114.403
-38.1642
-590.815
-478.518
-346.855
-208.536
-69.4289
-979.076
-787.14
-566.747
-339.179
-112.697
-19.2577
-15.9352
-11.7982
-7.20934
-2.42069
-8.32441
-6.89462
-5.10964
-3.12471
-1.04963
-39.9128
-32.9377
-24.3179
-14.8256
-4.97171
-24.5245
-20.2688
-14.9876
-9.14856
-3.06998
-89.298
-73.452
-54.0477
-32.8621
-11.004
-66.2402
-54.5759
-40.2256
-24.4901
-8.20627
-184.41
-151.029
-110.642
-67.0405
-22.4069
-156.106
-128.036
-93.9305
-56.9739
-19.0523
-332.388
-270.632
-197.12
-118.913
-39.653
-289.373
-236.005
-172.154
-103.953
-34.6787
-568.482
-458.731
-331.289
-198.613
-66.0299
-455.185
-368.068
-266.221
-159.716
-53.1024
-1122.02
-893.381
-637.924
-379.801
-125.983
-1579.5
-1237.74
-872.868
-516.368
-171.26
-2111.11
-1617.74
-1123.39
-661.176
-220.604
-3826.96
-2844.14
-1942.76
-1145.48
-392.524
-4749.28
-3395.29
-2286.79
-1367.52
-500.22
-5434.84
-3795.97
-2536.52
-1533.79
-586.895
-1452.22
-1156.9
-826.481
-492.211
-163.268
-1917.38
-1510.06
-1069.02
-633.567
-210.016
-2242.9
-1740.37
-1219.02
-719.367
-238.914
-2374.45
-1804.68
-1247.85
-734.641
-246.186
-2316.11
-1706.56
-1161.89
-686.317
-236.457
-2213.47
-1588.16
-1067.94
-634.119
-224.872
-32.3047
-61.5684
-130.222
-260.915
-488.686
-853.317
-26.6609
-71.191
-176.478
-372.64
-692.171
-1150.74
-21.981
-9.55633
-46.2127
-28.5632
-104.282
-78.0201
-217.618
-186.534
-399.255
-360.778
-691.751
-591.451
-1342.76
-1914.86
-2614.24
-4866.73
-6400.45
-7654.27
-1714.05
-2279.15
-2699.35
-2917.49
-2960.22
-2942.54
-28.6214
-23.6559
-17.4939
-10.6799
-3.58422
-54.4346
-44.8764
-33.1008
-20.1663
-6.76037
-114.817
-94.3432
-69.3547
-42.1427
-14.1077
-229.239
-187.578
-137.328
-83.184
-27.8006
-427.298
-347.713
-253.223
-152.79
-50.9649
-740.977
-598.359
-432.722
-259.847
-86.4907
-23.5898
-19.4661
-14.372
-8.76266
-2.9387
-62.8295
-51.6869
-38.0428
-23.1385
-7.74971
-155.287
-127.296
-93.3625
-56.6308
-18.94
-326.644
-266.572
-194.666
-117.695
-39.2973
-603.713
-489.888
-355.829
-214.304
-71.4204
-997.152
-803.338
-579.715
-347.601
-115.621
-19.5015
-16.1452
-11.9605
-7.31203
-2.45585
-8.48576
-7.03307
-5.21617
-3.1919
-1.0726
-40.9279
-33.8115
-24.9925
-15.2521
-5.11772
-25.3287
-20.9574
-15.5164
-9.4816
-3.18372
-92.133
-75.89
-55.9273
-34.0494
-11.4101
-69.0296
-56.9592
-42.0511
-25.6373
-8.59761
-191.647
-157.251
-115.438
-70.0686
-23.4425
-164.514
-135.223
-99.4372
-60.4348
-20.233
-350.084
-285.795
-208.761
-126.239
-42.1539
-316.969
-259.338
-189.83
-114.963
-38.4167
-602.417
-487.98
-353.859
-212.869
-70.9056
-516.695
-419.965
-305.442
-184.094
-61.3673
-1154.18
-922.131
-660.862
-394.651
-131.131
-1620.69
-1275.57
-903.703
-536.629
-178.348
-2159.99
-1664.55
-1162.71
-687.552
-229.968
-3857.85
-2882.15
-1979.78
-1172.74
-402.901
-4750.19
-3408.59
-2305.46
-1383.94
-507.4
-5429.33
-3797
-2541.18
-1538.91
-589.401
-1472.66
-1175.75
-841.945
-502.425
-166.847
-1935.95
-1528.11
-1084.42
-644.009
-213.727
-2256.46
-1754.89
-1232.21
-728.661
-242.293
-2378.95
-1812.14
-1256.06
-741.051
-248.667
-2312.08
-1706.44
-1164.06
-688.875
-237.668
-2210.28
-1586.82
-1067.84
-634.561
-225.175
-18614.2
-12621.7
-2003.05
-1117.39
-850.608
-1010.86
-1243.09
-11099.8
-10838.8
-8339.78
-9186.57
-4076.35
-6909.85
-2816.21
-3035.98
-1992.41
-17746.6
-7953.93
-2115.95
-3575.89
-5767.86
-3525.42
-3373.86
-2336.62
-1250.62
-1584.95
-2292.46
-2298.34
-17898.4
-10794.6
-10167.3
-6672.34
-5809.89
-6968.9
-2095.51
-2187.24
-3683.22
-11795.8
-8882.11
-6206.09
-4458.56
-2877.64
-7660.16
-4859.56
-3265.63
-2048.98
-852.265
-1693.81
-1332.01
-943.119
-559.938
-186.189
-963.751
-772.76
-555.502
-332.356
-110.506
-734.013
-588.516
-422.725
-252.587
-83.875
-878.402
-709.715
-513.349
-308.212
-102.558
-1067.26
-851.322
-609.021
-363.128
-120.544
-7106.11
-5090.44
-3513.48
-2496
-1841.94
-7072.98
-5276.03
-3653.37
-2439.29
-1188.47
-5551.18
-3629.17
-2442.11
-1480.35
-564.119
-6062.69
-4389.07
-3010.75
-1896.33
-778.666
-3234.84
-2410.52
-1642.75
-955.774
-317.704
-5066.91
-3534.87
-2369.21
-1378.47
-468.492
-2310.26
-1765.13
-1221.04
-714.209
-236.192
-2479.25
-1886.68
-1301.17
-759.846
-251.224
-1655.31
-1278.07
-890.204
-522.071
-172.361
-11082.1
-7711.51
-5385.01
-3749.47
-2565.51
-5677.18
-3974.01
-2698.82
-1629.68
-627.509
-1725.49
-1313.66
-908.2
-532.828
-177.736
-2920.92
-2229.97
-1547.73
-913.195
-307.457
-4535.11
-3374.28
-2313.87
-1372.56
-480.141
-2866.29
-2180.11
-1510.59
-892.356
-301.522
-2781.22
-2140.28
-1494.39
-884.434
-296.872
-1954.71
-1521.38
-1068.74
-632.113
-210.399
-1055.34
-826.948
-582.656
-344.008
-113.798
-1353.18
-1073.15
-763.901
-454.032
-150.581
-1906.79
-1475.15
-1030.25
-606.211
-201.017
-1924.12
-1498.3
-1052.41
-621.919
-206.77
-11234.6
-8168.16
-5739.63
-4002.03
-2596.53
-6996.01
-4638.62
-3138.37
-1953.16
-821.155
-7074.35
-5178.61
-3496.93
-2175.78
-887.686
-4948.03
-3498.51
-2380.54
-1434.46
-524.619
-4586.11
-3423.69
-2352.54
-1398.03
-487.471
-5157.46
-3649.5
-2483.09
-1494.02
-540.466
-1723.66
-1322.79
-921.292
-544.291
-182.521
-1858.8
-1467.44
-1041.08
-617.928
-205.001
-3036.64
-2333.78
-1626.03
-959.912
-321.184
-186.578
-559.86
-961.334
-1411.33
-1896.63
-2394.16
-3512.46
-9269.38
-8390.29
-3272.09
-11516.7
-10014.6
-10865.6
-11869.1
-3291.61
-2114.41
-7746
-4130.97
-13612.6
-10677.6
561.719
-2790.69
-7535.8
-6661.82
-2555.12
-9484.21
-7805.9
-8758.26
-9535.78
-2721.69
-1144.89
-6757.2
-1880.51
-10584
-6412.94
2750.88
-1938.67
-5410.21
-4679.73
-1743.77
-7031.23
-4084.65
-6537.51
-6755.82
-1978.33
-1074.6
-4605.38
-2073.31
-7729.05
-1867.6
2933.22
-1298.02
-3826.46
-3267.45
-1180.18
-4825.01
-1859.51
-4821.35
-5140.23
-1391.35
-1155.01
-3214.07
-2170.15
-6141.23
136.476
2195.41
-941.551
-2935.78
-2482.36
-876.565
-3367.74
-1219.28
-3837.49
-4511.3
-1005.57
-1307.92
-2081.11
-2141.64
-4982.59
373.088
416.134
-755.28
-2350.01
-2060.59
-714.267
-2827.59
-1573.69
-3208.85
-4043.79
-699.688
-1035.34
-1472.94
-2019.09
-4912.81
-954.657
-755.615
-1437.32
-3474.59
-5717.16
-2245.5
-5460.75
-9463.14
-8099.99
-11363
-872.571
-461.933
-3496.73
-1623.28
-878.78
-8233.56
-3520.76
-1297.79
-3138.44
-4847.04
-1886.96
-4860.47
-8200.15
-7008.3
-9188.39
-863.1
-329.652
-3518.15
-1344.41
-22.6048
-7630.29
-2102.5
-1065.27
-2577.97
-3674.72
-1407.36
-4122.51
-6585.87
-5511.24
-7285.39
-699.403
-361.031
-2728.04
-1297.98
-208.531
-5349.52
-1728.5
-815.733
-2084.79
-2690.67
-1009.74
-3425.95
-5187.94
-4368.3
-5821.62
-557.904
-344.883
-2223.93
-1235.43
-130
-4322.07
-1538.01
-651.16
-1683.39
-2108.45
-777.874
-2721.12
-4194.65
-3552.24
-4998.31
-454.276
-392.674
-1753.1
-1291.43
-281.678
-3692.49
-1568.66
-545.892
-1342.5
-1770.14
-644.86
-2280.43
-3945.04
-2985.95
-4512.83
-430.111
-455.355
-1408.53
-1201.27
-533.253
-3720.42
-1858.66
7937.94
10044.8
20315.1
30118.2
30850.7
52916.5
23256.1
58678.3
18618
40769.4
27864.4
42548.4
24669.7
32976.4
9399.91
10791.5
20474.4
23462
25807.7
25714
19881.5
24041.7
28968.4
25862
6833.07
5453.23
8350.21
5886.56
17381.8
14439.1
29314.4
21939.2
22483.3
23576.9
25901.4
25554.9
9892.84
7375.79
51804.9
69381.2
34011.5
41641.5
67681.4
88149.5
35392.9
40600.4
39413.8
55678.5
35095.5
46187.2
20995.8
33382.6
4043.95
1418.85
4110.43
1527.68
12840
5290.07
17362.1
6538.81
12931.3
4935.47
13105
4304.16
21958.8
7147.08
28316.1
9759.12
30879.5
15914.5
28603
16971.8
27711.7
17899.3
24763.5
17951.1
23734.8
14473.3
23799.3
12807
29780.2
18593.7
30001.7
18693.3
26417.5
18834
26824.8
18800
25652
16357
26613.5
16717.9
24818.3
11357.8
12410.2
15851.5
24733.4
12500.8
11078.5
16309.7
26338.1
11212.4
13829.3
15830.8
27736.2
11465.1
14905.8
16437.5
5174
5602.38
1846.27
3792.36
15669.5
16569.8
6441.1
12164.1
20052.9
21672
10773.2
18622.8
12156.8
-461.244
16152.3
22150.8
13341.8
-996.375
6074.38
15033.1
25754.4
21341.5
12192.7
15904.9
15414.8
14635.5
23696.1
4447.13
3335.81
2610.98
2526.42
13501.9
10381
8979.78
8176.76
16252.3
12167.1
11648.9
9955.22
4927.45
6522.54
11084.1
11655.2
16428.5
14361.4
19222.5
15562.7
15515.3
12752.2
9585.76
8661.19
13314.9
8542.6
13277.2
7819.58
12637.5
7163.46
16452.6
9854.19
11373.1
3246.85
10401.6
9473.49
13181.5
15121.6
14711.4
19441
9168.16
8321.46
10865.2
1300.37
9484.33
15770.4
9073.14
17156.8
14646.7
24296.3
14862.4
26088.6
8151.54
14677.2
7630.34
15885.7
11750.9
7380.73
17119.7
5961
11215.9
206.534
14669.4
-571.603
11561.5
11539.7
17973.4
7715.67
9962.83
13752
16300.5
10112.6
2260.79
1783.9
1314.6
1749.65
1436.54
1105.91
7371.9
4838.89
3349.46
5281.45
3358.41
2335.75
7947.41
5477.02
4410.27
6159.99
3883.87
3130.85
4844.82
3194.72
2700.41
9197.46
5112.76
3504.52
10036.3
5508.59
3487.92
10507.5
6361.04
4622.14
8469.66
4341.7
2728.29
12796
8594.6
5863.27
9460.04
6177.7
3822.88
9784.25
5882.07
3369.8
9398.29
5308.55
2890.34
11460
5403.97
2234.24
11912.5
15625.6
9838.62
12265.4
14065.8
19812.7
13005.3
18003.3
49.5605
582.685
-384.271
168.291
3095.78
3262.27
1530.02
996.045
1321.43
2918.26
10166.8
14182.5
6383.19
4027.27
11695
11701.3
19084.4
21091.5
-243.924
-4151.94
8426.86
7843.88
7353.24
5587.45
903.178
482.453
710.684
379.585
2204.61
291.954
234.317
-369.902
9083.97
2073.03
6614.17
1740.5
9107.22
2622.22
10793.8
3103.5
10481.7
12277.4
9565.42
11924.2
17298.6
16872.7
16418.4
15885
6122.83
8638.43
7087.29
8606.36
10014.3
11475.1
10835.1
11450.6
17106.4
15572.6
17816.8
15502.7
6087.41
8326.91
6435.05
8333.86
-96.338
731.633
5761.09
2595.42
-418.929
443.34
5321.92
2267.49
233.181
926.469
5839.03
2814.66
473.398
1036.73
5747.23
2829.71
-448.167
-504.794
143.313
-19.7992
-2101.7
-1993
-119.571
-338.547
-277.34
-1254.6
1094.01
468.356
-8941.46
-9854.26
-4367.48
-3163.6
-480.171
-10627.1
-9512.3
-3187.64
-4459.93
-808.173
11260.4
8246.14
6353.29
5007.51
2181.19
-416.125
-301.86
-69.1559
-54.5062
-1440.65
-1103.97
-216.62
-157.996
-1493.2
-1468.4
134.936
95.8666
-4461.3
-1317.85
-6279.27
-3055.13
-2266.45
-1262.92
-2462.01
-1696.11
-96.1803
213.054
4192.62
2455.35
1584.74
-270.177
1090.58
-238.051
1035.36
90.3857
632.491
534.772
4994.25
4011.13
9056.15
5150.87
8296.87
7305.52
12315.2
9180.27
6208.33
3335.19
3187.6
2702.79
10563.6
4541.03
11462.5
5019.11
13646.3
9449.68
14438.1
10173.9
7495.16
2788.37
8256.71
3165.05
3885.41
2493.77
1817.06
2358.44
2402.39
2196.84
1497.21
2159.5
4484.45
2403.17
2030.54
2703.71
5460.71
2574.86
2797.37
2741.22
-212.515
-164.581
-161.536
-29.4581
-59.7318
-57.6687
-820.622
-668.706
-580.911
-92.4602
-176.427
-158.093
-1190.7
-987.407
-843.7
105.929
-183.488
-211.261
-361.231
-307.548
-81.8944
-1455.08
-1306.29
-1056.85
-999.545
-969.085
-853.779
-1264.97
-1064.89
-896.635
342.707
-65.3146
-95.071
3282.65
1716.79
889.826
95.6061
-400.705
-598.157
-6.92173
-491.058
-634.804
28.8226
-402.068
-482.132
671.43
-73.5756
-149.751
7.41388
1.10183
-0.552946
-2.82276
-93.379
-33.1347
-18.8221
-10.8585
45.5704
10.6882
-17.7811
-20.4615
-130.943
-49.7242
-51.6372
-33.6058
181.972
44.7324
-25.9066
-41.2955
53.1397
-1.50613
-23.6511
-21.18
92.2325
10.1212
1.49316
-1.19252
175.717
41.676
-5.64226
-12.6319
557.16
146.933
38.0408
-0.796093
724.712
182.856
62.6314
-14.056
387.114
93.8421
9.07546
-25.6842
593.621
145.061
62.0088
-6.78287
585.774
156.918
24.6564
-14.6246
804.311
208.112
66.6997
-20.392
611.573
169.938
20.1827
-23.2964
846.486
224.421
71.9107
-20.1522
5.86925
1.9501
-1.39554
-4.56713
-17.0895
-5.80902
0.576794
-3.79608
-15.585
-4.39962
-12.6419
-17.2931
-79.4418
-26.1608
-3.06638
-12.4623
225.868
62.4598
3.91927
-22.9821
95.218
20.4695
8.58954
-19.7653
64.3133
0.308998
-17.4097
-29.8161
9.5694
-9.17204
9.35679
-19.0075
501.386
119.065
51.4448
-22.1743
-35.5338
-12.2411
-3.93083
-4.35898
-61.9781
-20.3914
-6.59564
-2.97021
-73.585
-27.9134
-4.66944
-10.1165
-170.73
-57.4701
-16.4999
-7.66093
-46.5971
-25.933
-2.43115
-15.0607
-230.099
-80.6237
-23.7975
-11.2449
36.1208
-14.0499
0.290136
-20.8056
-201.285
-83.9782
-25.2441
-12.6481
234.257
28.1491
26.8886
-12.3863
-87.9575
-65.1546
-16.7155
-10.3509
547.493
100.828
46.1114
-9.69127
166.605
10.6008
3.05768
-3.61942
412.989
61.8429
39.2115
-8.53113
75.5727
-22.426
-6.586
-7.19535
649.893
134.259
53.76
-10.1978
232.303
35.0736
8.66145
-1.65691
710.505
157.98
60.2774
-7.9014
276.802
52.8978
13.4835
0.0351778
-1.57064
-0.493747
-0.153914
-0.0494658
-0.0196003
-2.33632
-0.738373
-0.238013
-0.0783532
-0.0315349
-4.09962
-1.22036
-0.379266
-0.122425
-0.0487473
-5.15578
-1.6769
-0.551542
-0.183865
-0.0746686
-5.26233
-1.48493
-0.458879
-0.14859
-0.0594019
-6.31798
-2.12268
-0.706017
-0.237148
-0.0968585
-2.69375
-0.964091
-0.327923
-0.111887
-0.0462838
-1.90948
-0.554345
-0.175399
-0.0584115
-0.0239849
-4.37666
-1.38811
-0.44418
-0.146413
-0.0592352
-1.92004
-0.557584
-0.173018
-0.0563785
-0.0227127
-5.53537
-1.70412
-0.548948
-0.181722
-0.0736165
-2.07628
-0.600431
-0.18636
-0.0605548
-0.0242917
-3.03896
-0.849773
-0.261102
-0.0850087
-0.0343147
-1.778
-0.463917
-0.141391
-0.0462207
-0.0187563
-2.74869
-0.576813
-0.150657
-0.0454295
-0.0176813
-1.47336
-0.274118
-0.0668957
-0.0195862
-0.00753412
-1.3292
-0.397093
-0.120349
-0.0379326
-0.0148284
-1.16017
-0.346138
-0.104642
-0.0327814
-0.012735
-3.85165
-1.09839
-0.333266
-0.105954
-0.0417481
-3.46822
-0.999541
-0.302816
-0.0957709
-0.0375415
-4.88609
-1.29907
-0.388321
-0.123403
-0.0487517
-4.66617
-1.32178
-0.404678
-0.12972
-0.0514107
-4.87703
-1.42465
-0.45095
-0.14793
-0.0595777
-3.35353
-0.9792
-0.306197
-0.0995142
-0.0397993
-2.43643
-0.751786
-0.243629
-0.080844
-0.0327906
-19.1171
233.428
-106.754
716.215
-634.661
740.104
-1592.5
275.439
-2374.84
-1087.5
335.962
1227.91
-1618.44
-1398.64
1228.88
2369.59
1778.56
2827.02
1012.57
251.385
61.985
16.1439
5.56976
228.846
145.091
21.3808
7.039
3.69093
3599.04
894.895
222.057
57.7388
19.9939
655.453
222.589
64.7333
17.3059
6.59952
5918.9
1474.8
367.878
96.2729
33.4233
1088.15
383.561
109.162
31.3097
11.1579
7856.74
1968.4
495.119
130.672
45.7177
1329.52
497.307
144.552
41.6904
14.8497
9701.5
2462.1
626.737
167.344
59.2637
1565.98
625.948
184.955
53.7491
19.3711
11284.6
2970.65
773.779
210.784
76.0087
2707.61
910.181
253.586
71.0222
25.3977
10585
2768.58
714.774
192.822
68.8893
1997.92
753.71
218.236
62.4626
22.3709
11589.9
3061.56
801.426
219.504
79.5822
3125.47
1007.36
275.447
75.9984
27.1005
12064.3
3164.67
830.743
227.883
82.753
3277.62
1055.02
289.773
75.3412
28.0057
919.398
9090.43
8287.3
2959.33
-1563
-2702.73
-8346.9
-12423.1
-1357.38
-8910.69
3209.17
-1688.67
-2170.62
-5176.45
-10534.7
-15322.7
-15863.7
-20241
-5607.69
-7349.33
18687.7
12655.8
1933.31
1051.97
706.856
881.093
1127.88
10681.7
8110.72
7318.57
6397.6
4210.96
3141.28
4833.6
2376.34
1992.56
2144.92
1450.33
17579.7
7468.05
1724.17
3202.91
5463.93
3355.75
3216.79
2151.35
1000.59
1344.16
1816.14
2021.69
18112.5
10848
10020
6617.03
5688.28
6820.89
1887.43
2006.93
3469.62
11832.7
8894.82
6199.61
4439.74
2858.1
7669.07
4855.09
3255.13
2038.06
847.219
1625.92
1270.07
892.994
527.186
174.765
903.235
720.191
514.669
306.445
101.62
604.429
479.173
340.119
201.259
66.472
761.349
610.815
438.501
261.636
86.7561
960.978
759.385
537.985
318.268
105.206
6179.04
4109.08
2678.48
1898.47
1505
3947.98
2496.78
1460.05
960.436
554.51
4386.47
2569.85
1612.39
954.462
389.113
3056.84
1835.49
1053.7
616.886
289.166
1849.03
1049.95
573.76
316.919
126.154
2352.21
1644.87
1054.88
587.912
192.776
3183.94
2001.93
1236.98
686.147
234.948
1493.74
879.578
508.225
263.055
84.2278
1562.02
1134.63
747.458
421.456
137.081
1624.86
1141.09
728.151
400.036
128.134
1152.08
846.249
561.35
316.868
102.548
10552.8
7081.7
4803.09
3312.55
2328.1
5116.51
3432.23
2254.18
1336.86
521.074
1359.57
996.621
664.361
379.663
125.447
2561.98
1909.61
1294.97
751.339
251.449
4204.14
3053.82
2046.98
1195.2
416.578
2693.61
2018.56
1378.31
805.356
270.873
2626.19
1997.8
1378.74
808.71
270.341
1778.76
1365.2
945.599
553.226
183.171
824.819
628.544
430.452
248.436
81.1913
1134.03
886.38
621.537
364.979
120.264
1470.43
1102.7
746.877
429.404
140.889
1665.84
1273.09
877.626
511.251
168.827
11313.2
8169.31
5691.45
3932.03
2527.05
6988.59
4601.71
3091.33
1912.37
803.325
6779.91
4858.8
3202.9
1963.08
800.975
4850.72
3382.56
2271.87
1356.01
495.171
4440.87
3273.43
2220.99
1307.33
454.061
4960.52
3444.02
2301.84
1368.15
493.15
1525.48
1146.75
782.534
455.416
151.808
1690.96
1321
927.101
545.557
180.171
2827.22
2142.95
1472.55
860.21
286.436
7134.54
14457.5
16148
45230.4
15386.9
58399.9
7880.04
18808.1
15466
11930.8
26341.4
21866.5
14786.2
13344.1
28597
22115.1
5373.72
4147.62
10467.7
7428.58
12982.7
9851.14
35646.9
26995.2
20876.2
15430.2
22030.7
13125.8
1554.87
5422.07
54882.3
70735.7
33042.2
41571
70296.7
89321.9
34220.6
40342.8
41909.1
56988.7
34289.1
46307.3
23726.1
34757.6
2856.67
818.587
4840.79
1694.96
10003.3
4643.66
20517.6
7547.23
4586.66
2682.96
10870.9
3524.31
22276.5
7150.43
28736.4
9882.7
20481.8
11263.4
24631.6
14652.2
17427.8
12812.1
20694.8
15530.4
20963.9
12620.2
16323.6
9197.44
28316.7
17571.6
29656.9
18418.5
24809.8
17765.8
26396.3
18511.3
24741.4
15532.1
26428.6
16494.8
23810.8
11135.9
11234.3
15578.9
21166.6
11557.5
8818.99
15687.3
26282.3
11242.6
13313.3
15729.7
27818.5
11507
14774.3
16415.9
1735.67
1651.57
541.29
2175.29
6856.7
7399.22
4636.46
9805.08
4747.91
5797.45
7729.2
14811.2
13021.2
8841.24
11980.4
15976.6
11859.5
6455
7967.62
9599.99
18529.3
19263.7
14067.2
13344.4
10790.9
10308.4
21990.2
1713.76
1263.78
1005.25
1172.45
6598.04
5014.57
6075.08
5308.2
1937.05
321.129
7380.15
5823.61
9169.44
9534.9
8940.52
8250.81
8706.9
6265.68
11841.1
9103.44
12967.4
10012.2
11736.6
10513.7
11059.2
7018.47
9228.69
4959.26
9175.78
4766.21
15203
8491.14
9809.43
3437.34
9193.75
9101.83
12872
15657
13830.4
19088.4
8007.31
7986.78
9078.49
1419.08
8826.22
15446.6
8868.76
17041.3
14041.4
23966.7
14660.4
25944.7
7550.77
14439.3
7448.68
15803
11055.5
7255.59
17025.6
6045.06
10039.5
639.668
14608.2
374.788
11216.5
11422.1
17932.8
7703.1
9848.31
13709.7
16284.5
10110.6
1152.46
1083.34
939.471
1089.17
3760.44
2789.08
3779.83
3434.71
-374.845
356.74
4378.2
4560.05
8975.08
7702.57
7506.84
5685.28
4968.91
3733.81
7175.2
5634.13
8342.01
5863.25
15397.8
11745.9
7840.42
5357.08
7093.19
4133.95
6765.16
3267.94
8249.46
2595.66
5804.39
9284.92
4922.32
9941.67
9746.9
11598.3
11240
15143
757.1
379.682
336.432
162.599
3380.18
2020.15
2431.32
873.363
694.474
1317.2
7987.85
8271.18
3627.56
2998.35
10271.7
11217.3
17509.6
20583.7
-742.991
-4311.97
7140.27
7353.96
6565.97
5318.74
661.126
556.234
640.146
501.276
1299.48
541.203
121.976
-65.6859
6694.72
2349.3
5700.53
1888.8
8291.64
2620.27
10432.4
3076.86
5392.75
9851
7433.21
10508.4
9553.46
12588.8
13216.5
13799.7
4880.63
7881.97
4154.97
7667.67
8924.55
10776.2
10487.6
11247.6
15652.4
14622
17384.8
15239
5404.04
7903.59
6197.74
8202.87
-252.146
839.516
5573.24
2685.65
-291.296
807.229
5394.51
2511.26
67.7669
971.214
5677.68
2842.8
390.817
1046.77
5689.66
2835.45
653.012
659.259
550.881
512.139
1489.32
1425.74
676.747
620.704
6524.8
5602.87
2177.53
1948.79
2740.26
3906.72
3092.86
-555.578
460.417
120.569
695.242
3348.19
-2303.43
-84.4084
14887.4
11356.5
8758.1
6283.59
2790.78
596.378
457.384
498.386
518.62
1334.31
997.88
753.164
902.94
5232.57
4534.01
1942.41
2164.84
4033.49
5538.44
2156.08
3816.44
3669.11
3707.54
333.859
690.339
911.643
1367.74
9022.71
6583.97
6359.25
4087.99
4653.41
2966.99
3225.73
2020.54
1469.01
1386.05
6575.28
5916.79
9199.04
5607.57
9409.84
9124.72
12044.2
9487.16
6575.77
3763.23
4602.88
4176.58
10391.7
4695.41
11372.5
5024.36
13241.8
9476.33
14280.9
10131.4
7504.94
2968.11
8228.25
3190.43
4267.35
2819.26
2126.92
2642.92
3449.14
3193.62
2084.73
2767.3
4593.6
2561.85
2164.07
2845.5
5474.21
2609.04
2830.12
2774.19
295.599
261.14
364.189
302.12
880.198
989.21
614.445
538.844
4007.71
3424.6
1360.01
656.486
6163.13
5261.94
4455.63
3548.65
3293.47
2636.35
985.353
989.195
1277.4
649.7
6786.65
5047.21
3512.36
2562.47
2440.7
1654.87
1465.79
860.27
1278.5
85.2844
62.2907
22.6375
7.81399
0.204866
9.90576
8.51206
-3.66679
-5.53956
196.924
69.5898
1.11413
-14.7912
78.2958
39.1261
-20.4825
-22.7719
373.894
119.625
-3.73403
-36.682
269.873
97.7351
16.3837
-4.92486
211.016
68.8375
26.5791
8.57439
219.279
65.586
4.78168
-8.45513
656.202
195.262
59.9706
9.19659
786.635
210.183
74.1348
-11.5287
583.757
169.356
37.1394
-15.1265
695.285
182.481
76.6109
-4.57942
646.676
190.216
38.9999
-9.31777
838.906
225.608
74.8709
-17.9573
633.872
182.995
25.8817
-21.1545
857.797
230.607
74.8745
-19.2685
65.6078
21.7326
4.89361
-2.98161
52.6603
15.0811
7.95184
-2.03458
177.872
58.5844
6.21248
-12.3549
140.948
40.5974
19.5555
-6.90793
424.145
126.882
22.6534
-19.3163
365.619
101.897
36.1903
-13.7713
416.699
116.256
18.956
-19.8528
316.363
83.5892
38.4016
-15.4367
681.687
174.71
70.4131
-22.4842
34.99
9.48395
2.69298
-2.40721
11.3446
3.49549
0.632667
-0.293913
129.857
34.1212
15.7925
-3.71289
50.656
13.6786
5.62833
0.455345
239.949
60.628
26.2203
-6.15566
106.28
26.2716
8.75453
0.533151
372.603
89.5879
33.6748
-11.4631
196.74
42.9038
12.5874
0.795253
506.18
116.737
58.9085
-1.64515
267.673
54.2176
20.831
3.62624
688.312
159.486
69.5434
-1.1932
294.153
63.6763
22.6305
4.3849
642.733
146.565
70.9547
2.61066
307.51
63.6531
22.6336
4.39173
718.987
166.208
67.3411
-5.25571
289.7
61.9608
19.1248
2.59412
729.886
167.637
64.5412
-6.32335
291.345
60.3437
16.5295
1.29842
-0.330254
0.00843443
0.0299335
0.0159621
0.0082746
-0.114029
0.115299
0.0694025
0.0306581
0.014929
-1.03466
0.0265275
0.0775755
0.0403656
0.0206977
0.0564312
0.34753
0.182854
0.077851
0.0372589
-1.53459
0.0471618
0.102455
0.0515541
0.0260618
0.652449
0.550271
0.26092
0.107557
0.0507277
0.772062
0.359192
0.153332
0.0606835
0.0279504
-0.202038
0.107327
0.0674526
0.0292294
0.0138857
-0.155981
0.213689
0.134007
0.0595096
0.0288674
-0.344378
0.0480532
0.0464557
0.02193
0.0108222
-0.0444405
0.333557
0.176419
0.0748749
0.0358024
-0.330251
0.0528586
0.0471876
0.022146
0.0109667
-0.680338
0.0626851
0.0717224
0.0343097
0.0169521
-0.457683
0.0446515
0.0435899
0.0200949
0.00976684
-1.71713
-0.170725
-0.00108753
0.00854316
0.00561713
-1.04689
-0.10537
-0.00471216
0.00286296
0.00216266
-0.42385
-0.0214686
0.0163533
0.0103978
0.00566306
-0.212723
-0.00199277
0.0147271
0.00858984
0.00464547
-1.12119
-0.0135734
0.0558035
0.0310297
0.0162972
-0.60877
0.0232916
0.0507885
0.0268454
0.0140466
-1.85582
-0.0471105
0.0652917
0.0370672
0.0194361
-0.612671
0.108055
0.0890554
0.041914
0.0210139
-0.2229
0.245181
0.133061
0.0568865
0.0273642
-0.0186967
0.158011
0.0835696
0.0359134
0.0174151
0.272262
0.186362
0.0823337
0.0334167
0.015748
-160.091
116.967
-474.405
391.331
-982.73
416.058
-1713.64
128.711
-2218.53
-878.724
346.816
1306.13
-1406.07
-954.243
1197.04
2364.6
1762.98
2818
993.875
250.081
62.0926
16.2279
5.60206
216.344
142.667
21.2117
7.03486
3.70175
3543.93
891.554
222.632
58.0751
20.1188
626.205
220.094
64.5807
17.3245
6.613
5851.39
1471.91
369.123
96.8546
33.6293
1072.41
383.639
109.48
31.41
11.1867
7811.8
1969.65
497.291
131.466
45.9787
1360.22
503.836
145.768
41.9074
14.894
9718.54
2472.1
630.299
168.374
59.573
1655.49
639.588
187.064
54.0852
19.4341
11368.8
2989.69
778.15
211.783
76.2669
2743.48
917.795
254.944
71.2562
25.4394
10666.8
2786.77
719.297
193.934
69.1956
2088.71
767.738
220.391
62.7962
22.4289
11650.2
3075.47
804.529
220.191
79.7535
3134.83
1010.22
276.027
76.11
27.1228
12086.7
3169.81
831.885
228.134
82.8158
3278.83
1055.66
289.927
75.3656
28.0125
667.695
8825.16
7518.78
2277.63
1577.41
654.123
4003.24
2520.31
7853.7
7255.13
3528.86
2421.31
31.9644
60.2864
127.083
253.994
474.553
828.994
26.2332
69.5374
172.464
364.478
678.296
1131.58
21.7116
9.37818
45.0975
27.677
101.169
74.9438
209.68
177.274
379.813
330.149
654.69
523.107
1308.76
1872.59
2566.65
4848.26
6418.17
7668.84
1692.99
2261.04
2687.74
2916.94
2969.12
2947.86
28.3087
23.3855
17.2843
10.5469
3.53861
53.256
43.8568
32.3099
19.6642
6.58818
111.928
91.8418
67.4132
40.9098
13.6847
222.86
182.046
133.029
80.4515
26.8629
414.239
336.36
244.382
147.165
49.0329
718.298
578.457
417.095
249.844
83.0442
23.1965
19.1257
14.1079
8.59495
2.88116
61.3067
50.367
37.017
22.4864
7.52589
151.58
124.072
90.8503
55.0306
18.3901
319.073
259.957
189.487
114.385
38.1582
590.737
478.451
346.805
208.504
69.418
978.951
787.034
566.666
339.128
112.68
19.2547
15.9327
11.7963
7.20816
2.42029
8.32314
6.89355
5.10883
3.1242
1.04946
39.9069
32.9327
24.3141
14.8232
4.97091
24.5209
20.2657
14.9852
9.1471
3.06948
89.2851
73.4411
54.0394
32.8569
11.0022
66.2304
54.5676
40.2193
24.4862
8.20493
184.384
151.006
110.625
67.03
22.4033
156.084
128.017
93.9159
56.9648
19.0492
332.342
270.593
197.091
118.895
39.6467
289.332
235.97
172.127
103.936
34.673
568.406
458.666
331.239
198.582
66.0192
455.122
368.014
266.18
159.691
53.0936
1121.88
893.261
637.831
379.743
125.963
1579.32
1237.57
872.742
516.288
171.232
2110.87
1617.54
1123.23
661.07
220.567
3826.56
2843.78
1942.47
1145.28
392.453
4748.81
3394.87
2286.45
1367.28
500.124
5434.33
3795.53
2536.16
1533.53
586.786
1452.05
1156.75
826.364
492.137
163.243
1917.15
1509.87
1068.87
633.472
209.983
2242.65
1740.16
1218.85
719.258
238.876
2374.19
1804.46
1247.67
734.527
246.145
2315.88
1706.35
1161.73
686.207
236.416
2213.26
1587.98
1067.79
634.018
224.833
32.2995
61.5587
130.203
260.877
488.619
853.206
26.6567
71.1799
176.452
372.587
692.077
1150.59
21.9774
9.55472
46.2051
28.5584
104.265
78.0074
217.585
186.505
399.198
360.725
691.658
591.369
1342.6
1914.65
2613.97
4866.29
6399.93
7653.72
1713.85
2278.9
2699.07
2917.21
2959.97
2942.31
28.6168
23.652
17.491
10.6781
3.5836
54.4259
44.8691
33.0953
20.1628
6.75921
114.799
94.3282
69.3435
42.1357
14.1053
229.204
187.549
137.307
83.1706
27.7961
427.237
347.662
253.184
152.767
50.9569
740.878
598.276
432.66
259.808
86.4776
23.586
19.4629
14.3696
8.76117
2.93819
62.8196
51.6786
38.0365
23.1346
7.74839
155.264
127.276
93.3476
56.6216
18.9369
326.597
266.532
194.636
117.676
39.2911
603.629
489.818
355.776
214.271
71.4094
997.022
803.228
579.633
347.55
115.604
19.4982
16.1425
11.9584
7.31076
2.45542
8.48431
7.03185
5.21525
3.19133
1.07241
40.9211
33.8058
24.9882
15.2495
5.11683
25.3243
20.9538
15.5137
9.47991
3.18314
92.1183
75.8776
55.918
34.0436
11.4082
69.0182
56.9496
42.0439
25.6329
8.5961
191.617
157.226
115.42
70.0571
23.4386
164.488
135.201
99.4209
60.4247
20.2295
350.033
285.752
208.729
126.219
42.1472
316.921
259.298
189.801
114.945
38.4105
602.335
487.911
353.808
212.837
70.8948
516.622
419.905
305.397
184.066
61.3579
1154.03
922.01
660.771
394.595
131.112
1620.5
1275.41
903.584
536.555
178.323
2159.75
1664.35
1162.56
687.46
229.936
3857.46
2881.82
1979.53
1172.58
402.844
4749.74
3408.21
2305.17
1383.75
507.323
5428.83
3796.57
2540.84
1538.67
589.302
1472.47
1175.6
841.83
502.354
166.822
1935.72
1527.92
1084.28
643.919
213.696
2256.21
1754.68
1232.05
728.561
242.259
2378.7
1811.93
1255.9
740.949
248.631
2311.85
1706.24
1163.91
688.777
237.632
2210.07
1586.64
1067.7
634.466
225.139
18613.1
12620.8
2002.83
1117.25
850.505
1010.73
1242.94
11099
10838.6
8339.29
9186.42
4076.1
6909.51
2815.99
3035.76
1992.24
17745.3
7953.31
2115.77
3575.56
5767.36
3525.08
3373.51
2336.38
1250.5
1584.78
2292.26
2298.11
17897.3
10793.8
10166.5
6671.79
5809.37
6968.32
2095.3
2187
3682.86
11794.7
8881.15
6205.25
4457.85
2877.11
7659.45
4858.98
3265.16
2048.64
852.109
1693.62
1331.85
942.997
559.863
186.163
963.627
772.657
555.425
332.309
110.49
733.923
588.44
422.669
252.553
83.8635
878.285
709.618
513.276
308.167
102.543
1067.13
851.215
608.941
363.079
120.528
7105.5
5090
3513.19
2495.8
1841.77
7072.8
5275.87
3653.25
2439.2
1188.41
5550.81
3628.93
2441.95
1480.25
564.079
6062.57
4388.95
3010.65
1896.27
778.626
3234.63
2410.35
1642.63
955.702
317.68
5066.64
3534.67
2369.07
1378.39
468.462
2310.07
1764.98
1220.93
714.144
236.17
2479.06
1886.53
1301.06
759.779
251.201
1655.16
1277.96
890.12
522.02
172.344
11081
7710.73
5384.44
3749.06
2565.2
5676.68
3973.64
2698.55
1629.52
627.444
1725.34
1313.54
908.114
532.776
177.718
2920.63
2229.74
1547.57
913.092
307.422
4534.68
3373.94
2313.63
1372.41
480.086
2866
2179.88
1510.42
892.247
301.485
2780.92
2140.03
1494.2
884.32
296.833
1954.5
1521.21
1068.61
632.034
210.373
1055.24
826.863
582.593
343.97
113.786
1353.03
1073.02
763.807
453.975
150.561
1906.61
1475.01
1030.14
606.147
200.996
1923.92
1498.14
1052.29
621.846
206.745
11233.6
8167.28
5738.91
4001.46
2596.12
6995.35
4638.1
3137.97
1952.88
821.026
7073.69
5178.09
3496.55
2175.53
887.581
4947.55
3498.13
2380.25
1434.27
524.549
4585.65
3423.31
2352.26
1397.85
487.408
5156.97
3649.11
2482.81
1493.84
540.398
1723.48
1322.65
921.186
544.225
182.498
1858.59
1467.26
1040.94
617.848
204.973
3036.32
2333.52
1625.84
959.795
321.144
186.562
559.815
961.259
1411.23
1896.5
2394.01
3248.5
9278.87
8400.09
3025.02
11512.4
10009.1
10861.3
11864.4
3052.78
2040.71
7720.49
4014.27
13612.5
10672.6
-554.679
2575.05
7545.92
6671.78
2357.1
9484.24
7803.27
8757.86
9533.47
2522.62
1132.94
6724.58
1753.17
10589.1
6412.56
-2737.76
1784.16
5417.72
4686.89
1604.75
7034.33
4085.4
6539.81
6756.07
1827.47
1041.87
4579.55
1991.08
7734.59
1870.45
-2925.21
1192.88
3830.72
3271.16
1085.21
4828.04
1861.17
4823.54
5141.28
1287.91
1112.35
3191.01
2091.07
6145.54
-133.607
-2190.53
864.7
2938.33
2484.23
806.058
3370.16
1220.91
3839.08
4512.34
932.156
1225.96
2060.73
2097.03
4985.96
-370.583
-412.986
693.436
2351.58
2061.49
657.035
2829.51
1575.05
3209.97
4044.66
649.377
976.526
1455.15
1985.97
4915.81
956.888
758.55
1324.73
3479.98
5725.8
2071.47
5462.48
9462.64
8100.28
11360.8
781.571
378.401
3524.53
1682.22
879.553
8233.51
3520.84
1195.82
3143.15
4854.76
1738.82
4862.07
8199.96
7009.63
9187.38
774.384
255.597
3542.11
1406.22
22.8403
7630.06
2102.23
981.156
2581.52
3680.12
1295.24
4123.89
6586.21
5513.31
7285.72
628.069
287.167
2744.96
1351.11
208.4
5349.5
1727.78
751.372
2086.86
2693.5
929.121
3426.85
5188.4
4369.93
5822.35
500.456
284.16
2237.9
1271.37
129.748
4322.06
1537.25
600.095
1684.47
2109.82
716.071
2721.62
4195.04
3553.3
4998.99
407.13
337.095
1764.77
1313.84
281.186
3692.41
1567.64
503.229
1343.09
1770.74
593.917
2280.7
3945.31
2986.63
4513.37
384.359
399.102
1421.14
1218.85
532.876
3720.35
1858.11
)
;

boundaryField
{
    patch1
    {
        type            calculated;
        value           nonuniform List<scalar> 
2440
(
-9896.11
-6400.95
-6821.45
-1887.62
-2007.16
-3469.98
-6968.9
-2095.51
-2187.24
-3683.22
9892.84
6383.19
6820.89
1887.43
2006.93
3469.62
6968.32
2095.3
2187
3682.86
-8728.77
-20268.1
-30812.2
-23245.1
-18601.6
-27807.4
-24644.2
-10943.3
-396.915
1795.58
8326.67
1305.94
-3228.49
2153.3
10494.1
15947.9
6519.65
-18688.7
-12656.6
-1933.52
-1052.1
-706.943
-881.206
-1128.01
-10682.4
-8111.05
-7319.09
-6397.75
-4210.93
-3141.53
-4833.92
-2376.43
-1992.74
-2145.07
-1450.46
-17580.9
-7468.66
-1724.34
-3203.23
-5464.43
-3356.08
-3217.12
-2151.58
-1000.7
-1344.32
-1816.32
-2021.9
-18113.6
-10848.7
-10020.7
-6617.58
-5688.8
320.42
-21.7148
-9.37959
-45.104
-27.681
-101.183
-74.9546
-209.709
-177.299
-379.864
-330.195
-654.774
-523.176
-21.981
-9.55633
-46.2127
-28.5632
-104.282
-78.0201
-217.618
-186.534
-399.255
-360.778
-691.751
-591.451
-18614.2
-12621.7
-2003.05
-1117.39
-850.608
-1010.86
-1243.09
-11099.8
-10838.8
-8339.78
-9186.57
-4076.35
-6909.85
-2816.21
-3035.98
-1992.41
-17746.6
-7953.93
-2115.95
-3575.89
-5767.86
-3525.42
-3373.86
-2336.62
-1250.62
-1584.95
-2292.46
-2298.34
-17898.4
-10794.6
-10167.3
-6672.34
-5809.89
7937.94
20315.1
30850.7
23256.1
18618
27864.4
24669.7
9399.91
395.96
-1563
-8346.9
-1357.38
3209.17
-2170.62
-10534.7
-15863.7
-5607.69
18687.7
12655.8
1933.31
1051.97
706.856
881.093
1127.88
10681.7
8110.72
7318.57
6397.6
4210.96
3141.28
4833.6
2376.34
1992.56
2144.92
1450.33
17579.7
7468.05
1724.17
3202.91
5463.93
3355.75
3216.79
2151.35
1000.59
1344.16
1816.14
2021.69
18112.5
10848
10020
6617.03
5688.28
-320.887
21.7116
9.37818
45.0975
27.677
101.169
74.9438
209.68
177.274
379.813
330.149
654.69
523.107
21.9774
9.55472
46.2051
28.5584
104.265
78.0074
217.585
186.505
399.198
360.725
691.658
591.369
18613.1
12620.8
2002.83
1117.25
850.505
1010.73
1242.94
11099
10838.6
8339.29
9186.42
4076.1
6909.51
2815.99
3035.76
1992.24
17745.3
7953.31
2115.77
3575.56
5767.36
3525.08
3373.51
2336.38
1250.5
1584.78
2292.26
2298.11
17897.3
10793.8
10166.5
6671.79
5809.37
-25554.8
-14204.9
0.03998
0.0328987
-0.0172419
-0.015628
-2394.16
-954.657
-755.615
-3720.42
-1858.66
25554.9
14182.5
-0.0397993
-0.0327906
0.0174151
0.015748
2394.01
956.888
758.55
3720.35
1858.11
-23572.5
2394.56
766.535
1041.28
3473.99
-552.661
-713.246
-445.503
-610.262
738.744
619.258
4377.96
5161.77
-483.821
-364.121
-404.11
-319.749
-1452.53
-1191.98
-3344.36
-2331.39
-4408.65
-3128.42
-2700.29
-3504.27
-3487.48
-4620.91
-2726.95
-5863.12
-3822.74
-3369.53
-2889.91
-2233.8
-2946.06
173.345
59.476
583.04
159.718
844.168
211.368
81.9377
1056.92
853.885
896.914
95.1136
-889.782
598.227
634.903
482.251
149.776
4.69244
3.2137
10.2628
7.72956
15.1111
11.2885
20.8463
12.6817
12.4144
10.3736
9.70515
3.62398
8.55109
7.20747
10.2084
1.65851
7.91097
-0.0333844
0.0220119
0.0351994
0.0493282
0.0753988
0.0597369
0.0972531
0.0463937
0.0240292
0.0594522
0.022787
0.0738938
0.0243827
0.0344143
0.0187995
0.0177394
0.00755817
0.0168408
0.0145729
0.0422769
0.0380095
0.0490639
0.0517351
0.0598158
-6.47569
-4.0247
-19.8693
-5.86291
-33.7106
-10.2416
-46.0825
-13.6509
-59.6907
-17.9566
-76.1748
-24.5717
-69.1771
-20.9091
-79.6518
-26.7765
-82.7688
-27.9473
-256.881
-341.95
-1785.69
3281.27
10885.9
7555.95
3760.42
6520.81
13954.8
18762.2
8603.27
1853.46
763.592
1143.09
3127.03
-467.628
-674.726
-334.624
-567.964
804.73
603.945
3945.22
4465.14
-393.376
-312.611
-367.951
-295.509
-1129.32
-1154.02
-2824.41
-3438.94
-356.43
-4558.98
-7702.05
-5684.55
-3733.08
-5633.87
-5862.85
-11745.7
-5356.84
-4133.69
-3267.79
-2595.48
-337.491
-342.1
-959.224
-522.481
-3423.38
-656.251
-5261.6
-3548.45
-2636.26
-988.834
-649.721
-5047.02
-2562.3
-1654.74
-860.117
-85.2683
2.54551
0.294612
3.78107
-0.437835
6.18375
-0.512885
11.4895
-0.774148
1.66862
-3.60612
1.21284
-4.37215
-2.58805
-4.37465
5.27136
-2.58597
6.33496
-1.29421
-0.0083939
-0.015498
-0.0203948
-0.0369497
-0.0257542
-0.0503432
-0.0278048
-0.0138117
-0.028643
-0.0107409
-0.0355085
-0.0108735
-0.0168333
-0.00970672
-0.0055439
-0.00213145
-0.00569425
-0.00467711
-0.0159802
-0.0137273
-0.0191609
-0.0207321
-0.0271204
-6.51328
-4.03597
-19.9927
-5.87103
-33.918
-10.2649
-46.3455
-13.6879
-60.0025
-18.0106
-76.4338
-24.6083
-69.4851
-20.9573
-79.8233
-26.7974
-82.8316
-27.954
360.556
1666.47
-274.701
174.262
245.495
-1109.95
-681.511
-755.219
-2349.96
-2060.47
-714.128
-2827.59
-1573.69
-3208.85
-4043.79
-699.688
-1035.34
-1472.94
-2019.09
-4912.81
-545.86
-1342.48
-1770.04
-644.748
-2280.43
-3945.04
-2985.95
-4512.83
-430.111
-455.355
-1408.53
-1201.27
-533.253
23576.9
-2394.57
-766.637
-1041.41
-3474.08
552.626
713.249
445.479
610.278
-738.831
-619.273
-4378.09
-5161.77
483.816
364.137
404.127
319.769
1314.6
1105.91
3349.46
2335.75
4410.27
3130.85
2700.41
3504.52
3487.92
4622.14
2728.29
5863.27
3822.88
3369.8
2890.34
2234.24
2918.26
-161.536
-57.6687
-580.911
-158.093
-843.7
-211.261
-81.8944
-1056.85
-853.779
-896.635
-95.071
889.826
-598.157
-634.804
-482.132
-149.751
-4.35898
-2.97021
-10.1165
-7.66093
-15.0607
-11.2449
-20.8056
-12.6481
-12.3863
-10.3509
-9.69127
-3.61942
-8.53113
-7.19535
-10.1978
-1.65691
-7.9014
0.0351778
-0.0196003
-0.0315349
-0.0487473
-0.0746686
-0.0594019
-0.0968585
-0.0462838
-0.0239849
-0.0592352
-0.0227127
-0.0736165
-0.0242917
-0.0343147
-0.0187563
-0.0176813
-0.00753412
-0.0148284
-0.012735
-0.0417481
-0.0375415
-0.0487517
-0.0514107
-0.0595777
5.62031
3.5098
20.159
6.03724
33.6936
10.2586
46.076
13.6586
59.6868
17.9606
76.1737
24.5727
69.1749
20.9114
79.6516
26.7769
82.769
27.9475
255.043
336.417
1776.23
-2944.07
-10899.8
-7600.35
-3777.97
-6536.17
-13994.6
-18674.3
-7441.08
-1853.34
-763.743
-1143.25
-3126.95
467.521
674.7
334.531
567.951
-804.832
-603.981
-3945.23
-4465.15
393.322
312.594
367.946
295.514
1083.4
1089.24
2789.08
3434.71
356.74
4560.05
7702.57
5685.28
3733.81
5634.13
5863.25
11745.9
5357.08
4133.95
3267.94
2595.66
261.149
302.123
989.21
538.844
3424.6
656.486
5261.94
3548.65
2636.35
989.195
649.7
5047.21
2562.47
1654.87
860.27
85.2844
-2.40721
-0.293913
-3.71289
0.455345
-6.15566
0.533151
-11.4631
0.795253
-1.64515
3.62624
-1.1932
4.3849
2.61066
4.39173
-5.25571
2.59412
-6.32335
1.29842
0.0082746
0.014929
0.0206977
0.0372589
0.0260618
0.0507277
0.0279504
0.0138857
0.0288674
0.0108222
0.0358024
0.0109667
0.0169521
0.00976684
0.00561713
0.00216266
0.00566306
0.00464547
0.0162972
0.0140466
0.0194361
0.0210139
0.0273642
5.65293
3.51946
20.285
6.0471
33.9013
10.2821
46.3394
13.6957
59.9989
18.0146
76.4329
24.6092
69.4831
20.9595
79.8232
26.7978
82.8318
27.9542
-359.965
-1670.41
275.375
-208.927
-192.443
1192.54
553.515
693.379
2351.53
2061.37
656.907
2829.51
1575.05
3209.97
4044.66
649.377
976.526
1455.15
1985.97
4915.81
503.199
1343.07
1770.64
593.814
2280.7
3945.31
2986.63
4513.37
384.359
399.102
1421.14
1218.85
532.876
-17875.1
4021.13
-2394.16
17873.7
-4020.99
2394.01
-20458.5
-23458.5
-19879
-24044
-7407.59
-5864.41
-17379
-14472.5
-6526.34
-7474.29
-17187.3
-18444
-18672.7
-19793.5
-11179.2
-3256.93
-18265.1
-5221.7
-4147.46
-13078.7
-10749.7
-13318.8
-10208.1
-2764.5
-2102.4
-1501.77
-7463.74
-4696.23
-3222.39
-6627.11
-4385.58
-3530.26
-11941.5
-15643.9
-14079.2
-19823
-0.807897
-667.11
-3099.26
-3192.98
728.646
659.589
2595.96
2179.77
1459.78
1679.45
5119.92
2457.13
5251.18
490.876
338.972
1474.78
1075.59
1477.9
1242.34
260.201
203.416
194.641
865.703
708.138
601.687
1081.88
929.037
798.987
198.719
869.523
1887.95
3129.23
3427.59
583.656
1843.9
136.652
5.09214
351.026
1170.82
2127.4
3093.76
3180.88
606.855
1729.58
176.721
22.1872
20474.4
23462
19881.5
24041.7
6833.07
5453.23
17381.8
14439.1
6116.42
6935.93
17125
18392.3
18666.7
19786.4
11178.9
3256.98
18264.1
4750.17
3731
13130.9
10796.3
13313.3
10206.7
2425.19
1867.34
1360.61
7520.78
4720.47
3227.36
6628.34
4387.4
3531.59
11912.5
15625.6
14065.8
19812.7
49.5605
582.685
3095.78
3262.27
-686.432
-619.515
-2577.74
-2163.58
-1458.52
-1678.37
-5120.08
-2457.24
-5251.01
-467.135
-320.465
-1461.35
-1066.38
-1477
-1241.47
-246.038
-189.285
-180.746
-858.346
-704.717
-599.801
-1081.2
-928.571
-798.696
-225.28
-834.798
-1880.65
-3127.12
-3427.09
-583.653
-1843.82
-136.651
-5.08849
-352.58
-1144.55
-2122.6
-3092.41
-3180.55
-606.883
-1729.54
-176.745
-22.1941
2344.23
5256.29
3.42732
1.0622
0.340294
0.111969
0.0451192
3.82321
1.25347
0.414522
0.138887
0.0566355
-1633.16
23.5901
3193.5
10141.3
2401.88
287.993
0.550031
0.251001
0.107098
0.0433992
0.0205708
0.9891
0.391249
0.155453
0.0609389
0.0283281
186.562
559.815
961.259
1411.23
1896.5
-3070.02
-2781.45
-9768.46
-8867.52
-16892
-13955
-2273.9
-1618.38
-1240.95
-7226.5
-5105.52
-3918.33
-9838.1
-6564.78
-4934.35
0
0
0
0
0
0
0
0
-1719.3
-432.644
-320.191
-107.639
-13.7964
-15.4739
-31.7057
-21.0805
-20.5795
-11.9825
-7.89519
-3.54314
-2.28889
-0.774772
-0.281058
-0.103602
-0.0460858
-1.00334
-0.381063
-0.140738
-0.0514625
-0.0225514
-1.63626
-16.5971
-58.2835
-156.911
-319.305
-504.742
-1.45455
-1.20725
-0.896744
-0.549447
-0.184768
-14.73
-12.2008
-9.04324
-5.53107
-1.85814
-51.6066
-42.6228
-31.4978
-19.2184
-6.44774
-138.473
-113.903
-83.8228
-50.9754
-17.0715
-280.669
-229.77
-168.283
-101.959
-34.0788
-441.254
-358.934
-261.253
-157.549
-52.5332
-1252.19
-1060.21
-833.42
-588.586
-347.836
-115.014
0
0
0
0
0
0
0
0
0
0
0
0
2023.75
236.411
454.357
66.6215
-2157.22
-1852.15
-4483.82
-3399.34
-3709.92
-2889.32
-1430.85
-1051.85
-830.557
-2487.97
-1893.69
-1545.65
-2293.62
-1811.96
-1534.39
-156.888
-66.4326
-3.89745
6.33696
-34.1886
-18.0214
-5.53179
-2.00959
-2.98444
-1.22762
-0.446154
-0.157427
-0.0663899
-1.17026
-0.462396
-0.169681
-0.0608885
-0.0261192
893.574
737.033
561.578
384.12
221.212
72.1194
1.53316
15.9826
55.8202
148.718
285.822
431.034
1.36058
1.12678
0.834946
0.510523
0.171473
14.1707
11.7227
8.67681
5.30065
1.77951
49.3678
40.7127
30.0368
18.3013
6.13509
131.022
107.543
78.9566
47.9202
16.0299
250.606
204.504
149.257
90.1643
30.0852
375.255
303.651
219.771
131.909
43.8661
-3193.49
-10141.6
-2409.11
-289.866
-0.54278
-0.24848
-0.106134
-0.0430156
-0.0203871
-0.980156
-0.388182
-0.154331
-0.0605084
-0.0281261
-186.578
-559.86
-961.334
-1411.33
-1896.63
-2344.29
-5256.14
-3.41943
-1.05949
-0.339296
-0.111584
-0.0449377
-3.81595
-1.25092
-0.413583
-0.138524
-0.0564632
1634.99
-22.5152
-10420.4
-14438.9
-23971
-27292.6
-26791.6
-30692.7
-12586.5
-13578.7
-1936.32
-1572.18
-1191.98
-5224.89
-3333.71
-2331.39
-6158.98
-3880.96
-3128.42
-8469.32
-4340.44
-2726.95
-11459.9
-5403.67
-2233.8
566.29
-34.8877
-723.111
55.0409
-1320.1
60.4071
-353.453
-179.413
1129.28
908.385
176.326
58.6445
25.9016
12.1573
310.193
103.089
61.2808
32.3157
86.3857
27.2277
8.90606
3.64359
229.414
72.4658
21.8814
8.98217
308.747
99.0477
30.9547
12.8406
290.537
100.479
34.1771
14.4039
196.515
80.6986
29.451
12.8203
59.3963
30.1179
11.8836
5.4884
98.9489
50.0491
20.4148
9.34117
26.2001
13.7148
5.27546
2.58712
5.8381
3.162
1.40655
0.721565
2.64184
0.839997
0.272051
0.0898403
0.0362468
4.60298
1.49015
0.493707
0.165493
0.0674417
1.71282
0.684938
0.246585
0.0864459
0.0362506
2.63712
0.950044
0.323856
0.110192
0.0453546
1.24125
0.483304
0.176891
0.0631299
0.0268711
0.436694
0.165519
0.0608066
0.0219826
0.00949529
1.30139
0.399582
0.122521
0.0387239
0.0151417
3.35697
0.995038
0.304794
0.0969667
0.0381594
4.35107
1.27517
0.396186
0.128009
0.0509872
206.58
824.068
1632.48
2850.95
4138.16
452.975
2492.68
-246.622
-407.586
54.5238
-72.2852
1.31723
-1.17501
-1.96466
373.421
95.3977
19.9049
5.53501
1.24409
518.325
113.462
23.1732
4.4219
1.18266
700.327
136.766
25.6109
4.68434
1.36244
861.13
147.174
23.96
3.49664
0.777897
-63.2736
-48.0799
-17.5281
-5.4918
-1.48536
352.191
25.625
-3.14309
-2.48891
-0.745648
-238.718
-77.9343
-22.3771
-5.99558
-1.34895
-280.757
-87.8103
-23.7765
-5.84939
-1.20526
10044.1
14227.4
18634
22991.3
22791.1
26909.3
8862.18
11074.2
-594.286
-3118.38
-1900.25
-1177.38
-508.735
-403.768
-286.848
-169.811
-56.09
-1274
-701.832
-356.77
-189.27
-77.8515
-1147.47
-639.267
-350.052
-171.845
-53.2707
-939.2
-692.22
-460.053
-259.743
-83.9671
-1024.36
-1153.94
-3761.84
-3438.94
-4378.23
-4558.98
-8341.98
-5862.85
-8249.35
-2595.48
103.106
79.6703
-496.5
454.912
-241.943
497.157
-508.495
-436.39
719.042
369.054
28.8554
3.54601
6.60674
5.43858
51.4586
4.25672
28.1896
21.0996
3.61562
-0.432228
0.322385
0.337763
5.13789
-1.89897
-1.84904
-0.11589
-16.8675
-7.24388
-2.54829
-0.00745394
-62.222
-14.7737
-1.75325
0.485029
-90.7341
-18.8108
-3.29394
-0.704914
-32.7735
-10.4145
-4.43314
-2.34138
-78.1385
-18.3998
-4.44969
-1.85286
-11.6168
-5.43435
-3.26604
-1.7418
-3.56403
-2.15302
-1.11315
-0.600197
0.0144563
-0.140429
-0.0765527
-0.0330944
-0.0160169
-0.383125
-0.381129
-0.174939
-0.071341
-0.0336021
-1.338
-0.406439
-0.140403
-0.0511201
-0.0227822
-1.17086
-0.376578
-0.140694
-0.0536434
-0.0245668
-0.971892
-0.344367
-0.122807
-0.0446041
-0.0196665
-0.36377
-0.143949
-0.053266
-0.0194262
-0.00849476
0.12415
-0.0068416
-0.016366
-0.00915803
-0.00492801
0.235958
-0.0640973
-0.0555598
-0.0272999
-0.0140152
0.0924269
-0.169103
-0.097124
-0.0429271
-0.0210833
251.045
867.108
1575.52
2579.43
3605.75
426.432
2152.24
-216.618
-392.291
64.5931
-69.3861
1.6583
-1.11655
-1.95938
383.854
96.9004
20.3487
5.67302
1.2896
507.175
111.857
23.2921
4.54983
1.23839
644.72
129.252
25.0115
4.75607
1.42373
769.418
136.019
22.9908
3.52245
0.828221
-72.9251
-48.9475
-17.3541
-5.39013
-1.4417
289.197
18.0647
-3.74482
-2.44313
-0.700373
-230.958
-76.1149
-21.8969
-5.88075
-1.31506
-276.26
-86.8159
-23.5542
-5.80008
-1.19233
-4.24327
-42.3105
-136.39
-320.549
-636.867
-1112.6
-1713.32
-2289.15
-2550.46
-2137.35
-1085.21
-144.51
-3.74308
-3.07696
-2.26251
-1.37481
-0.460189
-37.299
-30.6399
-22.5162
-13.6766
-4.57718
-119.922
-98.207
-71.9473
-43.5984
-14.5731
-280.741
-228.85
-166.905
-100.798
-33.6335
-554.843
-449.563
-325.997
-196.055
-65.284
-962.654
-774.051
-557.401
-333.62
-110.856
-1469.33
-1170.38
-836.019
-497.855
-165.135
-1940.85
-1528.42
-1081.96
-641.221
-212.55
-2130.85
-1655.51
-1160.8
-685.387
-227.595
-1754.25
-1342.93
-933.221
-550.116
-183.695
-876.57
-662.849
-457.648
-269.85
-90.7354
-116.032
-87.5043
-60.4746
-35.8035
-12.1102
-4.53876
-43.5866
-139.864
-328.334
-650.93
-1132.33
-1732.29
-2297.81
-2543.2
-2120.71
-1074.25
-141.913
-4.01426
-3.31109
-2.44379
-1.48972
-0.499575
-38.472
-31.6542
-23.3027
-14.1757
-4.74834
-123.124
-100.984
-74.1069
-44.9716
-15.0445
-287.944
-235.124
-171.802
-103.92
-34.7068
-567.957
-461.082
-335.057
-201.864
-67.2872
-981.354
-790.759
-570.742
-342.267
-113.855
-1488.06
-1187.81
-850.411
-507.406
-168.49
-1950.98
-1539.19
-1091.76
-648.131
-215.054
-2126.54
-1653.92
-1161.08
-686.307
-228.063
-1739.96
-1331.41
-924.867
-545.112
-182.05
-865.533
-652.393
-448.886
-263.979
-88.6622
-112.786
-83.9282
-57.1564
-33.4303
-11.2405
-758.61
-9186.57
-1780.42
-655.741
-526.748
-378.997
-226.715
-75.3203
-6062.69
-4389.07
-3010.75
-1896.33
-778.666
-1484.56
-1150.01
-802.849
-471.297
-155.553
10432.6
14444.6
24016.9
27292.5
26814.6
30787.6
10786
11601.7
1749.65
1436.54
1105.91
5281.45
3358.41
2335.75
6159.99
3883.87
3130.85
8469.66
4341.7
2728.29
11460
5403.97
2234.24
-470.891
10.1932
718.485
-2.91916
1311.52
-62.3863
293.639
159.249
-1091.34
-899.135
-163.28
-54.1739
-24.1229
-11.3445
-308.155
-102.467
-60.9004
-32.1131
-81.452
-25.5143
-8.31667
-3.37468
-227.685
-71.9352
-21.6855
-8.91511
-308.343
-98.8533
-30.8739
-12.7992
-290.308
-100.359
-34.1235
-14.374
-196.41
-80.6362
-29.4202
-12.8018
-59.4183
-30.1234
-11.8842
-5.48764
-98.9341
-50.0311
-20.403
-9.3331
-26.2283
-13.7274
-5.28059
-2.58937
-5.85046
-3.16834
-1.40937
-0.722981
-2.41189
-0.762202
-0.246074
-0.0810685
-0.0326343
-4.57925
-1.48231
-0.490652
-0.164302
-0.0668907
-1.71139
-0.684274
-0.246314
-0.086335
-0.0361956
-2.63277
-0.948417
-0.323246
-0.109954
-0.0452402
-1.24131
-0.483229
-0.17684
-0.0631025
-0.0268549
-0.437182
-0.165676
-0.0608557
-0.0219977
-0.0095007
-1.17287
-0.356758
-0.108555
-0.0340976
-0.0132631
-3.34061
-0.988965
-0.302372
-0.0960082
-0.0377112
-4.33853
-1.27096
-0.394608
-0.127392
-0.0506953
-240.685
-785.13
-1627.3
-2849.17
-4137.58
-452.941
-2492.51
246.644
407.608
-82.4468
57.0331
-3.90191
0.32621
1.56647
-348.194
-87.4638
-17.9041
-4.95536
-1.05963
-516.121
-112.676
-22.9396
-4.35779
-1.16022
-699.536
-136.481
-25.5178
-4.65603
-1.3517
-860.82
-147.057
-23.9192
-3.48292
-0.772156
63.3139
48.0968
17.5344
5.49416
1.48647
-352.071
-25.5777
3.16026
2.49508
0.748432
238.738
77.9415
22.3795
5.9964
1.34931
280.771
87.8145
23.7776
5.84965
1.20533
-10055.6
-14237.3
-18668.3
-23027.9
-22717.8
-26820.9
-7483.04
-9390.58
594.211
3118.45
1900.21
1177.28
508.667
403.71
286.804
169.783
56.0804
1274.03
701.841
356.779
189.277
77.849
1147.43
639.236
350.031
171.833
53.2663
939.104
692.138
459.99
259.703
83.9535
939.471
1089.17
3779.83
3434.71
4378.2
4560.05
8342.01
5863.25
8249.46
2595.66
-128.786
-129.739
538.565
-392.789
243.678
-496.128
426.704
395.166
-685.47
-362.796
-27.408
-3.36502
-6.3495
-5.16535
-50.2478
-3.85697
-27.8827
-20.9356
-5.51281
-0.0583012
-0.418602
-0.333817
-3.34442
2.23961
1.95102
0.132755
17.2158
7.37536
2.59027
0.0271237
62.4233
14.8725
1.79108
-0.465065
90.8735
18.8879
3.32771
0.723397
32.8467
10.4575
4.45386
2.35277
78.2384
18.4583
4.47754
1.86838
11.661
5.45978
3.27817
1.74834
3.57807
2.16074
1.11675
0.602082
0.00720386
0.139875
0.0745283
0.0319853
0.0154366
0.387258
0.382812
0.17604
0.0718818
0.0338837
1.34279
0.408171
0.141024
0.0513485
0.0228852
1.17763
0.378949
0.141554
0.0539689
0.0247176
0.975051
0.345511
0.123211
0.0447493
0.0197302
0.364677
0.144269
0.0533759
0.0194641
0.00851065
-0.101714
0.01153
0.0170501
0.00917452
0.00487394
-0.236897
0.0660629
0.0568388
0.0279023
0.0143227
-0.0842613
0.172105
0.0983815
0.0434544
0.0213435
-267.321
-839.01
-1572.12
-2578.28
-3605.37
-426.425
-2152.13
216.617
392.304
-89.3606
54.6491
-4.19266
0.271878
1.56049
-359.783
-89.0193
-18.3365
-5.08814
-1.1034
-505.521
-111.14
-23.064
-4.48562
-1.21574
-644.214
-129.021
-24.9262
-4.72866
-1.41305
-769.23
-135.935
-22.956
-3.50968
-0.822627
72.9498
48.9592
17.359
5.39219
1.44275
-289.121
-18.0312
3.75887
2.4487
0.703041
230.97
76.1198
21.8987
5.88144
1.31539
276.272
86.8195
23.5551
5.80031
1.19238
4.24279
42.3048
136.371
320.507
636.786
1112.46
1713.12
2288.9
2550.2
2137.14
1085.11
144.496
3.74264
3.07658
2.26222
1.37462
0.460126
37.2939
30.6355
22.5128
13.6745
4.57647
119.905
98.1928
71.9365
43.5917
14.5708
280.703
228.818
166.88
100.782
33.6282
554.77
449.5
325.949
196.025
65.2737
962.531
773.946
557.321
333.569
110.838
1469.15
1170.23
835.9
497.779
165.11
1940.62
1528.22
1081.81
641.125
212.517
2130.61
1655.31
1160.64
685.285
227.559
1754.06
1342.77
933.096
550.036
183.667
876.48
662.773
457.59
269.812
90.7221
116.021
87.495
60.468
35.7994
12.1088
4.53793
43.5797
139.843
328.287
650.842
1132.18
1732.08
2297.56
2542.94
2120.51
1074.16
141.902
4.01352
3.31047
2.44333
1.48943
0.499479
38.4657
31.649
23.2988
14.1732
4.74751
123.105
100.969
74.0949
44.9642
15.042
287.901
235.088
171.775
103.903
34.7012
567.878
461.016
335.007
201.834
67.2767
981.225
790.651
570.661
342.217
113.838
1487.88
1187.65
850.294
507.334
168.465
1950.75
1539
1091.61
648.04
215.023
2126.3
1653.72
1160.93
686.212
228.03
1739.78
1331.25
924.748
545.035
182.023
865.446
652.317
448.827
263.94
88.6482
112.775
83.918
57.1479
33.4244
11.2383
758.517
9186.42
1780.27
655.659
526.679
378.947
226.684
75.3099
6062.57
4388.95
3010.65
1896.27
778.626
1484.43
1149.9
802.773
471.251
155.538
0
0
0
0
0
0
0
0
0
0
0
0
-2028.42
-237.224
-455.65
-67.0357
2157.22
1852.19
4484
3399.51
3710.04
2889.54
1430.89
1051.87
830.56
2488.1
1893.79
1545.71
2293.87
1812.15
1534.53
156.892
66.4574
3.90785
-6.33192
34.1027
17.9985
5.52494
2.0077
2.98735
1.22873
0.446614
0.157625
0.0664903
1.1697
0.462214
0.169631
0.0608777
0.0261179
-893.668
-737.118
-561.651
-384.176
-221.247
-72.1315
-1.53335
-15.9849
-55.8283
-148.739
-285.862
-431.092
-1.36075
-1.12692
-0.835057
-0.510592
-0.171497
-14.1728
-11.7245
-8.67816
-5.30149
-1.7798
-49.3751
-40.7189
-30.0415
-18.3042
-6.13609
-131.041
-107.559
-78.9689
-47.9279
-16.0325
-250.642
-204.534
-149.28
-90.1788
-30.0902
-375.307
-303.695
-219.805
-131.93
-43.8734
3069.97
2781.38
9768.06
8867.18
16890.6
13954.1
2273.86
1618.38
1240.99
7226.4
5105.66
3918.56
9838.02
6565.23
4934.9
0
0
0
0
0
0
0
0
1721.23
433.805
321.025
108.061
14.229
15.629
31.7623
21.1021
20.7242
12.0317
7.91258
3.5497
2.29672
0.777559
0.282086
0.103992
0.0462649
1.0057
0.381899
0.141031
0.0515672
0.0225968
1.63594
16.5942
58.2739
156.886
319.258
504.672
1.45426
1.207
0.896559
0.549332
0.18473
14.7274
12.1986
9.04159
5.53005
1.85779
51.5979
42.6156
31.4924
19.215
6.4466
138.451
113.884
83.8089
50.9668
17.0686
280.626
229.735
168.257
101.942
34.0732
441.191
358.882
261.214
157.525
52.525
1252.07
1060.1
833.333
588.522
347.797
115.001
)
;
    }
    patch2
    {
        type            calculated;
        value           nonuniform List<scalar> 
348
(
-186.578
186.562
-493.263
-151.838
-180.201
-286.489
-540.466
-182.521
-205.001
-321.184
493.15
151.808
180.171
286.436
540.398
182.498
204.973
321.144
-2858.7
-847.396
-174.794
-101.637
-66.4832
-86.7705
-105.224
-1505.46
-554.65
-389.224
-289.219
-126.166
-192.813
-234.996
-84.2391
-137.105
-128.153
-102.565
-2328.76
-521.206
-125.471
-251.498
-416.668
-270.925
-270.39
-183.204
-81.2051
-120.284
-140.914
-168.858
-2527.67
-803.506
-801.185
-495.281
-454.151
-3.5392
-6.58923
-13.6869
-26.8671
-49.0406
-83.0574
-2.88163
-7.52707
-18.393
-38.1642
-69.4289
-112.697
-2.42069
-1.04963
-4.97171
-3.06998
-11.004
-8.20627
-22.4069
-19.0523
-39.653
-34.6787
-66.0299
-53.1024
-125.983
-171.26
-220.604
-392.524
-500.22
-586.895
-163.268
-210.016
-238.914
-246.186
-236.457
-224.872
-3.58422
-6.76037
-14.1077
-27.8006
-50.9649
-86.4907
-2.9387
-7.74971
-18.94
-39.2973
-71.4204
-115.621
-2.45585
-1.0726
-5.11772
-3.18372
-11.4101
-8.59761
-23.4425
-20.233
-42.1539
-38.4167
-70.9056
-61.3673
-131.131
-178.348
-229.968
-402.901
-507.4
-589.401
-166.847
-213.727
-242.293
-248.667
-237.668
-225.175
-2877.64
-852.265
-186.189
-110.506
-83.875
-102.558
-120.544
-1841.94
-1188.47
-564.119
-778.666
-317.704
-468.492
-236.192
-251.224
-172.361
-2565.51
-627.509
-177.736
-307.457
-480.141
-301.522
-296.872
-210.399
-113.798
-150.581
-201.017
-206.77
-2596.53
-821.155
-887.686
-524.619
-487.471
2858.1
847.219
174.765
101.62
66.472
86.7561
105.206
1505
554.51
389.113
289.166
126.154
192.776
234.948
84.2278
137.081
128.134
102.548
2328.1
521.074
125.447
251.449
416.578
270.873
270.341
183.171
81.1913
120.264
140.889
168.827
2527.05
803.325
800.975
495.171
454.061
3.53861
6.58818
13.6847
26.8629
49.0329
83.0442
2.88116
7.52589
18.3901
38.1582
69.418
112.68
2.42029
1.04946
4.97091
3.06948
11.0022
8.20493
22.4033
19.0492
39.6467
34.673
66.0192
53.0936
125.963
171.232
220.567
392.453
500.124
586.786
163.243
209.983
238.876
246.145
236.416
224.833
3.5836
6.75921
14.1053
27.7961
50.9569
86.4776
2.93819
7.74839
18.9369
39.2911
71.4094
115.604
2.45542
1.07241
5.11683
3.18314
11.4082
8.5961
23.4386
20.2295
42.1472
38.4105
70.8948
61.3579
131.112
178.323
229.936
402.844
507.323
589.302
166.822
213.696
242.259
248.631
237.632
225.139
2877.11
852.109
186.163
110.49
83.8635
102.543
120.528
1841.77
1188.41
564.079
778.626
317.68
468.462
236.17
251.201
172.344
2565.2
627.444
177.718
307.422
480.086
301.485
296.833
210.373
113.786
150.561
200.996
206.745
2596.12
821.026
887.581
524.549
487.408
24.6051
60.4528
59.476
98.8508
179.316
159.718
-106.109
183.64
211.368
-342.889
65.3308
95.1136
-671.704
73.5608
149.776
-412.328
-342.097
-594.871
-522.481
-1360.5
-656.251
-1277.54
-649.721
-1278.57
-85.2683
-29.4581
-59.7318
-57.6687
-92.4602
-176.427
-158.093
105.929
-183.488
-211.261
342.707
-65.3146
-95.071
671.43
-73.5756
-149.751
364.189
302.12
614.445
538.844
1360.01
656.486
1277.4
649.7
1278.5
85.2844
)
;
    }
    patch3
    {
        type            calculated;
        value           nonuniform List<scalar> 
96
(
-31.9691
-60.295
-127.1
-254.028
-474.615
-829.097
-26.237
-69.547
-172.487
-364.526
-678.382
-1131.72
-1308.92
-1872.8
-2566.9
-4848.7
-6418.68
-7669.39
-1693.19
-2261.29
-2688.01
-2917.22
-2969.38
-2948.1
-32.3047
-61.5684
-130.222
-260.915
-488.686
-853.317
-26.6609
-71.191
-176.478
-372.64
-692.171
-1150.74
-1342.76
-1914.86
-2614.24
-4866.73
-6400.45
-7654.27
-1714.05
-2279.15
-2699.35
-2917.49
-2960.22
-2942.54
31.9644
60.2864
127.083
253.994
474.553
828.994
26.2332
69.5374
172.464
364.478
678.296
1131.58
1308.76
1872.59
2566.65
4848.26
6418.17
7668.84
1692.99
2261.04
2687.74
2916.94
2969.12
2947.86
32.2995
61.5587
130.203
260.877
488.619
853.206
26.6567
71.1799
176.452
372.587
692.077
1150.59
1342.6
1914.65
2613.97
4866.29
6399.93
7653.72
1713.85
2278.9
2699.07
2917.21
2959.97
2942.31
)
;
    }
    patch4
    {
        type            calculated;
        value           nonuniform List<scalar> 
384
(
-13476.2
-37060
-62490.2
-83669.8
-67546.5
-53593
-38962.2
-14653.2
-19158.1
-53783.4
-76893.1
-28160
12045.3
37188.6
62501.4
83690.5
67568.7
53611.7
39087.2
12436.2
17342.3
54034.7
77189.8
25327.9
-59140
-85406.4
-92674
-127483
-63161.4
-87351.9
-96502.7
-129369
59150.3
85419.8
92687.8
127500
63182.1
87370.1
96521.6
129389
-28408.6
-46052.2
31837.4
47961.6
-24500.4
-8819.05
-31754
-11884
26016.6
9393.87
32671.7
12235.7
-31819.1
-47946.3
28418.7
46063.1
-10960.8
-7632.81
-34208.1
-24974.5
-42900.4
-62667.2
-5041
-1805.32
-18279.7
-6638.75
-13526.2
-9447.02
-40926.1
-30293.3
-46421.6
-64535
-6008.5
-2051.72
-21697.5
-7760.06
9923.11
6927.77
34319.6
25046.8
42909.7
62678.9
4602.71
1665.4
18314.1
6650.03
12255.8
8561.21
41147
30435.6
46440
64551.3
5477.05
1887.83
21754.3
7777.7
-26008.3
-9390.67
-32663.1
-12232.2
24506.1
8821.34
31761
11886.9
-21345.4
-23697.2
-19266.5
-21991.1
21341.5
23696.1
19263.7
21990.2
-1479.51
-1645.08
-5310.83
-6536.08
-4940.39
-4311.49
-7147.09
-9757.77
-11359.7
-15851.8
-12502.7
-16310.2
-11212.4
-15830.7
-11464.4
-16437.2
-820.879
-1825.77
-4674.62
-7540.63
-2689.02
-3534.54
-7150.69
-9881.23
-11138.6
-15579.5
-11559.6
-15688.1
-11242.8
-15729.8
-11506.3
-16415.7
1418.85
1527.68
5290.07
6538.81
4935.47
4304.16
7147.08
9759.12
11357.8
15851.5
12500.8
16309.7
11212.4
15830.8
11465.1
16437.5
818.587
1694.96
4643.66
7547.23
2682.96
3524.31
7150.43
9882.7
11135.9
15578.9
11557.5
15687.3
11242.6
15729.7
11507
16415.9
-1919.77
-4035.03
-6479.55
-12221.6
-10779.3
-18633.6
-13344.2
-501.731
-2270.49
-4689.31
-9881.1
-7734.46
-14820.3
-11861.3
1846.27
3792.36
6441.1
12164.1
10773.2
18622.8
13341.8
541.29
2175.29
4636.46
9805.08
7729.2
14811.2
11859.5
-1723.13
-5266.19
-8767.4
-11651.8
-14112.4
-16944.9
-15783.8
-17528
-17901.7
-1707.68
-5227.11
-8715.95
-11618.2
-14150.6
-17077.6
-15908.8
-17623.8
-17936.3
1523.36
5317.2
8765.21
11651.7
14112.8
16945.6
15784.4
17528.7
17902.5
1510.95
5277.78
8713.85
11618.2
14151.1
17078.4
15909.5
17624.6
17937
-384.202
-1168.83
-1949.29
-2595.3
-3178.89
-3971.23
-3643.75
-4139.36
-4232.41
-383.015
-1166.48
-1947.72
-2598.19
-3192.37
-3996.94
-3668.25
-4158.04
-4239.16
336.875
1182.62
1948.82
2595.25
3178.94
3971.35
3643.85
4139.5
4232.56
335.96
1180.3
1947.3
2598.18
3192.45
3997.09
3668.38
4158.2
4239.31
-93.5719
-284.987
-477.432
-640.304
-793.915
-1016.9
-923.662
-1065.61
-1091.76
-93.795
-285.865
-479.21
-643.185
-798.473
-1022.61
-929.565
-1069.66
-1093.21
81.8556
288.407
477.313
640.277
793.913
1016.92
923.675
1065.64
1091.79
82.0662
289.31
479.101
643.168
798.479
1022.64
929.584
1069.69
1093.24
-24.4766
-74.7342
-125.888
-170.217
-213.483
-279.463
-251.394
-294.406
-302.099
-24.6153
-75.189
-126.676
-171.269
-214.812
-280.775
-252.853
-295.305
-302.418
21.3943
75.6159
125.852
170.204
213.477
279.465
251.393
294.41
302.105
21.5171
76.0793
126.642
171.258
214.807
280.778
252.853
295.31
302.423
-8.5733
-26.167
-44.2099
-60.2587
-76.459
-102.542
-91.1578
-108.822
-112.04
-8.62643
-26.3356
-44.4908
-60.6101
-76.8644
-102.888
-91.5639
-109.052
-112.121
7.49473
26.4637
44.1951
60.251
76.4537
102.541
91.1546
108.822
112.04
7.54125
26.635
44.4763
60.603
76.8596
102.886
91.5612
109.052
112.121
)
;
    }
}


// ************************************************************************* //
