/*--------------------------------*- C++ -*----------------------------------*\
  =========                 |
  \\      /  F ield         | OpenFOAM: The Open Source CFD Toolbox
   \\    /   O peration     | Website:  https://openfoam.org
    \\  /    A nd           | Version:  11
     \\/     M anipulation  |
\*---------------------------------------------------------------------------*/
FoamFile
{
    format      ascii;
    class       volScalarField;
    location    "9.5";
    object      nut;
}
// * * * * * * * * * * * * * * * * * * * * * * * * * * * * * * * * * * * * * //

dimensions      [0 2 -1 0 0 0 0];

internalField   nonuniform List<scalar> 
4000
(
0.00240741
0.00230053
0.00230029
0.00230029
0.00230029
0.00230029
0.00230029
0.00230029
0.00230029
0.00230029
0.00230029
0.00230029
0.00230029
0.00230029
0.00230029
0.00230029
0.00230029
0.00230029
0.00230053
0.00240741
0.0088233
0.000231244
0.000212983
0.000212981
0.000212981
0.000212981
0.000212981
0.000212981
0.000212981
0.000212981
0.000212981
0.000212981
0.000212981
0.000212981
0.000212981
0.000212981
0.000212981
0.000212983
0.000231247
0.00882328
0.0154801
0.000166485
0.000134504
0.000134501
0.000134501
0.000134501
0.000134501
0.000134501
0.000134501
0.000134501
0.000134501
0.000134501
0.000134501
0.000134501
0.000134501
0.000134501
0.000134501
0.000134504
0.000166489
0.01548
0.0156154
0.000166735
0.000134272
0.00013427
0.00013427
0.00013427
0.00013427
0.00013427
0.00013427
0.00013427
0.00013427
0.00013427
0.00013427
0.00013427
0.00013427
0.00013427
0.00013427
0.000134272
0.000166738
0.0156153
0.0156388
0.000166801
0.000134272
0.000134269
0.000134269
0.000134269
0.000134269
0.000134269
0.000134269
0.000134269
0.000134269
0.000134269
0.000134269
0.000134269
0.000134269
0.000134269
0.000134269
0.000134272
0.000166805
0.0156388
0.0156421
0.000166809
0.000134272
0.000134269
0.000134269
0.000134269
0.000134269
0.000134269
0.000134269
0.000134269
0.000134269
0.000134269
0.000134269
0.000134269
0.000134269
0.000134269
0.000134269
0.000134272
0.000166812
0.015642
0.0156425
0.00016681
0.000134272
0.000134269
0.000134269
0.000134269
0.000134269
0.000134269
0.000134269
0.000134269
0.000134269
0.000134269
0.000134269
0.000134269
0.000134269
0.000134269
0.000134269
0.000134272
0.000166813
0.0156424
0.0156425
0.00016681
0.000134272
0.000134269
0.000134269
0.000134269
0.000134269
0.000134269
0.000134269
0.000134269
0.000134269
0.000134269
0.000134269
0.000134269
0.000134269
0.000134269
0.000134269
0.000134272
0.000166813
0.0156424
0.0156425
0.00016681
0.000134272
0.000134269
0.000134269
0.000134269
0.000134269
0.000134269
0.000134269
0.000134269
0.000134269
0.000134269
0.000134269
0.000134269
0.000134269
0.000134269
0.000134269
0.000134272
0.000166813
0.0156424
0.0156425
0.00016681
0.000134272
0.000134269
0.000134269
0.000134269
0.000134269
0.000134269
0.000134269
0.000134269
0.000134269
0.000134269
0.000134269
0.000134269
0.000134269
0.000134269
0.000134269
0.000134272
0.000166813
0.0156424
0.0156425
0.00016681
0.000134272
0.000134269
0.000134269
0.000134269
0.000134269
0.000134269
0.000134269
0.000134269
0.000134269
0.000134269
0.000134269
0.000134269
0.000134269
0.000134269
0.000134269
0.000134272
0.000166813
0.0156424
0.0156425
0.00016681
0.000134272
0.000134269
0.000134269
0.000134269
0.000134269
0.000134269
0.000134269
0.000134269
0.000134269
0.000134269
0.000134269
0.000134269
0.000134269
0.000134269
0.000134269
0.000134272
0.000166813
0.0156424
0.0156425
0.00016681
0.000134272
0.000134269
0.000134269
0.000134269
0.000134269
0.000134269
0.000134269
0.000134269
0.000134269
0.000134269
0.000134269
0.000134269
0.000134269
0.000134269
0.000134269
0.000134272
0.000166813
0.0156424
0.0156425
0.00016681
0.000134272
0.000134269
0.000134269
0.000134269
0.000134269
0.000134269
0.000134269
0.000134269
0.000134269
0.000134269
0.000134269
0.000134269
0.000134269
0.000134269
0.000134269
0.000134272
0.000166813
0.0156424
0.0156421
0.000166809
0.000134272
0.000134269
0.000134269
0.000134269
0.000134269
0.000134269
0.000134269
0.000134269
0.000134269
0.000134269
0.000134269
0.000134269
0.000134269
0.000134269
0.000134269
0.000134272
0.000166813
0.0156421
0.0156395
0.000166803
0.000134272
0.000134269
0.000134269
0.000134269
0.000134269
0.000134269
0.000134269
0.000134269
0.000134269
0.000134269
0.000134269
0.000134269
0.000134269
0.000134269
0.000134269
0.000134272
0.000166806
0.0156394
0.0156211
0.000166749
0.000134273
0.00013427
0.00013427
0.00013427
0.00013427
0.00013427
0.00013427
0.00013427
0.00013427
0.00013427
0.00013427
0.00013427
0.00013427
0.00013427
0.00013427
0.000134273
0.000166753
0.0156211
0.0155208
0.000166991
0.000134857
0.000134855
0.000134855
0.000134855
0.000134855
0.000134855
0.000134855
0.000134855
0.000134855
0.000134855
0.000134855
0.000134855
0.000134855
0.000134855
0.000134855
0.000134857
0.000166995
0.0155208
0.00900063
0.000353701
0.000334087
0.000334084
0.000334084
0.000334084
0.000334084
0.000334084
0.000334084
0.000334084
0.000334084
0.000334084
0.000334084
0.000334084
0.000334084
0.000334084
0.000334084
0.000334087
0.000353704
0.00900061
0.00304927
0.00380953
0.00381123
0.00381123
0.00381123
0.00381123
0.00381123
0.00381123
0.00381123
0.00381123
0.00381123
0.00381123
0.00381123
0.00381123
0.00381123
0.00381123
0.00381123
0.00381123
0.00380953
0.00304927
0.00013427
0.00013427
0.00013427
0.00013427
0.00013427
0.00013427
0.00013427
0.00013427
0.00013427
0.00013427
0.00013427
0.00013427
0.00013427
0.00013427
0.00013427
0.00013427
0.00013427
0.00013427
0.00013427
0.000134269
0.00013427
0.00013427
0.00013427
0.00013427
0.00013427
0.00013427
0.00013427
0.00013427
0.00013427
0.00013427
0.00013427
0.00013427
0.00013427
0.00013427
0.00013427
0.00013427
0.00013427
0.00013427
0.00013427
0.000134269
0.00013427
0.00013427
0.00013427
0.00013427
0.00013427
0.00013427
0.00013427
0.00013427
0.00013427
0.00013427
0.00013427
0.00013427
0.00013427
0.00013427
0.00013427
0.00013427
0.00013427
0.00013427
0.00013427
0.000134269
0.00013427
0.00013427
0.00013427
0.00013427
0.00013427
0.00013427
0.00013427
0.00013427
0.00013427
0.00013427
0.00013427
0.00013427
0.00013427
0.00013427
0.00013427
0.00013427
0.00013427
0.00013427
0.00013427
0.000134269
0.00013427
0.00013427
0.00013427
0.00013427
0.00013427
0.00013427
0.00013427
0.00013427
0.00013427
0.00013427
0.00013427
0.00013427
0.00013427
0.00013427
0.00013427
0.00013427
0.00013427
0.00013427
0.00013427
0.000134269
0.00013427
0.00013427
0.00013427
0.00013427
0.00013427
0.00013427
0.00013427
0.00013427
0.00013427
0.00013427
0.00013427
0.00013427
0.00013427
0.00013427
0.00013427
0.00013427
0.00013427
0.00013427
0.00013427
0.000134269
0.00013427
0.00013427
0.00013427
0.00013427
0.00013427
0.00013427
0.00013427
0.00013427
0.00013427
0.00013427
0.00013427
0.00013427
0.00013427
0.00013427
0.00013427
0.00013427
0.00013427
0.00013427
0.00013427
0.000134269
0.00013427
0.00013427
0.00013427
0.00013427
0.00013427
0.00013427
0.00013427
0.00013427
0.00013427
0.00013427
0.00013427
0.00013427
0.00013427
0.00013427
0.00013427
0.00013427
0.00013427
0.00013427
0.00013427
0.000134269
0.00013427
0.00013427
0.00013427
0.00013427
0.00013427
0.00013427
0.00013427
0.00013427
0.00013427
0.00013427
0.00013427
0.00013427
0.00013427
0.00013427
0.00013427
0.00013427
0.00013427
0.00013427
0.00013427
0.000134269
0.00013427
0.00013427
0.00013427
0.00013427
0.00013427
0.00013427
0.00013427
0.00013427
0.00013427
0.00013427
0.00013427
0.00013427
0.00013427
0.00013427
0.00013427
0.00013427
0.00013427
0.00013427
0.00013427
0.000134269
0.00013427
0.00013427
0.00013427
0.00013427
0.00013427
0.00013427
0.00013427
0.00013427
0.00013427
0.00013427
0.00013427
0.00013427
0.00013427
0.00013427
0.00013427
0.00013427
0.00013427
0.00013427
0.00013427
0.000134269
0.00013427
0.00013427
0.00013427
0.00013427
0.00013427
0.00013427
0.00013427
0.00013427
0.00013427
0.00013427
0.00013427
0.00013427
0.00013427
0.00013427
0.00013427
0.00013427
0.00013427
0.00013427
0.00013427
0.000134269
0.00013427
0.00013427
0.00013427
0.00013427
0.00013427
0.00013427
0.00013427
0.00013427
0.00013427
0.00013427
0.00013427
0.00013427
0.00013427
0.00013427
0.00013427
0.00013427
0.00013427
0.00013427
0.00013427
0.000134269
0.00013427
0.00013427
0.00013427
0.00013427
0.00013427
0.00013427
0.00013427
0.00013427
0.00013427
0.00013427
0.00013427
0.00013427
0.00013427
0.00013427
0.00013427
0.00013427
0.00013427
0.00013427
0.00013427
0.000134269
0.00013427
0.00013427
0.00013427
0.00013427
0.00013427
0.00013427
0.00013427
0.00013427
0.00013427
0.00013427
0.00013427
0.00013427
0.00013427
0.00013427
0.00013427
0.00013427
0.00013427
0.00013427
0.00013427
0.000134269
0.00013427
0.00013427
0.00013427
0.00013427
0.00013427
0.00013427
0.00013427
0.00013427
0.00013427
0.00013427
0.00013427
0.00013427
0.00013427
0.00013427
0.00013427
0.00013427
0.00013427
0.00013427
0.00013427
0.000134269
0.00013427
0.00013427
0.00013427
0.00013427
0.00013427
0.00013427
0.00013427
0.00013427
0.00013427
0.00013427
0.00013427
0.00013427
0.00013427
0.00013427
0.00013427
0.00013427
0.00013427
0.00013427
0.00013427
0.000134269
0.00013427
0.00013427
0.00013427
0.00013427
0.00013427
0.00013427
0.00013427
0.00013427
0.00013427
0.00013427
0.00013427
0.00013427
0.00013427
0.00013427
0.00013427
0.00013427
0.00013427
0.00013427
0.00013427
0.000134269
0.00013427
0.00013427
0.00013427
0.00013427
0.00013427
0.00013427
0.00013427
0.00013427
0.00013427
0.00013427
0.00013427
0.00013427
0.00013427
0.00013427
0.00013427
0.00013427
0.00013427
0.00013427
0.00013427
0.000134269
0.000134269
0.000134269
0.000134269
0.000134269
0.000134269
0.000134269
0.000134269
0.000134269
0.000134269
0.000134269
0.000134269
0.000134269
0.000134269
0.000134269
0.000134269
0.000134269
0.000134269
0.000134269
0.000134269
0.000134269
0.00013427
0.00013427
0.00013427
0.00013427
0.00013427
0.00013427
0.00013427
0.00013427
0.00013427
0.00013427
0.00013427
0.00013427
0.00013427
0.00013427
0.00013427
0.00013427
0.00013427
0.00013427
0.00013427
0.000134269
0.00013427
0.00013427
0.00013427
0.00013427
0.00013427
0.00013427
0.00013427
0.00013427
0.00013427
0.00013427
0.00013427
0.00013427
0.00013427
0.00013427
0.00013427
0.00013427
0.00013427
0.00013427
0.00013427
0.000134269
0.00013427
0.00013427
0.00013427
0.00013427
0.00013427
0.00013427
0.00013427
0.00013427
0.00013427
0.00013427
0.00013427
0.00013427
0.00013427
0.00013427
0.00013427
0.00013427
0.00013427
0.00013427
0.00013427
0.000134269
0.00013427
0.00013427
0.00013427
0.00013427
0.00013427
0.00013427
0.00013427
0.00013427
0.00013427
0.00013427
0.00013427
0.00013427
0.00013427
0.00013427
0.00013427
0.00013427
0.00013427
0.00013427
0.00013427
0.000134269
0.00013427
0.00013427
0.00013427
0.00013427
0.00013427
0.00013427
0.00013427
0.00013427
0.00013427
0.00013427
0.00013427
0.00013427
0.00013427
0.00013427
0.00013427
0.00013427
0.00013427
0.00013427
0.00013427
0.000134269
0.00013427
0.00013427
0.00013427
0.00013427
0.00013427
0.00013427
0.00013427
0.00013427
0.00013427
0.00013427
0.00013427
0.00013427
0.00013427
0.00013427
0.00013427
0.00013427
0.00013427
0.00013427
0.00013427
0.000134269
0.00013427
0.00013427
0.00013427
0.00013427
0.00013427
0.00013427
0.00013427
0.00013427
0.00013427
0.00013427
0.00013427
0.00013427
0.00013427
0.00013427
0.00013427
0.00013427
0.00013427
0.00013427
0.00013427
0.000134269
0.00013427
0.00013427
0.00013427
0.00013427
0.00013427
0.00013427
0.00013427
0.00013427
0.00013427
0.00013427
0.00013427
0.00013427
0.00013427
0.00013427
0.00013427
0.00013427
0.00013427
0.00013427
0.00013427
0.000134269
0.00013427
0.00013427
0.00013427
0.00013427
0.00013427
0.00013427
0.00013427
0.00013427
0.00013427
0.00013427
0.00013427
0.00013427
0.00013427
0.00013427
0.00013427
0.00013427
0.00013427
0.00013427
0.00013427
0.000134269
0.00013427
0.00013427
0.00013427
0.00013427
0.00013427
0.00013427
0.00013427
0.00013427
0.00013427
0.00013427
0.00013427
0.00013427
0.00013427
0.00013427
0.00013427
0.00013427
0.00013427
0.00013427
0.00013427
0.000134269
0.00013427
0.00013427
0.00013427
0.00013427
0.00013427
0.00013427
0.00013427
0.00013427
0.00013427
0.00013427
0.00013427
0.00013427
0.00013427
0.00013427
0.00013427
0.00013427
0.00013427
0.00013427
0.00013427
0.000134269
0.00013427
0.00013427
0.00013427
0.00013427
0.00013427
0.00013427
0.00013427
0.00013427
0.00013427
0.00013427
0.00013427
0.00013427
0.00013427
0.00013427
0.00013427
0.00013427
0.00013427
0.00013427
0.00013427
0.000134269
0.00013427
0.00013427
0.00013427
0.00013427
0.00013427
0.00013427
0.00013427
0.00013427
0.00013427
0.00013427
0.00013427
0.00013427
0.00013427
0.00013427
0.00013427
0.00013427
0.00013427
0.00013427
0.00013427
0.000134269
0.00013427
0.00013427
0.00013427
0.00013427
0.00013427
0.00013427
0.00013427
0.00013427
0.00013427
0.00013427
0.00013427
0.00013427
0.00013427
0.00013427
0.00013427
0.00013427
0.00013427
0.00013427
0.00013427
0.000134269
0.00013427
0.00013427
0.00013427
0.00013427
0.00013427
0.00013427
0.00013427
0.00013427
0.00013427
0.00013427
0.00013427
0.00013427
0.00013427
0.00013427
0.00013427
0.00013427
0.00013427
0.00013427
0.00013427
0.000134269
0.00013427
0.00013427
0.00013427
0.00013427
0.00013427
0.00013427
0.00013427
0.00013427
0.00013427
0.00013427
0.00013427
0.00013427
0.00013427
0.00013427
0.00013427
0.00013427
0.00013427
0.00013427
0.00013427
0.000134269
0.00013427
0.00013427
0.00013427
0.00013427
0.00013427
0.00013427
0.00013427
0.00013427
0.00013427
0.00013427
0.00013427
0.00013427
0.00013427
0.00013427
0.00013427
0.00013427
0.00013427
0.00013427
0.00013427
0.000134269
0.00013427
0.00013427
0.00013427
0.00013427
0.00013427
0.00013427
0.00013427
0.00013427
0.00013427
0.00013427
0.00013427
0.00013427
0.00013427
0.00013427
0.00013427
0.00013427
0.00013427
0.00013427
0.00013427
0.000134269
0.00013427
0.00013427
0.00013427
0.00013427
0.00013427
0.00013427
0.00013427
0.00013427
0.00013427
0.00013427
0.00013427
0.00013427
0.00013427
0.00013427
0.00013427
0.00013427
0.00013427
0.00013427
0.00013427
0.000134269
0.000134269
0.000134269
0.000134269
0.000134269
0.000134269
0.000134269
0.000134269
0.000134269
0.000134269
0.000134269
0.000134269
0.000134269
0.000134269
0.000134269
0.000134269
0.000134269
0.000134269
0.000134269
0.000134269
0.000134269
0.00013427
0.00013427
0.00013427
0.00013427
0.00013427
0.00013427
0.00013427
0.00013427
0.00013427
0.00013427
0.00013427
0.00013427
0.00013427
0.00013427
0.00013427
0.00013427
0.00013427
0.00013427
0.00013427
0.000134269
0.00013427
0.00013427
0.00013427
0.00013427
0.00013427
0.00013427
0.00013427
0.00013427
0.00013427
0.00013427
0.00013427
0.00013427
0.00013427
0.00013427
0.00013427
0.00013427
0.00013427
0.00013427
0.00013427
0.000134269
0.00013427
0.00013427
0.00013427
0.00013427
0.00013427
0.00013427
0.00013427
0.00013427
0.00013427
0.00013427
0.00013427
0.00013427
0.00013427
0.00013427
0.00013427
0.00013427
0.00013427
0.00013427
0.00013427
0.000134269
0.00013427
0.00013427
0.00013427
0.00013427
0.00013427
0.00013427
0.00013427
0.00013427
0.00013427
0.00013427
0.00013427
0.00013427
0.00013427
0.00013427
0.00013427
0.00013427
0.00013427
0.00013427
0.00013427
0.000134269
0.00013427
0.00013427
0.00013427
0.00013427
0.00013427
0.00013427
0.00013427
0.00013427
0.00013427
0.00013427
0.00013427
0.00013427
0.00013427
0.00013427
0.00013427
0.00013427
0.00013427
0.00013427
0.00013427
0.000134269
0.00013427
0.00013427
0.00013427
0.00013427
0.00013427
0.00013427
0.00013427
0.00013427
0.00013427
0.00013427
0.00013427
0.00013427
0.00013427
0.00013427
0.00013427
0.00013427
0.00013427
0.00013427
0.00013427
0.000134269
0.00013427
0.00013427
0.00013427
0.00013427
0.00013427
0.00013427
0.00013427
0.00013427
0.00013427
0.00013427
0.00013427
0.00013427
0.00013427
0.00013427
0.00013427
0.00013427
0.00013427
0.00013427
0.00013427
0.000134269
0.00013427
0.00013427
0.00013427
0.00013427
0.00013427
0.00013427
0.00013427
0.00013427
0.00013427
0.00013427
0.00013427
0.00013427
0.00013427
0.00013427
0.00013427
0.00013427
0.00013427
0.00013427
0.00013427
0.000134269
0.00013427
0.00013427
0.00013427
0.00013427
0.00013427
0.00013427
0.00013427
0.00013427
0.00013427
0.00013427
0.00013427
0.00013427
0.00013427
0.00013427
0.00013427
0.00013427
0.00013427
0.00013427
0.00013427
0.000134269
0.00013427
0.00013427
0.00013427
0.00013427
0.00013427
0.00013427
0.00013427
0.00013427
0.00013427
0.00013427
0.00013427
0.00013427
0.00013427
0.00013427
0.00013427
0.00013427
0.00013427
0.00013427
0.00013427
0.000134269
0.00013427
0.00013427
0.00013427
0.00013427
0.00013427
0.00013427
0.00013427
0.00013427
0.00013427
0.00013427
0.00013427
0.00013427
0.00013427
0.00013427
0.00013427
0.00013427
0.00013427
0.00013427
0.00013427
0.000134269
0.00013427
0.00013427
0.00013427
0.00013427
0.00013427
0.00013427
0.00013427
0.00013427
0.00013427
0.00013427
0.00013427
0.00013427
0.00013427
0.00013427
0.00013427
0.00013427
0.00013427
0.00013427
0.00013427
0.000134269
0.00013427
0.00013427
0.00013427
0.00013427
0.00013427
0.00013427
0.00013427
0.00013427
0.00013427
0.00013427
0.00013427
0.00013427
0.00013427
0.00013427
0.00013427
0.00013427
0.00013427
0.00013427
0.00013427
0.000134269
0.00013427
0.00013427
0.00013427
0.00013427
0.00013427
0.00013427
0.00013427
0.00013427
0.00013427
0.00013427
0.00013427
0.00013427
0.00013427
0.00013427
0.00013427
0.00013427
0.00013427
0.00013427
0.00013427
0.000134269
0.00013427
0.00013427
0.00013427
0.00013427
0.00013427
0.00013427
0.00013427
0.00013427
0.00013427
0.00013427
0.00013427
0.00013427
0.00013427
0.00013427
0.00013427
0.00013427
0.00013427
0.00013427
0.00013427
0.000134269
0.00013427
0.00013427
0.00013427
0.00013427
0.00013427
0.00013427
0.00013427
0.00013427
0.00013427
0.00013427
0.00013427
0.00013427
0.00013427
0.00013427
0.00013427
0.00013427
0.00013427
0.00013427
0.00013427
0.000134269
0.00013427
0.00013427
0.00013427
0.00013427
0.00013427
0.00013427
0.00013427
0.00013427
0.00013427
0.00013427
0.00013427
0.00013427
0.00013427
0.00013427
0.00013427
0.00013427
0.00013427
0.00013427
0.00013427
0.000134269
0.00013427
0.00013427
0.00013427
0.00013427
0.00013427
0.00013427
0.00013427
0.00013427
0.00013427
0.00013427
0.00013427
0.00013427
0.00013427
0.00013427
0.00013427
0.00013427
0.00013427
0.00013427
0.00013427
0.000134269
0.00013427
0.00013427
0.00013427
0.00013427
0.00013427
0.00013427
0.00013427
0.00013427
0.00013427
0.00013427
0.00013427
0.00013427
0.00013427
0.00013427
0.00013427
0.00013427
0.00013427
0.00013427
0.00013427
0.000134269
0.000134269
0.000134269
0.000134269
0.000134269
0.000134269
0.000134269
0.000134269
0.000134269
0.000134269
0.000134269
0.000134269
0.000134269
0.000134269
0.000134269
0.000134269
0.000134269
0.000134269
0.000134269
0.000134269
0.000134269
0.000134269
0.000134269
0.000134269
0.000134269
0.000134269
0.000134269
0.000134269
0.000134269
0.000134269
0.000134269
0.000134269
0.000134269
0.000134269
0.000134269
0.000134269
0.000134269
0.000134269
0.000134269
0.000134269
0.000134269
0.000134269
0.000134269
0.000134269
0.000134269
0.000134269
0.000134269
0.000134269
0.000134269
0.000134269
0.000134269
0.000134269
0.000134269
0.000134269
0.000134269
0.000134269
0.000134269
0.000134269
0.000134269
0.000134269
0.000134269
0.000134269
0.000134269
0.000134269
0.000134269
0.000134269
0.000134269
0.000134269
0.000134269
0.000134269
0.000134269
0.000134269
0.000134269
0.000134269
0.000134269
0.000134269
0.000134269
0.000134269
0.000134269
0.000134269
0.000134269
0.000134269
0.000134269
0.000134269
0.000134269
0.000134269
0.000134269
0.000134269
0.000134269
0.000134269
0.000134269
0.000134269
0.000134269
0.000134269
0.000134269
0.000134269
0.000134269
0.000134269
0.000134269
0.000134269
0.000134269
0.000134269
0.000134269
0.000134269
0.000134269
0.000134269
0.000134269
0.000134269
0.000134269
0.000134269
0.000134269
0.000134269
0.000134269
0.000134269
0.000134269
0.000134269
0.000134269
0.000134269
0.000134269
0.000134269
0.000134269
0.000134269
0.000134269
0.000134269
0.000134269
0.000134269
0.000134269
0.000134269
0.000134269
0.000134269
0.000134269
0.000134269
0.000134269
0.000134269
0.000134269
0.000134269
0.000134269
0.000134269
0.000134269
0.000134269
0.000134269
0.000134269
0.000134269
0.000134269
0.000134269
0.000134269
0.000134269
0.000134269
0.000134269
0.000134269
0.000134269
0.000134269
0.000134269
0.000134269
0.000134269
0.000134269
0.000134269
0.000134269
0.000134269
0.000134269
0.000134269
0.000134269
0.000134269
0.000134269
0.000134269
0.000134269
0.000134269
0.000134269
0.000134269
0.000134269
0.000134269
0.000134269
0.000134269
0.000134269
0.000134269
0.000134269
0.000134269
0.000134269
0.000134269
0.000134269
0.000134269
0.000134269
0.000134269
0.000134269
0.000134269
0.000134269
0.000134269
0.000134269
0.000134269
0.000134269
0.000134269
0.000134269
0.000134269
0.000134269
0.000134269
0.000134269
0.000134269
0.000134269
0.000134269
0.000134269
0.000134269
0.000134269
0.000134269
0.000134269
0.000134269
0.000134269
0.000134269
0.000134269
0.000134269
0.000134269
0.000134269
0.000134269
0.000134269
0.000134269
0.000134269
0.000134269
0.000134269
0.000134269
0.000134269
0.000134269
0.000134269
0.000134269
0.000134269
0.000134269
0.000134269
0.000134269
0.000134269
0.000134269
0.000134269
0.000134269
0.000134269
0.000134269
0.000134269
0.000134269
0.000134269
0.000134269
0.000134269
0.000134269
0.000134269
0.000134269
0.000134269
0.000134269
0.000134269
0.000134269
0.000134269
0.000134269
0.000134269
0.000134269
0.000134269
0.000134269
0.000134269
0.000134269
0.000134269
0.000134269
0.000134269
0.000134269
0.000134269
0.000134269
0.000134269
0.000134269
0.000134269
0.000134269
0.000134269
0.000134269
0.000134269
0.000134269
0.000134269
0.000134269
0.000134269
0.000134269
0.000134269
0.000134269
0.000134269
0.000134269
0.000134269
0.000134269
0.000134269
0.000134269
0.000134269
0.000134269
0.000134269
0.000134269
0.000134269
0.000134269
0.000134269
0.000134269
0.000134269
0.000134269
0.000134269
0.000134269
0.000134269
0.000134269
0.000134269
0.000134269
0.000134269
0.000134269
0.000134269
0.000134269
0.000134269
0.000134269
0.000134269
0.000134269
0.000134269
0.000134269
0.000134269
0.000134269
0.000134269
0.000134269
0.000134269
0.000134269
0.000134269
0.000134269
0.000134269
0.000134269
0.000134269
0.000134269
0.000134269
0.000134269
0.000134269
0.000134269
0.000134269
0.000134269
0.000134269
0.000134269
0.000134269
0.000134269
0.000134269
0.000134269
0.000134269
0.000134269
0.000134269
0.000134269
0.000134269
0.000134269
0.000134269
0.000134269
0.000134269
0.000134269
0.000134269
0.000134269
0.000134269
0.000134269
0.000134269
0.000134269
0.000134269
0.000134269
0.000134269
0.000134269
0.000134269
0.000134269
0.000134269
0.000134269
0.000134269
0.000134269
0.000134269
0.000134269
0.000134269
0.000134269
0.000134269
0.000134269
0.000134269
0.000134269
0.000134269
0.000134269
0.000134269
0.000134269
0.000134269
0.000134269
0.000134269
0.000134269
0.000134269
0.000134269
0.000134269
0.000134269
0.000134269
0.000134269
0.000134269
0.000134269
0.000134269
0.000134269
0.000134269
0.000134269
0.000134269
0.000134269
0.000134269
0.000134269
0.000134269
0.000134269
0.000134269
0.000134269
0.000134269
0.000134269
0.000134269
0.000134269
0.000134269
0.000134269
0.000134269
0.000134269
0.000134269
0.000134269
0.000134269
0.000134269
0.000134269
0.000134269
0.000134269
0.000134269
0.000134269
0.000134269
0.000134269
0.000134269
0.000134269
0.000134269
0.000134269
0.000134269
0.000134269
0.000134269
0.000134269
0.000134269
0.000134269
0.000134269
0.000134269
0.000134269
0.000134269
0.000134269
0.000134269
0.000134269
0.000134269
0.000134269
0.000134269
0.000134269
0.000134269
0.000134269
0.000134269
0.000134269
0.000134269
0.000134269
0.000134269
0.000134269
0.000134269
0.000134269
0.000134269
0.000134269
0.000134269
0.000134269
0.000134269
0.000134269
0.000134269
0.000134269
0.000134269
0.000134269
0.000134269
0.000134269
0.000134269
0.000134269
0.000134269
0.000134269
0.000134269
0.000134269
0.000134269
0.000134269
0.000134269
0.000134269
0.000134269
0.000134269
0.000134269
0.000134269
0.000134269
0.000134269
0.000134269
0.000134269
0.000134269
0.000134269
0.000134269
0.000134269
0.000134269
0.000134269
0.000134269
0.000134269
0.000134269
0.000134269
0.000134269
0.000134269
0.000134269
0.000134269
0.000134269
0.000134269
0.000134269
0.000134269
0.000134269
0.000134269
0.000134269
0.000134269
0.000134269
0.000134269
0.000134269
0.000134269
0.000134269
0.000134269
0.000134269
0.000134269
0.000134269
0.000134269
0.000134269
0.000134269
0.000134269
0.000134269
0.000134269
0.000134269
0.000134269
0.000134269
0.000134269
0.000134269
0.000134269
0.000134269
0.000134269
0.000134269
0.000134269
0.000134269
0.000134269
0.000134269
0.000134269
0.000134269
0.000134269
0.000134269
0.000134269
0.000134269
0.000134269
0.000134269
0.000134269
0.000134269
0.000134269
0.000134269
0.000134269
0.000134269
0.000134269
0.000134269
0.000134269
0.000134269
0.000134269
0.000134269
0.000134269
0.000134269
0.000134269
0.000134269
0.000134269
0.000134269
0.000134269
0.000134269
0.000134269
0.000134269
0.000134269
0.000134269
0.000134269
0.000134269
0.000134269
0.000134269
0.000134269
0.000134269
0.000134269
0.000134269
0.000134269
0.000134269
0.000134269
0.000134269
0.000134269
0.000134269
0.000134269
0.000134269
0.000134269
0.000134269
0.000134269
0.000134269
0.000134269
0.000134269
0.000134269
0.000134269
0.000134269
0.000134269
0.000134269
0.000134269
0.000134269
0.000134269
0.000134269
0.000134269
0.000134269
0.000134269
0.000134269
0.000134269
0.000134269
0.000134269
0.000134269
0.000134269
0.000134269
0.000134269
0.000134269
0.000134269
0.000134269
0.000134269
0.000134269
0.000134269
0.000134269
0.000134269
0.000134269
0.000134269
0.000134269
0.000134269
0.000134269
0.000134269
0.000134269
0.000134269
0.000134269
0.000134269
0.000134269
0.000134269
0.000134269
0.000134269
0.000134269
0.000134269
0.000134269
0.000134269
0.000134269
0.000134269
0.000134269
0.000134269
0.000134269
0.000134269
0.000134269
0.000134269
0.000134269
0.000134269
0.000134269
0.000134269
0.000134269
0.000134269
0.000134269
0.000134269
0.000134269
0.000134269
0.000134269
0.000134269
0.000134269
0.000134269
0.000134269
0.000134269
0.000134269
0.000134269
0.000134269
0.000134269
0.000134269
0.000134269
0.000134269
0.000134269
0.000134269
0.000134269
0.000134269
0.000134269
0.000134269
0.000134269
0.000134269
0.000134269
0.000134269
0.000134269
0.000134269
0.000134269
0.000134269
0.000134269
0.000134269
0.000134269
0.000134269
0.000134269
0.000134269
0.000134269
0.000134269
0.000134269
0.000134269
0.000134269
0.000134269
0.000134269
0.000134269
0.000134269
0.000134269
0.000134269
0.000134269
0.000134269
0.000134269
0.000134269
0.000134269
0.000134269
0.000134269
0.000134269
0.000134269
0.000134269
0.000134269
0.000134269
0.000134269
0.000134269
0.000134269
0.000134269
0.000134269
0.000134269
0.000134269
0.000134269
0.000134269
0.000134269
0.000134269
0.000134269
0.000134269
0.000134269
0.000134269
0.000134269
0.000134269
0.000134269
0.000134269
0.000134269
0.000134269
0.000134269
0.000134269
0.000134269
0.000134269
0.000134269
0.000134269
0.000134269
0.000134269
0.000134269
0.000134269
0.000134269
0.000134269
0.000134269
0.000134269
0.000134269
0.000134269
0.000134269
0.000134269
0.000134269
0.000134269
0.000134269
0.000134269
0.000134269
0.000134269
0.000134269
0.000134269
0.000134269
0.000134269
0.000134269
0.000134269
0.000134269
0.000134269
0.000134269
0.000134269
0.000134269
0.000134269
0.000134269
0.000134269
0.000134269
0.000134269
0.000134269
0.000134269
0.000134269
0.000134269
0.000134269
0.000134269
0.000134269
0.000134269
0.000134269
0.000134269
0.000134269
0.000134269
0.000134269
0.000134269
0.000134269
0.000134269
0.000134269
0.000134269
0.000134269
0.000134269
0.000134269
0.000134269
0.000134269
0.000134269
0.000134269
0.000134269
0.000134269
0.000134269
0.000134269
0.000134269
0.000134269
0.000134269
0.000134269
0.000134269
0.000134269
0.000134269
0.000134269
0.000134269
0.000134269
0.000134269
0.000134269
0.000134269
0.000134269
0.000134269
0.000134269
0.000134269
0.000134269
0.000134269
0.000134269
0.000134269
0.000134269
0.000134269
0.000134269
0.000134269
0.000134269
0.000134269
0.000134269
0.000134269
0.000134269
0.000134269
0.000134269
0.000134269
0.000134269
0.000134269
0.000134269
0.000134269
0.000134269
0.000134269
0.000134269
0.000134269
0.000134269
0.000134269
0.000134269
0.000134269
0.000134269
0.000134269
0.000134269
0.000134269
0.000134269
0.000134269
0.000134269
0.000134269
0.000134269
0.000134269
0.000134269
0.000134269
0.000134269
0.000134269
0.000134269
0.000134269
0.000134269
0.000134269
0.000134269
0.000134269
0.000134269
0.000134269
0.000134269
0.000134269
0.000134269
0.000134269
0.000134269
0.000134269
0.000134269
0.000134269
0.000134269
0.000134269
0.000134269
0.000134269
0.000134269
0.000134269
0.000134269
0.000134269
0.000134269
0.000134269
0.000134269
0.000134269
0.000134269
0.000134269
0.000134269
0.000134269
0.000134269
0.000134269
0.000134269
0.000134269
0.000134269
0.000134269
0.000134269
0.000134269
0.000134269
0.000134269
0.000134269
0.000134269
0.000134269
0.000134269
0.000134269
0.000134269
0.000134269
0.000134269
0.000134269
0.000134269
0.000134269
0.000134269
0.000134269
0.000134269
0.000134269
0.000134269
0.000134269
0.000134269
0.000134269
0.000134269
0.000134269
0.000134269
0.000134269
0.000134269
0.000134269
0.000134269
0.000134269
0.000134269
0.000134269
0.000134269
0.000134269
0.000134269
0.000134269
0.000134269
0.000134269
0.000134269
0.000134269
0.000134269
0.000134269
0.000134269
0.000134269
0.000134269
0.000134269
0.000134269
0.000134269
0.000134269
0.000134269
0.000134269
0.000134269
0.000134269
0.000134269
0.000134269
0.000134269
0.000134269
0.000134269
0.000134269
0.000134269
0.000134269
0.000134269
0.000134269
0.000134269
0.000134269
0.000134269
0.000134269
0.000134269
0.000134269
0.000134269
0.000134269
0.000134269
0.000134269
0.000134269
0.000134269
0.000134269
0.000134269
0.000134269
0.000134269
0.000134269
0.000134269
0.000134269
0.000134269
0.000134269
0.000134269
0.000134269
0.000134269
0.000134269
0.000134269
0.000134269
0.000134269
0.000134269
0.000134269
0.000134269
0.000134269
0.000134269
0.000134269
0.000134269
0.000134269
0.000134269
0.000134269
0.000134269
0.000134269
0.000134269
0.000134269
0.000134269
0.000134269
0.000134269
0.000134269
0.000134269
0.000134269
0.000134269
0.000134269
0.000134269
0.000134269
0.000134269
0.000134269
0.000134269
0.000134269
0.000134269
0.000134269
0.000134269
0.000134269
0.000134269
0.000134269
0.000134269
0.000134269
0.000134269
0.000134269
0.000134269
0.000134269
0.000134269
0.000134269
0.000134269
0.000134269
0.000134269
0.000134269
0.000134269
0.000134269
0.000134269
0.000134269
0.000134269
0.000134269
0.000134269
0.000134269
0.000134269
0.000134269
0.000134269
0.000134269
0.000134269
0.000134269
0.000134269
0.000134269
0.000134269
0.000134269
0.000134269
0.000134269
0.000134269
0.000134269
0.000134269
0.000134269
0.000134269
0.000134269
0.000134269
0.000134269
0.000134269
0.000134269
0.000134269
0.000134269
0.000134269
0.000134269
0.000134269
0.000134269
0.000134269
0.000134269
0.000134269
0.000134269
0.000134269
0.000134269
0.000134269
0.000134269
0.000134269
0.000134269
0.000134269
0.000134269
0.000134269
0.000134269
0.000134269
0.000134269
0.000134269
0.000134269
0.000134269
0.000134269
0.000134269
0.000134269
0.000134269
0.000134269
0.000134269
0.000134269
0.000134269
0.000134269
0.000134269
0.000134269
0.000134269
0.000134269
0.000134269
0.000134269
0.000134269
0.000134269
0.000134269
0.000134269
0.000134269
0.000134269
0.000134269
0.000134269
0.000134269
0.000134269
0.000134269
0.000134269
0.000134269
0.000134269
0.000134269
0.000134269
0.000134269
0.000134269
0.000134269
0.000134269
0.000134269
0.000134269
0.000134269
0.000134269
0.000134269
0.000134269
0.000134269
0.000134269
0.000134269
0.000134269
0.000134269
0.000134269
0.000134269
0.000134269
0.000134269
0.000134269
0.000134269
0.000134269
0.000134269
0.000134269
0.000134269
0.000134269
0.000134269
0.000134269
0.000134269
0.000134269
0.000134269
0.000134269
0.000134269
0.000134269
0.000134269
0.000134269
0.000134269
0.000134269
0.000134269
0.000134269
0.000134269
0.000134269
0.000134269
0.000134269
0.000134269
0.000134269
0.000134269
0.000134269
0.000134269
0.000134269
0.000134269
0.000134269
0.000134269
0.000134269
0.000134269
0.000134269
0.000134269
0.000134269
0.000134269
0.000134269
0.000134269
0.000134269
0.000134269
0.000134269
0.000134269
0.000134269
0.000134269
0.000134269
0.000134269
0.000134269
0.000134269
0.000134269
0.000134269
0.000134269
0.000134269
0.000134269
0.000134269
0.000134269
0.000134269
0.000134269
0.000134269
0.000134269
0.000134269
0.000134269
0.000134269
0.000134269
0.000134269
0.000134269
0.000134269
0.000134269
0.000134269
0.000134269
0.000134269
0.000134269
0.000134269
0.000134269
0.000134269
0.000134269
0.000134269
0.000134269
0.000134269
0.000134269
0.000134269
0.000134269
0.000134269
0.000134269
0.000134269
0.000134269
0.000134269
0.000134269
0.000134269
0.000134269
0.000134269
0.000134269
0.000134269
0.000134269
0.000134269
0.000134269
0.000134269
0.000134269
0.000134269
0.000134269
0.000134269
0.000134269
0.000134269
0.000134269
0.000134269
0.000134269
0.000134269
0.000134269
0.000134269
0.000134269
0.000134269
0.000134269
0.000134269
0.000134269
0.000134269
0.000134269
0.000134269
0.000134269
0.000134269
0.000134269
0.000134269
0.000134269
0.000134269
0.000134269
0.000134269
0.000134269
0.000134269
0.000134269
0.000134269
0.000134269
0.000134269
0.000134269
0.000134269
0.000134269
0.000134269
0.000134269
0.000134269
0.000134269
0.000134269
0.000134269
0.000134269
0.000134269
0.000134269
0.000134269
0.000134269
0.000134269
0.000134269
0.000134269
0.000134269
0.000134269
0.000134269
0.000134269
0.000134269
0.000134269
0.000134269
0.000134269
0.000134269
0.000134269
0.000134269
0.000134269
0.000134269
0.000134269
0.000134269
0.000134269
0.000134269
0.000134269
0.000134269
0.000134269
0.000134269
0.000134269
0.000134269
0.000134269
0.000134269
0.000134269
0.000134269
0.000134269
0.000134269
0.000134269
0.000134269
0.000134269
0.000134269
0.000134269
0.000134269
0.000134269
0.000134269
0.000134269
0.000134269
0.000134269
0.000134269
0.000134269
0.000134269
0.000134269
0.000134269
0.000134269
0.000134269
0.000134269
0.000134269
0.000134269
0.000134269
0.000134269
0.000134269
0.000134269
0.000134269
0.000134269
0.000134269
0.000134269
0.000134269
0.000134269
0.000134269
0.000134269
0.000134269
0.000134269
0.000134269
0.000134269
0.000134269
0.000134269
0.000134269
0.000134269
0.000134269
0.000134269
0.000134269
0.000134269
0.000134269
0.000134269
0.000134269
0.000134269
0.000134269
0.000134269
0.000134269
0.000134269
0.000134269
0.000134269
0.000134269
0.000134269
0.000134269
0.000134269
0.000134269
0.000134269
0.000134269
0.000134269
0.000134269
0.000134269
0.000134269
0.000134269
0.000134269
0.000134269
0.000134269
0.000134269
0.000134269
0.000134269
0.000134269
0.000134269
0.000134269
0.000134269
0.000134269
0.000134269
0.000134269
0.000134269
0.000134269
0.000134269
0.000134269
0.000134269
0.000134269
0.000134269
0.000134269
0.000134269
0.000134269
0.000134269
0.000134269
0.000134269
0.000134269
0.000134269
0.000134269
0.000134269
0.000134269
0.000134269
0.000134269
0.000134269
0.000134269
0.000134269
0.000134269
0.000134269
0.000134269
0.000134269
0.000134269
0.000134269
0.000134269
0.000134269
0.000134269
0.000134269
0.000134269
0.000134269
0.000134269
0.000134269
0.000134269
0.000134269
0.000134269
0.000134269
0.000134269
0.000134269
0.000134269
0.000134269
0.000134269
0.000134269
0.000134269
0.000134269
0.000134269
0.000134269
0.000134269
0.000134269
0.000134269
0.000134269
0.000134269
0.000134269
0.000134269
0.000134269
0.000134269
0.000134269
0.000134269
0.000134269
0.000134269
0.000134269
0.000134269
0.000134269
0.000134269
0.000134269
0.000134269
0.000134269
0.000134269
0.000134269
0.000134269
0.000134269
0.000134269
0.000134269
0.000134269
0.000134269
0.000134269
0.000134269
0.000134269
0.000134269
0.000134269
0.000134269
0.000134269
0.000134269
0.000134269
0.000134269
0.000134269
0.000134269
0.000134269
0.000134269
0.000134269
0.000134269
0.000134269
0.000134269
0.000134269
0.000134269
0.000134269
0.000134269
0.000134269
0.000134269
0.000134269
0.000134269
0.000134269
0.000134269
0.000134269
0.000134269
0.000134269
0.000134269
0.000134269
0.000134269
0.000134269
0.000134269
0.000134269
0.000134269
0.000134269
0.000134269
0.000134269
0.000134269
0.000134269
0.000134269
0.000134269
0.000134269
0.000134269
0.000134269
0.000134269
0.000134269
0.000134269
0.000134269
0.000134269
0.000134269
0.000134269
0.000134269
0.000134269
0.000134269
0.000134269
0.000134269
0.000134269
0.000134269
0.000134269
0.000134269
0.000134269
0.000134269
0.000134269
0.000134269
0.000134269
0.000134269
0.000134269
0.000134269
0.000134269
0.000134269
0.000134269
0.000134269
0.000134269
0.000134269
0.000134269
0.000134269
0.000134269
0.000134269
0.000134269
0.000134269
0.000134269
0.000134269
0.000134269
0.000134269
0.000134269
0.000134269
0.000134269
0.000134269
0.000134269
0.000134269
0.000134269
0.000134269
0.000134269
0.000134269
0.000134269
0.000134269
0.000134269
0.000134269
0.000134269
0.000134269
0.000134269
0.000134269
0.000134269
0.000134269
0.000134269
0.000134269
0.000134269
0.000134269
0.000134269
0.000134269
0.000134269
0.000134269
0.000134269
0.000134269
0.000134269
0.000134269
0.000134269
0.000134269
0.000134269
0.000134269
0.000134269
0.000134269
0.000134269
0.000134269
0.000134269
0.000134269
0.000134269
0.000134269
0.000134269
0.000134269
0.000134269
0.000134269
0.000134269
0.000134269
0.000134269
0.000134269
0.000134269
0.000134269
0.000134269
0.000134269
0.000134269
0.000134269
0.000134269
0.000134269
0.000134269
0.000134269
0.000134269
0.000134269
0.000134269
0.000134269
0.000134269
0.000134269
0.000134269
0.000134269
0.000134269
0.000134269
0.000134269
0.000134269
0.000134269
0.000134269
0.000134269
0.000134269
0.000134269
0.000134269
0.000134269
0.000134269
0.000134269
0.000134269
0.000134269
0.000134269
0.000134269
0.000134269
0.000134269
0.000134269
0.000134269
0.000134269
0.000134269
0.000134269
0.000134269
0.000134269
0.000134269
0.000134269
0.000134269
0.000134269
0.000134269
0.000134269
0.000134269
0.000134269
0.000134269
0.000134269
0.000134269
0.000134269
0.000134269
0.000134269
0.000134269
0.000134269
0.000134269
0.000134269
0.000134269
0.000134269
0.000134269
0.000134269
0.000134269
0.000134269
0.000134269
0.000134269
0.000134269
0.000134269
0.000134269
0.000134269
0.000134269
0.000134269
0.000134269
0.000134269
0.000134269
0.000134269
0.000134269
0.000134269
0.000134269
0.000134269
0.000134269
0.000134269
0.000134269
0.000134269
0.000134269
0.000134269
0.000134269
0.000134269
0.000134269
0.000134269
0.000134269
0.000134269
0.000134269
0.000134269
0.000134269
0.000134269
0.000134269
0.000134269
0.000134269
0.000134269
0.000134269
0.000134269
0.000134269
0.000134269
0.000134269
0.000134269
0.000134269
0.000134269
0.000134269
0.000134269
0.000134269
0.000134269
0.000134269
0.000134269
0.000134269
0.000134269
0.000134269
0.000134269
0.000134269
0.000134269
0.000134269
0.000134269
0.000134269
0.000134269
0.000134269
0.000134269
0.000134269
0.000134269
0.000134269
0.000134269
0.000134269
0.000134269
0.000134269
0.000134269
0.000134269
0.000134269
0.000134269
0.000134269
0.000134269
0.000134269
0.000134269
0.000134269
0.000134269
0.000134269
0.000134269
0.000134269
0.000134269
0.000134269
0.000134269
0.000134269
0.000134269
0.000134269
0.000134269
0.000134269
0.000134269
0.000134269
0.000134269
0.000134269
0.000134269
0.000134269
0.000134269
0.000134269
0.000134269
0.000134269
0.000134269
0.000134269
0.000134269
0.000134269
0.000134269
0.000134269
0.000134269
0.000134269
0.000134269
0.000134269
0.000134269
0.000134269
0.000134269
0.000134269
0.000134269
0.000134269
0.000134269
0.000134269
0.000134269
0.000134269
0.000134269
0.000134269
0.000134269
0.000134269
0.000134269
0.000134269
0.000134269
0.000134269
0.000134269
0.000134269
0.000134269
0.000134269
0.000134269
0.000134269
0.000134269
0.000134269
0.000134269
0.000134269
0.000134269
0.000134269
0.000134269
0.000134269
0.000134269
0.000134269
0.000134269
0.000134269
0.000134269
0.000134269
0.000134269
0.000134269
0.000134269
0.000134269
0.000134269
0.000134269
0.000134269
0.000134269
0.000134269
0.000134269
0.000134269
0.000134269
0.000134269
0.000134269
0.000134269
0.000134269
0.000134269
0.000134269
0.000134269
0.000134269
0.000134269
0.000134269
0.000134269
0.000134269
0.000134269
0.000134269
0.000134269
0.000134269
0.000134269
0.000134269
0.000134269
0.000134269
0.000134269
0.000134269
0.000134269
0.000134269
0.000134269
0.000134269
0.000134269
0.000134269
0.000134269
0.000134269
0.000134269
0.000134269
0.000134269
0.000134269
0.000134269
0.000134269
0.000134269
0.000134269
0.000134269
0.000134269
0.000134269
0.000134269
0.000134269
0.000134269
0.000134269
0.000134269
0.000134269
0.000134269
0.000134269
0.000134269
0.000134269
0.000134269
0.000134269
0.000134269
0.000134269
0.000134269
0.000134269
0.000134269
0.000134269
0.000134269
0.000134269
0.000134269
0.000134269
0.000134269
0.000134269
0.000134269
0.000134269
0.000134269
0.000134269
0.000134269
0.000134269
0.000134269
0.000134269
0.000134269
0.000134269
0.000134269
0.000134269
0.000134269
0.000134269
0.000134269
0.000134269
0.000134269
0.000134269
0.000134269
0.000134269
0.000134269
0.000134269
0.000134269
0.000134269
0.000134269
0.000134269
0.000134269
0.000134269
0.000134269
0.000134269
0.000134269
0.000134269
0.000134269
0.000134269
0.000134269
0.000134269
0.000134269
0.000134269
0.000134269
0.000134269
0.000134269
0.000134269
0.000134269
0.000134269
0.000134269
0.000134269
0.000134269
0.000134269
0.000134269
0.000134269
0.000134269
0.000134269
0.000134269
0.000134269
0.000134269
0.000134269
0.000134269
0.000134269
0.000134269
0.000134269
0.000134269
0.000134269
0.000134269
0.000134269
0.000134269
0.000134269
0.000134269
0.000134269
0.000134269
0.000134269
0.000134269
0.000134269
0.000134269
0.000134269
0.000134269
0.000134269
0.000134269
0.000134269
0.000134269
0.000134269
0.000134269
0.000134269
0.000134269
0.000134269
0.000134269
0.000134269
0.000134269
0.000134269
0.000134269
0.000134269
0.000134269
0.000134269
0.000134269
0.000134269
0.000134269
0.000134269
0.000134269
0.000134269
0.000134269
0.000134269
0.000134269
0.000134269
0.000134269
0.000134269
0.000134269
0.000134269
0.000134269
0.000134269
0.000134269
0.000134269
0.000134269
0.000134269
0.000134269
0.000134269
0.000134269
0.000134269
0.000134269
0.000134269
0.000134269
0.000134269
0.000134269
0.000134269
0.000134269
0.000134269
0.000134269
0.000134269
0.000134269
0.000134269
0.000134269
0.000134269
0.000134269
0.000134269
0.000134269
0.000134269
0.000134269
0.000134269
0.000134269
0.000134269
0.000134269
0.000134269
0.000134269
0.000134269
0.000134269
0.000134269
0.000134269
0.000134269
0.000134269
0.000134269
0.000134269
0.000134269
0.000134269
0.000134269
0.000134269
0.000134269
0.000134269
0.000134269
0.000134269
0.000134269
0.000134269
0.000134269
0.000134269
0.000134269
0.000134269
0.000134269
0.000134269
0.000134269
0.000134269
0.000134269
0.000134269
0.000134269
0.000134269
0.000134269
0.000134269
0.000134269
0.000134269
0.000134269
0.000134269
0.000134269
0.000134269
0.000134269
0.000134269
0.000134269
0.000134269
0.000134269
0.000134269
0.000134269
0.000134269
0.000134269
0.000134269
0.000134269
0.000134269
0.000134269
0.000134269
0.000134269
0.000134269
0.000134269
0.000134269
0.000134269
0.000134269
0.000134269
0.000134269
0.000134269
0.000134269
0.000134269
0.000134269
0.000134269
0.000134269
0.000134269
0.000134269
0.000134269
0.000134269
0.000134269
0.000134269
0.000134269
0.000134269
0.000134269
0.000134269
0.000134269
0.000134269
0.000134269
0.000134269
0.000134269
0.000134269
0.000134269
0.000134269
0.000134269
0.000134269
0.000134269
0.000134269
0.000134269
0.000134269
0.000134269
0.000134269
0.000134269
0.000134269
0.000134269
0.000134269
0.000134269
0.000134269
0.000134269
0.000134269
0.000134269
0.000134269
0.000134269
0.000134269
0.000134269
0.000134269
0.000134269
0.000134269
0.000134269
0.000134269
0.000134269
0.000134269
0.000134269
0.000134269
0.000134269
0.000134269
0.000134269
0.000134269
0.000134269
0.000134269
0.000134269
0.000134269
0.000134269
0.000134269
0.000134269
0.000134269
0.000134269
0.000134269
0.000134269
0.000134269
0.000134269
0.000134269
0.000134269
0.000134269
0.000134269
0.000134269
0.000134269
0.000134269
0.000134269
0.000134269
0.000134269
0.000134269
0.000134269
0.000134269
0.000134269
0.000134269
0.000134269
0.000134269
0.000134269
0.000134269
0.000134269
0.000134269
0.000134269
0.000134269
0.000134269
0.000134269
0.000134269
0.000134269
0.000134269
0.000134269
0.000134269
0.000134269
0.000134269
0.000134269
0.000134269
0.000134269
0.000134269
0.000134269
0.000134269
0.000134269
0.000134269
0.000134269
0.000134269
0.000134269
0.000134269
0.000134269
0.000134269
0.000134269
0.000134269
0.000134269
0.000134269
0.000134269
0.000134269
0.000134269
0.000134269
0.000134269
0.000134269
0.000134269
0.000134269
0.000134269
0.000134269
0.000134269
0.000134269
0.000134269
0.000134269
0.000134269
0.000134269
0.000134269
0.000134269
0.000134269
0.000134269
0.000134269
0.000134269
0.000134269
0.000134269
0.000134269
0.000134269
0.000134269
0.000134269
0.000134269
0.000134269
0.000134269
0.000134269
0.000134269
0.000134269
0.000134269
0.000134269
0.000134269
0.000134269
0.000134269
0.000134269
0.000134269
0.000134269
0.000134269
0.000134269
0.000134269
0.000134269
0.000134269
0.000134269
0.000134269
0.000134269
0.000134269
0.000134269
0.000134269
0.000134269
0.000134269
0.000134269
0.000134269
0.000134269
0.000134269
0.000134269
0.000134269
0.000134269
0.000134269
0.000134269
0.000134269
0.000134269
0.000134269
0.000134269
0.000134269
0.000134269
0.000134269
0.000134269
0.000134269
0.000134269
0.000134269
0.000134269
0.000134269
0.000134269
0.000134269
0.000134269
0.000134269
0.000134269
0.000134269
0.000134269
0.000134269
0.000134269
0.000134269
0.000134269
0.000134269
0.000134269
0.000134269
0.000134269
0.000134269
0.000134269
0.000134269
0.000134269
0.000134269
0.000134269
0.000134269
0.000134269
0.000134269
0.000134269
0.000134269
0.000134269
0.000134269
0.000134269
0.000134269
0.000134269
0.000134269
0.000134269
0.000134269
0.000134269
0.000134269
0.000134269
0.000134269
0.000134269
0.000134269
0.000134269
0.000134269
0.000134269
0.000134269
0.000134269
0.000134269
0.000134269
0.000134269
0.000134269
0.000134269
0.000134269
0.000134269
0.000134269
0.000134269
0.000134269
0.000134269
0.000134269
0.000134269
0.000134269
0.000134269
0.000134269
0.000134269
0.000134269
0.000134269
0.000134269
0.000134269
0.000134269
0.000134269
0.000134269
0.000134269
0.000134269
0.000134269
0.000134269
0.000134269
0.000134269
0.000134269
0.000134269
0.000134269
0.000134269
0.000134269
0.000134269
0.000134269
0.000134269
0.000134269
0.000134269
0.000134269
0.000134269
0.000134269
0.000134269
0.000134269
0.000134269
0.000134269
0.000134269
0.000134269
0.000134269
0.000134269
0.000134269
0.000134269
0.000134269
0.000134269
0.000134269
0.000134269
0.000134269
0.000134269
0.000134269
0.000134269
0.000134269
0.000134269
0.000134269
0.000134269
0.000134269
0.000134269
0.000134269
0.000134269
0.000134269
0.000134269
0.000134269
0.000134269
0.000134269
0.000134269
0.000134269
0.000134269
0.000134269
0.000134269
0.000134269
0.000134269
)
;

boundaryField
{
    movingWall
    {
        type            nutkWallFunction;
        Cmu             0.09;
        kappa           0.41;
        E               9.8;
        value           nonuniform List<scalar> 
20
(
0.000332889
0.000407823
0.000407988
0.000407989
0.000407989
0.000407989
0.000407989
0.000407989
0.000407989
0.000407989
0.000407989
0.000407989
0.000407989
0.000407989
0.000407989
0.000407989
0.000407989
0.000407988
0.000407823
0.000332889
)
;
    }
    fixedWalls
    {
        type            nutkWallFunction;
        Cmu             0.09;
        kappa           0.41;
        E               9.8;
        value           nonuniform List<scalar> 
60
(
0.000268173
0.000876365
0.0014619
0.00147351
0.00147551
0.00147579
0.00147583
0.00147583
0.00147583
0.00147583
0.00147583
0.00147583
0.00147583
0.00147583
0.0014758
0.00147557
0.001474
0.00146539
0.00089234
0.000332889
0.000268172
0.000876363
0.00146189
0.0014735
0.00147551
0.00147579
0.00147582
0.00147583
0.00147583
0.00147583
0.00147583
0.00147583
0.00147583
0.00147582
0.0014758
0.00147557
0.001474
0.00146538
0.000892339
0.000332889
0.000268173
0.000257245
0.000257221
0.000257221
0.000257221
0.000257221
0.000257221
0.000257221
0.000257221
0.000257221
0.000257221
0.000257221
0.000257221
0.000257221
0.000257221
0.000257221
0.000257221
0.000257221
0.000257245
0.000268172
)
;
    }
    frontAndBack
    {
        type            empty;
    }
    defaultFaces
    {
        type            empty;
    }
}


// ************************************************************************* //
