/*--------------------------------*- C++ -*----------------------------------*\
  =========                 |
  \\      /  F ield         | OpenFOAM: The Open Source CFD Toolbox
   \\    /   O peration     | Website:  https://openfoam.org
    \\  /    A nd           | Version:  11
     \\/     M anipulation  |
\*---------------------------------------------------------------------------*/
FoamFile
{
    format      ascii;
    class       volScalarField;
    location    "0.2";
    object      gradTx;
}
// * * * * * * * * * * * * * * * * * * * * * * * * * * * * * * * * * * * * * //

dimensions      [0 -1 0 1 0 0 0];

internalField   nonuniform List<scalar> 
5712
(
-12449.7
-16451
-27705.5
-43083.7
-42948.6
-75643.5
-31009.1
-79596.7
-24430.5
-54366.2
-36606
-57842.1
-31787.5
-44707.3
-14404.9
-17415.9
-29783.9
-32737.1
-38189.9
-37403.5
-26507.6
-29337.7
-39897
-34084.6
-11274.4
-9464.9
-14419.9
-10792
-26508.4
-23019.2
-45827.1
-36133.1
-33944.6
-34347.3
-40799.1
-39054.5
-16110.8
-12728
-74967.7
-99082
-49981.3
-60865.5
-91687.4
-118701
-47976.8
-55418.3
-60218.5
-84152.3
-55227.6
-71635
-34945.5
-53710.7
-7240.21
-2564.7
-7834.06
-2953.64
-21546.8
-9268.29
-30018.6
-11693.5
-21821.7
-8946.83
-22620.5
-7904.32
-37743.1
-12977.2
-48622.7
-17596.7
-38581.1
-20870.8
-38181.2
-22715.3
-30523.2
-19078.3
-29646.5
-19697
-36071.2
-23508.1
-34820.5
-20656
-41427.6
-24879
-42511.8
-25162.2
-33364.6
-21048.7
-34581.9
-21063.5
-39793.1
-26217.4
-41597.5
-26987.2
-40326.3
-20694.9
-24305.5
-34476.1
-38997.3
-22525.9
-21442.9
-34211.9
-43538.9
-20522.5
-26870.5
-35005.3
-46119.1
-20969.4
-28672.4
-36185.6
-8909.91
-9269.35
-3215.17
-6683.21
-25149.8
-25331.5
-11068.9
-20487.5
-30533
-31151.3
-18529.1
-31628.9
-11568
873.872
-20875.6
-33706.5
-24019
2106.27
-3962.12
-17129.7
-34919.4
-35691.7
-11170.4
-17845
-21731.5
-25045.2
-44890.7
-6793.01
-4122.44
-4317.69
-3299.47
-18177.9
-11294.2
-13254.5
-9732.65
-21233.2
-13042.7
-18480.7
-12659.3
-3084.58
-3323.17
-8736.35
-7520.27
-18132.9
-12899.8
-24889.8
-16530.5
-25704.5
-16905.1
-7602.52
-4905.89
-13079.6
-6534.93
-17324.2
-8702.39
-21135
-10621.9
-31646
-15368.3
-13237.8
-3738.61
-13083.3
-7628.8
-10880.7
-8216.72
-12227.8
-10423.4
-15827.4
-9323.61
-16869.5
-4196.55
-12278.8
-10997.2
-12024.3
-11728.9
-12176.1
-12762.3
-12257.9
-13652.9
-14793.4
-13404
-14492.9
-14110
-23563.3
-11509
-36270.4
-12348
-22295.7
-5186.39
-33157.7
-6036.26
-23073.2
-14600.3
-37020.6
-13691
-21524.6
-16194.4
-34916.2
-16170.7
-2203.49
-1174.21
-528.443
-1804.46
-988.117
-479.584
-6129.47
-2611.51
-979.274
-5037.73
-2082.32
-782.263
-6317.87
-2574.7
-1192.66
-6334.59
-2381.08
-1058.15
-1766.9
-607.819
-284.45
-4450.71
-1356.45
-474.516
-6593.67
-2117.42
-673.064
-8213.72
-2933.52
-1127.55
-8652.04
-2856.67
-948.024
-4832.52
-1939.78
-689.362
-4894.69
-2018.63
-636.237
-6663.26
-2568.22
-743.205
-7895.89
-2941.32
-830.711
-11007.7
-3671.22
-888.394
-11176.2
-13497.3
-9805.46
-11791.8
-16575.1
-20762.1
-16625.7
-20923.2
426.549
-113.473
868.743
136.757
-1762.64
-1451.59
-523.011
-78.094
-1045.23
-2282.42
-8115.6
-10295.4
-3536.99
-2301.33
-12145.5
-13029
-23306.3
-26557.6
-51.015
3200.59
-7264.81
-7207.1
-5089.25
-3885.69
-531.166
-249.175
-436.332
-233.738
-1414.19
-191.384
-307.98
54.2396
-5734.08
-994.212
-4467.63
-939.981
-6102.13
-1343.42
-7450.4
-1555.04
-9804.2
-9006.35
-9457.7
-9092.37
-17792.5
-14796.3
-17950.4
-14545
-5203.96
-5346.85
-5687.93
-5148.56
-10280.1
-9133.91
-11249.6
-9158.86
-19592
-14805.7
-20761.6
-14789.5
-5379.79
-5359.81
-5767.9
-5379.17
-131.048
-255.277
-2620.02
-736.467
-86.2936
-178.665
-2337.38
-629.151
-332.196
-341.605
-2725
-806.227
-474.527
-373.282
-2708.51
-812.056
117.632
112.551
-79.1696
-9.25192
636.878
477.503
-27.5197
51.7188
-143.534
169.338
-406.938
-173.934
4342.5
6351.5
1631.78
946.423
94.262
6938.31
4865.16
1149.12
1289.92
183.695
-8349.34
-5402.71
-3361.62
-1983.98
-561.723
48.7331
23.2995
2.46825
5.24412
200.458
98.9341
20.9569
19.3745
200.444
157.284
-50.5412
-3.7586
1949.37
297.404
2229.22
766.099
410.053
131.74
374.243
164.928
-14.4712
-24.3615
-3279.12
-1402.68
-1543.11
-211.191
-880.694
-137.084
-505.876
-106.632
-126.252
-45.8434
-3331.06
-1744.22
-5225.37
-2257.69
-6177.13
-3566.35
-8507.93
-4462.08
-2866.77
-1193.51
-1746.51
-945.689
-5857.31
-2116.51
-6197.06
-2277.92
-9175.48
-4593.12
-9523.55
-4892.4
-3326.96
-1108.56
-3560.05
-1207.94
-1354.97
-611.449
-313.236
-258.464
-911.19
-512.417
-266.711
-235.551
-1510.81
-614.996
-331.561
-292.871
-1762.45
-652.356
-498.251
-301.494
6.95337
2.79413
1.77788
-0.0643334
0.655857
0.487425
31.8602
14.1355
7.49758
0.576194
2.54767
1.7313
65.9904
29.9995
13.7036
-12.2942
2.95995
2.45408
-58.9815
9.71433
-10.459
143.806
105.217
49.7507
47.3774
46.494
25.8493
61.2575
37.5991
19.017
-30.2758
-1.58804
0.959267
-1115.65
-368.425
-113.42
-142.718
-5.35289
13.1461
-88.7591
3.06534
11.5861
-49.1694
3.78435
7.19595
-50.9196
-3.19838
1.23383
-2.35489
-0.631758
-0.160193
-0.0200312
16.6556
2.96491
0.719168
0.169686
-13.3609
-3.07919
0.054254
0.138785
20.913
3.05496
1.80202
0.520128
-52.3276
-8.95362
-0.265064
0.321854
-28.1666
-4.8224
-0.077567
0.123709
-42.7221
-5.90476
-0.948433
-0.178057
-57.4916
-8.48379
-0.612649
0.0189057
-132.981
-22.0662
-3.60515
-0.553602
-140.079
-23.4969
-4.35845
-0.574735
-96.6482
-15.7264
-2.13272
-0.0576115
-114.573
-18.9057
-3.95946
-0.641945
-144.138
-23.6751
-3.06036
-0.299171
-155.712
-26.487
-4.6557
-0.552926
-148.755
-24.7188
-2.93457
-0.214545
-162.421
-28.0544
-4.94755
-0.627422
-2.4482
-0.708665
-0.124192
-0.010753
1.15275
-0.00425277
-0.113497
-0.0203699
-2.61711
-1.39441
-0.0523162
0.0590143
6.78445
0.556209
-0.161945
-0.0281027
-47.3642
-9.07383
-1.36813
-0.131985
-26.4884
-5.31829
-1.14472
-0.142837
-34.2152
-5.941
-0.75033
0.0336061
-14.5365
-2.97111
-1.08435
-0.190223
-95.2964
-15.8456
-3.40397
-0.443472
1.42995
0.228557
0.00424683
0.00656003
3.62086
0.741817
0.115617
0.018239
1.46055
0.132288
-0.164859
-0.0157893
9.74118
1.94543
0.258111
0.0383888
-6.91687
-1.32455
-0.556402
-0.0785847
12.6396
2.50658
0.303068
0.0389927
-22.9267
-3.61884
-1.04725
-0.148236
7.50733
1.94904
0.166693
0.009752
-51.101
-7.72677
-2.05598
-0.31379
-4.5252
0.389597
-0.154596
-0.0400602
-95.1636
-14.6962
-3.13339
-0.469166
-31.1609
-4.26311
-0.838676
-0.155145
-77.9543
-11.648
-2.73079
-0.439356
-22.0649
-2.44963
-0.552025
-0.103276
-106.209
-16.811
-3.45108
-0.531468
-36.991
-5.38413
-0.982622
-0.189732
-112.162
-18.081
-3.67545
-0.602475
-41.1223
-6.13115
-1.09563
-0.21513
0.00618802
0.00161816
0.000321592
5.7774e-05
1.11046e-05
0.0206375
0.00343786
0.00058612
9.8289e-05
1.81913e-05
0.013703
0.00305589
0.000637176
0.000119417
2.36016e-05
0.0335243
0.00580189
0.00107172
0.000189042
3.61119e-05
0.00925616
0.00264359
0.000649983
0.000130857
2.68437e-05
0.0259343
0.00602534
0.00122841
0.000226026
4.41871e-05
-0.00168712
0.00139513
0.000407387
8.50086e-05
1.77481e-05
-0.00733115
-0.00062161
2.70245e-05
2.19811e-05
6.47607e-06
-0.0140662
0.00108885
0.000499665
0.000113393
2.44209e-05
-0.0159216
-0.000604821
9.10249e-05
3.32778e-05
8.21327e-06
0.0142229
0.00434068
0.000936814
0.000174975
3.43688e-05
-0.0079843
0.000408724
0.000215512
4.89373e-05
1.04683e-05
-0.025635
-0.00168105
1.98296e-05
3.53163e-05
1.04367e-05
-0.0166542
-0.00115479
-1.29813e-05
1.65849e-05
5.32759e-06
-0.0309243
-0.00328902
-0.000280605
-1.37009e-05
1.8539e-06
-0.0214087
-0.00206438
-0.00017882
-1.14727e-05
1.92742e-07
0.00325812
0.00122019
0.000259587
4.70338e-05
8.97665e-06
0.00707607
0.00160761
0.00029307
4.8853e-05
8.80683e-06
0.0145518
0.00346544
0.000674146
0.000118829
2.24443e-05
0.0224105
0.00440444
0.000763591
0.000125152
2.24684e-05
0.00132286
0.00240222
0.000602837
0.000117891
2.36176e-05
0.0300677
0.00564842
0.000969712
0.00015984
2.90016e-05
0.0221945
0.00489379
0.000917507
0.00015985
3.01434e-05
0.027436
0.00457177
0.000753651
0.000122463
2.21072e-05
0.010833
0.00259411
0.000491806
8.5949e-05
1.62309e-05
-182.445
-512.54
-323.85
-1335.75
-290.612
-1968.96
123.355
-2213.09
399.963
-1569.06
-1526.46
-3779.28
-279.744
-1576.74
-1767.99
-4496.22
-2054.88
-4605.97
-2907.21
-1448.43
-1021.24
-839.903
-736.513
-937.026
-660.606
-383.897
-322.731
-271.341
-9026.33
-4473.79
-3156.82
-2595.66
-2276.36
-2510.4
-1539.47
-1117
-900.3
-773.421
-15454.9
-7659.72
-5406.24
-4445.68
-3896.83
-4373.57
-2661.83
-1897.79
-1529.81
-1313.91
-21424.9
-10610.5
-7492.93
-6162.59
-5402.69
-5913.66
-3597.86
-2560.54
-2061.5
-1770.79
-28031.2
-13905.1
-9834.96
-8101.86
-7119.77
-7569.99
-4650.09
-3328.01
-2697.17
-2334.22
-35867.6
-18184.6
-12897.4
-10629.2
-9352.99
-10364.9
-6171.59
-4398.99
-3573.56
-3092.45
-32469
-16340.3
-11565.9
-9526.32
-8381.77
-8880.98
-5374.54
-3835.22
-3118.64
-2706.9
-37582.3
-19143.9
-13590.3
-11201
-9850.94
-11131.2
-6578.82
-4689.4
-3814.89
-3303.61
-39297.3
-19945.3
-14169.1
-11680.3
-10271
-11503.3
-6844.92
-4892.87
-3935.55
-3414.11
-1598.44
-12318.8
-10817.8
-3302
1970.26
3323.93
7710.51
12282
860.717
9360.23
-6189.3
-869.695
630.797
4555.69
11203.3
17754
16627.1
22435.1
6883.06
9393.68
-7878.93
-4147.39
-100.47
-25.8727
-14.0637
-12.1687
-32.5245
-4507.19
-2311.95
-1849.09
-1158.83
-417.616
-303.74
-669.637
-179.67
-130.408
-112.616
-65.7445
-7096.02
-1784.32
-149.226
-319.727
-846.716
-368.444
-298.27
-142.955
-38.0229
-44.2713
-111.83
-125.121
-7434.05
-3264.6
-3076.01
-1489.86
-884.093
-1547.08
-183.322
-85.5991
-308.187
-4028.15
-2375.14
-1249.06
-603.809
-245.27
-2071.91
-1077.19
-558.646
-257.148
-83.8505
-71.3031
-45.0048
-24.8902
-11.7817
-3.41731
-18.9576
-12.3263
-6.99127
-3.37113
-0.983281
-10.3133
-6.69583
-3.78455
-1.81744
-0.528144
-9.08951
-6.02002
-3.46815
-1.69128
-0.495398
-23.6986
-15.2951
-8.60625
-4.12134
-1.197
-2077.37
-1056.12
-521.245
-249.171
-117.301
-833.893
-377.661
-156.038
-68.5325
-25.7642
-899.144
-430.118
-209.531
-93.4711
-31.6861
-424.177
-186.597
-77.7771
-31.0803
-9.82345
-144.042
-61.6297
-24.8527
-9.19896
-2.49817
-185.683
-102.502
-50.5527
-22.0189
-6.229
-358.436
-181.119
-86.9469
-37.6771
-11.0349
-91.8549
-44.0922
-20.0579
-8.23504
-2.26819
-84.8572
-49.1627
-25.1599
-11.2239
-3.16912
-70.239
-39.1625
-19.3392
-8.37199
-2.31871
-43.6308
-25.6637
-13.271
-5.95148
-1.67329
-3480.68
-1827.99
-943.466
-444.086
-195.427
-979.759
-525.568
-267.571
-120.6
-39.4307
-97.537
-57.1442
-29.663
-13.4105
-3.85815
-212.063
-126.469
-66.8262
-30.6492
-8.92618
-535.486
-310.861
-161.564
-73.445
-21.9786
-246.426
-148.255
-78.9921
-36.4596
-10.6305
-203.513
-124.452
-67.1554
-31.2525
-9.08354
-99.4644
-61.5711
-33.4719
-15.6421
-4.5211
-26.4736
-16.2954
-8.77135
-4.05606
-1.15867
-31.7233
-20.1338
-11.1567
-5.27982
-1.52616
-75.7706
-45.6374
-24.1828
-11.0775
-3.17256
-86.4986
-53.2
-28.7464
-13.371
-3.85904
-3776
-2131.77
-1125.09
-526.191
-213.938
-1716.84
-917.905
-476.898
-218.989
-73.541
-1704.71
-982.146
-496.733
-222.045
-71.6638
-901.454
-507.048
-264.495
-120.743
-37.3036
-571.147
-337.637
-177.812
-81.4579
-24.1966
-928.764
-521.33
-270.862
-123.058
-37.5505
-124.518
-75.579
-40.4608
-18.7107
-5.41745
-61.4371
-39.0743
-21.708
-10.2984
-2.98111
-210.875
-128.847
-69.3776
-32.2239
-9.33243
-11036.2
-22528.6
-22967.3
-64068.5
-20730.2
-77887.3
-11605.7
-27840.1
-22015.7
-17888.5
-38051.1
-32448.7
-19576.9
-16904.9
-38946.1
-29773.5
-8709.76
-6995.6
-17228
-12872.7
-19717.7
-15649.1
-53305.1
-42165.5
-31301.6
-22387.1
-35385.9
-21811.5
-3841.39
-9825.88
-78161.4
-100447
-48631.9
-60711.9
-94231.4
-119810
-46610.8
-55123.3
-62825.4
-85513.1
-53877.4
-71640.7
-38115.4
-55246.8
-5084.74
-1568.65
-8754.77
-3140.82
-16978
-8219.36
-33729.8
-12864.3
-10114.7
-5866.95
-19393
-6801.48
-37871.7
-12894
-49032.7
-17711
-26045.3
-15595.9
-33435.9
-20114.1
-19262.4
-13761.6
-25261.2
-17226.1
-32461.7
-21309.8
-25041.1
-16406.7
-39693.7
-23760
-42106
-24866.9
-31674.8
-19988.8
-34143.5
-20783.5
-38578.6
-25248.9
-41340.2
-26728.5
-38670.9
-20270.8
-22846
-34059.3
-33863.5
-21154.8
-18712.8
-33435.7
-43228.2
-20460.4
-26219.4
-34810.6
-46137.1
-20985.3
-28502.1
-36133.7
-3051.54
-2963.49
-1156.73
-4411.63
-12048.8
-12635.2
-8497.76
-17710.1
-10689.5
-11971
-14745.9
-27562.9
-15548.8
-8737.55
-18358.5
-25462.8
-21988.3
-5354.79
-8566.96
-13484.8
-25686.6
-33581.3
-14121.5
-17072.1
-18037.3
-20618
-43486.4
-3229.79
-2011.7
-2426.83
-2131.54
-10335.6
-6601.21
-10366.1
-7684.17
-6611.56
-3472.89
-14430
-9708.53
-6924.55
-5373.44
-8642.26
-6321.48
-12149.1
-7567.76
-16669.6
-10761.1
-23253.8
-15039
-9615.87
-5963.39
-12107
-5705.25
-14009.5
-6458.34
-17523.5
-8253.86
-30346.4
-14205.6
-11566.4
-3263.14
-11785.3
-7135.48
-10253.1
-8177.9
-11211.4
-10023.8
-14547
-8813.16
-14771.5
-3459.2
-11612.1
-10715.9
-11832.9
-11647.2
-11570.5
-12451.1
-12075.6
-13549
-14177.9
-13172.2
-14320.9
-14047.9
-22702.3
-11149
-35998.8
-12195.6
-20594.3
-4577.61
-32604.4
-5883.35
-22684.8
-14446.4
-36909.3
-13630.1
-21410.5
-16156.3
-34886.5
-16161.8
-1463.5
-1187.61
-1467.98
-1434.01
-4262.53
-2965.67
-4745.6
-3830.22
-1825.24
-1924.5
-5878.83
-4685.4
-3714.15
-2067.66
-4694.44
-2413.49
-4813.52
-2664.94
-6994.71
-4369.24
-10061.8
-5782.14
-5666.18
-2482.72
-4285.4
-1546.38
-5424.85
-1755.8
-6563.2
-1906.93
-9374.84
-1792.41
-6110.39
-8331.91
-5782.37
-10170.6
-11690.7
-12486.7
-14639.7
-18198.1
-813.74
-343.623
-388.161
-139.045
-2931.53
-1336.6
-2187.31
-490.569
-1172.31
-1687.83
-6887.11
-6355.29
-2114.93
-1811.43
-11061.9
-12668.6
-21831.9
-26104.9
215.32
3281.6
-6460.27
-6901.06
-4555.83
-3707.24
-468.956
-265.67
-458.116
-252.249
-1014.79
-246.487
-352.134
-3.52482
-4116.61
-968.927
-3927.62
-893.147
-5578.63
-1265.31
-7219.28
-1515.05
-5444.43
-6966
-7772.23
-7959.7
-10205.9
-10845.3
-14931.6
-12666.2
-4344.14
-4773.24
-3411.84
-4316.56
-9442.64
-8586.96
-10988
-9002.55
-18272.3
-13966.9
-20381.3
-14561.3
-4918.81
-5052.68
-5609.5
-5286.04
-115.799
-265.732
-2443.82
-721.774
-89.2895
-230.096
-2214.29
-645.228
-265.357
-334.337
-2604.23
-789.007
-432.485
-366.656
-2668.47
-805.277
-397.125
-322.287
-219.409
-154.614
-914.134
-704.852
-240.181
-154.536
-3455.2
-2613.05
-749.475
-571.378
-2623.19
-3798.94
-2265.95
141.145
-91.8367
-603.626
-1109.79
-2399.68
702.962
34.5885
-11779.1
-7537.05
-4581.57
-2392.89
-684.369
-228.546
-120.055
-106.517
-66.548
-527.25
-286.388
-135.13
-99.7805
-1858.66
-1111.03
-420.429
-299.069
-3002.31
-2772.96
-1581.53
-1646.45
-1981.42
-1360.49
-212.925
-214.822
-173.909
-172.398
-6211.62
-3213.59
-3712.36
-1656.92
-2091.63
-943.046
-1012.34
-444.531
-242.58
-138.457
-3664.26
-2189.17
-4947.79
-2260.2
-6341.29
-4071.52
-7925.45
-4379.95
-2776.76
-1217.04
-2015.94
-1213.83
-5599.07
-2058.32
-6106.61
-2249.35
-8737.62
-4454.75
-9381.72
-4836.45
-3204.32
-1089.18
-3513.02
-1195.44
-1346.21
-629.457
-328.698
-272.233
-1072.14
-643.122
-323.799
-283.272
-1471.85
-610.576
-331.676
-294.837
-1743.83
-647.568
-495.789
-300.886
-57.5713
-40.6062
-39.1308
-30.5304
-183.116
-142.872
-67.6269
-52.2869
-657.62
-412.903
-146.683
-55.5225
-2140.25
-1115.76
-1366.98
-631.518
-822.022
-415.852
-197.525
-116.702
-120.253
-46.8909
-2130.62
-821.512
-911.678
-333.134
-520.455
-200.857
-235.152
-84.1844
-101.427
-6.11117
-10.625
-2.21732
-0.458766
-0.0695728
4.5137
0.522501
0.299515
0.107254
-32.3036
-6.78678
-0.526869
0.0591424
0.240334
-1.39255
1.06995
0.416134
-73.4418
-13.4265
-0.914763
0.260474
-45.4242
-9.29877
-0.972166
-0.0383607
-48.0302
-7.89216
-1.41795
-0.269188
-58.2235
-9.11033
-0.776839
-0.0136223
-138.826
-24.2957
-4.1731
-0.686072
-142.552
-24.657
-4.6733
-0.63859
-114.868
-19.8302
-2.90319
-0.188995
-123.066
-21.0187
-4.43213
-0.725611
-145.673
-24.8705
-3.37515
-0.36267
-155.846
-27.0386
-4.83809
-0.594836
-148.808
-25.0953
-3.04279
-0.23687
-162.238
-28.2111
-5.0063
-0.641417
-11.2691
-2.25103
-0.374912
-0.045886
-7.70111
-1.45673
-0.389323
-0.0611434
-27.0392
-5.52756
-0.671031
-0.0238137
-17.3204
-3.38078
-0.879962
-0.133092
-76.5069
-13.9391
-2.0784
-0.227156
-60.6257
-10.6804
-2.08098
-0.277397
-73.2493
-12.333
-1.73895
-0.101152
-51.7687
-8.54811
-1.99619
-0.292158
-117.769
-19.6863
-4.08571
-0.514176
-4.95907
-0.876596
-0.181254
-0.0226176
-0.960483
-0.149834
-0.030631
-0.00773904
-16.499
-2.89868
-0.711505
-0.106442
-4.1159
-0.657135
-0.178404
-0.0376116
-35.888
-5.87051
-1.34072
-0.207855
-12.2768
-1.81842
-0.370785
-0.0737112
-57.9022
-9.07524
-1.93372
-0.280632
-24.5872
-3.44777
-0.630166
-0.11837
-76.332
-12.0091
-2.83792
-0.450757
-31.3139
-4.37289
-0.896057
-0.16423
-100.775
-16.259
-3.50613
-0.548966
-36.765
-5.61401
-1.10114
-0.206971
-93.2702
-14.8138
-3.36721
-0.562632
-36.293
-5.34973
-1.04889
-0.193626
-107.358
-17.4039
-3.62557
-0.572777
-38.4292
-5.85474
-1.08875
-0.212506
-112.165
-18.2106
-3.72182
-0.614477
-41.2514
-6.21861
-1.11976
-0.220978
-0.00189742
4.21856e-05
3.46594e-05
8.47432e-06
1.87214e-06
0.00808735
0.000962527
0.0001339
2.01766e-05
3.45813e-06
-0.00376965
-0.000444768
-2.3368e-06
9.34932e-06
2.9318e-06
0.00775815
0.000638026
0.000119473
2.31874e-05
4.57472e-06
-0.0112575
-0.00155596
-0.00011824
-1.47672e-06
1.94716e-06
-0.00781029
-0.000617827
7.48688e-06
1.31296e-05
3.57904e-06
-0.0173283
-0.00165558
-0.000158664
-1.49875e-05
-1.58117e-06
-0.0142609
-0.00203008
-0.000240407
-2.60587e-05
-2.94157e-06
-0.036794
-0.00310869
-0.000253199
-1.63491e-05
-1.50011e-07
-0.0248342
-0.00222165
-0.000196168
-1.60246e-05
-1.1092e-06
-0.0142198
-0.000979187
-1.32408e-05
1.20548e-05
3.63787e-06
-0.0182761
-0.00140805
-0.000102803
-5.13915e-06
3.33698e-07
-0.0379332
-0.00399264
-0.000397911
-3.72005e-05
-3.39971e-06
-0.0230926
-0.00238367
-0.000236754
-2.2507e-05
-2.1784e-06
-0.0357719
-0.00424303
-0.000457443
-4.49125e-05
-4.18197e-06
-0.0234049
-0.00245677
-0.000251755
-2.43772e-05
-2.30871e-06
-0.00326258
-5.28783e-05
3.16134e-05
8.43213e-06
1.83558e-06
0.000271574
0.000390046
8.4797e-05
1.44592e-05
2.5412e-06
-0.00200168
0.000253566
0.000103004
2.2346e-05
4.57351e-06
0.00485818
0.00127742
0.000228353
3.65256e-05
6.25461e-06
-0.0175444
-0.00127026
-5.22682e-05
6.87709e-06
2.98813e-06
0.00661688
0.00148923
0.000255269
4.08202e-05
7.07118e-06
-0.00284199
0.000374536
0.000127207
2.61295e-05
5.16269e-06
0.009223
0.00138285
0.000206956
3.11468e-05
5.20457e-06
-0.00325764
0.000125935
6.24867e-05
1.32084e-05
2.59784e-06
84.7267
-325.032
307.999
-885.936
476.788
-1420.95
791.868
-1725.13
832.809
-1247.97
-1424.22
-3700.23
-70.671
-1461.52
-1728.48
-4464.8
-2046.5
-4599.18
-2913.47
-1450.33
-1021.19
-839.614
-736.252
-903.095
-658.785
-382.885
-322.431
-271.212
-9056.67
-4481.58
-3157.91
-2595.77
-2276.43
-2427.39
-1528.87
-1115.68
-900.528
-773.982
-15507.5
-7672.26
-5408.5
-4446.45
-3897.48
-4272.66
-2648.82
-1896.12
-1529.87
-1314.33
-21483.6
-10623
-7494.76
-6162.97
-5403
-5822.2
-3585.61
-2559.05
-2061.46
-1770.89
-28092.4
-13917.1
-9836.96
-8102.53
-7120.35
-7507.21
-4641.02
-3326.89
-2697.16
-2334.34
-35899.2
-18190
-12898.2
-10629.5
-9353.16
-10348.6
-6169.44
-4398.82
-3573.6
-3092.38
-32517.8
-16349
-11567.2
-9526.7
-8382.13
-8846.68
-5369.31
-3834.66
-3118.62
-2706.98
-37598.4
-19146.5
-13590.6
-11201.1
-9850.95
-11125.7
-6578.17
-4689.24
-3814.87
-3303.61
-39303.4
-19946.5
-14169.4
-11680.6
-10271.3
-11502.6
-6845.06
-4893.01
-3935.66
-3414.22
-1430.94
-12089.6
-10103.5
-2870.12
-2050.92
-1067.2
-4597.65
-3144.56
-9951.15
-9646.24
-5001.54
-3750.43
-0.0351672
-0.111946
-0.389802
-1.29843
-4.17071
-12.9088
-0.040996
-0.185728
-0.731916
-2.47187
-7.37462
-19.5854
-0.0163778
-0.00554168
-0.0578407
-0.0261051
-0.219156
-0.120221
-0.783797
-0.505026
-2.51869
-1.60341
-8.34273
-4.65927
-36.3923
-92.0745
-216.533
-683.291
-1354.87
-1921.46
-45.9331
-94.6104
-171.839
-288.111
-453.052
-577.6
-0.0277297
-0.0195998
-0.0120851
-0.00624763
-0.00189384
-0.0875843
-0.0612994
-0.0373931
-0.0191483
-0.00577116
-0.302466
-0.209555
-0.126454
-0.0641477
-0.019225
-0.997561
-0.682991
-0.407112
-0.204362
-0.0608691
-3.1641
-2.13517
-1.25436
-0.622091
-0.18401
-9.63536
-6.38739
-3.68888
-1.8045
-0.529855
-0.032153
-0.0225741
-0.0138174
-0.00709695
-0.00214275
-0.144422
-0.100323
-0.0607081
-0.0308701
-0.00926439
-0.564385
-0.388091
-0.23236
-0.117081
-0.0349477
-1.88792
-1.28363
-0.759736
-0.379112
-0.112528
-5.57042
-3.73986
-2.18594
-1.07962
-0.318614
-14.6024
-9.66497
-5.57293
-2.72281
-0.798971
-0.0129817
-0.00923726
-0.00573786
-0.0029859
-0.000908737
-0.004405
-0.00314633
-0.00196264
-0.00102517
-0.000312687
-0.0454851
-0.0320419
-0.0196846
-0.0101432
-0.00306852
-0.0206021
-0.0145809
-0.00900345
-0.00466035
-0.00141355
-0.170912
-0.119156
-0.0723873
-0.0369351
-0.0111076
-0.0941359
-0.0659625
-0.0402882
-0.0206525
-0.00622744
-0.605299
-0.416971
-0.250115
-0.126224
-0.0377131
-0.391834
-0.271399
-0.163692
-0.0829864
-0.0248584
-1.92191
-1.30525
-0.771541
-0.384531
-0.114052
-1.23169
-0.842616
-0.501547
-0.25135
-0.0747736
-6.26524
-4.17823
-2.42546
-1.19086
-0.350289
-3.53167
-2.37712
-1.3912
-0.687228
-0.202769
-26.6069
-17.2673
-9.78218
-4.715
-1.37513
-65.5597
-41.5051
-23.0259
-10.9319
-3.17323
-149.057
-91.7687
-49.8229
-23.3158
-6.76714
-447.203
-266.179
-141.326
-65.2846
-19.2087
-825.587
-473.046
-246.512
-113.068
-34.4635
-1128.98
-636.645
-328.926
-150.493
-46.6289
-33.7179
-21.9593
-12.4776
-6.02827
-1.7595
-68.1378
-43.562
-24.3635
-11.636
-3.3813
-120.783
-75.5682
-41.5423
-19.6093
-5.68448
-195.919
-119.432
-64.4209
-30.0501
-8.7299
-293.052
-172.737
-91.286
-42.1417
-12.406
-362.149
-209.43
-109.419
-50.2504
-14.9282
-0.0350456
-0.111347
-0.387692
-1.29141
-4.14767
-12.827
-0.0408046
-0.184644
-0.727576
-2.45689
-7.32766
-19.4544
-0.0163247
-0.00552868
-0.0575786
-0.0261041
-0.2183
-0.120988
-0.78118
-0.512256
-2.51736
-1.68055
-8.32711
-4.92564
-36.1244
-91.3063
-214.464
-675.513
-1340.51
-1913.73
-45.6104
-93.9262
-170.569
-285.824
-449.645
-575.873
-0.0276415
-0.0195456
-0.0120583
-0.0062373
-0.00189143
-0.0871577
-0.0610451
-0.0372736
-0.0191062
-0.00576242
-0.301012
-0.208735
-0.126108
-0.0640508
-0.0192121
-0.99294
-0.680605
-0.406291
-0.204265
-0.0609046
-3.14986
-2.12869
-1.25291
-0.622586
-0.184406
-9.58688
-6.36699
-3.68578
-1.80738
-0.531609
-0.0320149
-0.0224898
-0.013776
-0.00708114
-0.0021391
-0.143651
-0.0998624
-0.0604902
-0.0307919
-0.00924769
-0.561351
-0.386329
-0.231564
-0.116818
-0.0348978
-1.87764
-1.27783
-0.757245
-0.37837
-0.112411
-5.53867
-3.72233
-2.17868
-1.07761
-0.318346
-14.5151
-9.61761
-5.55379
-2.71778
-0.798386
-0.0129435
-0.00921423
-0.00572685
-0.00298193
-0.000907884
-0.00439643
-0.00314197
-0.00196134
-0.00102525
-0.000312865
-0.0453046
-0.0319411
-0.0196435
-0.0101331
-0.00306774
-0.0206162
-0.014606
-0.00903082
-0.00468072
-0.00142099
-0.170379
-0.118919
-0.0723469
-0.0369687
-0.0111288
-0.0948388
-0.0665564
-0.0407283
-0.0209178
-0.00631549
-0.604011
-0.416784
-0.250527
-0.126699
-0.0379097
-0.398157
-0.276449
-0.167233
-0.08503
-0.0255212
-1.92464
-1.31042
-0.776981
-0.388434
-0.115463
-1.29474
-0.889066
-0.531555
-0.267555
-0.0798462
-6.26935
-4.19537
-2.44554
-1.20562
-0.35559
-3.7494
-2.53813
-1.49541
-0.743399
-0.220225
-26.4507
-17.2032
-9.773
-4.72416
-1.38053
-65.1222
-41.3298
-23.0023
-10.9573
-3.18793
-147.895
-91.2956
-49.742
-23.3658
-6.79954
-442.725
-264.114
-140.69
-65.2313
-19.2464
-816.649
-468.196
-244.375
-112.359
-34.32
-1123.98
-633.793
-327.575
-149.981
-46.5061
-33.5054
-21.8454
-12.432
-6.01636
-1.75813
-67.6943
-43.3279
-24.2712
-11.6124
-3.37873
-119.978
-75.1522
-41.3826
-19.5707
-5.68095
-194.488
-118.691
-64.1283
-29.9727
-8.72023
-290.844
-171.505
-90.7225
-41.9419
-12.3618
-361.011
-208.775
-109.101
-50.1275
-14.899
-7835.54
-4126.79
-99.6659
-25.7988
-15.6809
-13.0319
-32.7655
-4474.38
-2914.38
-1938.92
-1595.66
-337.558
-845.083
-168.195
-190.487
-94.8921
-6929.81
-1777.47
-160.763
-324.089
-843.895
-366.911
-295.584
-143.724
-46.3739
-48.0889
-125.513
-128.953
-7299.84
-3217.4
-3017.06
-1465.5
-873.307
-1523.53
-183.309
-86.3943
-307.937
-4000.13
-2358.81
-1241.22
-600.838
-244.604
-2059.71
-1070.74
-555.683
-256.08
-83.5963
-70.9841
-45.0209
-25.0456
-11.9239
-3.47174
-18.9666
-12.388
-7.06448
-3.42449
-1.00232
-11.6052
-7.62373
-4.36628
-2.12218
-0.621264
-9.78562
-6.52691
-3.79122
-1.8632
-0.548419
-24.0276
-15.6375
-8.88329
-4.29175
-1.25334
-2247.82
-1214.11
-628.039
-305.15
-138.278
-1469.33
-812.961
-419.122
-197.478
-67.7403
-1035.06
-542.898
-282.233
-129.772
-42.2773
-797.796
-427.279
-219.919
-99.708
-29.8901
-218.283
-128.447
-67.4761
-30.7714
-8.81526
-498.004
-275.47
-142.722
-64.6436
-18.7063
-114.641
-69.9243
-37.6447
-17.4697
-5.01836
-129.185
-78.4671
-42.0949
-19.481
-5.58775
-66.0951
-40.9705
-22.3126
-10.4355
-2.99985
-3466.53
-1861.75
-981.288
-469.255
-206.028
-1003.74
-554.823
-290.119
-133.377
-43.5476
-108.163
-65.5209
-35.173
-16.3265
-4.74493
-218.4
-132.754
-71.5739
-33.3917
-9.80478
-542.776
-321.3
-170.397
-78.7665
-23.7306
-247.665
-150.696
-81.2956
-37.9394
-11.1302
-202.673
-124.759
-67.8545
-31.8208
-9.29385
-100.853
-63.1104
-34.7266
-16.4074
-4.773
-33.0351
-20.9026
-11.5832
-5.49067
-1.59015
-34.8269
-22.4039
-12.6017
-6.04423
-1.7611
-87.1324
-53.9908
-29.4533
-13.8171
-4.00223
-90.3085
-56.4343
-31.0221
-14.6467
-4.26181
-3698.48
-2091.85
-1107.93
-521.335
-213.61
-1690.43
-904.815
-471.493
-217.437
-73.2517
-1698.07
-991.627
-509.906
-231.394
-75.2138
-891.174
-504.711
-265.471
-122.194
-37.936
-567.916
-338.563
-180.049
-83.2449
-24.8604
-922.135
-522.952
-274.89
-126.258
-38.7633
-125.666
-77.185
-41.876
-19.6021
-5.71533
-62.4108
-40.0305
-22.455
-10.7484
-3.12864
-212.42
-131.13
-71.4212
-33.5192
-9.76646
-5.73205
-19.9448
-43.5838
-82.6542
-139.846
-215.101
-4945.41
-12771.7
-10772
-4290.9
-15778.7
-14524.6
-13416.1
-13813.1
-4845.24
-3324.57
-11732.6
-6607.4
-18841.6
-17669.9
-1054.59
-3833.65
-10055.8
-8177.66
-3225.58
-12505.5
-11046.8
-10278
-10376.1
-3952.7
-1850.86
-10120.8
-3369.71
-13710.9
-11480
1982.53
-2480.46
-6629.85
-5104.88
-1981.2
-8426.91
-5814.37
-6664.37
-6297.57
-2715.93
-1777.24
-6605.58
-3637.8
-8945.36
-4712.56
1930.92
-1404.77
-3904.44
-2796.26
-1071.29
-4749.98
-2412.03
-3763.25
-3401.77
-1685.78
-1563.04
-4156.3
-3097.14
-5544.49
-1537.64
1230.24
-787.317
-2270.79
-1506.89
-575.207
-2352.25
-920.621
-2068.91
-1907.26
-993.449
-1507.3
-2253.59
-2510.84
-3231.46
-409.994
-188.394
-452.409
-1265.29
-826.145
-313.371
-1313.92
-778.322
-1116.27
-1132.07
-535.235
-1086.78
-1166.06
-1918.53
-2586.56
-1148.38
-1202.45
-1497.24
-3576.85
-6684.83
-2689.98
-5154.25
-7607.7
-8886.44
-10892.4
-726.041
-270.329
-2706.24
-910.421
-1278.78
-5674.98
-1742.42
-1262.37
-3016.65
-5339.84
-2137.98
-4270.85
-6130.61
-7149.47
-8205.03
-636.527
-130.803
-2452.63
-572.051
-519.337
-4647.19
-619.363
-887.674
-2117.37
-3502.25
-1390.81
-3051.06
-3982.47
-4785.85
-5351.86
-428.29
-98.9764
-1570.19
-408.398
-420.896
-2505.13
-253.236
-506.065
-1267.9
-1932.94
-762.707
-1825.21
-2146.1
-2785.37
-2998.82
-239.317
-59.8189
-922.686
-247.281
-191.541
-1326.73
-68.4699
-271.127
-699.449
-1029.73
-405.408
-908.216
-1035.1
-1524.76
-1658.3
-119.316
-66.921
-458.909
-190.288
-75.4172
-641.821
-83.8979
-139.414
-334.615
-545.233
-213.832
-445.208
-660.355
-797.312
-973.085
-65.8219
-62.147
-215.088
-135.195
-92.568
-499.329
-185.602
11322.5
14775.9
27773.5
43245.5
42997.9
75608.3
31023.2
79596.6
24451.4
54371.4
36681.5
57841.9
31840.4
44893.9
12349
14812.8
29804.6
32740.4
38178.3
37396.5
26511.7
29334.9
39891.9
34079.5
10401.8
8795.21
13124
9843.86
26516.3
22974.3
45947.9
36206.4
33890.1
34349.7
40778.1
39051
16104
12676.5
74976.7
99093
49981.2
60868.1
91695.9
118711
47975.8
55419
60226.4
84163.3
55224.6
71639.1
34960.1
53722.7
6821.39
2460.59
7192.2
2742.94
21481.5
9231.06
30041.1
11698.4
21805.9
8937.75
22587.8
7890.87
37744.8
12977
48629
17598.8
38577.6
20867.9
38175.7
22711.8
30518.3
19074.7
29641.7
19693.5
36063.2
23503.9
34815.8
20652.1
41424.9
24876.3
42510.3
25159.6
33361.6
21045.8
34579.6
21060.9
39790.3
26214.5
41597
26984.9
40314.9
20690.9
24301.1
34474.6
38987.9
22521.9
21438
34210.1
43536.7
20521.9
26867.9
35004.5
46120.5
20970.1
28670.6
36185.1
8383.31
8623.68
3094.89
6286.44
25024.5
25231.2
11001.6
20385.8
30512.1
31129.6
18518.3
31610.2
11566
-873.56
20871.5
33696.5
24014.2
-2105.7
3961.24
17126.9
34908.8
35684.6
11168.3
17842.3
21727.3
25038.9
44887.9
6159.7
3688.93
3857.45
2996.92
18266.8
11360
13409.1
9812.35
21217
13039.3
18472.5
12658.2
3084.09
3322.58
8734.56
7518.75
18128.8
12896.9
24880.2
16526.1
25700.6
16904.3
7601.03
4904.91
13077.2
6533.53
17320.5
8700.4
21130.2
10619.8
31644.4
15367.8
13235.4
3737.61
13080.8
7627.64
10878.5
8215.17
12225.4
10421.8
15824.8
9322.57
16866.5
4195.42
12276.8
10996.2
12022.5
11728.1
12174.1
12760.8
12255.9
13651.5
14791.5
13403.3
14491.2
14109.5
23561.4
11508.3
36269.9
12347.8
22292.8
5185.42
33156.9
6035.97
23072
14599.9
37020.5
13690.9
21523.5
16194.2
34916.2
16170.7
1922.79
1037.11
475.815
1632.66
901.71
444.307
6187.25
2631.42
983.548
5091.1
2100.85
785.015
6319.9
2576.78
1193.68
6335.58
2383.1
1059.36
1766.59
607.743
284.429
4449.96
1356.33
474.528
6592.6
2117.35
673.171
8213.1
2934.2
1128.13
8652.22
2857.39
948.615
4831.66
1939.45
689.272
4894.01
2018.37
636.193
6662.56
2568.03
743.226
7895.41
2941.31
830.845
11007.8
3671.29
888.545
11144.5
13478
9769.61
11774.5
16560.7
20751.1
16607.1
20912.9
-340.129
94.2519
-742.116
-132.279
1748.71
1488.81
507.271
118.36
1015.25
2254.22
8096.58
10272.9
3520.24
2285.59
12136.7
13024.9
23300.8
26554.7
44.4158
-3202.38
7253.97
7201.98
5083.04
3883.3
474.83
228.987
387.711
213.108
1434.19
194.847
330.637
-49.7024
5721.76
992.391
4457.55
938.422
6094.49
1341.53
7446.34
1553.86
9793.14
9000.65
9448.78
9087.77
17784.4
14791.3
17943.7
14540.8
5196.01
5342.92
5678.41
5143.86
10274.6
9130.66
11246.3
9156.43
19587.5
14802.6
20758.5
14786.8
5374.86
5357.02
5765.18
5377.22
126.662
254.374
2617.45
735.669
81.6356
177.805
2334.56
628.325
329.078
340.753
2723.07
805.556
472.951
372.754
2707.2
811.571
-111.415
-106.501
73.2788
7.83072
-628.748
-471.805
28.8175
-50.0688
142.646
-169.583
406.353
173.726
-4342.19
-6350.37
-1632.15
-947.386
-94.5293
-6936.76
-4863.69
-1149.07
-1289.65
-183.668
8346.87
5399.54
3358.65
1981.66
560.954
-47.4428
-22.4609
-3.54904
-5.48766
-197.487
-97.7267
-19.4486
-18.6259
-200.331
-157.096
50.4992
3.77596
-1949.06
-297.392
-2228.88
-766.028
-410.445
-131.906
-374.455
-164.968
14.3114
24.2778
3277.96
1402.2
1541.79
210.855
879.518
136.773
505.039
106.401
125.947
45.7127
3328.9
1743.34
5223.14
2256.77
6175.01
3565.28
8505.57
4460.93
2865.04
1192.84
1744.8
945.015
5855.52
2115.75
6195.53
2277.24
9173.48
4592.11
9521.72
4891.45
3325.58
1108.02
3558.92
1207.49
1353.9
611.024
312.841
258.242
910.066
511.965
266.277
235.3
1509.99
614.64
331.251
292.678
1761.76
652.068
497.982
301.338
-6.88166
-2.69169
-1.6744
-0.192813
-0.679556
-0.47701
-31.4056
-14.0158
-7.46039
-0.305481
-2.482
-1.71295
-65.9094
-29.9677
-13.6921
12.2761
-2.95538
-2.45132
58.9598
-9.71017
10.4589
-143.826
-105.201
-49.742
-47.4249
-46.4898
-25.8438
-61.2589
-37.5851
-19.0094
30.2294
1.58317
-0.959078
1115.35
368.337
113.399
142.582
5.33277
-13.1452
88.6411
-3.07974
-11.5845
49.0923
-3.79199
-7.19435
50.8541
3.19046
-1.23408
2.60814
0.669599
0.162071
0.0197496
-15.2697
-2.70717
-0.6662
-0.15833
13.5951
3.10691
-0.0501133
-0.137411
-20.2427
-2.95545
-1.7741
-0.513044
52.2961
8.95105
0.266886
-0.320985
28.193
4.82878
0.0793737
-0.123233
42.6066
5.8899
0.946407
0.177798
57.4082
8.47204
0.611418
-0.0189992
132.803
22.0411
3.60158
0.553168
139.926
23.4715
4.35403
0.574208
96.49
15.7051
2.1304
0.0576709
114.424
18.8824
3.95515
0.641375
143.963
23.649
3.05705
0.29885
155.574
26.4632
4.65157
0.552413
148.632
24.6993
2.93223
0.214355
162.316
28.0357
4.94425
0.626996
2.59736
0.719683
0.123195
0.010402
-1.01476
0.0173358
0.106327
0.0178853
2.7504
1.41596
0.0604399
-0.0566154
-6.48385
-0.500736
0.173609
0.0316469
47.3411
9.07178
1.36891
0.132336
26.4839
5.3198
1.14579
0.143193
34.1412
5.93096
0.749387
-0.0334909
14.5142
2.96903
1.08384
0.190222
95.1627
15.8249
3.40011
0.443099
-1.50313
-0.240137
-0.0108631
-0.00786113
-3.43941
-0.699438
-0.109215
-0.0173256
-1.12309
-0.066884
0.179869
0.0195632
-9.56502
-1.90925
-0.251015
-0.0369274
6.92103
1.32791
0.556963
0.078891
-12.6067
-2.49742
-0.301214
-0.0385771
22.8864
3.61369
1.04616
0.148172
-7.50682
-1.94724
-0.166349
-0.0096544
51.0219
7.71432
2.05324
0.313402
4.5027
-0.392787
0.153915
0.0399548
95.0594
14.678
3.12965
0.468579
31.1209
4.25576
0.837248
0.154885
77.847
11.6301
2.72707
0.438771
22.0252
2.44278
0.550709
0.103046
106.123
16.7955
3.44785
0.530939
36.9586
5.37813
0.98146
0.189512
112.097
18.0694
3.67301
0.602061
41.0986
6.12699
1.09483
0.214973
-0.00574024
-0.00147369
-0.000289972
-5.18393e-05
-9.93917e-06
-0.0189058
-0.00311816
-0.000528896
-8.84749e-05
-1.63542e-05
-0.0131833
-0.00297902
-0.00062618
-0.000117805
-2.33302e-05
-0.0329014
-0.00572266
-0.00106025
-0.000187301
-3.58111e-05
-0.0091428
-0.002624
-0.000646709
-0.000130319
-2.67445e-05
-0.0258209
-0.00600718
-0.00122545
-0.000225535
-4.40953e-05
0.00167676
-0.00139548
-0.00040734
-8.49891e-05
-1.77427e-05
0.0073114
0.000618798
-2.74057e-05
-2.20321e-05
-6.48364e-06
0.0140807
-0.00108274
-0.000498387
-0.00011316
-2.43756e-05
0.01591
0.000605251
-9.07557e-05
-3.32164e-05
-8.20018e-06
-0.0141801
-0.00433043
-0.000934859
-0.000174636
-3.43051e-05
0.00798577
-0.000406097
-0.000214899
-4.8824e-05
-1.04465e-05
0.0256092
0.00167953
-1.98025e-05
-3.52843e-05
-1.04274e-05
0.0166303
0.00115245
1.27678e-05
-1.66023e-05
-5.32878e-06
0.0308994
0.00328653
0.0002804
1.36905e-05
-1.85297e-06
0.0213917
0.00206272
0.000178671
1.14611e-05
-1.93287e-07
-0.0029623
-0.00109777
-0.000231787
-4.18084e-05
-7.95794e-06
-0.00646959
-0.00145021
-0.000261961
-4.33921e-05
-7.78703e-06
-0.0140781
-0.00339433
-0.000663931
-0.00011733
-2.21911e-05
-0.0219582
-0.00434172
-0.000754781
-0.000123861
-2.22484e-05
-0.00121594
-0.00238078
-0.000599165
-0.000117294
-2.351e-05
-0.0299077
-0.00561974
-0.000965133
-0.000159133
-2.88789e-05
-0.0221457
-0.00488247
-0.000915406
-0.000159496
-3.00792e-05
-0.0273731
-0.00455947
-0.000751556
-0.00012213
-2.20489e-05
-0.0108241
-0.00259074
-0.000491102
-8.5825e-05
-1.62081e-05
100.892
415.026
373.232
1387.22
303.121
1977.82
-119.679
2216.04
-399.218
1569.82
1526.35
3779.19
279.716
1576.83
1767.98
4496.18
2054.95
4606
2552.74
1264.28
889.695
730.751
640.159
809.754
572.742
326.256
274.112
227.972
9145.55
4537.29
3201.82
2632.86
2309.17
2567.57
1574.62
1142.12
921.549
792.336
15447.6
7656.66
5404.23
4444.12
3895.52
4377.38
2665.29
1900.77
1532.48
1316.34
21424
10610.1
7492.69
6162.43
5402.56
5914.92
3599.12
2561.74
2062.61
1771.81
28031.4
13905.2
9835.04
8101.93
7119.84
7570.41
4650.53
3328.46
2697.59
2334.62
35867.8
18184.7
12897.5
10629.3
9353.04
10364.9
6171.6
4399.01
3573.57
3092.47
32469.3
16340.5
11566
9526.41
8381.85
8881.09
5374.67
3835.36
3118.78
2707.03
37582.5
19144
13590.4
11201.1
9850.97
11131.2
6578.83
4689.41
3814.89
3303.62
39297.4
19945.3
14169.1
11680.3
10271
11503.3
6844.94
4892.88
3935.56
3414.11
1596.07
12317.2
10813.4
3294.64
-1714.09
-2948.8
-7742.08
-12312
-917.312
-9429.47
6168.63
840.958
-650.414
-4578.36
-11250.9
-17807.8
-16554.8
-22340.8
-5907.27
-8085.77
7878.11
4146.93
100.453
25.8681
14.0606
12.1662
32.518
4506.39
2311.48
1848.71
1158.61
417.546
303.667
669.489
179.631
130.376
112.588
65.7282
7094.95
1784
149.193
319.661
846.551
368.376
298.219
142.927
38.0139
44.2617
111.805
125.095
7433.2
3264.2
3075.52
1489.63
883.946
1546.84
183.287
85.5824
308.129
4027.5
2374.66
1248.74
603.617
245.176
2071.57
1076.96
558.5
257.068
83.8206
71.2894
44.9951
24.8841
11.7785
3.41628
18.954
12.3237
6.98962
3.37026
0.983007
10.3109
6.69414
3.7835
1.81688
0.527972
9.08755
6.01862
3.46728
1.69082
0.495255
23.6935
15.2915
8.604
4.12015
1.19663
2076.82
1055.72
520.968
248.998
117.204
833.674
377.532
155.958
68.4812
25.7374
898.907
429.967
209.433
93.4148
31.6634
424.075
186.54
77.7452
31.063
9.81627
144.011
61.6128
24.844
9.19472
2.49668
185.632
102.47
50.5336
22.0089
6.22574
358.344
181.063
86.9134
37.6591
11.0287
91.8315
44.079
20.0506
8.23139
2.26702
84.8347
49.148
25.1511
11.2193
3.16769
70.22
39.1506
19.3324
8.36854
2.31764
43.6192
25.6561
13.2665
5.94919
1.67258
3479.9
1827.42
943.072
443.847
195.302
979.531
525.41
267.468
120.542
39.4083
97.5127
57.1279
29.653
13.4052
3.85643
212.014
126.435
66.8047
30.6376
8.92238
535.364
310.775
161.509
73.4152
21.9683
246.374
148.219
78.9692
36.4472
10.6265
203.473
124.424
67.1376
31.2428
9.08043
99.4429
61.5561
33.4625
15.637
4.51949
26.4669
16.2908
8.76857
4.05461
1.15822
31.716
20.1287
11.1535
5.27813
1.52563
75.7518
45.6247
24.175
11.0734
3.17126
86.4786
53.1861
28.7378
13.3664
3.85758
3775.34
2131.28
1124.75
525.99
213.838
1716.55
917.702
476.765
218.914
73.5118
1704.34
981.88
496.557
221.946
71.6245
901.283
506.928
264.417
120.7
37.288
571.035
337.558
177.761
81.4301
24.1871
928.578
521.2
270.778
123.011
37.5337
124.491
75.5601
40.4489
18.7043
5.41538
61.4242
39.0652
21.7023
10.2953
2.98015
210.831
128.816
69.3581
32.2134
9.32907
10211.2
20500.3
23018.1
64328.4
20798.5
78200.1
10705.6
25120.7
21989.8
17871.4
37950
32410.9
19552.8
16891.3
38849.5
29743.7
8063.96
6544.42
15710.7
11744.1
19736.6
15586.6
53552.4
42321.3
31215.1
22368.7
35342.4
21791.9
3830.74
9751.85
78179
100462
48623.5
60713
94244.6
119824
46603.2
55122.6
62840.1
85528.2
53867.2
71644
38137.9
55262.9
4874.37
1549.82
8040.07
2916.12
16866.9
8167.74
33772.4
12874.2
10093
5856.45
19346.8
6784.23
37872.1
12893.4
49039.4
17713.3
26032.5
15588.1
33418.7
20105.9
19252.3
13755
25248
17219
32445.1
21302
25030.3
16399.3
39685.7
23754.8
42103.3
24863.7
31667.8
19984.1
34140.2
20780.3
38572.1
25244
41338.8
26725.7
38656
20265.8
22839.7
34057.3
33853.7
21150.5
18706.6
33433.6
43225.1
20459.5
26215.7
34809.5
46138.5
20985.9
28500
36133.1
3034.57
2884.28
1197.57
4202.08
11864.3
12472.8
8410.06
17583
10678.4
11962.7
14736.4
27546.1
15543
8733.89
18353.3
25458.8
21984.6
5353.53
8564.88
13482.5
25685
33575.6
14115.2
17064.7
18030.5
20612.1
43483.8
2944.42
1825.64
2126.75
1933.67
10366.5
6611.8
10497.2
7736.7
6602.6
3469.76
14421.7
9707.16
6923.56
5373.21
8641.33
6321.44
12147.5
7567.25
16665.8
10758.8
23250.4
15038.3
9612.68
5962.08
12103.2
5704.17
14006.2
6457.35
17520.5
8252.75
30345.2
14205.4
11562
3261.91
11781
7133.87
10249.1
8175.62
11207.3
10021.4
14543.2
8811.96
14767.7
3458.2
11608.9
10714.6
11830.7
11646.3
11567.4
12449.1
12073.3
13547.5
14175.1
13171.4
14319
14047.4
22699.9
11148.3
35998.3
12195.4
20591.5
4576.9
32603.7
5883.16
22683.2
14446
36909.1
13630.1
21409.2
16156.1
34886.4
16161.9
1315.55
1104.21
1337.63
1341.99
4270.25
2950.48
4777.83
3832.29
1825.14
1925.36
5878.84
4686.82
3714.14
2067.86
4694.45
2413.84
4813.47
2665.3
6993.88
4369.33
10061.6
5782.51
5665.31
2482.61
4285.03
1546.46
5424.56
1755.92
6562.92
1907
9374.87
1792.6
6114.27
8330.66
5790.33
10169.1
11688.1
12480.6
14632.7
18187.9
723.115
277.55
317.232
81.5864
2967.6
1384.9
2244.88
554.197
1179.56
1691.82
6888.19
6355.81
2117.91
1817.07
11059.3
12666
21825.9
26101.8
-214.218
-3281.15
6459.74
6899.11
4555.45
3706.48
409.006
241.62
394.379
227.383
1037.05
249.6
378.2
7.35163
4118.62
969.578
3930.97
894.303
5578.48
1265.54
7217.57
1514.69
5443.07
6963.71
7770.04
7957.17
10201
10840.9
14924.9
12661.5
4343.83
4772
3411.79
4315.51
9440.14
8584.6
10985.4
9000.33
18267.4
13963.3
20378
14558.5
4917.81
5051.29
5607.91
5284.48
117.436
266.238
2443.42
721.726
90.9386
230.602
2214.06
645.268
265.988
334.537
2603.57
788.825
432.172
366.53
2667.54
804.955
349.468
281.191
200.445
139.947
930.477
720.425
241.983
156.768
3456.29
2613.85
749.966
571.778
2623.17
3797.67
2266.2
-139.879
92.2676
603.949
1110.38
2399.73
-701.77
-34.2066
11774.7
7534.78
4580.57
2392.69
684.464
196.512
101.156
94.9246
59.3168
539.125
293.531
138.257
102.17
1859.32
1111.39
420.688
299.194
3002.21
2773.01
1582.02
1646.74
1981.62
1360.63
213.597
215.15
174.154
172.517
6209.65
3212.86
3711.47
1656.69
2091.37
943.019
1012.4
444.6
242.702
138.529
3662.91
2188.4
4945.98
2259.37
6338.69
4070.09
7922.48
4378.47
2775.82
1216.61
2015.38
1213.46
5597.37
2057.58
6105.07
2248.66
8735.13
4453.49
9379.71
4835.41
3203.3
1088.77
3511.98
1195.03
1345.82
629.259
328.65
272.16
1071.98
642.969
323.821
283.228
1471.38
610.357
331.571
294.734
1743.24
647.321
495.585
300.759
45.8987
33.3074
35.0767
27.6574
187.706
145.292
69.0537
53.1351
657.829
413.054
146.691
55.5356
2140.3
1115.92
1367.07
631.655
822.113
415.941
197.662
116.784
120.278
46.8995
2130.23
821.536
911.571
333.193
520.428
200.902
235.171
84.2196
101.432
6.12165
9.55977
2.02119
0.42172
0.0635684
-4.71635
-0.557109
-0.296072
-0.103553
32.37
6.78481
0.523063
-0.0595055
0.209807
1.45596
-1.04848
-0.410127
73.5535
13.4391
0.916636
-0.260073
45.6553
9.33127
0.976604
0.0390346
48.1231
7.90825
1.4206
0.269588
58.2396
9.11431
0.777863
0.0138351
138.906
24.3085
4.17532
0.686501
142.553
24.6581
4.67364
0.638728
114.951
19.8434
2.90556
0.189489
123.088
21.0235
4.43301
0.725784
145.695
24.8748
3.37617
0.362909
155.815
27.0337
4.83737
0.594841
148.762
25.0883
3.04223
0.236917
162.17
28.1993
5.00426
0.641195
10.1961
2.05249
0.339969
0.0408185
6.73794
1.28542
0.348369
0.0533485
27.056
5.52174
0.672177
0.0246284
17.5184
3.40955
0.884748
0.135476
76.5857
13.9468
2.07946
0.227326
60.6916
10.6875
2.08218
0.277567
73.3246
12.3452
1.74109
0.101521
51.8297
8.55707
1.99758
0.292339
117.808
19.6938
4.08703
0.514376
4.09221
0.730986
0.151946
0.0172709
0.608929
0.09392
0.0207997
0.00571531
16.8849
2.95681
0.724219
0.10982
4.34655
0.688259
0.183461
0.0386068
35.9388
5.87783
1.34142
0.208036
12.3298
1.8285
0.372348
0.0740049
57.9494
9.08386
1.9351
0.280875
24.6265
3.45625
0.631533
0.118612
76.3573
12.0151
2.83902
0.450986
31.3371
4.37889
0.897131
0.164431
100.764
16.2589
3.50625
0.549061
36.7617
5.61471
1.10137
0.207029
93.2782
14.8175
3.36799
0.562821
36.2999
5.3527
1.04953
0.193759
107.328
17.4
3.62488
0.572721
38.4189
5.85375
1.08863
0.212491
112.118
18.2029
3.72025
0.614233
41.2348
6.21609
1.11931
0.22089
0.00136796
-8.44043e-05
-3.63782e-05
-8.17067e-06
-1.74204e-06
-0.0077803
-0.00091334
-0.000125001
-1.85685e-05
-3.14332e-06
0.0040436
0.000478827
6.07621e-06
-8.92643e-06
-2.87515e-06
-0.00735461
-0.000599528
-0.000115066
-2.26243e-05
-4.48945e-06
0.0113298
0.00156636
0.000119612
1.665e-06
-1.91532e-06
0.00795484
0.000638872
-4.40646e-06
-1.26619e-05
-3.49731e-06
0.0173982
0.00166746
0.000160593
1.52935e-05
1.63512e-06
0.0142946
0.00203627
0.000241489
2.62385e-05
2.97418e-06
0.0368816
0.00312287
0.000255388
1.66833e-05
2.0732e-07
0.0248668
0.00222727
0.000197075
1.61664e-05
1.13374e-06
0.0143174
0.000995765
1.58893e-05
-1.16445e-05
-3.56689e-06
0.0183096
0.0014137
0.000103696
5.2755e-06
-3.10559e-07
0.0379818
0.00400127
0.000399338
3.74275e-05
3.43954e-06
0.0231159
0.00238823
0.000237558
2.26396e-05
2.20208e-06
0.0357866
0.00424664
0.000458158
4.50391e-05
4.20564e-06
0.0234065
0.00245792
0.000252032
2.44295e-05
2.31881e-06
0.00270314
1.01867e-05
-3.31143e-05
-8.11605e-06
-1.71238e-06
-0.000550086
-0.000394347
-8.16449e-05
-1.36188e-05
-2.35717e-06
0.00221972
-0.000226384
-0.00010017
-2.20502e-05
-4.5357e-06
-0.00463744
-0.00125568
-0.000226463
-3.63617e-05
-6.23604e-06
0.0175955
0.00127877
5.34102e-05
-6.7288e-06
-2.96477e-06
-0.00654017
-0.0014768
-0.000253603
-4.06059e-05
-7.03887e-06
0.00291238
-0.00036179
-0.000125124
-2.58086e-05
-5.10816e-06
-0.00917622
-0.0013741
-0.000205569
-3.09428e-05
-5.17155e-06
0.00329805
-0.000118612
-6.12566e-05
-1.30142e-05
-2.56434e-06
-135.377
248.572
-264.251
931.171
-466.714
1428.26
-788.867
1727.6
-832.101
1248.66
1424.17
3700.18
70.7297
1461.64
1728.49
4464.78
2046.57
4599.21
2558.1
1265.87
889.624
730.487
639.923
778.853
571.064
325.298
273.828
227.849
9177.25
4545.36
3202.94
2632.98
2309.24
2484.55
1564.13
1140.82
921.78
792.896
15499.9
7669.18
5406.5
4444.88
3896.18
4276.1
2652.25
1899.09
1532.54
1316.77
21482.6
10622.6
7494.53
6162.8
5402.87
5823.28
3586.84
2560.25
2062.57
1771.92
28092.6
13917.1
9837.04
8102.6
7120.42
7507.58
4641.45
3327.34
2697.59
2334.74
35899.4
18190.1
12898.3
10629.5
9353.21
10348.7
6169.45
4398.84
3573.62
3092.39
32518.1
16349.1
11567.3
9526.79
8382.21
8846.78
5369.43
3834.8
3118.76
2707.11
37598.6
19146.6
13590.6
11201.1
9850.98
11125.7
6578.17
4689.24
3814.87
3303.61
39303.6
19946.5
14169.4
11680.6
10271.3
11502.6
6845.07
4893.02
3935.66
3414.22
1430.2
12088.2
10099.5
2869.77
1874.57
919.804
4634.54
3230.92
10008.9
9788.38
4595.29
3318.12
0.0351616
0.11193
0.389744
1.29824
4.17006
12.9067
0.0409898
0.185701
0.731809
2.47151
7.37352
19.5825
0.0163752
0.00554081
0.0578321
0.0261011
0.219122
0.120201
0.783671
0.504936
2.51826
1.60311
8.34126
4.65834
36.3866
92.0601
216.5
683.193
1354.69
1921.22
45.9263
94.5967
171.814
288.071
452.993
577.527
0.0277251
0.0195964
0.0120829
0.00624642
0.00189346
0.087571
0.0612895
0.0373867
0.0191448
0.00577008
0.302419
0.20952
0.126432
0.0641356
0.0192212
0.997401
0.682875
0.407037
0.204322
0.0608566
3.16358
2.1348
1.25412
0.621962
0.18397
9.63374
6.38622
3.68814
1.8041
0.529731
0.0321479
0.0225704
0.013815
0.00709564
0.00214234
0.1444
0.100307
0.0606977
0.0308644
0.00926264
0.564298
0.388027
0.232319
0.117059
0.0349408
1.88763
1.28342
0.759598
0.379037
0.112505
5.56954
3.73922
2.18553
1.0794
0.318546
14.6001
9.6633
5.57187
2.72224
0.798793
0.0129795
0.00923568
0.00573683
0.00298533
0.000908559
0.00440429
0.00314579
0.00196229
0.00102498
0.000312628
0.0454781
0.0320367
0.0196812
0.0101414
0.00306795
0.0205988
0.0145784
0.00900187
0.00465949
0.00141328
0.170885
0.119136
0.0723744
0.0369281
0.0111054
0.09412
0.0659508
0.0402807
0.0206484
0.00622616
0.605197
0.416897
0.250068
0.126198
0.0377051
0.391762
0.271347
0.163659
0.0829684
0.0248528
1.92157
1.305
0.771384
0.384447
0.114026
1.23144
0.84244
0.501435
0.25129
0.0747551
6.26408
4.17739
2.42493
1.19058
0.350201
3.53093
2.37659
1.39087
0.68705
0.202714
26.6024
17.2641
9.78012
4.7139
1.37478
65.5485
41.497
23.0209
10.9292
3.17237
149.032
91.7504
49.8114
23.3096
6.76516
447.128
266.126
141.291
65.2661
19.2025
825.456
472.953
246.452
113.035
34.4521
1128.8
636.522
328.848
150.451
46.6141
33.7125
21.9554
12.4751
6.02696
1.75909
68.127
43.5543
24.3585
11.6334
3.38048
120.763
75.5545
41.5336
19.6047
5.683
195.888
119.41
64.4067
30.0425
8.72747
293.006
172.705
91.2654
42.1306
12.4023
362.093
209.391
109.394
50.2372
14.9238
0.0350382
0.111321
0.387603
1.2911
4.14669
12.824
0.0407957
0.184602
0.727414
2.45635
7.32606
19.4503
0.0163212
0.00552743
0.0575649
0.0260975
0.218246
0.120955
0.780978
0.512105
2.51667
1.68002
8.32476
4.92399
36.116
91.2858
214.418
675.383
1340.3
1913.48
45.6011
93.9079
170.538
285.773
449.574
575.795
0.0276354
0.0195411
0.0120553
0.00623567
0.00189092
0.0871369
0.0610296
0.0372635
0.0191007
0.00576069
0.300939
0.208681
0.126073
0.0640318
0.0192062
0.992695
0.680424
0.406175
0.204203
0.0608852
3.14906
2.12811
1.25254
0.622388
0.184345
9.58444
6.36523
3.68466
1.80679
0.531427
0.0320076
0.0224844
0.0137724
0.0070792
0.0021385
0.143617
0.0998371
0.0604738
0.030783
0.00924491
0.561219
0.386231
0.231501
0.116784
0.0348872
1.8772
1.27751
0.757037
0.378258
0.112376
5.53738
3.7214
2.17808
1.07729
0.318247
14.5118
9.61522
5.55227
2.71697
0.798139
0.0129406
0.00921205
0.00572542
0.00298114
0.000907636
0.00439539
0.00314119
0.00196082
0.00102497
0.000312776
0.0452934
0.0319327
0.019638
0.0101301
0.0030668
0.0206108
0.0146019
0.00902813
0.00467925
0.00142053
0.170335
0.118886
0.0723257
0.0369572
0.0111252
0.0948119
0.0665364
0.0407153
0.0209107
0.00631326
0.603847
0.416663
0.250449
0.126656
0.0378966
0.398034
0.276358
0.167174
0.0849982
0.0255113
1.92408
1.31001
0.776722
0.388295
0.11542
1.29431
0.888748
0.531351
0.267446
0.0798124
6.26747
4.19401
2.44468
1.20516
0.355449
3.74807
2.53716
1.49479
0.743074
0.220125
26.444
17.1984
9.77
4.72259
1.38005
65.106
41.3183
22.9952
10.9536
3.1868
147.859
91.2705
49.7266
23.3579
6.79711
442.624
264.044
140.647
65.2098
19.2397
816.486
468.084
244.307
112.324
34.3087
1123.79
633.661
327.494
149.939
46.4915
33.4979
21.8401
12.4286
6.01459
1.75758
67.6798
43.3175
24.2647
11.609
3.37769
119.953
75.1345
41.3716
19.565
5.6792
194.449
118.663
64.1114
29.964
8.71753
290.79
171.467
90.6994
41.9299
12.358
360.952
208.733
109.075
50.114
14.8946
7834.64
4126.27
99.6393
25.7914
15.6751
13.0274
32.7548
4473.24
2913.84
1938.4
1595.4
337.449
844.858
168.136
190.42
94.8574
6928.28
1776.99
160.71
323.986
843.646
366.808
295.506
143.68
46.3567
48.072
125.47
128.911
7298.74
3216.88
3016.34
1465.18
873.093
1523.18
183.254
86.3674
307.849
3999.43
2358.3
1240.9
600.653
244.518
2059.35
1070.49
555.533
256.001
83.5679
70.9632
45.0062
25.0365
11.9192
3.47033
18.9608
12.3838
7.06188
3.42313
1.0019
11.6007
7.62048
4.36426
2.12114
0.620945
9.78207
6.52435
3.78961
1.86236
0.54816
24.0192
15.6315
8.87957
4.28982
1.25275
2247.04
1213.65
627.803
305.043
138.235
1468.98
812.754
419.015
197.433
67.7265
1034.7
542.691
282.121
129.721
42.2618
797.643
427.18
219.865
99.6831
29.8814
218.203
128.394
67.4456
30.7567
8.81097
497.847
275.372
142.666
64.6173
18.6986
114.596
69.8941
37.6269
17.4609
5.01575
129.135
78.4334
42.0751
19.4713
5.58487
66.0685
40.9523
22.3018
10.4301
2.99824
3465.46
1861.09
980.915
469.076
205.954
1003.4
554.61
289.998
133.32
43.5296
108.123
65.4937
35.157
16.3186
4.74257
218.321
132.7
71.5421
33.3759
9.80002
542.589
321.175
170.324
78.7308
23.7198
247.587
150.643
81.2635
37.9233
11.1254
202.613
124.717
67.8291
31.8079
9.28993
100.819
63.0865
34.7122
16.4
4.77079
33.0218
20.8933
11.5776
5.48783
1.58929
34.8136
22.3945
12.596
6.04128
1.76021
87.0988
53.9677
29.4395
13.8102
4.00017
90.2754
56.4114
31.0082
14.6397
4.25971
3697.66
2091.3
1107.6
521.162
213.535
1690.06
904.575
471.349
217.364
73.226
1697.55
991.286
509.712
231.302
75.184
890.935
504.553
265.377
122.148
37.9213
567.753
338.452
179.983
83.2121
24.8503
921.869
522.777
274.788
126.208
38.7476
125.624
77.1556
41.8584
19.5933
5.71265
62.3897
40.0156
22.4459
10.7437
3.12721
212.352
131.083
71.3928
33.5049
9.76214
5.72932
19.9355
43.5646
82.6209
139.795
215.033
4573.52
12786.4
10787.5
3965.54
15772.3
14515.7
13410.2
13805.6
4484.59
3184.33
11706.7
6452.31
18840.6
17661.4
1065.47
3536.97
10071.3
8192.96
2973.97
12505.3
11042.2
10277.5
10372.1
3653.39
1796.83
10086.4
3209.63
13717.4
11478.3
-1963.57
2281.58
6641.41
5115.78
1820.94
8431
5814.75
6667.57
6297.35
2499.21
1679.82
6582.61
3556.33
8952.16
4715.48
-1921.09
1289.43
3910.94
2801.97
982.594
4753.73
2413.68
3766.14
3402.72
1551.91
1475.9
4139.6
3025.81
5549.18
1540.46
-1225.17
721.436
2274.45
1509.79
526.767
2354.94
922.166
2070.82
1908.19
914.374
1396.52
2241.69
2477.91
3234.63
412.216
191.09
413.779
1267.36
827.587
286.579
1315.75
779.419
1117.44
1132.76
490.165
1008.46
1159.61
1899.64
2589.11
1150.15
1205.01
1377.12
3585.11
6698.32
2479.17
5156.96
7606.77
8886.94
10888.7
651.026
223.058
2726.99
942.606
1281.06
5675.26
1743.76
1160.47
3023.56
5351.58
1967.64
4273.48
6130.21
7151.45
8203.13
571.675
97.3084
2468.16
601.289
521.261
4647.51
620.419
815.074
2122.17
3510.25
1277.28
3053.39
3982.94
4788.81
5351.96
384.544
73.6616
1579.26
428.95
422.218
2505.77
253.734
464.136
1270.45
1937.07
699.333
1826.74
2146.73
2787.58
2999.53
214.203
46.6499
928.204
256.642
192.357
1327.27
68.7055
248.472
700.668
1031.72
371.291
909.105
1035.62
1526.11
1658.95
106.373
57.3759
462.022
194.416
75.796
642.185
83.7815
127.682
335.155
546.142
195.652
445.674
660.665
798.08
973.538
58.1943
54.9168
217.411
137.234
92.7484
499.535
185.538
)
;

boundaryField
{
    patch1
    {
        type            calculated;
        value           nonuniform List<scalar> 
2440
(
-16110.8
-3536.99
-1547.08
-183.322
-85.5991
-308.187
-1523.53
-183.309
-86.3943
-307.937
16104
3520.24
1546.84
183.287
85.5824
308.129
1523.18
183.254
86.3674
307.849
-12449.7
-27705.5
-42948.6
-31009.1
-24430.5
-36606
-31787.5
-14404.9
-344.197
1970.26
7710.51
860.717
-6189.3
630.797
11203.3
16627.1
6883.06
-7878.93
-4147.39
-100.47
-25.8727
-14.0637
-12.1687
-32.5245
-4507.19
-2311.95
-1849.09
-1158.83
-417.616
-303.74
-669.637
-179.67
-130.408
-112.616
-65.7445
-7096.02
-1784.32
-149.226
-319.727
-846.716
-368.444
-298.27
-142.955
-38.0229
-44.2713
-111.83
-125.121
-7434.05
-3264.6
-3076.01
-1489.86
-884.093
308.533
-0.0163778
-0.00554168
-0.0578407
-0.0261051
-0.219156
-0.120221
-0.783797
-0.505026
-2.51869
-1.60341
-8.34273
-4.65927
-0.0163247
-0.00552868
-0.0575786
-0.0261041
-0.2183
-0.120988
-0.78118
-0.512256
-2.51736
-1.68055
-8.32711
-4.92564
-7835.54
-4126.79
-99.6659
-25.7988
-15.6809
-13.0319
-32.7655
-4474.38
-2914.38
-1938.92
-1595.66
-337.558
-845.083
-168.195
-190.487
-94.8921
-6929.81
-1777.47
-160.763
-324.089
-843.895
-366.911
-295.584
-143.724
-46.3739
-48.0889
-125.513
-128.953
-7299.84
-3217.4
-3017.06
-1465.5
-873.307
11322.5
27773.5
42997.9
31023.2
24451.4
36681.5
31840.4
12349
343.481
-1714.09
-7742.08
-917.312
6168.63
-650.414
-11250.9
-16554.8
-5907.27
7878.11
4146.93
100.453
25.8681
14.0606
12.1662
32.518
4506.39
2311.48
1848.71
1158.61
417.546
303.667
669.489
179.631
130.376
112.588
65.7282
7094.95
1784
149.193
319.661
846.551
368.376
298.219
142.927
38.0139
44.2617
111.805
125.095
7433.2
3264.2
3075.52
1489.63
883.946
-309.679
0.0163752
0.00554081
0.0578321
0.0261011
0.219122
0.120201
0.783671
0.504936
2.51826
1.60311
8.34126
4.65834
0.0163212
0.00552743
0.0575649
0.0260975
0.218246
0.120955
0.780978
0.512105
2.51667
1.68002
8.32476
4.92399
7834.64
4126.27
99.6393
25.7914
15.6751
13.0274
32.7548
4473.24
2913.84
1938.4
1595.4
337.449
844.858
168.136
190.42
94.8574
6928.28
1776.99
160.71
323.986
843.646
366.808
295.506
143.68
46.3567
48.072
125.47
128.911
7298.74
3216.88
3016.34
1465.18
873.093
-39054.5
-10295.4
2.21072e-05
1.62309e-05
5.20457e-06
2.59784e-06
-215.101
-1148.38
-1202.45
-499.329
-185.602
39051
10272.9
-2.20489e-05
-1.62081e-05
-5.17155e-06
-2.56434e-06
215.033
1150.15
1205.01
499.535
185.538
-34347.3
1205.71
191.226
254.257
1774.71
-406.833
-430.64
-480.117
-464.925
-254.71
-489.033
2423.63
3230.21
-724.513
-806.47
-376.176
-423.766
-528.443
-479.584
-979.274
-782.263
-1192.66
-1058.15
-284.45
-474.516
-673.064
-1127.55
-948.024
-689.362
-636.237
-743.205
-830.711
-888.394
-2282.42
1.77788
0.487425
7.49758
1.7313
13.7036
2.45408
-10.459
49.7507
25.8493
19.017
0.959267
-113.42
13.1461
11.5861
7.19595
1.23383
0.00656003
0.018239
-0.0157893
0.0383888
-0.0785847
0.0389927
-0.148236
0.009752
-0.31379
-0.0400602
-0.469166
-0.155145
-0.439356
-0.103276
-0.531468
-0.189732
-0.602475
-0.21513
1.11046e-05
1.81913e-05
2.36016e-05
3.61119e-05
2.68437e-05
4.41871e-05
1.77481e-05
6.47607e-06
2.44209e-05
8.21327e-06
3.43688e-05
1.04683e-05
1.04367e-05
5.32759e-06
1.8539e-06
1.92742e-07
8.97665e-06
8.80683e-06
2.24443e-05
2.24684e-05
2.36176e-05
2.90016e-05
3.01434e-05
-736.321
-269.255
-2275.74
-767.196
-3895.78
-1303.72
-5401.19
-1756.85
-7117.64
-2317.08
-9353.75
-3082.95
-8381.68
-2689.28
-9851.45
-3300.02
-10271.1
-3413.47
-180.943
129.057
-1302.67
3565.54
10859.3
8248.77
3030.37
7041.26
16465.7
20818
9494.05
1296.23
345.57
490.646
2124.21
-320.359
-406.813
-382.204
-440.866
-44.8678
-361.268
2799.09
3391.66
-644.382
-758.406
-356.822
-412.543
-1187.69
-1434.11
-2965.67
-3830.22
-1924.5
-4685.4
-2067.66
-2413.49
-2664.94
-4369.24
-5782.14
-2482.72
-1546.38
-1755.8
-1906.93
-1792.41
-40.6088
-30.5311
-142.872
-52.2869
-412.903
-55.5225
-1115.76
-631.518
-415.852
-116.702
-46.8909
-821.512
-333.134
-200.857
-84.1844
-6.11117
-0.0226176
-0.00773904
-0.106442
-0.0376116
-0.207855
-0.0737112
-0.280632
-0.11837
-0.450757
-0.16423
-0.548966
-0.206971
-0.562632
-0.193626
-0.572777
-0.212506
-0.614477
-0.220978
1.87214e-06
3.45813e-06
2.9318e-06
4.57472e-06
1.94716e-06
3.57904e-06
-1.58117e-06
-2.94157e-06
-1.50011e-07
-1.1092e-06
3.63787e-06
3.33698e-07
-3.39971e-06
-2.1784e-06
-4.18197e-06
-2.30871e-06
1.83558e-06
2.5412e-06
4.57351e-06
6.25461e-06
2.98813e-06
7.07118e-06
5.16269e-06
-736.061
-269.125
-2275.81
-767.753
-3896.43
-1304.14
-5401.5
-1756.95
-7118.22
-2317.2
-9353.92
-3082.87
-8382.04
-2689.36
-9851.46
-3300.02
-10271.4
-3413.58
309.04
2124.95
-99.0118
60.4785
93.1407
-1741.83
-1063.96
-452.349
-1265.25
-826.044
-313.251
-1313.92
-778.322
-1116.27
-1132.07
-535.235
-1086.78
-1166.06
-1918.53
-2586.56
-139.394
-334.601
-545.163
-213.749
-445.208
-660.355
-797.312
-973.085
-65.8219
-62.147
-215.088
-135.195
-92.568
34349.7
-1206.02
-191.543
-254.672
-1775.21
406.703
430.629
479.97
464.922
254.334
488.787
-2424.2
-3230.55
724.385
806.388
376.174
423.769
475.815
444.307
983.548
785.015
1193.68
1059.36
284.429
474.528
673.171
1128.13
948.615
689.272
636.193
743.226
830.845
888.545
2254.22
-1.6744
-0.47701
-7.46039
-1.71295
-13.6921
-2.45132
10.4589
-49.742
-25.8438
-19.0094
-0.959078
113.399
-13.1452
-11.5845
-7.19435
-1.23408
-0.00786113
-0.0173256
0.0195632
-0.0369274
0.078891
-0.0385771
0.148172
-0.0096544
0.313402
0.0399548
0.468579
0.154885
0.438771
0.103046
0.530939
0.189512
0.602061
0.214973
-9.93917e-06
-1.63542e-05
-2.33302e-05
-3.58111e-05
-2.67445e-05
-4.40953e-05
-1.77427e-05
-6.48364e-06
-2.43756e-05
-8.20018e-06
-3.43051e-05
-1.04465e-05
-1.04274e-05
-5.32878e-06
-1.85297e-06
-1.93287e-07
-7.95794e-06
-7.78703e-06
-2.21911e-05
-2.22484e-05
-2.351e-05
-2.88789e-05
-3.00792e-05
639.98
226.028
2308.55
786.114
3894.47
1306.16
5401.06
1757.88
7117.7
2317.48
9353.8
3082.97
8381.76
2689.41
9851.48
3300.03
10271.2
3413.48
179.338
-134.858
1292.79
-3192.58
-10883
-8297.8
-3049.36
-7058.11
-16511
-20734.4
-8203.25
-1296.43
-345.998
-491.086
-2124.47
320.128
406.765
381.995
440.835
44.5322
361.066
-2799.4
-3391.88
644.232
758.323
356.804
412.541
1104.29
1342.09
2950.48
3832.29
1925.36
4686.82
2067.86
2413.84
2665.3
4369.33
5782.51
2482.61
1546.46
1755.92
1907
1792.6
33.3098
27.6581
145.292
53.1351
413.054
55.5356
1115.92
631.655
415.941
116.784
46.8995
821.536
333.193
200.902
84.2196
6.12165
0.0172709
0.00571531
0.10982
0.0386068
0.208036
0.0740049
0.280875
0.118612
0.450986
0.164431
0.549061
0.207029
0.562821
0.193759
0.572721
0.212491
0.614233
0.22089
-1.74204e-06
-3.14332e-06
-2.87515e-06
-4.48945e-06
-1.91532e-06
-3.49731e-06
1.63512e-06
2.97418e-06
2.0732e-07
1.13374e-06
-3.56689e-06
-3.10559e-07
3.43954e-06
2.20208e-06
4.20564e-06
2.31881e-06
-1.71238e-06
-2.35717e-06
-4.5357e-06
-6.23604e-06
-2.96477e-06
-7.03887e-06
-5.10816e-06
639.745
225.904
2308.62
786.67
3895.13
1306.58
5401.37
1757.98
7118.28
2317.6
9353.97
3082.89
8382.12
2689.49
9851.49
3300.02
10271.4
3413.59
-308.897
-2131.38
98.7081
-109.829
-32.1809
1848.37
886.381
413.723
1267.32
827.486
286.468
1315.75
779.419
1117.44
1132.76
490.165
1008.46
1159.61
1899.64
2589.11
127.663
335.141
546.072
195.575
445.674
660.665
798.08
973.538
58.1943
54.9168
217.411
137.234
92.7484
-20271.3
1399.62
-215.101
20268.2
-1399.6
215.033
-29783.9
-32737.1
-26507.6
-29337.7
-11274.4
-9464.9
-26508.4
-23019.2
-10715.2
-11728.4
-27859.7
-28604.7
-29119.1
-29217.4
-10343.5
-2274.18
-22063
-7153.59
-4568.08
-17506.7
-11631.4
-17160.6
-10714.3
-2362.28
-1229.94
-548.131
-6299.8
-2556.53
-963.724
-5254.81
-2055.25
-951.848
-11176.2
-13497.3
-16575.1
-20762.1
426.549
-113.473
-1762.64
-1451.59
207.197
144.135
809.204
523.459
345.614
340.273
2430.33
1395.32
2150.64
57.7453
24.7317
206.716
94.2066
219.82
130.256
7.82567
3.15676
1.9295
30.7214
14.2555
7.36047
53.889
25.981
11.9874
36.3185
362.639
899.584
1614.52
1654.93
-123.113
477.641
-102.459
-16.2766
326.582
1049.7
1724.51
2281
2021.21
-46.3158
643.599
-72.2151
-8.71217
29804.6
32740.4
26511.7
29334.9
10401.8
8795.21
26516.3
22974.3
10043.4
10888.8
27756.8
28520.5
29108.9
29205.8
10342.2
2273.99
22060
6502.33
4103.33
17586.3
11692.1
17152.1
10713.1
2067.99
1088.56
494.165
6354.74
2575.5
967.719
5256.25
2056.71
952.601
11144.5
13478
16560.7
20751.1
-340.129
94.2519
1748.71
1488.81
-193.985
-135.52
-801.945
-518.498
-345.607
-340.187
-2430.31
-1395.28
-2150.55
-55.7043
-23.725
-204.155
-93.1299
-219.683
-130.125
-7.65345
-3.01342
-1.8112
-30.3006
-14.1453
-7.32727
-53.835
-25.9587
-11.9791
-93.5741
-315.488
-888.409
-1611.62
-1654.54
122.965
-477.798
102.399
16.2705
-351.859
-1007.91
-1715.51
-2278.63
-2020.83
46.186
-643.708
72.1544
8.70386
1230.79
2339.55
0.0369723
0.00553412
0.000879943
0.000140448
2.50805e-05
0.0243264
0.0048722
0.00088268
0.000151179
2.82277e-05
-1003.87
51.5579
2111.33
8654.27
1578.61
173.309
-0.0163397
-0.00196127
-0.000267857
-3.79971e-05
-6.0602e-06
-0.000348737
-0.000649535
-0.00014559
-2.58597e-05
-4.65692e-06
5.72932
19.9355
43.5646
82.6209
139.795
-1775.43
-1290.53
-7477.34
-5468.88
-17252
-11554.3
-734.583
-305.014
-127.674
-3060.88
-1229.16
-508.782
-5618.21
-2109.21
-823.633
0
0
0
0
0
0
0
0
-1162.24
-208.069
-218.808
-42.4091
8.86705
1.15387
-0.777976
-0.287876
0.329258
-0.107697
-0.134648
-0.0338319
-0.00513106
-7.95321e-05
2.27838e-06
-2.39607e-06
-1.30034e-06
-0.00392907
-0.000635175
-0.00010989
-1.93536e-05
-3.84527e-06
-0.000816834
-0.0124926
-0.077977
-0.392452
-1.39779
-3.92295
-0.000649691
-0.000464526
-0.000290166
-0.000151784
-4.63376e-05
-0.00988151
-0.00701511
-0.0043475
-0.0022581
-0.0006864
-0.0612095
-0.0430334
-0.0263863
-0.0135761
-0.00410326
-0.305368
-0.212309
-0.128619
-0.0654793
-0.0196679
-1.07793
-0.741015
-0.443548
-0.223475
-0.0667297
-2.98979
-2.02661
-1.19558
-0.594977
-0.176364
-39.2479
-28.0639
-17.81
-9.88947
-4.69255
-1.35784
0
0
0
0
0
0
0
0
0
0
0
0
1467.68
232.689
329.777
59.092
-959.32
-652.769
-1567.79
-879.221
-936.893
-511.746
-343.148
-146.79
-63.4157
-410.714
-182.449
-81.8527
-244.267
-112.383
-53.3896
-16.5132
-3.6608
0.186278
0.168045
-0.987447
-0.540463
-0.0445933
-0.00312279
-0.0159398
-0.00416777
-0.000807312
-0.000141977
-2.69498e-05
-0.00389036
-0.00101204
-0.000211048
-3.93598e-05
-7.82917e-06
27.3323
18.97
11.6164
6.21211
2.85434
0.811069
0.000818358
0.0124556
0.077212
0.38552
1.29533
3.55658
0.000650307
0.000464349
0.000289563
0.000151207
4.61076e-05
0.00984388
0.00697997
0.00431916
0.00223998
0.000680205
0.060537
0.0424897
0.0259991
0.0133493
0.00402918
0.299407
0.207632
0.125393
0.0636411
0.019076
0.995881
0.681962
0.406313
0.203784
0.0606501
2.69838
1.81796
1.06484
0.526342
0.155349
-2111.56
-8655.53
-1585.88
-174.97
0.0163926
0.00197135
0.000269515
3.82503e-05
6.10242e-06
0.000418261
0.000662505
0.000147821
2.62192e-05
4.7201e-06
-5.73205
-19.9448
-43.5838
-82.6542
-139.846
-1230.71
-2339.3
-0.0369137
-0.00552287
-0.000878013
-0.000140139
-2.50262e-05
-0.0243173
-0.00486799
-0.000881746
-0.00015101
-2.81958e-05
1005.2
-50.7955
-12064.7
-17842.9
-29528
-35310
-33557.9
-40786.8
-16408.7
-18494.7
-1804.46
-988.117
-479.584
-5037.73
-2082.32
-782.263
-6334.59
-2381.08
-1058.15
-8652.04
-2856.67
-948.024
-11007.7
-3671.22
-888.394
939.143
220.735
-27.7756
391.515
-1043.52
88.5193
-243.039
-157.632
346.56
234.392
30.3037
5.29825
1.04229
0.206712
53.1556
8.81777
2.47249
0.580362
5.64584
1.11175
0.191093
0.0336335
15.8488
3.02818
0.484476
0.0850509
22.6425
4.17589
0.661175
0.115287
21.5411
4.093
0.670973
0.116458
13.7113
2.9916
0.524074
0.0968437
2.82084
0.761338
0.150903
0.0318872
4.97155
1.39358
0.286569
0.0603617
1.03537
0.292032
0.0545515
0.0128499
0.144211
0.0443416
0.0103142
0.00259162
0.0254395
0.00407381
0.000666334
0.000108257
1.95759e-05
0.0419589
0.00653399
0.00110621
0.000184921
3.41179e-05
0.0124832
0.00257887
0.00048034
8.37755e-05
1.58671e-05
0.0147733
0.003352
0.000641663
0.000112938
2.14426e-05
0.00743995
0.00150373
0.00028608
5.12191e-05
9.9437e-06
0.00169654
0.000347373
6.90335e-05
1.28974e-05
2.60164e-06
0.00983303
0.00191557
0.000329972
5.34309e-05
9.45594e-06
0.0290031
0.00505769
0.000831528
0.000132316
2.33005e-05
0.0379609
0.00626896
0.00102054
0.000163652
2.91988e-05
82.9781
407.424
758.838
1428.16
2348.12
-625.367
755.449
-808.103
-721.193
-70.4515
-152.785
-4.7226
-11.2487
-2.92272
142.635
60.237
44.2131
51.4539
58.8343
-23.6483
-39.5298
-0.0684596
21.0793
37.7672
-130.835
-90.4451
-15.4601
20.4723
44.6597
55.6979
-48.9675
-18.2288
-12.5101
-12.713
-886.384
-417.47
-235.635
-172.579
-135.091
-709.325
-381.328
-213.435
-154.248
-121.082
-736.924
-292.478
-140.568
-94.1928
-65.6432
-601.597
-213.487
-80.2689
-42.4024
-21.0287
11136.1
16966
19876.8
26229.8
23159.1
28987.3
9049.32
11845.8
-10.5163
-251.623
-111.352
-47.0861
-7.70311
-4.99426
-2.8187
-1.35194
-0.392683
-70.5144
-27.8552
-9.27407
-2.5885
-0.581716
-50.3241
-20.9398
-8.37983
-3.03529
-0.772694
-31.2916
-18.4025
-9.50076
-4.25058
-1.19187
-1467.98
-1434.01
-4745.6
-3830.22
-5878.83
-4685.4
-10061.8
-5782.14
-9374.84
-1792.41
136.448
129.631
-358.415
489.01
-238.472
406.898
-299.735
-198.655
241.184
138.244
14.3755
2.35637
0.565477
0.137842
27.5239
3.9595
1.7388
0.484495
1.80422
0.275736
0.0483559
0.00793568
4.23196
0.619225
0.0650307
0.0112164
1.64487
0.271119
0.0294908
0.0079943
-4.32574
-0.441733
-0.0203687
0.0014247
-6.48719
-0.722277
-0.0646846
-0.00607791
-1.10684
-0.162393
-0.0311392
-0.00625946
-5.36116
-0.737671
-0.0869618
-0.0111289
0.109423
0.0166864
-0.0101302
-0.00232043
0.0530794
-0.00133421
-0.0029521
-0.000902938
0.0119681
0.00146578
0.000195151
2.73653e-05
4.37078e-06
0.0182167
0.00183242
0.000247013
3.59948e-05
5.86387e-06
0.000534917
0.000239062
4.61689e-05
6.869e-06
9.28935e-07
-0.00288026
0.000138167
6.88855e-05
1.41281e-05
2.63855e-06
3.05803e-05
-6.87323e-05
-2.01397e-05
-4.735e-06
-1.17424e-06
-0.000631354
-0.000180156
-3.82147e-05
-7.26426e-06
-1.48842e-06
0.00235908
0.000619798
0.000111255
1.75292e-05
2.93442e-06
0.0104728
0.00185497
0.000289829
4.30626e-05
7.00586e-06
0.0142731
0.00214148
0.00031591
4.6451e-05
7.59549e-06
239.519
778.562
1219.31
1846.88
2592.63
-552.782
874.348
-780.401
-714.986
-30.0226
-148.912
-3.02407
-10.8173
-2.76831
243.844
75.7012
46.3534
51.3522
58.3259
100.287
-19.9607
2.95017
21.2111
37.2588
-18.4659
-72.7434
-13.1405
20.8037
44.9503
131.11
-36.0182
-16.3299
-12.3747
-12.7702
-868.325
-414.56
-235.248
-172.521
-134.941
-671.108
-374.721
-212.612
-154.041
-121.008
-730.309
-291.489
-140.354
-94.1428
-65.6077
-600.19
-213.288
-80.2338
-42.386
-21.0178
-0.00912685
-0.115682
-0.561918
-2.11092
-6.79464
-19.1418
-46.6778
-95.9794
-158.251
-183.458
-115.331
-16.7289
-0.00712547
-0.00497362
-0.00302479
-0.00154465
-0.000464723
-0.0898802
-0.0623724
-0.037703
-0.0191542
-0.00574524
-0.433198
-0.297805
-0.178261
-0.0898051
-0.0268039
-1.61206
-1.09595
-0.6486
-0.323639
-0.0960614
-5.13204
-3.44539
-2.01377
-0.994582
-0.293519
-14.2714
-9.44576
-5.4465
-2.66103
-0.780842
-34.2657
-22.3167
-12.6809
-6.12664
-1.78823
-69.1442
-44.2171
-24.7364
-11.817
-3.43425
-111.396
-69.7851
-38.4109
-18.1514
-5.26296
-125.657
-77.0134
-41.7409
-19.5466
-5.67398
-77.3161
-46.6249
-24.9979
-11.6384
-3.38508
-11.0941
-6.64034
-3.54485
-1.64823
-0.480209
-0.00902976
-0.114986
-0.5586
-2.09853
-6.75195
-19.0145
-46.3487
-95.2918
-157.213
-182.634
-115.575
-17.1565
-0.00705544
-0.00493089
-0.00300385
-0.00153671
-0.000462908
-0.0893877
-0.0620807
-0.0375671
-0.0191069
-0.00573556
-0.430889
-0.296475
-0.17767
-0.089617
-0.0267703
-1.60363
-1.09127
-0.64666
-0.323112
-0.0959957
-5.10336
-3.42974
-2.00746
-0.992956
-0.293347
-14.1869
-9.40021
-5.42835
-2.65645
-0.780384
-34.0479
-22.1989
-12.6329
-6.11342
-1.78645
-68.6893
-43.9679
-24.6304
-11.7845
-3.42863
-110.704
-69.3942
-38.2336
-18.0893
-5.24968
-125.09
-76.6707
-41.5667
-19.4741
-5.65495
-77.4698
-46.7007
-25.0238
-11.6424
-3.38418
-11.3851
-6.811
-3.62685
-1.67956
-0.487807
-12.5251
-1595.66
-76.9902
-9.27647
-6.09925
-3.49649
-1.7009
-0.498279
-797.796
-427.279
-219.919
-99.708
-29.8901
-53.8465
-33.4895
-18.283
-8.56411
-2.46207
12078.8
17847.8
29586.4
35304.9
33603.8
40942.1
14056.5
15792.6
1632.66
901.71
444.307
5091.1
2100.85
785.015
6335.58
2383.1
1059.36
8652.22
2857.39
948.615
11007.8
3671.29
888.545
-810.942
-207.927
15.045
-363.136
1034.88
-90.2598
214.445
144.965
-330.035
-231.082
-27.7962
-4.84688
-0.964403
-0.192885
-52.6706
-8.74586
-2.45224
-0.575281
-5.33795
-1.04668
-0.180054
-0.0317765
-15.6676
-2.99107
-0.477182
-0.0835726
-22.5986
-4.16514
-0.659007
-0.114815
-21.5229
-4.08865
-0.670113
-0.116269
-13.7112
-2.99141
-0.524008
-0.0968191
-2.83077
-0.763657
-0.151356
-0.0319768
-4.98244
-1.39587
-0.28697
-0.0604323
-1.04097
-0.293423
-0.0548439
-0.0129097
-0.145579
-0.0447146
-0.0103967
-0.00260941
-0.0233548
-0.00371134
-0.000604507
-9.79886e-05
-1.76954e-05
-0.0415219
-0.00647744
-0.00109794
-0.000183663
-3.39005e-05
-0.0125063
-0.00258215
-0.000480805
-8.38418e-05
-1.58777e-05
-0.0147826
-0.00335163
-0.000641418
-0.000112881
-2.14305e-05
-0.00746476
-0.00150814
-0.000286819
-5.13377e-05
-9.96455e-06
-0.00170802
-0.000349612
-6.94335e-05
-1.29646e-05
-2.61383e-06
-0.00899817
-0.00173378
-0.000296042
-4.76294e-05
-8.38884e-06
-0.028565
-0.00499682
-0.000822988
-0.000131068
-2.30888e-05
-0.0378194
-0.00624368
-0.0010165
-0.000163029
-2.90911e-05
-140.544
-357.674
-750.71
-1425.58
-2347.56
625.231
-755.499
808.049
721.198
-7.73037
94.315
-30.807
-19.1796
-24.7779
-83.2407
-23.6167
-17.8445
-29.042
-38.7858
28.3066
43.6384
3.60148
-17.9042
-34.8556
132.227
91.844
16.7981
-19.2273
-43.5094
-55.3614
49.3597
18.6501
12.9226
13.101
886.334
417.445
235.622
172.572
135.087
709.332
381.376
213.508
154.329
121.162
736.903
292.465
140.558
94.1849
65.6365
601.599
213.486
80.2678
42.4015
21.0279
-11148.8
-16976.1
-19915.6
-26270.4
-23095.9
-28903.1
-7646.74
-10060.2
10.5139
251.587
111.328
47.0741
7.70123
4.99294
2.81788
1.35151
0.39255
70.5016
27.8487
9.27142
2.5875
0.581354
50.3112
20.9335
8.37673
3.03387
0.772254
31.283
18.397
9.49751
4.24893
1.19136
1337.63
1341.99
4777.83
3832.29
5878.84
4686.82
10061.6
5782.51
9374.87
1792.6
-158.902
-160.942
398.929
-443.219
239.637
-406.196
253.34
180.024
-222.469
-135.6
-13.7007
-2.22612
-0.539887
-0.131936
-27.2198
-3.91706
-1.72375
-0.480271
-1.98129
-0.305229
-0.0532992
-0.00899979
-4.00533
-0.588042
-0.059862
-0.0102207
-1.59708
-0.261664
-0.0279625
-0.007703
4.35864
0.448887
0.0215673
-0.001201
6.506
0.726989
0.0655822
0.00625774
1.11055
0.163723
0.0314696
0.00633725
5.3694
0.740204
0.0875306
0.0112545
-0.107512
-0.015977
0.0103111
0.00236395
-0.0521975
0.00161306
0.00301932
0.000918398
-0.0113274
-0.00137397
-0.000181298
-2.52098e-05
-3.99209e-06
-0.0179323
-0.00180339
-0.00024346
-3.55186e-05
-5.78907e-06
-0.000489494
-0.000230087
-4.45463e-05
-6.59463e-06
-8.78997e-07
0.00293762
-0.000127279
-6.69796e-05
-1.38141e-05
-2.58244e-06
3.93296e-06
7.56085e-05
2.1395e-05
4.94922e-06
1.2136e-06
0.00064389
0.000182662
3.86734e-05
7.34272e-06
1.50287e-06
-0.00245717
-0.000605135
-0.000105994
-1.64507e-05
-2.72064e-06
-0.010257
-0.00183313
-0.00028785
-4.28813e-05
-6.98448e-06
-0.014201
-0.00212927
-0.000314186
-4.62188e-05
-7.55961e-06
-278.213
-734.767
-1212.58
-1844.71
-2592.12
552.671
-874.357
780.351
714.989
-44.8571
90.688
-32.415
-19.5881
-24.9238
-184.467
-38.9774
-19.9626
-28.9379
-38.2784
-96.0084
24.0254
0.578905
-18.0367
-34.3479
19.6786
74.1125
14.4748
-19.5592
-43.8003
-130.823
36.3989
16.7494
12.7869
13.1581
868.281
414.536
235.235
172.514
134.937
671.113
374.767
212.685
154.122
121.088
730.29
291.476
140.344
94.1349
65.6011
600.193
213.287
80.2327
42.385
21.0169
0.00912587
0.115665
0.561835
2.11061
6.79363
19.1389
46.671
95.9657
158.229
183.434
115.316
16.726
0.00712468
0.00497305
0.00302443
0.00154446
0.000464662
0.0898667
0.0623625
0.0376966
0.0191508
0.00574417
0.433131
0.297756
0.178229
0.0897881
0.0267986
1.61181
1.09577
0.648482
0.323575
0.0960416
5.13123
3.4448
2.0134
0.994381
0.293456
14.2691
9.44412
5.44546
2.66048
0.780669
34.2603
22.3128
12.6784
6.12531
1.78782
69.1333
44.2093
24.7314
11.8144
3.43342
111.379
69.7728
38.4031
18.1472
5.26165
125.638
76.9998
41.7323
19.542
5.67253
77.3041
46.6164
24.9925
11.6356
3.38419
11.0918
6.63875
3.54388
1.64774
0.480059
0.00902735
0.114959
0.558474
2.09807
6.75048
19.0105
46.3393
95.2737
157.186
182.607
115.561
17.1556
0.00705346
0.00492942
0.00300289
0.00153619
0.000462743
0.0893661
0.0620647
0.0375567
0.0191013
0.0057338
0.430787
0.2964
0.177621
0.0895907
0.0267621
1.60325
1.09099
0.646481
0.323016
0.0959661
5.10217
3.42887
2.0069
0.99266
0.293256
14.1836
9.39786
5.42686
2.65566
0.780141
34.0404
22.1935
12.6295
6.11163
1.7859
68.675
43.9577
24.6241
11.7812
3.4276
110.683
69.3792
38.2243
18.0844
5.24818
125.069
76.656
41.5575
19.4693
5.65345
77.4594
46.6934
25.0192
11.6399
3.38339
11.3843
6.81043
3.62646
1.67933
0.487726
12.5204
1595.4
76.9615
9.27268
6.09654
3.49481
1.70002
0.498013
797.643
427.18
219.865
99.6831
29.8814
53.8244
33.4744
18.274
8.5596
2.46073
0
0
0
0
0
0
0
0
0
0
0
0
-1472.42
-233.672
-330.899
-59.4167
959.428
652.868
1568
879.362
936.856
511.779
343.209
146.815
63.4254
410.79
182.485
81.8684
244.311
112.409
53.4022
16.4292
3.64972
-0.188503
-0.168447
0.937974
0.532529
0.0433334
0.00293862
0.0159137
0.00416393
0.000806681
0.000141877
2.69329e-05
0.00386074
0.00100688
0.000210177
3.92184e-05
7.80412e-06
-27.3393
-18.9751
-11.6199
-6.21417
-2.8554
-0.811396
-0.000818458
-0.0124575
-0.0772249
-0.385589
-1.29558
-3.55731
-0.000650388
-0.000464409
-0.000289602
-0.000151228
-4.6114e-05
-0.00984548
-0.00698115
-0.00431993
-0.0022404
-0.000680336
-0.0605475
-0.0424973
-0.026004
-0.013352
-0.00403002
-0.299462
-0.207673
-0.125419
-0.0636551
-0.0190804
-0.996081
-0.682107
-0.406405
-0.203834
-0.0606654
-2.69895
-1.81837
-1.06511
-0.52648
-0.155391
1775.18
1290.33
7476.1
5467.95
17248.8
11552.3
734.463
304.971
127.662
3060.45
1229.06
508.779
5617.63
2109.24
823.75
0
0
0
0
0
0
0
0
1163.45
208.632
219.356
42.6365
-8.7376
-1.13144
0.78153
0.288399
-0.278506
0.116751
0.136081
0.0340448
0.0052281
9.66795e-05
6.00077e-07
2.86373e-06
1.38397e-06
0.0039676
0.00064219
0.000111096
1.95517e-05
3.8808e-06
0.000816599
0.0124893
0.0779551
0.392333
1.39734
3.92159
0.000649497
0.000464379
0.000290069
0.000151731
4.63206e-05
0.00987876
0.00701305
0.00434614
0.00225736
0.000686167
0.0611916
0.04302
0.0263776
0.0135713
0.00410177
0.305271
0.212238
0.128572
0.0654542
0.0196601
1.07756
0.740743
0.443373
0.223382
0.0667008
2.98869
2.02581
1.19507
0.594709
0.176281
39.2327
28.0521
17.8018
9.88449
4.69002
1.35708
)
;
    }
    patch2
    {
        type            calculated;
        value           nonuniform List<scalar> 
348
(
-5.73205
5.72932
-37.5505
-5.41745
-2.98111
-9.33243
-38.7633
-5.71533
-3.12864
-9.76646
37.5337
5.41538
2.98015
9.32907
38.7476
5.71265
3.12721
9.76214
-245.27
-83.8505
-3.41731
-0.983281
-0.528144
-0.495398
-1.197
-117.301
-25.7642
-31.6861
-9.82345
-2.49817
-6.229
-11.0349
-2.26819
-3.16912
-2.31871
-1.67329
-195.427
-39.4307
-3.85815
-8.92618
-21.9786
-10.6305
-9.08354
-4.5211
-1.15867
-1.52616
-3.17256
-3.85904
-213.938
-73.541
-71.6638
-37.3036
-24.1966
-0.00189384
-0.00577116
-0.019225
-0.0608691
-0.18401
-0.529855
-0.00214275
-0.00926439
-0.0349477
-0.112528
-0.318614
-0.798971
-0.000908737
-0.000312687
-0.00306852
-0.00141355
-0.0111076
-0.00622744
-0.0377131
-0.0248584
-0.114052
-0.0747736
-0.350289
-0.202769
-1.37513
-3.17323
-6.76714
-19.2087
-34.4635
-46.6289
-1.7595
-3.3813
-5.68448
-8.7299
-12.406
-14.9282
-0.00189143
-0.00576242
-0.0192121
-0.0609046
-0.184406
-0.531609
-0.0021391
-0.00924769
-0.0348978
-0.112411
-0.318346
-0.798386
-0.000907884
-0.000312865
-0.00306774
-0.00142099
-0.0111288
-0.00631549
-0.0379097
-0.0255212
-0.115463
-0.0798462
-0.35559
-0.220225
-1.38053
-3.18793
-6.79954
-19.2464
-34.32
-46.5061
-1.75813
-3.37873
-5.68095
-8.72023
-12.3618
-14.899
-244.604
-83.5963
-3.47174
-1.00232
-0.621264
-0.548419
-1.25334
-138.278
-67.7403
-42.2773
-29.8901
-8.81526
-18.7063
-5.01836
-5.58775
-2.99985
-206.028
-43.5476
-4.74493
-9.80478
-23.7306
-11.1302
-9.29385
-4.773
-1.59015
-1.7611
-4.00223
-4.26181
-213.61
-73.2517
-75.2138
-37.936
-24.8604
245.176
83.8206
3.41628
0.983007
0.527972
0.495255
1.19663
117.204
25.7374
31.6634
9.81627
2.49668
6.22574
11.0287
2.26702
3.16769
2.31764
1.67258
195.302
39.4083
3.85643
8.92238
21.9683
10.6265
9.08043
4.51949
1.15822
1.52563
3.17126
3.85758
213.838
73.5118
71.6245
37.288
24.1871
0.00189346
0.00577008
0.0192212
0.0608566
0.18397
0.529731
0.00214234
0.00926264
0.0349408
0.112505
0.318546
0.798793
0.000908559
0.000312628
0.00306795
0.00141328
0.0111054
0.00622616
0.0377051
0.0248528
0.114026
0.0747551
0.350201
0.202714
1.37478
3.17237
6.76516
19.2025
34.4521
46.6141
1.75909
3.38048
5.683
8.72747
12.4023
14.9238
0.00189092
0.00576069
0.0192062
0.0608852
0.184345
0.531427
0.0021385
0.00924491
0.0348872
0.112376
0.318247
0.798139
0.000907636
0.000312776
0.0030668
0.00142053
0.0111252
0.00631326
0.0378966
0.0255113
0.11542
0.0798124
0.355449
0.220125
1.38005
3.1868
6.79711
19.2397
34.3087
46.4915
1.75758
3.37769
5.6792
8.71753
12.358
14.8946
244.518
83.5679
3.47033
1.0019
0.620945
0.54816
1.25275
138.235
67.7265
42.2618
29.8814
8.81097
18.6986
5.01575
5.58487
2.99824
205.954
43.5296
4.74257
9.80002
23.7198
11.1254
9.28993
4.77079
1.58929
1.76021
4.00017
4.25971
213.535
73.226
75.184
37.9213
24.8503
-0.0643334
0.655857
0.487425
0.576194
2.54767
1.7313
-12.2942
2.95995
2.45408
-30.2758
-1.58804
0.959267
-50.9196
-3.19838
1.23383
-39.1308
-30.5304
-67.6269
-52.2869
-146.683
-55.5225
-120.253
-46.8909
-101.427
-6.11117
-0.192813
-0.679556
-0.47701
-0.305481
-2.482
-1.71295
12.2761
-2.95538
-2.45132
30.2294
1.58317
-0.959078
50.8541
3.19046
-1.23408
35.0767
27.6574
69.0537
53.1351
146.691
55.5356
120.278
46.8995
101.432
6.12165
)
;
    }
    patch3
    {
        type            calculated;
        value           nonuniform List<scalar> 
96
(
-0.0351672
-0.111946
-0.389802
-1.29843
-4.17071
-12.9088
-0.040996
-0.185728
-0.731916
-2.47187
-7.37462
-19.5854
-36.3923
-92.0745
-216.533
-683.291
-1354.87
-1921.46
-45.9331
-94.6104
-171.839
-288.111
-453.052
-577.6
-0.0350456
-0.111347
-0.387692
-1.29141
-4.14767
-12.827
-0.0408046
-0.184644
-0.727576
-2.45689
-7.32766
-19.4544
-36.1244
-91.3063
-214.464
-675.513
-1340.51
-1913.73
-45.6104
-93.9262
-170.569
-285.824
-449.645
-575.873
0.0351616
0.11193
0.389744
1.29824
4.17006
12.9067
0.0409898
0.185701
0.731809
2.47151
7.37352
19.5825
36.3866
92.0601
216.5
683.193
1354.69
1921.22
45.9263
94.5967
171.814
288.071
452.993
577.527
0.0350382
0.111321
0.387603
1.2911
4.14669
12.824
0.0407957
0.184602
0.727414
2.45635
7.32606
19.4503
36.116
91.2858
214.418
675.383
1340.3
1913.48
45.6011
93.9079
170.538
285.773
449.574
575.795
)
;
    }
    patch4
    {
        type            calculated;
        value           nonuniform List<scalar> 
384
(
-19912.6
-53759.2
-89563.7
-112958
-89864.6
-73309.3
-53610
-20330.9
-27097.5
-76331.9
-102332
-37365
17795.6
53961.1
89577.9
112981
89889.3
73332.8
53811.7
17225.6
24526.7
76691.3
102734
33600.8
-85336.4
-121343
-124612
-170343
-89608.4
-123368
-128354
-172163
85350.2
121361
124627
170362
89637.9
123392
128379
172187
-46422.4
-73462.9
50376.4
75614.8
-42129
-15905.1
-54395.4
-21306.8
43752.5
16530.5
55415.2
21699.3
-50347.7
-75591.4
46439.9
73480.2
-17296.3
-12826
-53738.8
-41439.7
-65900.1
-94812.3
-8860.41
-3258.4
-31799.5
-11945.9
-20308.9
-14961.5
-61521.6
-47673.4
-69760.5
-96838.9
-9980.53
-3523.81
-35824.3
-13253.1
15661.2
11636.3
53925.8
41570.9
65914.7
94829.3
8087.51
3005.5
31863
11966.5
18400.3
13554.8
61854.8
47900.1
69788.2
96862.4
9097.91
3243.64
35917.3
13281.9
-43739.4
-16525.3
-55401.6
-21693.8
42138.9
15909.1
54407.1
21311.7
-35691.7
-44890.7
-33581.3
-43486.4
35684.6
44887.9
33575.6
43483.8
-2564.7
-2953.64
-9268.29
-11693.5
-8946.83
-7904.32
-12977.2
-17596.7
-20694.9
-34476.1
-22525.9
-34211.9
-20522.5
-35005.3
-20969.4
-36185.6
-1568.65
-3140.82
-8219.36
-12864.3
-5866.95
-6801.48
-12894
-17711
-20270.8
-34059.3
-21154.8
-33435.7
-20460.4
-34810.6
-20985.3
-36133.7
2460.59
2742.94
9231.06
11698.4
8937.75
7890.87
12977
17598.8
20690.9
34474.6
22521.9
34210.1
20521.9
35004.5
20970.1
36185.1
1549.82
2916.12
8167.74
12874.2
5856.45
6784.23
12893.4
17713.3
20265.8
34057.3
21150.5
33433.6
20459.5
34809.5
20985.9
36133.1
-3215.17
-6683.21
-11068.9
-20487.5
-18529.1
-31628.9
-24019
-1156.73
-4411.63
-8497.76
-17710.1
-14745.9
-27562.9
-21988.3
3094.89
6286.44
11001.6
20385.8
18518.3
31610.2
24014.2
1197.57
4202.08
8410.06
17583
14736.4
27546.1
21984.6
-4179.23
-12887.2
-21984.2
-30434.2
-39089.5
-52088.9
-46561.2
-55089.4
-56703
-4214.54
-12996
-22142.6
-30593
-39227.6
-52150.8
-46662
-55121.4
-56713
3695.61
13011.2
21979.2
30434
39090
52089.3
46561.7
55089.7
56703.3
3727.34
13121.5
22137.4
30592.8
39228.1
52151.2
46662.5
55121.8
56713.3
-1895.44
-5818.31
-9931.57
-13729.6
-17677.2
-24101.1
-21293.5
-25656
-26447.1
-1899.75
-5832.71
-9953.51
-13750.8
-17695.7
-24109
-21306.3
-25660.1
-26448.4
1663.68
5883.95
9929.61
13729.5
17677.4
24101.3
21293.7
25656.1
26447.2
1667.44
5898.65
9951.54
13750.7
17695.9
24109.1
21306.5
25660.2
26448.4
-1341.01
-4114.61
-7024.1
-9712.63
-12516.6
-17136.1
-15099.9
-18270.3
-18844.5
-1341.15
-4116.2
-7027.43
-9715.22
-12519.3
-17137.2
-15101.6
-18270.9
-18844.6
1175.43
4160.97
7022.75
9712.56
12516.8
17136.2
15100
18270.4
18844.5
1175.53
4162.61
7026.08
9715.15
12519.5
17137.3
15101.7
18271
18844.6
-1117.73
-3429.29
-5852.85
-8093.1
-10434.8
-14313.4
-12597.8
-15273
-15755.7
-1117.4
-3429.29
-5853.78
-8093.39
-10435.6
-14313.7
-12598.2
-15273.2
-15755.7
979.174
3467.53
5851.76
8093.02
10435
14313.5
12597.9
15273
15755.8
978.878
3467.54
5852.69
8093.32
10435.7
14313.8
12598.3
15273.2
15755.8
-989.192
-3033.2
-5173.99
-7155.09
-9237.7
-12741.6
-11184.5
-13618.7
-14058.7
-988.876
-3033.1
-5174.69
-7155.24
-9238.33
-12741.8
-11184.8
-13618.9
-14058.7
866.177
3066.87
5173.05
7155.02
9237.8
12741.7
11184.6
13618.8
14058.7
865.893
3066.77
5173.76
7155.18
9238.42
12741.8
11185
13618.9
14058.7
)
;
    }
}


// ************************************************************************* //
