/*--------------------------------*- C++ -*----------------------------------*\
  =========                 |
  \\      /  F ield         | OpenFOAM: The Open Source CFD Toolbox
   \\    /   O peration     | Website:  https://openfoam.org
    \\  /    A nd           | Version:  11
     \\/     M anipulation  |
\*---------------------------------------------------------------------------*/
FoamFile
{
    format      ascii;
    class       volScalarField;
    location    "0.2";
    object      gradTy;
}
// * * * * * * * * * * * * * * * * * * * * * * * * * * * * * * * * * * * * * //

dimensions      [0 -1 0 1 0 0 0];

internalField   nonuniform List<scalar> 
5712
(
18199.1
10387.1
27578.4
18708.8
29853
22891.9
42868.8
59097.8
58194.1
77618.4
39463.8
36042.5
25072.5
21070.6
13337.4
9136.35
24998.4
21746.4
22738.8
23884.5
32064.5
24009.3
41764.9
27986.8
12691.1
9957.42
7304.05
6347.71
13495.6
12541
8617.04
8408.28
30830.5
28881.1
26368.1
17907.2
20407.9
17540.8
14526.8
17310.7
22179.5
22708.9
56647.1
59083.6
33263.1
35434.7
28079.1
23102.9
24842.3
15616.9
12135.7
13195.8
15069
25405.2
7925.87
11105.1
19573.7
32784.9
12056.9
16235.8
19221.8
42540.2
13780.8
28242.8
4650.24
16559
3771.01
12262.7
16916.3
19849.5
19501.2
20830
17868.3
15767.9
20504.3
16322.8
20497.2
28316.1
19435.9
26635.7
19952.3
21275.1
20215.4
21361
22090.6
16525.4
22512.5
16418.1
19196
29134.1
18592.6
29428
34938.8
51799.2
43226
80734.7
36453.6
60414.8
41882.3
88049.3
33377.7
45113.4
43891.1
77531.9
33161.2
41765.1
44670.1
77133.4
15504.2
20369.7
40532.4
71999.5
18034.6
20361.2
49715.4
78335.2
20416.2
19817.7
59706
82305.1
24879.7
18383.7
29703.3
38298.4
74374.6
17232.8
23150.1
28950.2
32281.7
86063.9
15912
20650.1
25775.7
38278.4
99605.1
3624.79
3860.49
5935.32
19906.6
5208.33
5007.47
8630.4
20898.8
7260.29
4865.52
11852.4
22120.3
13875.4
9879.68
17832.9
12488.3
22180.8
14365.9
20143.2
13134.7
14726.2
24131.7
13274.6
9539.45
17779.1
13192.3
21246
15207.6
23219.1
16489.7
15211.5
23474.9
17902
16812.2
17410
16983.6
13588.4
11447.6
13101.2
11620.6
21296.2
18716.1
21971.1
18722.9
16856.9
16858.3
16732
16833.7
12522.5
11767.5
12382.9
11740.3
20626.2
18126
20511.8
17976.2
23344.1
19870.4
14989.4
20598.5
24055.1
19928.7
14841.6
20848.8
22898.5
19264.4
15326.3
20563
22576.2
18740.1
15758.8
20356.7
1885.95
700.271
257.949
952.184
296.067
154.689
2710.67
749.318
288.522
1719.92
735.586
251.339
2437.09
821.278
382.466
2893.08
1123.53
462.207
5511.06
2304.72
960.829
6919.33
2954.71
1258.58
6741.63
2790.39
1201.17
6263.6
2395.5
974.949
4386.77
1359.33
474.857
5652.29
2412.25
954.569
7785.81
3204.19
1233.12
8052.49
2976.82
1062.75
7061.59
2367.53
816.94
4620.73
1308.43
385.192
25974.2
21624.5
31852.7
24127.9
34346.6
24769.9
47438.7
29335.5
15569.7
11926
16210
11569.1
18219.1
13337.1
19183.1
12824.9
18849.5
16837
16838.4
16127.5
17371.3
17422.7
27710.2
29390.7
34819.9
37403.4
20340.5
22390.2
18045.4
18376.7
18639.2
20022.9
7222.52
2748.16
7092.54
3129.85
7867.55
2800.89
7503.94
3113.46
8431.94
2843.27
8336.94
3437.73
8614.2
3737.81
9152.83
3686.22
14296.4
9675.78
15743.4
10059.5
17984.5
13529.2
20256.6
13990.7
13234.5
6651.16
12573.7
6312.8
17281.9
10216.8
17988.5
10058.2
22399.7
14232.5
22943.6
14038.3
13982.5
6773.02
14337.2
6675.04
6265.05
2592.84
3876.84
1700.47
5305.49
2129.44
3584.1
1526.23
6771
2880.56
3983.35
1760.72
6900.45
3017.22
3925.3
1736.52
727.782
253.613
1059.94
412.394
752.029
297.645
1107
485.517
910.691
467.819
1226.72
659.051
5183.71
10408.4
3241.56
2650.02
1362.52
9012.16
4710.97
2056.07
1892.78
947.072
10845.2
6931.81
4464.83
2650.2
1185.26
74.2471
18.7228
162.032
76.045
97.4627
24.4725
214.458
103.85
189.37
58.2422
329.059
164.629
7462.78
5095.33
3577.87
2213.51
1638.52
964.017
1150.59
549.24
571.914
286.937
7798.17
4951.02
4544.63
2494.4
2687.33
1335.37
1532.19
712.167
773.99
416.016
5407.65
2579.91
5680.13
2740.15
8358.04
4829.06
8559.89
5096.37
3581.09
1589.27
3302.6
1449.15
5777.31
2775.4
5697.38
2744.33
8552.95
5315.11
8423.39
5274.08
3719.06
1612.08
3671.22
1602.18
2008.66
840.399
958.886
503.487
1843.38
758.169
900.68
451.003
2123.4
866.464
984.106
524.621
2145.38
863.836
1033.8
528.961
9.86747
4.09293
1.62416
61.2283
11.611
4.12161
7.65333
5.38378
2.33417
74.8246
15.6083
6.06371
23.0877
13.7102
6.56131
102.691
24.9278
10.1348
2690.15
1146.21
497.071
1114.01
477.98
213.395
472.318
198.39
91.2389
226.66
88.0238
38.737
155.164
41.1467
16.2566
2614.57
1061.2
409.379
1149.92
432.962
165.002
546.315
188.489
71.1928
283.193
91.1321
32.3975
237.611
53.0085
17.2776
690.018
145.405
29.2593
5.23521
830.74
173.936
34.3218
5.93773
693.628
145.185
29.1714
5.22476
850.33
180.825
36.5348
6.46184
693.362
140.933
30.1471
5.7693
893.353
184.141
39.9305
7.61282
1006.21
203.519
39.3839
6.72636
1018.93
209.019
38.7743
6.45304
694.809
150.271
32.9983
6.34873
464.314
103.988
23.6491
4.85853
564.458
123.168
28.2714
5.94556
417.555
94.5576
21.8852
4.66102
780.818
169.233
35.355
6.38616
487.201
109.748
24.3803
4.89144
817.527
178.599
36.4885
6.54933
490.041
112.315
24.9175
5.05784
407.409
99.5065
22.1501
4.38715
205.334
57.9954
14.6717
3.27026
405.741
98.4403
22.0376
4.42174
218.123
59.993
14.9905
3.34064
422.348
98.4081
22.5418
4.64584
261.714
66.6639
16.1558
3.53371
396.705
89.9878
21.0404
4.56821
299.103
70.8006
17.35
3.81484
346.157
81.3038
19.3269
4.31971
96.2876
33.8936
8.3838
1.5127
42.7867
23.4971
5.99472
1.08458
110.864
37.231
9.07354
1.65509
51.7841
26.283
6.52388
1.16791
145.894
43.9372
10.1283
1.77726
72.7868
31.7117
7.38412
1.28366
196.388
52.5825
11.8143
2.06971
104.742
38.7258
8.58822
1.4651
237.817
60.7593
13.8356
2.48439
128.951
45.0209
9.71678
1.63583
272.757
69.5015
14.8792
2.54724
147.032
52.5202
11.4343
1.90247
260.616
66.2103
14.4128
2.49495
135.887
49.5715
10.6827
1.77997
277.325
71.0024
14.689
2.42797
150.321
54.2192
11.6861
1.93173
286.587
72.255
14.8801
2.45824
154.324
55.2349
11.9001
1.96718
0.887749
0.18591
0.0365236
0.00675206
0.000994113
0.96242
0.196218
0.0379416
0.00694175
0.00101614
0.906186
0.193721
0.0379472
0.00698904
0.0010265
1.03151
0.207393
0.0397271
0.00723345
0.00105621
0.977472
0.202161
0.0392522
0.0072154
0.00105908
1.14892
0.216573
0.0411775
0.00749294
0.00109401
1.09121
0.223155
0.0430036
0.00783938
0.00114429
1.0952
0.22847
0.0444965
0.00814896
0.00119166
1.04779
0.212926
0.0411847
0.00755592
0.0011077
0.906277
0.203198
0.0406785
0.00757489
0.00111774
1.00983
0.203388
0.0396723
0.00732031
0.00107647
0.88579
0.198462
0.0397191
0.00740051
0.0010926
1.04414
0.218138
0.042632
0.00783938
0.00114954
0.92043
0.207289
0.0417366
0.00779078
0.00115064
1.08368
0.223927
0.0438955
0.00809737
0.00118963
0.950084
0.212349
0.0427592
0.00799469
0.00118236
0.795123
0.17286
0.0347741
0.00652571
0.000968593
0.672211
0.161816
0.0335171
0.00637241
0.000951686
0.81449
0.178641
0.0358813
0.00671425
0.000994423
0.692035
0.166861
0.0344634
0.00653203
0.000973364
0.857656
0.187534
0.0374
0.00696931
0.00102975
0.735517
0.176443
0.0360916
0.00679622
0.00100894
0.859252
0.191635
0.0383789
0.00715971
0.00105805
0.7766
0.186367
0.0377178
0.00706213
0.00104533
0.841652
0.193813
0.0389554
0.00727106
0.00107449
26634.8
36989.1
27192.4
36786
27886.7
36330.2
27883.5
35622.7
26759.8
34335.9
26221.2
28906.1
25750.6
29420.3
26646
29013.3
27328.2
29252.6
28019.5
4864.33
1325.75
598.439
219.347
27700.1
8923.85
2965.01
1402.55
519.695
28015.5
4808.47
1308.44
590.655
216.357
27575.4
8858.42
2947.09
1397.68
520.088
27879.5
4781.42
1303.62
589.754
216.18
27309.9
8811.14
2942.08
1398.23
520.988
27579.4
4696.93
1282.1
581.582
213.348
26835.8
8723.77
2931.13
1399.07
521.763
27031.2
4514.39
1232.54
559.286
204.785
26106.9
8536.69
2881.39
1377.22
512.978
26273
4565.66
1281.32
576.509
206.602
24311.3
8207.97
2820.84
1356.13
505.507
26379.1
4494.56
1246.15
563.031
203.892
24692.5
8280.95
2820.63
1349.72
502.431
26321.7
4628.18
1306.39
585.763
208.477
24314
8213.87
2832.49
1364.54
509.532
26400.6
4626.62
1306.69
584.983
207.459
24387.4
8245.57
2845.79
1373.14
513.642
40220.4
67915.3
65561.6
37785.8
17365.4
19252.3
26606.9
30014.4
24688.5
30602.5
43876.1
67695.8
58078.3
84689.7
35543.5
44023.9
25250.1
29049.8
12689.9
14736.7
1403.94
630.475
6.84146
1.76867
1.31442
0.953268
2.9797
1121.36
673.174
299.556
265.317
110.803
43.6438
105.999
37.0524
18.0335
20.514
10.7912
1088.02
242.025
41.8647
33.9266
90.2913
59.065
26.468
14.8433
5.00751
3.66716
15.0057
12.5909
1256.17
449.981
610.48
191.217
100.36
272.367
24.9683
6.64254
34.2067
2320.23
1475.25
888.991
520.335
476.952
1116.4
800.929
501.866
297.955
208.36
14.5444
13.9423
10.5017
7.09168
5.16587
3.85329
3.84662
3.01135
2.10534
1.57156
2.8852
2.9139
2.30399
1.62367
1.21846
2.10142
2.1384
1.70482
1.21137
0.914703
6.45574
6.37995
4.93801
3.41176
2.52254
1889.31
1240.46
731.726
408.55
376.685
1124.82
696.962
379.35
203.692
146.52
544.277
403.228
249.597
143.377
96.1802
436.366
271.734
144.953
75.4971
47.4144
175.866
109.335
58.2654
29.4735
17.5257
85.7599
71.9518
48.0231
29.1715
19.7734
197.917
152.315
95.1907
54.8931
36.1312
70.3193
55.5645
35.2424
20.4248
13.3008
36.6213
32.4277
22.6003
14.2061
9.82098
40.8406
34.9618
23.6305
14.4456
9.77167
22.2545
20.1941
14.3472
9.14755
6.37128
1865.22
1268.69
769.79
442.73
407.369
452.603
353.91
229.473
137.327
94.4853
83.9267
72.9611
50.3506
31.5096
21.8424
68.8334
61.1065
43.0046
27.3882
19.2132
176.531
147.933
99.9797
61.75
42.7698
119.062
104.712
73.2987
46.5448
32.6385
54.6424
49.9619
36.1262
23.5694
16.7936
31.144
29.1744
21.4646
14.1774
10.162
10.6568
10.2085
7.64979
5.12344
3.7017
7.87302
7.65962
5.83447
3.97038
2.90336
30.9979
28.2787
20.2858
13.0916
9.23232
26.309
24.4763
17.8919
11.7466
8.38488
2111.57
1389.11
845.188
493.701
452.621
813.483
603.855
384.679
230.739
161.275
1128.68
852.293
538.5
319.846
238.022
367.712
301.403
202.34
124.941
87.0268
199.187
171.215
118.191
74.349
51.979
514.628
410.611
270.95
164.152
113.34
51.5836
47.1809
34.0758
22.1905
15.782
14.1274
13.5334
10.1638
6.83481
4.9588
69.8539
62.6819
44.5278
28.5919
20.1587
25392
18224.5
25392.4
19922.8
30602.5
53319.1
33496.1
53826.9
24560.5
23305.9
22819.8
24673.3
24524.7
20162.1
38559.8
25955.9
22376.7
25767.3
11117.8
11544
23652.2
25894.9
12448.2
11996.2
33446.5
32838.1
29398.4
23182
33209.8
21940.1
14442.8
17379.5
22499.3
22833.8
56660
59251
32658.4
35341.1
29525.1
23446.6
26607.5
15975.1
13641.4
13580.9
32327.6
39419.6
13477.7
16178.9
34484.1
44575.8
16604
20450.5
30273.3
51472.4
17707.1
32821.4
5565.85
18137.8
3958.24
12573.4
19579.1
19926.6
20217
20916.3
16823.7
15024.3
19673.7
15936.6
23183.5
28939.1
26306.9
27630.7
20159.8
21326.6
20255.2
21377
21715.1
16350.8
22417.6
16369.3
20162.2
29448.7
18807.6
29519.4
37143.8
54625.9
44287.2
82046.1
39960.4
65064.7
43660.6
90463.4
34433.6
46488.5
44418.7
78180.3
33450
42151.4
44821.2
77327.4
44162.6
45388.5
62232.3
95385.8
42530.5
40679.5
66351.1
95902
38610.7
35084.1
70787.1
93588.6
18526.1
14410.6
26528.1
39977
79975.5
13176.5
15571.4
26111.9
33193.9
92443.8
13431.3
18212.2
25139.2
40069.8
103354
13213.6
8556.35
15186.6
24435.9
15320.1
10181.6
15713.9
24552.1
17744.6
11094.3
16501.3
24483.7
10528.8
7331.25
12621.3
8870.85
20447.3
13713.3
20972.7
13930.1
17026.2
25273.6
11255.2
8236.26
15446.4
11741.5
20287
14684
24238.1
17237.6
16419.3
23968.5
17242
16147.4
17222.2
16730.9
12696.8
10774.6
12715.2
11301.7
21438.9
18739.9
21977.6
18591
16794
16767.9
16718
16811.5
12362
11630
12339.3
11703.3
20711.4
18158.2
20536
17986.3
23750.8
20105.6
15372.1
20869.5
24724.1
20316.6
15570
21355.8
23099.2
19383.1
15509.9
20691.2
22635.8
18774.8
15816.8
20394.7
6100.99
5995.96
3596.94
2719.99
7245.83
5988.61
4194.85
3367.94
6874.68
4802.51
4824.76
3683.62
4871.02
3108.88
6118.7
4228.88
8187.02
5288.76
8337.15
4994.45
6353.14
3558.5
5433.6
3216.75
7761.69
4574.17
8736.56
4775.14
8560.48
4291.69
5610.35
2173.83
18999.1
15272.7
29157.6
21080.7
25401.9
18797.5
43884.4
26532.5
15354.4
9499.82
19197
11282.2
14826.5
9828.61
19235.6
11798.5
16890.4
12261.2
14212.6
10984.7
12168.6
15457.6
26315.3
28998.4
33687.8
37123.9
19236.4
22046.1
16819.9
18052.7
17441.4
19608.6
5548.69
2643.1
6427.68
2951.15
5896.57
2625.01
6760.99
2911.35
6254.45
2603.97
7472.26
3175.57
8044.79
3539.76
8940.95
3614.13
10799.3
8495.44
13995.4
9353.17
14594
11954.1
18467.3
13151
11613.1
6189.74
9383.74
5661.33
16432.2
9860.43
17745.4
9954.17
21605.9
13839.1
22733.2
13927.7
13147.3
6520.63
14083.4
6598.93
5655.94
2446.86
3658.27
1638.37
4613.54
2072.71
3353.59
1496.7
6412.71
2765.43
3848.87
1715.69
6789.76
2975.96
3883.16
1721.58
4323.37
3318.92
2030.27
1416.93
4501.57
3501.78
1964.93
1406.69
4613.31
3492.09
1907.49
1455.41
7568.59
10824.4
6696.69
3508.38
1668.71
9268.28
7388.58
6521.8
3184.04
1439.07
10546.8
7378.87
4993.08
2987.92
1322.7
2279.54
1334.73
948.26
591.204
2415.93
1419.29
980.493
621.695
2391.68
1409.04
1030.94
648.983
7510.95
4974.46
5479.05
3474.73
4154.21
2658.23
2301.92
1426.93
1029.25
645.135
7608.56
4777.81
5203.98
2954.66
3414.44
1865.47
2009.13
1070.29
961.526
571.629
5199.49
2618.15
5419.11
2666.22
7834.46
4610.64
8194.02
4925.96
3435.67
1566.17
3277.95
1556.2
5624.17
2716.75
5650.08
2725.01
8370.72
5220.95
8370.57
5246.7
3616.87
1579.06
3638.05
1590.08
1950.41
841.415
945.24
509.279
1883.79
847.445
936.579
504.983
2071.42
852.324
966.59
519.757
2127.06
857.9
1026.4
526.233
811.784
562.413
528.851
370.808
886.099
596.267
525.493
353.978
862.727
570.792
511.685
320.443
3096.41
1912.54
2051.23
1207.39
1587.08
975.557
834.743
479.866
473.156
252.513
2720.83
1511.56
1514.63
816.518
921.226
508.133
532.967
276.465
400.874
171.737
753.519
167.206
34.3974
6.20121
845.391
187.303
38.3
6.77681
739.594
163.591
33.5763
6.0393
848.433
189.762
39.6158
7.15272
717.997
154.71
33.7842
6.48572
875.646
189.052
42.1928
8.19165
981.461
204.465
40.441
7.021
1008.11
208.903
39.0583
6.54134
686.504
153.311
34.4339
6.73468
460.234
105.479
24.4098
5.08185
585.186
132.255
30.9474
6.55908
427.065
99.694
23.4379
5.03067
767.119
169.584
35.9857
6.58426
481.496
109.898
24.6982
5.00424
811.597
178.452
36.6561
6.60935
487.741
112.249
24.9998
5.09133
596.306
135.169
29.0278
5.57351
423.96
98.9608
22.4082
4.59762
576.226
130.679
28.2527
5.48648
419.183
97.6859
22.0683
4.55285
557.712
124.176
27.7264
5.55883
431.081
97.6827
22.0183
4.52721
473.509
107.509
24.8524
5.28804
409.948
93.5966
21.9176
4.60203
388.023
92.6663
21.9981
4.85906
281.745
71.7173
14.7864
2.41075
171.975
57.2579
12.0667
1.97468
288.842
72.8903
15.1317
2.52407
178.01
58.2578
12.2629
2.01038
307.02
74.505
15.2152
2.48929
191.309
59.4917
12.2915
2.00024
301.21
74.2153
15.7472
2.64453
189.28
59.3366
12.386
2.03558
284.769
72.4167
16.3633
2.9105
169.356
57.3539
12.234
2.03813
273.693
71.0533
15.4879
2.68116
150.16
54.5557
12.0492
2.02394
274.293
71.033
15.721
2.74158
151.103
55.2989
12.033
2.01645
275.39
71.3149
14.9303
2.48743
149.83
54.6969
11.9082
1.98213
285.482
72.2611
14.9399
2.47463
153.817
55.2815
11.9507
1.98025
1.05852
0.222938
0.0439449
0.00813709
0.00119911
1.11728
0.230652
0.0449401
0.00825934
0.00121206
1.05049
0.225765
0.044451
0.00821272
0.00120858
1.15925
0.235963
0.0455814
0.00834419
0.0012223
1.10135
0.228997
0.0447179
0.00825142
0.00121413
1.25408
0.239117
0.0458128
0.00837913
0.0012273
1.15283
0.237434
0.0460208
0.00842595
0.00123343
1.11571
0.233471
0.0455809
0.008363
0.00122447
1.12795
0.231691
0.0451071
0.00831364
0.00122245
0.962366
0.217779
0.0438565
0.00820235
0.0012139
1.11959
0.226746
0.0444511
0.00823261
0.00121372
0.966851
0.217372
0.0437128
0.00817565
0.00121031
1.08996
0.229711
0.0451458
0.00833584
0.00122568
0.951702
0.216109
0.0437397
0.00819642
0.00121369
1.09809
0.227606
0.0447175
0.00826283
0.00121528
0.95976
0.215181
0.0434191
0.0081307
0.00120372
0.99359
0.213372
0.0426813
0.00798177
0.00118273
0.898286
0.205157
0.0417666
0.00787537
0.0011717
0.991826
0.215041
0.0430543
0.00804437
0.00119094
0.898476
0.206644
0.0421017
0.00793255
0.00117922
1.00786
0.218224
0.0435111
0.00811419
0.00120011
0.907955
0.210334
0.042703
0.00802259
0.00119053
0.981598
0.217013
0.0435138
0.00813371
0.00120414
0.914442
0.213866
0.0432105
0.00809718
0.00120005
0.945307
0.215924
0.0435185
0.00814595
0.00120651
30054.2
38425.8
30055.3
38062.1
30039.4
37393.2
29174.3
36349.8
27464.6
34713.8
26435.3
29099.1
26154.5
29775.1
26748.8
29102.1
27358.3
29277.2
29085.4
4979.91
1340.49
600.36
219.547
28462.8
9099.81
2994.36
1406.79
520.173
28947.3
4910.3
1321.52
592.332
216.522
28247.5
9014.2
2973.12
1401.32
520.466
28589.6
4860.73
1313.94
591.031
216.286
27836.5
8935.47
2963.04
1401
521.206
28044.1
4750.46
1289.21
582.449
213.413
27203.6
8812.78
2946.35
1401.01
521.89
27303.7
4545.42
1236.66
559.77
204.817
26342
8595.24
2891.46
1378.48
513.085
26357.4
4574.92
1282.49
576.643
206.615
24404
8226.59
2823.79
1356.49
505.536
26537.6
4511.94
1248.38
563.28
203.906
24863.4
8316.56
2826.41
1350.36
502.465
26362
4632.64
1306.95
585.829
208.486
24356.1
8222.2
2833.75
1364.7
509.566
26412.5
4627.85
1306.84
584.989
207.454
24399.3
8247.93
2846.12
1373.17
513.646
39834.6
67852.1
64940.5
36471.9
23934.4
33318.5
22192.7
32984
31381.5
62223.2
34942.3
64466.7
0.0024627
0.00651898
0.0211349
0.0699857
0.235127
0.801511
0.0058799
0.0148642
0.0454616
0.139029
0.414637
1.19588
0.00107448
0.000587988
0.00324625
0.00204818
0.011847
0.00842232
0.0431233
0.0340634
0.153958
0.12718
0.525704
0.381492
2.73957
8.91681
26.9465
75.1323
167.232
245.537
3.30171
8.55087
20.3841
43.2773
76.1393
101.648
0.00564952
0.00618883
0.00538503
0.00419886
0.00341213
0.0148574
0.0160772
0.0137797
0.0105691
0.00847753
0.0478366
0.0511055
0.0431344
0.0325433
0.0257651
0.157161
0.165514
0.137394
0.101867
0.0795542
0.522919
0.541305
0.440752
0.320416
0.24644
1.76086
1.78426
1.41992
1.00921
0.762978
0.0134111
0.014534
0.0124808
0.00959288
0.00770714
0.0336665
0.0360153
0.0304489
0.023014
0.018246
0.102226
0.10792
0.089832
0.0667903
0.0522719
0.3102
0.322915
0.264527
0.19346
0.149475
0.916997
0.939748
0.756629
0.54384
0.414633
2.61788
2.63543
2.08205
1.4692
1.10473
0.00247607
0.00273679
0.00240897
0.00190259
0.00156187
0.00136087
0.00151674
0.00134923
0.0010782
0.000893368
0.00742929
0.00810569
0.00702104
0.00544807
0.00441006
0.00470644
0.00517463
0.00452531
0.00354841
0.00289612
0.026923
0.0289906
0.0247123
0.0188458
0.0150468
0.0192173
0.0208495
0.0179347
0.0138101
0.0111098
0.0972535
0.103252
0.0865458
0.0648276
0.0510332
0.0771411
0.0825207
0.0697726
0.0527313
0.0417946
0.344127
0.359429
0.295587
0.217042
0.168212
0.285648
0.300863
0.24966
0.184925
0.144252
1.16208
1.18989
0.957039
0.687014
0.523171
0.849575
0.880829
0.717449
0.521083
0.400192
5.92576
5.84727
4.52926
3.13824
2.32844
18.9169
18.0737
13.5776
9.15495
6.66542
55.7977
51.2589
37.2186
24.3966
17.4497
150.682
131.628
91.953
58.528
41.2259
322.159
264.132
176.986
109.711
76.6751
464.403
369.732
243.235
149.016
103.822
7.14139
7.04287
5.44879
3.77049
2.79494
18.2336
17.5576
13.2747
8.9997
6.57656
42.736
40.0222
29.5103
19.5901
14.121
88.9409
80.6679
57.9228
37.6633
26.8234
153.234
134.46
94.1837
60.1803
42.5046
202.288
174.384
120.592
76.3766
53.7338
0.00245401
0.00647787
0.0209916
0.0694911
0.233339
0.794791
0.00585816
0.0147641
0.0451284
0.137972
0.411331
1.18593
0.00107074
0.00058633
0.00322865
0.00204182
0.011784
0.00841844
0.0429161
0.0342371
0.153194
0.128615
0.523354
0.396158
2.71249
8.81749
26.6298
74.278
165.886
244.856
3.2731
8.475
20.2073
42.9422
75.7201
101.453
0.00563043
0.00617004
0.00537157
0.00419139
0.0034083
0.0147681
0.0159911
0.0137199
0.010538
0.00846359
0.04753
0.050819
0.0429465
0.0324576
0.0257389
0.156123
0.164584
0.13683
0.101661
0.0795512
0.519247
0.538176
0.43903
0.319985
0.246712
1.74739
1.77337
1.4145
1.00849
0.76473
0.0133635
0.0144872
0.0124472
0.00957392
0.00769702
0.033449
0.0358044
0.0302999
0.0229325
0.0182049
0.101508
0.107236
0.0893618
0.0665461
0.0521602
0.307943
0.32081
0.263125
0.192775
0.149202
0.910012
0.933357
0.752492
0.54192
0.413965
2.59706
2.61675
2.07025
1.46396
1.10312
0.00246801
0.00272906
0.00240362
0.00189989
0.00156078
0.00135736
0.00151354
0.0013473
0.0010776
0.000893571
0.00739164
0.00807078
0.00699894
0.00543938
0.00440924
0.00469372
0.00516512
0.00452286
0.00355252
0.00290386
0.0267927
0.02888
0.0246559
0.0188411
0.0150712
0.0192196
0.0208775
0.0179911
0.013886
0.0111942
0.0968508
0.102968
0.0864815
0.0649517
0.0512557
0.0776004
0.0831571
0.0704865
0.0534421
0.0424805
0.342775
0.358757
0.295881
0.21806
0.169575
0.28928
0.305533
0.254487
0.18939
0.148366
1.15888
1.19041
0.961388
0.693682
0.530792
0.884349
0.920827
0.754038
0.551259
0.425948
5.8722
5.80483
4.50824
3.13495
2.33427
18.7207
17.9176
13.4968
9.13535
6.67663
55.1771
50.767
36.9558
24.3162
17.4605
149.015
130.288
91.1817
58.2154
41.1489
319.503
261.911
175.579
109.002
76.3426
463.051
368.581
242.477
148.607
103.605
7.08213
6.99055
5.41631
3.75633
2.79078
18.0777
17.4217
13.1907
8.96249
6.56461
42.3757
39.7107
29.3169
19.5015
14.0885
88.2623
80.0816
57.551
37.482
26.7448
152.384
133.717
93.6933
59.9214
42.3722
201.891
174.031
120.352
76.2452
53.662
1398.24
628.272
6.75579
1.75562
1.47138
0.99609
2.98402
1060.27
653.339
291.496
287.839
45.8174
108.954
20.4742
27.8838
13.5797
1045.64
235.097
42.1395
33.5863
88.3505
57.9999
26.0521
14.7051
5.91846
4.02598
15.6455
12.6563
1239.26
445.105
594.962
188.126
98.4909
265.627
24.6036
6.61658
33.7131
2309.51
1466.77
883.734
517.684
475.44
1112.14
797.431
499.611
296.774
207.755
14.3904
13.851
10.4921
7.13663
5.23393
3.83205
3.83985
3.02142
2.12593
1.5963
3.23997
3.29332
2.62701
1.8713
1.41773
2.20215
2.25376
1.81053
1.29834
0.988346
6.48589
6.45081
5.03495
3.51403
2.62152
1828.93
1267.15
784.179
457.627
426.566
1144.39
791.681
483.411
285.354
209.555
540.853
419.846
273.956
165.554
114.645
519.973
375.411
231.724
138.098
92.6868
91.8222
80.1565
56.0228
35.6671
25.0195
209.142
170.625
113.992
70.2423
48.2902
42.3375
38.8099
28.1355
18.4193
13.1403
57.2017
51.7243
37.02
23.9571
16.9398
28.5105
26.7629
19.7722
13.1364
9.45721
1805.25
1249.74
774.16
455.635
424.649
443.374
353.311
234.463
143.921
101.022
85.3583
75.7919
53.6711
34.5411
24.4832
68.5962
61.7338
44.2038
28.7106
20.4779
173.991
148.08
102.046
64.4211
45.4386
117.341
104.009
73.5765
47.3215
33.5677
53.8863
49.4752
35.9874
23.6617
16.9849
30.9737
29.2464
21.7455
14.5454
10.5432
12.6961
12.3528
9.43827
6.46143
4.75568
8.69306
8.55283
6.60796
4.57081
3.38954
32.6531
30.3948
22.3404
14.805
10.6686
26.6159
25.0815
18.6333
12.4613
9.03569
2080.82
1366.36
832.136
487.991
450.532
804.266
596.629
380.291
228.654
160.409
1102.69
837.674
533.818
320.788
241.744
362.032
297.342
200.338
124.408
87.1999
195.852
169.093
117.489
74.5536
52.5683
503.697
405.334
270.652
166.399
116.452
50.9881
46.942
34.2047
22.518
16.1742
14.1324
13.6541
10.3684
7.06377
5.18362
69.1495
62.6243
45.0295
29.3331
20.9453
26.3044
37.6872
59.4558
85.3657
97.9929
48.9325
23497
23061.2
22967.7
25139.4
19796
18772.2
19674
16526.8
22301.7
38517.4
21891.1
37278.7
25206.8
19328.6
43301.8
20467.9
19824.8
19539.3
21169
16519.1
15674.6
16973.3
14548.5
20868.2
44881.9
20184.9
41650.4
23811.1
25188.7
44224.4
16355.7
15584.2
14815.5
15860.9
13066.4
12986.3
13103.5
11689.5
21657.7
32855.3
21619.8
31132.4
23245.4
26223.8
33086.3
11825.7
11200.1
9905.85
10521.3
9610.39
9769.77
8764.04
7993.09
15729.1
22807.7
15651.1
20580.8
16160
17993.7
21349.4
7917.47
7445.54
6358.41
6723.99
6869.64
7135.18
5643.77
5280.24
11185.9
13640.6
11137.3
11604.8
10579.2
9979.17
11866.4
5626.09
5301.97
4029.61
4257.72
4808.08
4745.08
3645.22
3387.39
7996.09
7914.8
7711.62
6739.41
6922.67
5250.13
7083.26
17834.9
16020.9
21314.5
23997.5
13997.3
12258.3
17521.4
14411.4
12322.6
6135.04
11771.6
6164.88
9287.84
7904.15
7869.87
14796.7
13446.4
17308.8
19190.9
11985.6
10702.8
14602.5
12124.1
9401.45
4545.79
9002.27
4591.78
6785.12
5414.87
5421.66
10571.3
9747.3
12165.4
13211.6
8813.89
7836.27
10617.7
8995.9
6559.45
3084.27
6047.18
2959.78
4568.46
3142.96
3699.49
6366.76
5931.22
7589.29
8129.61
5367.82
4666.19
6832.96
5777.62
3795.14
1769.84
3500.21
1723.6
2652.28
1875.29
2201.59
3742.46
3512.27
4656.85
4947.23
3083.66
2610.74
4286.8
3632.2
2134.43
1178.42
1954.97
1140.53
1595.53
1314.25
1409.85
2115.15
1988.84
2855.56
3021.58
1785.25
1608.64
2624.16
2305.86
1235.62
808.746
1155.12
810.788
1009.04
1003.25
1008.97
17982.2
10082.1
27557.1
18712.4
29880
22856.2
42902.5
59105.6
58263.3
77642.2
39539.8
36031.7
25092.5
21125.6
13007.4
8739.88
24995.3
21744.3
22727.2
23880.2
32076.7
24012.4
41768.7
27987.9
12466.8
9762.29
7074.04
6164.19
13441.6
12522.3
8606.44
8435.11
30814.3
28866.4
26360.2
17903.5
20397.9
17544.9
14524.6
17311.4
22178.5
22709.5
56652.8
59088
33264.2
35435.5
28078.7
23104.7
24842.9
15618.1
12136.7
13197.3
14816.8
25050.5
7724.99
10851
19580.9
32818.8
12091.8
16281.2
19226.3
42557.8
13795.8
28264.2
4653.34
16567.2
3771.92
12265.6
16914.6
19848.7
19500.3
20829.7
17868.9
15767.5
20504.4
16322.3
20499.1
28316.9
19434.3
26635.9
19951.8
21275.1
20215.2
21361.1
22090.5
16525
22512
16417.6
19196.8
29135
18593.3
29429.1
34942.5
51808.7
43229
80739.6
36456.5
60425.1
41885.4
88055.7
33380.9
45119.8
43893.6
77535.7
33164.2
41769.9
44672.4
77136.8
15304.3
20191.9
40096
71567
18047
20366.7
49756.2
78385.9
20422.3
19822.2
59724.7
82324.4
24876.7
18382.1
29700.3
38300.3
74385.1
17230.9
23146.8
28945.8
32282.1
86075
15910.9
20648.4
25775
38281.2
99613.3
3561.86
3827.68
5768.23
19748.4
5216.02
5016.42
8659.37
20921.2
7264.4
4867.45
11861.5
22125.7
13873.5
9878.14
17830.1
12486.3
22177.4
14363.8
20144.1
13135.6
14730.7
24134.6
13273.2
9538.2
17777.4
13191
21245.2
15207.1
23220.9
16490.9
15214.2
23476.7
17901.2
16811.2
17409.6
16983
13587.4
11446.5
13100.5
11619.8
21296.5
18716.2
21971.1
18722.9
16856.6
16857.9
16731.8
16833.3
12522
11766.9
12382.4
11739.8
20626.5
18126.1
20512.2
17976.4
23345.3
19871.2
14990.8
20599.5
24056.6
19929.7
14843.5
20850.2
22899.5
19265.1
15327.3
20563.8
22577.2
18740.6
15759.8
20357.3
1869.62
692.989
254.339
953.838
295
153.124
2722.08
753.4
289.199
1728.86
739.023
252.032
2437.35
821.507
382.652
2893.75
1124.26
462.65
5510.16
2304.39
960.733
6918.4
2954.49
1258.57
6741.22
2790.51
1201.33
6263.96
2395.81
975.203
4387.3
1359.68
475.062
5651.43
2411.91
954.46
7784.94
3203.89
1233.06
8052.18
2976.77
1062.79
7061.96
2367.67
817.05
4621.16
1308.61
385.279
25976.9
21623.9
31853.7
24127.2
34360.8
24773.7
47450
29338.2
15379.8
11854.1
15968.2
11481.5
18177.4
13305.2
19138.1
12794
18841.6
16829.6
16837
16124.2
17351.8
17405
27709.3
29389.1
34821.7
37403.7
20336.9
22387.7
18043.2
18374.4
18630
20017.9
7207.85
2748.75
7072.02
3130.36
7849.1
2795.66
7487.7
3108.62
8419.01
2838.78
8325.48
3433
8607.54
3734.34
9149.23
3684.18
14293.1
9674.44
15740.8
10058.2
17984.7
13528.5
20256.5
13989.9
13227.7
6649.47
12565.4
6310.82
17279.9
10215.5
17986.6
10056.9
22399.2
14231.6
22942.5
14037.2
13978.1
6771.61
14334.2
6673.76
6261.67
2590.68
3875.22
1699.55
5301.92
2127.31
3582.22
1525.16
6768.45
2878.81
3982.06
1759.97
6898.52
3015.93
3924.23
1735.91
725.294
251.634
1056.79
410.007
751.176
297.494
1105.74
485.219
909.506
467.34
1225.12
658.337
5183.78
10408.2
3241.06
2648.54
1361.25
9011.75
4710.84
2056.05
1891.8
946.223
10844.6
6931.03
4463.54
2648.75
1184.34
73.4001
18.2148
160.927
75.4741
97.4884
24.4232
214.336
103.772
189.236
58.2255
328.771
164.507
7461.95
5094.56
3577.41
2213.13
1638.31
963.824
1150.05
549.021
571.469
286.744
7797.38
4950.32
4544.01
2493.97
2686.63
1335.02
1531.46
711.862
773.455
415.756
5406.87
2579.46
5679.39
2739.74
8357.36
4828.51
8559.25
5095.91
3580.29
1588.9
3301.71
1448.74
5776.64
2775.05
5696.68
2743.99
8552.33
5314.7
8422.74
5273.7
3718.37
1611.77
3670.57
1601.89
2007.98
840.123
958.442
503.252
1842.59
757.86
900.155
450.741
2122.83
866.237
983.746
524.424
2144.87
863.634
1033.48
528.794
9.65116
4.00799
1.5878
60.8563
11.4863
4.06011
7.59994
5.37176
2.33316
74.7573
15.6043
6.06441
23.0849
13.7067
6.55965
102.617
24.9163
10.1313
2689.68
1146.01
496.995
1113.79
477.883
213.354
472.191
198.339
91.2169
226.576
87.9943
38.7253
155.056
41.1265
16.2501
2614.12
1061.01
409.313
1149.69
432.869
164.967
546.164
188.438
71.1744
283.076
91.0983
32.387
237.449
52.9808
17.2702
690.221
145.35
29.2297
5.22862
830.682
173.729
34.262
5.92756
692.73
145.039
29.1439
5.22034
849.436
180.677
36.5066
6.45693
692.42
140.771
30.1153
5.76371
892.283
183.954
39.8933
7.60612
1005.26
203.339
39.3507
6.72092
1018.29
208.884
38.7495
6.44899
694.174
150.132
32.9681
6.34302
464
103.909
23.6302
4.85449
563.857
123.037
28.2421
5.93961
417.207
94.4718
21.8647
4.65663
780.253
169.104
35.3277
6.3812
486.937
109.68
24.3641
4.88798
817.092
178.495
36.4667
6.54535
489.825
112.258
24.904
5.05495
407.312
99.4938
22.1419
4.38402
205.031
57.9481
14.6637
3.27025
405.273
98.3408
22.0163
4.41785
217.918
59.9373
14.9771
3.33783
421.81
98.2932
22.5171
4.64108
261.407
66.5881
16.1381
3.53002
396.279
89.8876
21.0173
4.56339
298.781
70.7207
17.3307
3.81074
345.834
81.2215
19.3071
4.31532
96.1599
33.8791
8.38424
1.51394
42.6809
23.4552
5.98632
1.08342
110.772
37.1975
9.06502
1.65345
51.7476
26.2649
6.51929
1.16711
145.74
43.8884
10.1171
1.77531
72.7186
31.6781
7.37616
1.28228
196.192
52.5246
11.8009
2.06739
104.646
38.6839
8.57843
1.46341
237.608
60.6989
13.8211
2.48176
128.845
44.976
9.70638
1.63403
272.595
69.453
14.8677
2.54516
146.95
52.4833
11.4254
1.90091
260.425
66.1539
14.3995
2.49258
135.791
49.5288
10.6727
1.77823
277.193
70.9621
14.6796
2.42632
150.254
54.1888
11.6788
1.93046
286.474
72.2212
14.8723
2.45689
154.267
55.2097
11.8941
1.96613
0.886923
0.185657
0.036468
0.00674149
0.000992563
0.960865
0.195784
0.0378585
0.00692701
0.00101404
0.905516
0.193588
0.0379223
0.00698458
0.00102586
1.03077
0.20726
0.0397014
0.00722881
0.00105555
0.976617
0.202
0.0392224
0.00721014
0.00105833
1.14799
0.216412
0.0411479
0.00748769
0.00109327
1.09036
0.222989
0.0429729
0.00783393
0.00114351
1.09452
0.228333
0.0444703
0.00814426
0.00119098
1.04689
0.212753
0.0411526
0.00755024
0.00110689
0.905505
0.20303
0.0406459
0.00756902
0.00111689
1.00889
0.203215
0.0396404
0.00731467
0.00107567
0.884965
0.198288
0.039686
0.00739459
0.00109175
1.04333
0.217974
0.0426009
0.00783382
0.00114875
0.919753
0.207137
0.0417064
0.00778527
0.00114985
1.08302
0.223793
0.0438697
0.00809269
0.00118895
0.949526
0.212223
0.0427341
0.00799007
0.00118169
0.794566
0.172678
0.03473
0.00651698
0.000967298
0.672151
0.161665
0.0334771
0.00636444
0.000950512
0.813824
0.178521
0.0358593
0.00671027
0.000993843
0.691494
0.16677
0.0344457
0.00652864
0.000972854
0.856845
0.187376
0.037371
0.00696418
0.00102902
0.734792
0.176296
0.0360643
0.00679135
0.00100824
0.8584
0.191463
0.0383468
0.00715403
0.00105724
0.775803
0.186198
0.0376863
0.00705654
0.00104453
0.840823
0.193639
0.0389225
0.0072652
0.00107366
26555.9
36917.8
27197.9
36792.4
27890.8
36333.1
27886.1
35624.5
26761.5
34337.2
26222
28906.8
25751.8
29421.3
26646.6
29013.9
27328.8
29253
28027.5
4835
1315.15
593.474
217.553
27695.4
8909.56
2958.39
1399.27
518.493
28007.3
4811.37
1309.28
591.012
216.478
27573.1
8858.09
2946.71
1397.41
519.994
27877.9
4782.04
1303.85
589.839
216.204
27309.5
8811.27
2942.05
1398.14
520.94
27579.6
4697.12
1282.18
581.61
213.355
26836.2
8723.96
2931.19
1399.06
521.753
27031.8
4514.48
1232.57
559.299
204.789
26107.5
8536.85
2881.45
1377.23
512.982
26273.3
4565.71
1281.33
576.513
206.604
24311.7
8208.05
2820.87
1356.14
505.511
26379.6
4494.63
1246.17
563.039
203.895
24692.9
8281.07
2820.67
1349.74
502.437
26322
4628.22
1306.39
585.765
208.478
24314.2
8213.93
2832.5
1364.54
509.534
26400.8
4626.65
1306.7
584.984
207.459
24387.6
8245.61
2845.8
1373.14
513.643
40219.8
67919.3
65569.4
37786.4
17062.8
18848.7
26606.3
30006.2
24723.5
30635.9
43912.4
67725.5
58141.2
84736.3
35595.6
44074
25221.4
29009.5
12193.2
14128.1
1403.85
630.428
6.8405
1.76841
1.31418
0.953106
2.97922
1121.21
673.059
299.507
265.266
110.782
43.6354
105.979
37.0445
18.0299
20.5096
10.7889
1087.91
241.992
41.8576
33.9213
90.278
59.057
26.4646
14.841
5.00653
3.6665
15.003
12.5888
1256.08
449.945
610.421
191.198
100.348
272.336
24.9647
6.64147
34.2016
2320.04
1475.06
888.835
520.213
476.797
1116.3
800.831
501.783
297.89
208.303
14.5422
13.94
10.4997
7.0901
5.16454
3.8527
3.84598
3.01079
2.10489
1.57119
2.88466
2.91331
2.30349
1.62327
1.21813
2.10105
2.138
1.70447
1.21109
0.91447
6.45466
6.37879
4.93701
3.41096
2.52187
1889.04
1240.22
731.532
408.395
376.46
1124.61
696.812
379.247
203.615
146.439
544.183
403.147
249.534
143.329
96.1366
436.278
271.672
144.914
75.4701
47.3916
175.83
109.309
58.2497
29.4637
17.5184
85.7426
71.9358
48.0108
29.1624
19.7658
197.877
152.281
95.1655
54.8748
36.1159
70.3037
55.5511
35.2328
20.4181
13.2956
36.6137
32.4203
22.5945
14.2019
9.81749
40.8316
34.9535
23.6242
14.4411
9.76807
22.2496
20.1894
14.3435
9.14478
6.36905
1865
1268.47
769.608
442.582
407.164
452.535
353.847
229.421
137.285
94.448
83.9116
72.9464
50.3387
31.5004
21.8347
68.8218
61.0948
42.9949
27.3806
19.2068
176.503
147.906
99.957
61.7322
42.7543
119.044
104.694
73.2837
46.533
32.6284
54.6348
49.9539
36.1194
23.564
16.789
31.1389
29.1691
21.4601
14.1739
10.159
10.6546
10.2063
7.64794
5.12202
3.70053
7.87153
7.65805
5.83314
3.96935
2.9025
30.992
28.2728
20.281
13.0879
9.22924
26.3043
24.4715
17.8878
11.7435
8.38227
2111.39
1388.93
845.033
493.577
452.453
813.407
603.779
384.615
230.688
161.228
1128.55
852.164
538.392
319.759
237.932
367.671
301.361
202.304
124.912
87.0015
199.161
171.189
118.168
74.3311
51.9635
514.561
410.545
270.895
164.107
113.3
51.5759
47.1728
34.069
22.1851
15.7774
14.125
13.5308
10.1616
6.83313
4.95739
69.843
62.6707
44.5184
28.5845
20.1524
25369.2
18129
25396.1
19952.4
30574.2
53241.8
33624.8
54003.2
24558.2
23303.8
22821.7
24671.9
24511.5
20155.5
38530.4
25947
22298
25662.8
10998.3
11393.4
23665.8
25906.3
12486
12053.7
33451.9
32839.5
29395.2
23182.2
33220
21967.8
14442.9
17380.5
22499
22834.6
56656.9
59253.7
32654.3
35340.7
29532.4
23450.1
26612.5
15977.5
13651
13584.2
32166.1
39171.7
13289.2
15942.2
34499.1
44613.4
16657.7
20507.4
30286.9
51492.9
17735.1
32850.1
5572.64
18148.9
3959.9
12576.9
19579.8
19926.5
20219.1
20916.5
16820.1
15022.1
19670
15934.9
23193.8
28941.4
26313.1
27633
20160.4
21326.8
20255.2
21377.2
21712.9
16349.7
22416.6
16368.6
20166.9
29450.5
18809.2
29520.8
37151.3
54638.4
44291.8
82052.2
39966.8
65076.8
43665.5
90470.9
34439.1
46496.8
44422.2
78184.9
33453.6
42156.8
44823.8
77331
44070.9
45374.4
62017.4
95213.4
42522
40654.5
66382.9
95942.1
38614
35082.1
70801.9
93601.7
18525.7
14407.6
26530.5
39980.9
79985.4
13173.8
15571.3
26112
33196
92452.7
13429.2
18211.8
25140.9
40074
103362
13262.5
8568.53
15137.9
24359.7
15306.7
10178.8
15737
24570.7
17742.2
11093
16506.4
24487.4
10527
7330.24
12620.7
8870.03
20445.7
13711.5
20973.8
13930.5
17029.2
25275.6
11253.5
8235.14
15445.8
11740.8
20287.9
14684.2
24240.4
17238.8
16421.8
23970
17241.7
16146.8
17222
16730.4
12695.2
10773.3
12713.9
11300.7
21439.9
18740.5
21978.8
18591.6
16793.8
16767.5
16717.9
16811.2
12361.2
11629.3
12338.7
11702.8
20712.1
18158.6
20536.5
17986.6
23752.7
20106.7
15373.8
20870.6
24726.3
20318
15572.1
21357.2
23100.7
19384
15511.2
20692.1
22636.9
18775.5
15817.9
20395.4
6098.45
6010.17
3642.89
2754.82
7245.21
5983.85
4201.52
3369.42
6873.66
4801.93
4825.05
3684.2
4870.43
3108.57
6118.04
4228.44
8185.91
5288.05
8337.11
4994.39
6353.4
3558.74
5432.92
3216.38
7761.14
4573.77
8736.44
4774.92
8560.81
4291.73
5610.66
2173.98
18988.6
15265.5
29141.6
21071.5
25384.2
18788.7
43847.4
26519.9
15418.7
9528.76
19260.2
11307.7
14823.4
9827.36
19233.9
11799.4
16883.6
12255.7
14206.3
10979.7
12164.5
15453.5
26308.9
28995
33681.8
37122
19230.7
22042.4
16815.3
18049.8
17436.7
19604.2
5563.49
2650.19
6440.26
2959
5896.83
2626.19
6762.11
2912.84
6253.41
2603.98
7471.36
3175.55
8043.02
3539.11
8938.6
3612.94
10795
8492.43
13990.5
9350.47
14588.5
11950.5
18461.1
13147.9
11609.4
6187.79
9380.45
5659.25
16428.4
9858.37
17742.8
9952.64
21602
13837
22731.2
13926.3
13143.9
6518.98
14080.5
6597.56
5654.12
2446.31
3657.11
1637.86
4611.96
2072.28
3352.44
1496.25
6410.88
2764.67
3847.77
1715.16
6787.99
2974.97
3882.12
1721.02
4334.35
3326.49
2035.57
1420.92
4501.38
3501.66
1965.52
1407.07
4612.46
3491.5
1907.46
1455.37
7565.71
10820.8
6694.43
3507.19
1668.37
9265.27
7385.94
6519.82
3183
1438.8
10543.5
7376.14
4991.19
2986.9
1322.34
2284.89
1338.78
952.921
594.791
2415.71
1418.5
980.74
621.607
2391.38
1408.95
1030.91
648.976
7508.99
4973.5
5477.38
3473.96
4153.06
2657.72
2301.23
1426.6
1029.03
645.011
7606.47
4776.72
5202.17
2953.75
3413.17
1864.82
2008.43
1069.92
961.225
571.428
5197.78
2617.29
5417.67
2665.51
7832.56
4609.65
8192.49
4925.14
3434.59
1565.65
3276.74
1555.6
5623.08
2716.22
5649.26
2724.61
8369.61
5220.34
8369.78
5246.26
3615.98
1578.65
3637.33
1589.76
1949.75
841.105
944.917
509.09
1883.08
847.101
936.252
504.79
2070.83
852.068
966.284
519.584
2126.53
857.687
1026.09
526.071
815.009
564.336
531.342
372.926
884.896
595.627
525.334
353.915
862.695
570.795
511.691
320.447
3095.98
1912.35
2050.91
1207.28
1586.88
975.491
834.6
479.803
473.089
252.48
2720.3
1511.34
1514.23
816.364
920.947
508.023
532.796
276.39
400.749
171.685
755.058
167.412
34.4147
6.2026
846.76
187.402
38.3007
6.77737
739.838
163.633
33.5811
6.03993
848.807
189.83
39.6251
7.15364
718.081
154.729
33.7873
6.48613
875.73
189.07
42.1952
8.19179
981.327
204.439
40.4355
7.01995
1007.74
208.825
39.0435
6.53885
686.393
153.29
34.4297
6.73396
460.1
105.45
24.4037
5.08071
585.126
132.248
30.9464
6.55892
426.961
99.6743
23.434
5.02997
766.915
169.539
35.9764
6.58261
481.335
109.86
24.6898
5.0026
811.284
178.379
36.6407
6.60655
487.557
112.202
24.989
5.08907
597.726
135.398
29.0609
5.57721
424.919
99.1137
22.4354
4.60448
576.408
130.712
28.2568
5.48705
419.319
97.7119
22.0722
4.55347
557.784
124.194
27.7296
5.55932
431.135
97.6987
22.0214
4.5277
473.47
107.508
24.8525
5.28805
409.929
93.5996
21.9186
4.60218
387.95
92.655
21.996
4.85864
282.655
71.8674
14.8114
2.41591
172.681
57.353
12.0787
1.97636
288.922
72.9139
15.1351
2.52428
178.025
58.2827
12.2678
2.01112
307.052
74.5171
15.2177
2.48961
191.318
59.5017
12.2939
2.00064
301.183
74.2144
15.7476
2.64462
189.259
59.3355
12.3864
2.0357
284.703
72.4052
16.3615
2.91026
169.311
57.3444
12.2328
2.03799
273.602
71.031
15.4835
2.68046
150.106
54.5379
12.0456
2.02337
274.209
71.0149
15.7177
2.7411
151.05
55.2841
12.0304
2.01607
275.296
71.2895
14.925
2.48658
149.778
54.6772
11.9039
1.98142
285.381
72.232
14.9335
2.47354
153.764
55.2597
11.9457
1.97939
1.05907
0.222956
0.0439402
0.00813553
0.00119884
1.11753
0.230566
0.044923
0.00825641
0.00121165
1.0506
0.225784
0.0444531
0.00821283
0.00120856
1.15934
0.235983
0.0455824
0.00834399
0.00122224
1.10139
0.229001
0.0447178
0.00825121
0.00121408
1.25406
0.239111
0.0458101
0.0083784
0.00122718
1.15265
0.237393
0.0460121
0.00842426
0.00123318
1.11529
0.233383
0.0455637
0.00835985
0.00122401
1.12783
0.231668
0.0451021
0.00831261
0.00122229
0.962176
0.21774
0.0438489
0.00820092
0.00121368
1.11956
0.226738
0.0444489
0.00823208
0.00121363
0.966736
0.217348
0.0437082
0.00817475
0.00121017
1.08969
0.229658
0.0451352
0.00833386
0.00122538
0.951407
0.216046
0.0437274
0.00819413
0.00121335
1.09763
0.227512
0.0446992
0.00825947
0.00121479
0.959333
0.215087
0.0434004
0.00812724
0.00120322
0.994182
0.213421
0.0426803
0.00798057
0.0011825
0.899384
0.205222
0.0417655
0.00787408
0.00117145
0.99189
0.215063
0.0430583
0.00804484
0.00119098
0.898568
0.206683
0.0421082
0.00793335
0.00117929
1.00791
0.218234
0.0435127
0.00811432
0.00120011
0.908026
0.210351
0.0427061
0.00802298
0.00119057
0.981585
0.217008
0.0435127
0.00813342
0.00120409
0.914454
0.213867
0.0432105
0.00809708
0.00120002
0.94524
0.21591
0.0435157
0.00814538
0.00120641
30011.1
38379.7
30060.5
38068.3
30042.6
37395.7
29176.4
36351.3
27466.2
34715
26436.3
29099.9
26155.7
29776.1
26749.5
29102.7
27358.9
29277.7
29102.3
4950.72
1329.86
595.39
217.752
28465.7
9086.38
2987.83
1403.53
518.972
28940.3
4913.4
1322.38
592.692
216.644
28246.1
9014.1
2972.78
1401.05
520.372
28588.3
4861.41
1314.18
591.118
216.311
27836.4
8935.7
2963.03
1400.92
521.158
28044.3
4750.66
1289.29
582.478
213.42
27203.9
8812.99
2946.41
1401.01
521.88
27304.2
4545.5
1236.69
559.784
204.821
26342.4
8595.4
2891.52
1378.49
513.089
26357.8
4574.96
1282.5
576.646
206.617
24404.3
8226.67
2823.81
1356.5
505.54
26538.1
4512
1248.39
563.287
203.908
24863.9
8316.68
2826.45
1350.38
502.471
26362.3
4632.68
1306.95
585.831
208.487
24356.4
8222.25
2833.77
1364.71
509.569
26412.8
4627.88
1306.84
584.99
207.455
24399.6
8247.97
2846.13
1373.17
513.647
39831.1
67852.6
64932.7
36462.9
24064.5
33487.4
22179
32957.3
31346.6
62112.6
35135.6
64801
0.00246235
0.00651814
0.0211322
0.0699766
0.235096
0.801407
0.00587908
0.0148623
0.0454559
0.139012
0.414586
1.19574
0.00107433
0.000587904
0.00324583
0.0020479
0.0118454
0.00842115
0.0431174
0.0340584
0.153936
0.127161
0.525628
0.381429
2.73922
8.91572
26.9434
75.1246
167.217
245.516
3.30132
8.54989
20.3819
43.2729
76.132
101.638
0.00564869
0.00618788
0.00538413
0.00419809
0.00341147
0.0148554
0.0160749
0.0137776
0.0105674
0.00847602
0.0478302
0.0510983
0.0431278
0.0325378
0.0257603
0.15714
0.16549
0.137372
0.101849
0.079539
0.522849
0.541226
0.440681
0.320358
0.246391
1.76062
1.784
1.41969
1.00902
0.762818
0.0134092
0.0145318
0.0124787
0.00959112
0.0077056
0.0336621
0.0360103
0.0304443
0.0230101
0.0182427
0.102213
0.107905
0.0898184
0.0667791
0.0522622
0.310159
0.32287
0.264486
0.193427
0.149447
0.916879
0.939617
0.756511
0.543744
0.414551
2.61755
2.63506
2.08172
1.46893
1.1045
0.00247571
0.00273637
0.00240857
0.00190225
0.00156157
0.00136067
0.0015165
0.00134901
0.00107801
0.000893199
0.00742829
0.00810454
0.00701997
0.00544717
0.00440928
0.00470579
0.00517388
0.00452462
0.00354782
0.0028956
0.0269193
0.0289864
0.0247085
0.0188426
0.0150441
0.0192146
0.0208464
0.0179318
0.0138077
0.0111077
0.0972398
0.103237
0.0865317
0.0648159
0.0510233
0.0771296
0.0825077
0.0697607
0.0527214
0.0417862
0.344077
0.359373
0.295536
0.217001
0.168177
0.285602
0.300812
0.249615
0.184888
0.14422
1.16191
1.1897
0.956867
0.686875
0.523054
0.849431
0.88067
0.717308
0.520969
0.400096
5.92497
5.8464
4.5285
3.13762
2.32792
18.9144
18.0711
13.5753
9.1531
6.66387
55.7908
51.2516
37.2123
24.3916
17.4454
150.665
131.611
91.9378
58.5159
41.2155
322.126
264.099
176.958
109.688
76.6555
464.358
369.686
243.196
148.985
103.795
7.1405
7.04189
5.44793
3.76979
2.79436
18.2314
17.5552
13.2726
8.998
6.57513
42.731
40.0169
29.5057
19.5864
14.1178
88.931
80.6573
57.9137
37.656
26.8173
153.217
134.443
94.1689
60.1686
42.4946
202.266
174.361
120.573
76.3614
53.721
0.00245357
0.00647662
0.0209876
0.0694775
0.233293
0.794637
0.00585714
0.0147614
0.04512
0.137947
0.411257
1.18572
0.00107054
0.000586218
0.00322799
0.00204138
0.0117815
0.00841656
0.042907
0.034229
0.153161
0.128583
0.523235
0.396053
2.71198
8.81593
26.6255
74.2677
165.868
244.833
3.27256
8.47367
20.2044
42.9366
75.7115
101.442
0.00562939
0.00616882
0.00537041
0.0041904
0.00340743
0.0147651
0.0159876
0.0137166
0.0105352
0.00846116
0.0475203
0.0508078
0.042936
0.0324487
0.0257313
0.156091
0.164547
0.136796
0.101633
0.0795267
0.51914
0.538054
0.438918
0.319893
0.246634
1.74703
1.77297
1.41413
1.0082
0.764481
0.0133611
0.0144844
0.0124446
0.00957166
0.00769505
0.0334425
0.0357968
0.0302928
0.0229266
0.0181998
0.101488
0.107213
0.0893407
0.0665284
0.052145
0.307884
0.320742
0.263063
0.192723
0.149158
0.90984
0.933162
0.752314
0.541774
0.413842
2.59658
2.61621
2.06977
1.46356
1.10279
0.00246754
0.0027285
0.00240309
0.00189943
0.00156038
0.00135709
0.00151323
0.00134699
0.00107733
0.000893334
0.00739008
0.00806896
0.00699721
0.00543789
0.00440794
0.00469269
0.0051639
0.00452169
0.00355151
0.00290298
0.0267869
0.0288732
0.0246495
0.0188357
0.0150665
0.0192152
0.0208723
0.0179862
0.0138818
0.0111906
0.0968293
0.102943
0.0864584
0.0649323
0.051239
0.0775814
0.0831352
0.070466
0.0534248
0.0424656
0.342696
0.358666
0.295797
0.217991
0.169517
0.289205
0.305447
0.254407
0.189323
0.148309
1.1586
1.1901
0.961102
0.693448
0.530596
0.884103
0.920547
0.753783
0.55105
0.425772
5.87103
5.80352
4.50707
3.13402
2.33349
18.7172
17.9136
13.4934
9.13264
6.67441
55.1674
50.7564
36.9467
24.3091
17.4548
148.991
130.264
91.1608
58.1995
41.1361
319.462
261.869
175.544
108.975
76.3206
463.002
368.53
242.435
148.574
103.578
7.08087
6.98914
5.41505
3.75532
2.78995
18.0747
17.4183
13.1877
8.96013
6.56267
42.369
39.7034
29.3105
19.4965
14.0844
88.2497
80.068
57.5392
37.4729
26.7373
152.365
133.696
93.6757
59.9078
42.361
201.869
174.007
120.331
76.2292
53.6486
1398.14
628.22
6.75433
1.75521
1.47095
0.995817
2.98326
1060.06
653.208
291.429
287.783
45.8051
108.927
20.4682
27.8756
13.5755
1045.46
235.048
42.1287
33.5781
88.3303
57.9878
26.047
14.7016
5.91666
4.02481
15.6411
12.6529
1239.14
445.057
594.875
188.099
98.4735
265.579
24.5983
6.61489
33.7055
2309.29
1466.56
883.56
517.555
475.289
1112.03
797.321
499.52
296.705
207.697
14.3871
13.8473
10.4889
7.13412
5.23189
3.83112
3.83881
3.02049
2.12519
1.59569
3.23897
3.2922
2.62601
1.8705
1.41707
2.20151
2.25305
1.80988
1.29782
0.987915
6.48413
6.44885
5.03322
3.51265
2.62039
1828.49
1266.73
783.876
457.434
426.397
1144.12
791.436
483.235
285.241
209.472
540.711
419.709
273.85
165.481
114.592
519.856
375.304
231.645
138.045
92.6486
91.7951
80.1287
56.0001
35.6506
25.0069
209.084
170.568
113.947
70.2108
48.2667
42.3241
38.7958
28.1237
18.4105
13.1335
57.1836
51.7053
37.0043
23.9455
16.9309
28.501
26.7528
19.7637
13.13
9.45216
1804.87
1249.38
773.887
455.454
424.48
443.267
353.204
234.377
143.861
100.977
85.3343
75.7668
53.6503
34.5258
24.4713
68.5778
61.7143
44.1875
28.6985
20.4684
173.947
148.034
102.008
64.394
45.4177
117.314
103.981
73.5525
47.3036
33.5536
53.8747
49.4627
35.9767
23.6535
16.9784
30.9656
29.2377
21.738
14.5396
10.5386
12.6919
12.3483
9.43437
6.45841
4.75325
8.69037
8.54987
6.60537
4.56879
3.3879
32.6432
30.3842
22.3314
14.7982
10.6632
26.6082
25.0732
18.6263
12.4559
9.03141
2080.56
1366.1
831.934
487.849
450.38
804.164
596.527
380.208
228.593
160.359
1102.49
837.471
533.658
320.676
241.651
361.972
297.28
200.287
124.37
87.1696
195.813
169.052
117.455
74.5281
52.5481
503.593
405.228
270.566
166.337
116.404
50.976
46.929
34.1937
22.5095
16.1675
14.1285
13.6499
10.3647
7.06091
5.18132
69.1323
62.606
45.0141
29.3215
20.9362
26.2908
37.6693
59.4311
85.3354
97.9632
48.9189
23515
23063.1
22956.6
25226.1
19795.7
18771.7
19666.6
16522.2
22253.5
38490.9
21904.4
37265.2
25211.5
19329.2
43301.1
20487.2
19828.3
19533.4
21237.3
16519.8
15674.9
16968.4
14545.1
20829.2
44910.4
20197.3
41636.6
23814.1
25185.9
44219.3
16382.2
15586.2
14814.2
15906.8
13066.5
12986
13101.4
11687.4
21666.6
32905.7
21618.6
31124.4
23242.9
26219.9
33079
11848.5
11201.1
9906.1
10549.1
9609.83
9769.08
8763.37
7992.1
15729
22819.9
15649
20579.4
16157.8
17991.3
21343.7
7934.91
7446.17
6358.98
6741
6869.16
7134.49
5643.63
5279.74
11202.7
13663.1
11135.8
11609.1
10577.9
9977.98
11863.1
5641.63
5303.02
4030.31
4268.65
4808.03
4744.78
3645.35
3387.22
8021.68
7943.22
7711.62
6741.85
6922.39
5249.67
7081.53
17917.2
16015.6
21301.2
24110.6
13991.2
12253.1
17512.1
14405.5
12373.6
6153.45
11769.7
6163.49
9284.32
7900.97
7867.14
14861.1
13443.7
17301.9
19273.8
11981.3
10698.8
14596.3
12119.7
9436.26
4561.14
9001.18
4590.91
6782.9
5412.85
5419.82
10612
9747.23
12164
13259.8
8811.94
7833.94
10615.1
8993.44
6582.1
3096.32
6047.42
2960.43
4567.47
3142.04
3698.58
6388.68
5931.84
7589.61
8155.03
5367.31
4665.27
6832.2
5776.58
3808.24
1774.3
3500.76
1724.34
2652.03
1875
2201.28
3754.28
3512.93
4657.43
4961.15
3083.67
2610.49
4286.69
3631.81
2140.33
1180.12
1955.56
1141.55
1595.56
1314.16
1409.76
2121.29
1989.33
2856.11
3029.65
1785.4
1608.59
2624.28
2305.74
1238.74
810.494
1155.5
811.332
1009.12
1003.23
1008.97
)
;

boundaryField
{
    patch1
    {
        type            calculated;
        value           nonuniform List<scalar> 
2440
(
20407.9
17371.3
0
0
0
0
0
0
0
0
20397.9
17351.8
0
0
0
0
0
0
0
0
18199.1
27578.4
29853
42868.8
58194.1
39463.8
25072.5
13337.4
67899.5
17365.4
26606.9
24688.5
43876.1
58078.3
35543.5
25250.1
12689.9
0
0
0
0
0
0
0
0
0
0
0
0
0
0
0
0
0
0
0
0
0
0
0
0
0
0
0
0
0
0
0
0
0
0
0
67835.7
0
0
0
0
0
0
0
0
0
0
0
0
0
0
0
0
0
0
0
0
0
0
0
0
0
0
0
0
0
0
0
0
0
0
0
0
0
0
0
0
0
0
0
0
0
0
0
0
0
0
0
0
0
0
0
0
0
17982.2
27557.1
29880
42902.5
58263.3
39539.8
25092.5
13007.4
67903.5
17062.8
26606.3
24723.5
43912.4
58141.2
35595.6
25221.4
12193.2
0
0
0
0
0
0
0
0
0
0
0
0
0
0
0
0
0
0
0
0
0
0
0
0
0
0
0
0
0
0
0
0
0
0
0
67836.2
0
0
0
0
0
0
0
0
0
0
0
0
0
0
0
0
0
0
0
0
0
0
0
0
0
0
0
0
0
0
0
0
0
0
0
0
0
0
0
0
0
0
0
0
0
0
0
0
0
0
0
0
0
0
0
0
0
17907.2
16127.5
0
0
0
0
0
5250.13
7083.26
1003.25
1008.97
17903.5
16124.2
0
0
0
0
0
5249.67
7081.53
1003.23
1008.97
28881.1
16966.6
17202.7
18984.1
18908.6
17127.8
17109.2
18454.6
18308.9
20225.1
20888.1
20195.6
21097.7
19632
20877.1
19125.9
20740.6
257.949
154.689
288.522
251.339
382.466
462.207
960.829
1258.58
1201.17
974.949
474.857
954.569
1233.12
1062.75
816.94
385.192
16837
1.62416
4.12161
2.33417
6.06371
6.56131
10.1348
497.071
213.395
91.2389
38.737
16.2566
409.379
165.002
71.1928
32.3975
17.2776
0
0
0
0
0
0
0
0
0
0
0
0
0
0
0
0
0
0
0
0
0
0
0
0
0
0
0
0
0
0
0
0
0
0
0
0
0
0
0
0
0
308.21
-140.432
310.236
-147.874
310.739
-148.95
309.905
-147.559
311.487
-148.981
103.496
-59.4683
210.972
-114.693
38.5123
-22.2365
7.8481
-4.03686
40218.6
65575
37788.2
19196.6
30041.4
30609.1
67688.6
84662.7
44062.1
29035.9
14715.7
16289.7
16940.5
19000.1
18764.8
17032.5
17085.7
18483.3
18318.1
20455.5
21158.4
20575
21604.8
19748.9
21005
19160.2
20778.6
5996.06
2719.94
5988.61
3367.94
4802.51
3683.62
3108.88
4228.88
5288.76
4994.45
3558.5
3216.75
4574.17
4775.14
4291.69
2173.83
562.41
370.808
596.267
353.978
570.792
320.443
1912.54
1207.39
975.557
479.866
252.513
1511.56
816.518
508.133
276.465
171.737
0
0
0
0
0
0
0
0
0
0
0
0
0
0
0
0
0
0
0
0
0
0
0
0
0
0
0
0
0
0
0
0
0
0
0
0
0
0
0
0
0
308.229
-140.436
310.268
-147.88
310.785
-148.948
309.934
-147.558
311.509
-148.994
103.5
-59.4674
210.981
-114.696
38.5148
-22.2365
7.8486
-4.03694
39832.3
64955.5
36475.2
33284
33018.5
62302.5
64371.8
5626.24
5302.01
4029.65
4257.84
4808.08
4745.08
3645.22
3387.39
7996.09
7914.8
7711.62
6739.41
6922.67
2115.1
1988.83
2855.53
3021.49
1785.25
1608.64
2624.16
2305.86
1235.62
808.746
1155.12
810.788
1009.04
28866.4
16965.6
17202
18984.2
18908.6
17127.4
17108.9
18454.8
18309.1
20225.9
20889
20196.7
21099.1
19632.7
20877.9
19126.5
20741.2
254.339
153.124
289.199
252.032
382.652
462.65
960.733
1258.57
1201.33
975.203
475.062
954.46
1233.06
1062.79
817.05
385.279
16829.6
1.5878
4.06011
2.33316
6.06441
6.55965
10.1313
496.995
213.354
91.2169
38.7253
16.2501
409.313
164.967
71.1744
32.387
17.2702
0
0
0
0
0
0
0
0
0
0
0
0
0
0
0
0
0
0
0
0
0
0
0
0
0
0
0
0
0
0
0
0
0
0
0
0
0
0
0
0
0
307.814
-141.13
310.169
-147.67
310.679
-148.898
309.886
-147.55
311.485
-148.982
103.497
-59.4687
210.974
-114.696
38.5125
-22.2365
7.84813
-4.03687
40218
65582.8
37788.8
18780.2
30033.3
30642.6
67718.4
84709.3
44112.3
28995.7
14093.9
16289.1
16939.9
19000.6
18765.4
17032.1
17085.3
18483.7
18318.4
20456.7
21159.5
20576.3
21606.2
19749.8
21005.9
19160.9
20779.3
6010.27
2754.77
5983.85
3369.42
4801.93
3684.2
3108.57
4228.44
5288.05
4994.39
3558.74
3216.38
4573.77
4774.92
4291.73
2173.98
564.333
372.926
595.627
353.915
570.795
320.447
1912.35
1207.28
975.491
479.803
252.48
1511.34
816.364
508.023
276.39
171.685
0
0
0
0
0
0
0
0
0
0
0
0
0
0
0
0
0
0
0
0
0
0
0
0
0
0
0
0
0
0
0
0
0
0
0
0
0
0
0
0
0
307.832
-141.133
310.201
-147.676
310.724
-148.896
309.914
-147.548
311.507
-148.995
103.501
-59.4678
210.983
-114.699
38.515
-22.2365
7.84862
-4.03694
39828.8
64947.8
36466.2
33449.8
32992
62192.3
64698.4
5641.78
5303.06
4030.35
4268.77
4808.03
4744.78
3645.35
3387.22
8021.68
7943.22
7711.62
6741.85
6922.39
2121.24
1989.32
2856.08
3029.56
1785.4
1608.59
2624.28
2305.74
1238.74
810.494
1155.5
811.332
1009.12
26564.1
1865.82
48.9325
26560
1865.77
48.9189
24998.4
21746.4
32064.5
24009.3
12691.1
9957.42
13495.6
12541
1368.42
1701.43
11428.9
12263.8
22261.3
22373
25378.8
17985.7
28796.7
968.985
36.6222
6908.84
4100.39
12744
8013.33
225.972
117.654
70.4981
2229.34
904.693
331.413
3881.33
1524.54
707.341
25974.2
21624.5
34346.6
24769.9
15569.7
11926
18219.1
13337.1
26.4608
13.8363
331.96
183.957
272.383
241.967
5963.05
11035.1
2845.37
7.86983
6.43302
81.6065
37.1907
163.28
94.7834
0.748589
0.30197
0.180584
10.8715
5.04467
2.71234
39.5283
19.1507
8.87674
26634.8
27192.4
27886.7
27883.5
26759.8
26221.2
25750.6
26646
27328.2
30054.2
30055.3
30039.4
29174.3
27464.6
26435.3
26154.5
26748.8
27358.3
24995.3
21744.3
32076.7
24012.4
12466.8
9762.29
13441.6
12522.3
1180.48
1460.67
11386.7
12229.6
22253.5
22364.1
25375.5
17984.1
28792.8
806.197
-94.1622
6940.25
4123.03
12737.7
8012.37
177.449
93.4068
61.2052
2248.78
911.407
332.858
3882.39
1525.62
707.9
25976.9
21623.9
34360.8
24773.7
15379.8
11854.1
18177.4
13305.2
22.8007
11.6689
328.982
181.984
272.365
241.924
5962.99
11034.7
2845.23
6.9556
6.25146
80.5956
36.7898
163.178
94.6883
0.656725
0.258574
0.148023
10.7226
5.00567
2.70033
39.4887
19.1343
8.87063
26555.9
27197.9
27890.8
27886.1
26761.5
26222
25751.8
26646.6
27328.8
30011.1
30060.5
30042.6
29176.4
27466.2
26436.3
26155.7
26749.5
27358.9
9733.84
5740.32
0.7766
0.186367
0.0377178
0.00706213
0.00104533
0.841652
0.193813
0.0389554
0.00727106
0.00107449
17434.5
19603.8
16697.7
21234.1
18623.3
20013.1
0.914454
0.213867
0.0432105
0.00809708
0.00120002
0.94524
0.21591
0.0435157
0.00814538
0.00120641
26.2908
37.6693
59.4311
85.3354
97.9632
14041
10140.3
18346
13326
22846
15378.5
5645.39
2344.12
981.229
7487.49
3006.75
1244.58
7475.78
2796.59
1086.91
7761.69
4574.17
8736.56
4775.14
8560.48
4291.69
5610.35
2173.83
8052.86
3541.46
8963.67
3616.96
981.461
204.465
40.441
7.021
1008.11
208.903
39.0583
6.54134
1.15283
0.237434
0.0460208
0.00842595
0.00123343
1.11571
0.233471
0.0455809
0.008363
0.00122447
0.00058633
0.00204182
0.00841844
0.0342371
0.128615
0.396158
0.00135736
0.00151354
0.0013473
0.0010776
0.000893571
0.00469372
0.00516512
0.00452286
0.00355252
0.00290386
0.0192196
0.0208775
0.0179911
0.013886
0.0111942
0.0776004
0.0831571
0.0704865
0.0534421
0.0424805
0.28928
0.305533
0.254487
0.18939
0.148366
0.884349
0.920827
0.754038
0.551259
0.425948
5.91846
12.6961
12.3528
9.43827
6.46143
4.75568
7784.94
3203.89
1233.06
8052.18
2976.77
1062.79
7061.96
2367.67
817.05
4621.16
1308.61
385.279
8615.9
3736.12
9172.32
3687.06
7587.1
5049.01
3846.84
2166.91
1240.77
677.955
2637.36
1128.18
487.383
1004.68
446.304
200.227
324.043
148.542
70.3133
1005.26
203.339
39.3507
6.72092
1018.29
208.884
38.7495
6.44899
1.09036
0.222989
0.0429729
0.00783393
0.00114351
1.09452
0.228333
0.0444703
0.00814426
0.00119098
5.00653
10.6546
10.2063
7.64794
5.12202
3.70053
0.000587904
0.0020479
0.00842115
0.0340584
0.127161
0.381429
0.00136067
0.0015165
0.00134901
0.00107801
0.000893199
0.00470579
0.00517388
0.00452462
0.00354782
0.0028956
0.0192146
0.0208464
0.0179318
0.0138077
0.0111077
0.0771296
0.0825077
0.0697607
0.0527214
0.0417862
0.285602
0.300812
0.249615
0.184888
0.14422
0.849431
0.88067
0.717308
0.520969
0.400096
16699.5
21237.2
18632.5
20018.2
0.914442
0.213866
0.0432105
0.00809718
0.00120005
0.945307
0.215924
0.0435185
0.00814595
0.00120651
26.3044
37.6872
59.4558
85.3657
97.9929
9733.25
5739.7
0.775803
0.186198
0.0376863
0.00705654
0.00104453
0.840823
0.193639
0.0389225
0.0072652
0.00107366
17429.8
19599.4
60653.8
85173.1
44193.1
51510
22422.9
27013.2
3264.5
3684.16
0
0
0
0
0
0
0
0
0
0
0
0
0
0
0
16210.8
11570.1
19183.1
12825.2
20342.6
22394.3
7092.54
3129.86
7497.91
3112.72
830.74
173.936
34.3218
5.93773
850.33
180.825
36.5348
6.46184
42.7867
23.4971
5.99472
1.08458
51.7841
26.283
6.52388
1.16791
72.7868
31.7117
7.38412
1.28366
104.742
38.7258
8.58822
1.4651
128.951
45.0209
9.71678
1.63583
147.032
52.5202
11.4343
1.90247
135.887
49.5715
10.6827
1.77997
150.321
54.2192
11.6861
1.93173
154.324
55.2349
11.9001
1.96718
0.96242
0.196218
0.0379416
0.00694175
0.00101614
1.03151
0.207393
0.0397271
0.00723345
0.00105621
0.906277
0.203198
0.0406785
0.00757489
0.00111774
0.88579
0.198462
0.0397191
0.00740051
0.0010926
0.92043
0.207289
0.0417366
0.00779078
0.00115064
0.950084
0.212349
0.0427592
0.00799469
0.00118236
0.672211
0.161816
0.0335171
0.00637241
0.000951686
0.692035
0.166861
0.0344634
0.00653203
0.000973364
0.735517
0.176443
0.0360916
0.00679622
0.00100894
37181.6
36975.2
36511.2
35713.1
34412.1
28994.3
29496.1
29107.2
29347.4
27979.8
9086.78
3085.28
1500.57
603.352
27861.1
9029.92
3070.94
1498.66
607.927
27597.1
8983.7
3067.05
1500.07
609.633
27138.4
8905.44
3062.07
1505.31
613.659
26412.6
8721.33
3014.61
1485.53
606.715
24576.3
8368.26
2936.76
1450.65
587.607
24957.8
8442.43
2937.5
1445.15
585.269
24575
8371.65
2946.69
1457.82
590.736
24653.1
8407.37
2963.17
1468.08
596.304
55988.9
82122.9
29748.1
38205.6
15474.1
19118.2
1800.09
2343.09
1.31442
110.803
37.0524
10.7912
2.8852
2.9139
2.30399
1.62367
1.21846
175.866
109.335
58.2654
29.4735
17.5257
70.3193
55.5645
35.2424
20.4248
13.3008
22.2545
20.1941
14.3472
9.14755
6.37128
0
0
0
0
0
0
0
0
0
0
19202.7
11285.3
19235.6
11799
19237.3
22049.8
6427.64
2951.16
6755.54
2910.77
845.391
187.303
38.3
6.77681
848.433
189.762
39.6158
7.15272
171.975
57.2579
12.0667
1.97468
178.01
58.2578
12.2629
2.01038
191.309
59.4917
12.2915
2.00024
189.28
59.3366
12.386
2.03558
169.356
57.3539
12.234
2.03813
150.16
54.5557
12.0492
2.02394
151.103
55.2989
12.033
2.01645
149.83
54.6969
11.9082
1.98213
153.817
55.2815
11.9507
1.98025
1.11728
0.230652
0.0449401
0.00825934
0.00121206
1.15925
0.235963
0.0455814
0.00834419
0.0012223
0.962366
0.217779
0.0438565
0.00820235
0.0012139
0.966851
0.217372
0.0437128
0.00817565
0.00121031
0.951702
0.216109
0.0437397
0.00819642
0.00121369
0.95976
0.215181
0.0434191
0.0081307
0.00120372
0.898286
0.205157
0.0417666
0.00787537
0.0011717
0.898476
0.206644
0.0421017
0.00793255
0.00117922
0.907955
0.210334
0.042703
0.00802259
0.00119053
38607.6
38242.2
37568.1
36438.2
34788.8
29187.2
29851.2
29195.9
29372
28744.8
9263.01
3114.88
1504.81
603.867
28535.4
9186.25
3097.07
1502.31
608.315
28125.2
9108.64
3087.97
1502.84
609.789
27507.1
8994.88
3077.28
1507.22
613.76
26647.8
8780.08
3024.67
1486.72
606.923
24669
8386.92
2939.67
1451.04
587.619
25128.8
8478.1
2943.28
1445.7
585.348
24617.1
8380.03
2947.9
1458.02
590.771
24665.1
8409.74
2963.5
1468.11
596.311
0.0058799
0.0148642
0.0454616
0.139029
0.414637
1.19588
3.30171
8.55087
20.3841
43.2773
76.1393
101.648
0.0134111
0.014534
0.0124808
0.00959288
0.00770714
0.0336665
0.0360153
0.0304489
0.023014
0.018246
0.102226
0.10792
0.089832
0.0667903
0.0522719
0.3102
0.322915
0.264527
0.19346
0.149475
0.916997
0.939748
0.756629
0.54384
0.414633
2.61788
2.63543
2.08205
1.4692
1.10473
7.14139
7.04287
5.44879
3.77049
2.79494
18.2336
17.5576
13.2747
8.9997
6.57656
42.736
40.0222
29.5103
19.5901
14.121
88.9409
80.6679
57.9228
37.6633
26.8234
153.234
134.46
94.1837
60.1803
42.5046
202.288
174.384
120.592
76.3766
53.7338
0.00585816
0.0147641
0.0451284
0.137972
0.411331
1.18593
3.2731
8.475
20.2073
42.9422
75.7201
101.453
0.0133635
0.0144872
0.0124472
0.00957392
0.00769702
0.033449
0.0358044
0.0302999
0.0229325
0.0182049
0.101508
0.107236
0.0893618
0.0665461
0.0521602
0.307943
0.32081
0.263125
0.192775
0.149202
0.910012
0.933357
0.752492
0.54192
0.413965
2.59706
2.61675
2.07025
1.46396
1.10312
7.08213
6.99055
5.41631
3.75633
2.79078
18.0777
17.4217
13.1907
8.96249
6.56461
42.3757
39.7107
29.3169
19.5015
14.0885
88.2623
80.0816
57.551
37.482
26.7448
152.384
133.717
93.6933
59.9214
42.3722
201.891
174.031
120.352
76.2452
53.662
1.47138
287.839
13.5797
3.23997
3.29332
2.62701
1.8713
1.41773
519.973
375.411
231.724
138.098
92.6868
28.5105
26.7629
19.7722
13.1364
9.45721
60724.4
85196.9
44280.5
51502.5
22453.5
27115.6
2226.87
2514.15
0
0
0
0
0
0
0
0
0
0
0
0
0
0
0
15969.1
11482.5
19138.1
12794.2
20339.1
22391.8
7072.02
3130.38
7481.62
3107.86
830.682
173.729
34.262
5.92756
849.436
180.677
36.5066
6.45693
42.6809
23.4552
5.98632
1.08342
51.7476
26.2649
6.51929
1.16711
72.7186
31.6781
7.37616
1.28228
104.646
38.6839
8.57843
1.46341
128.845
44.976
9.70638
1.63403
146.95
52.4833
11.4254
1.90091
135.791
49.5288
10.6727
1.77823
150.254
54.1888
11.6788
1.93046
154.267
55.2097
11.8941
1.96613
0.960865
0.195784
0.0378585
0.00692701
0.00101404
1.03077
0.20726
0.0397014
0.00722881
0.00105555
0.905505
0.20303
0.0406459
0.00756902
0.00111689
0.884965
0.198288
0.039686
0.00739459
0.00109175
0.919753
0.207137
0.0417064
0.00778527
0.00114985
0.949526
0.212223
0.0427341
0.00799007
0.00118169
0.672151
0.161665
0.0334771
0.00636444
0.000950512
0.691494
0.16677
0.0344457
0.00652864
0.000972854
0.734792
0.176296
0.0360643
0.00679135
0.00100824
37109.4
36981.7
36514.2
35714.9
34413.5
28995
29497.1
29107.8
29347.9
27977
9073.46
3079.31
1497.8
602.578
27858.6
9029.44
3070.43
1498.26
607.714
27596.7
8983.8
3066.99
1499.95
609.553
27138.7
8905.62
3062.12
1505.31
613.642
26413.1
8721.49
3014.67
1485.55
606.719
24576.7
8368.35
2936.78
1450.67
587.612
24958.3
8442.55
2937.54
1445.17
585.277
24575.3
8371.71
2946.7
1457.83
590.738
24653.4
8407.41
2963.18
1468.08
596.305
56053.1
82172
29806.2
38264.7
15431.9
19062.7
1211.15
1582.49
1.31418
110.782
37.0445
10.7889
2.88466
2.91331
2.30349
1.62327
1.21813
175.83
109.309
58.2497
29.4637
17.5184
70.3037
55.5511
35.2328
20.4181
13.2956
22.2496
20.1894
14.3435
9.14478
6.36905
0
0
0
0
0
0
0
0
0
0
19266.2
11311
19233.9
11799.9
19231.7
22046.1
6440.21
2959.02
6756.6
2912.25
846.76
187.402
38.3007
6.77737
848.807
189.83
39.6251
7.15364
172.681
57.353
12.0787
1.97636
178.025
58.2827
12.2678
2.01112
191.318
59.5017
12.2939
2.00064
189.259
59.3355
12.3864
2.0357
169.311
57.3444
12.2328
2.03799
150.106
54.5379
12.0456
2.02337
151.05
55.2841
12.0304
2.01607
149.778
54.6772
11.9039
1.98142
153.764
55.2597
11.9457
1.97939
1.11753
0.230566
0.044923
0.00825641
0.00121165
1.15934
0.235983
0.0455824
0.00834399
0.00122224
0.962176
0.21774
0.0438489
0.00820092
0.00121368
0.966736
0.217348
0.0437082
0.00817475
0.00121017
0.951407
0.216046
0.0437274
0.00819413
0.00121335
0.959333
0.215087
0.0434004
0.00812724
0.00120322
0.899384
0.205222
0.0417655
0.00787408
0.00117145
0.898568
0.206683
0.0421082
0.00793335
0.00117929
0.908026
0.210351
0.0427061
0.00802298
0.00119057
38560.8
38248.5
37570.7
36439.8
34790
29188
29852.2
29196.5
29372.5
28749.8
9250.55
3109
1502.06
603.095
28533.7
9185.98
3096.59
1501.92
608.102
28125
9108.83
3087.93
1502.72
609.71
27507.5
8995.09
3077.34
1507.21
613.743
26648.3
8780.23
3024.73
1486.74
606.927
24669.4
8387
2939.69
1451.05
587.624
25129.3
8478.21
2943.33
1445.72
585.356
24617.4
8380.08
2947.91
1458.02
590.773
24665.3
8409.79
2963.51
1468.12
596.312
0.00587908
0.0148623
0.0454559
0.139012
0.414586
1.19574
3.30132
8.54989
20.3819
43.2729
76.132
101.638
0.0134092
0.0145318
0.0124787
0.00959112
0.0077056
0.0336621
0.0360103
0.0304443
0.0230101
0.0182427
0.102213
0.107905
0.0898184
0.0667791
0.0522622
0.310159
0.32287
0.264486
0.193427
0.149447
0.916879
0.939617
0.756511
0.543744
0.414551
2.61755
2.63506
2.08172
1.46893
1.1045
7.1405
7.04189
5.44793
3.76979
2.79436
18.2314
17.5552
13.2726
8.998
6.57513
42.731
40.0169
29.5057
19.5864
14.1178
88.931
80.6573
57.9137
37.656
26.8173
153.217
134.443
94.1689
60.1686
42.4946
202.266
174.361
120.573
76.3614
53.721
0.00585714
0.0147614
0.04512
0.137947
0.411257
1.18572
3.27256
8.47367
20.2044
42.9366
75.7115
101.442
0.0133611
0.0144844
0.0124446
0.00957166
0.00769505
0.0334425
0.0357968
0.0302928
0.0229266
0.0181998
0.101488
0.107213
0.0893407
0.0665284
0.052145
0.307884
0.320742
0.263063
0.192723
0.149158
0.90984
0.933162
0.752314
0.541774
0.413842
2.59658
2.61621
2.06977
1.46356
1.10279
7.08087
6.98914
5.41505
3.75532
2.78995
18.0747
17.4183
13.1877
8.96013
6.56267
42.369
39.7034
29.3105
19.4965
14.0844
88.2497
80.068
57.5392
37.4729
26.7373
152.365
133.696
93.6757
59.9078
42.361
201.869
174.007
120.331
76.2292
53.6486
1.47095
287.783
13.5755
3.23897
3.2922
2.62601
1.8705
1.41707
519.856
375.304
231.645
138.045
92.6486
28.501
26.7528
19.7637
13.13
9.45216
7785.81
3204.19
1233.12
8052.49
2976.82
1062.75
7061.59
2367.53
816.94
4620.73
1308.43
385.192
8622.56
3739.59
9175.93
3689.1
7587.95
5049.76
3847.36
2167.26
1240.72
677.998
2637.83
1128.37
487.457
1004.87
446.393
200.265
324.101
148.577
70.3299
1006.21
203.519
39.3839
6.72636
1018.93
209.019
38.7743
6.45304
1.09121
0.223155
0.0430036
0.00783938
0.00114429
1.0952
0.22847
0.0444965
0.00814896
0.00119166
5.00751
10.6568
10.2085
7.64979
5.12344
3.7017
0.000587988
0.00204818
0.00842232
0.0340634
0.12718
0.381492
0.00136087
0.00151674
0.00134923
0.0010782
0.000893368
0.00470644
0.00517463
0.00452531
0.00354841
0.00289612
0.0192173
0.0208495
0.0179347
0.0138101
0.0111098
0.0771411
0.0825207
0.0697726
0.0527313
0.0417946
0.285648
0.300863
0.24966
0.184925
0.144252
0.849575
0.880829
0.717449
0.521083
0.400192
14039
10138.7
18343
13323.7
22841.9
15375.8
5644.46
2343.79
981.131
7486.43
3006.51
1244.57
7475
2796.63
1087.06
7761.14
4573.77
8736.44
4774.92
8560.81
4291.73
5610.66
2173.98
8051.09
3540.82
8961.31
3615.77
981.327
204.439
40.4355
7.01995
1007.74
208.825
39.0435
6.53885
1.15265
0.237393
0.0460121
0.00842426
0.00123318
1.11529
0.233383
0.0455637
0.00835985
0.00122401
0.000586218
0.00204138
0.00841656
0.034229
0.128583
0.396053
0.00135709
0.00151323
0.00134699
0.00107733
0.000893334
0.00469269
0.0051639
0.00452169
0.00355151
0.00290298
0.0192152
0.0208723
0.0179862
0.0138818
0.0111906
0.0775814
0.0831352
0.070466
0.0534248
0.0424656
0.289205
0.305447
0.254407
0.189323
0.148309
0.884103
0.920547
0.753783
0.55105
0.425772
5.91666
12.6919
12.3483
9.43437
6.45841
4.75325
)
;
    }
    patch2
    {
        type            calculated;
        value           nonuniform List<scalar> 
348
(
23.5353
23.5228
103.577
14.2036
4.47855
18.1198
106.881
14.6069
4.69986
18.9076
103.537
14.1993
4.47722
18.1138
106.836
14.6006
4.6977
18.8991
420.774
194.526
4.67305
1.43114
1.11135
0.83581
2.28975
321.566
135.899
87.7838
42.0068
15.0143
17.5784
32.0617
11.6417
8.75055
8.64268
5.68014
350.568
86.5986
19.5686
17.2597
38.6121
29.3549
15.1258
9.15088
3.3376
2.62736
8.28013
7.54384
398.892
149.724
227.309
79.0344
46.8649
0.00319258
0.00789865
0.0239048
0.0734854
0.226528
0.697543
0.00718455
0.0169358
0.0483156
0.137593
0.380066
1.00828
0.00146609
0.000841091
0.00412077
0.00271331
0.0139974
0.0103598
0.0472583
0.0387859
0.154993
0.133183
0.479361
0.367623
2.11677
6.02893
15.7278
37.1449
69.4902
94.3489
2.5401
5.95335
12.7416
24.1573
38.2839
48.4111
0.00318972
0.00788928
0.0238943
0.0735348
0.226979
0.699916
0.00717679
0.0169054
0.0482389
0.137429
0.379722
1.00761
0.00146545
0.000841513
0.00412203
0.00272198
0.0140292
0.0104462
0.0475051
0.0394623
0.15644
0.137189
0.487219
0.392182
2.12488
6.04764
15.7609
37.1268
69.2505
94.1807
2.53849
5.9478
12.7232
24.1045
38.1827
48.3529
419.596
194.061
4.74617
1.45673
1.29739
0.905646
2.38702
366.356
192.738
105.116
82.0568
22.4468
43.2055
11.8199
15.1928
8.52196
368.446
93.0594
22.08
18.4944
41.2475
30.3096
15.3394
9.53092
4.31468
3.08189
9.63361
8.1717
397.542
149.155
231.633
79.387
47.5428
420.632
194.468
4.67178
1.43078
1.11103
0.835589
2.28913
321.366
135.816
87.7394
41.9841
15.0073
17.5712
32.0468
11.6368
8.74724
8.63929
5.67805
350.382
86.5607
19.5612
17.2536
38.597
29.3452
15.1214
9.14807
3.33651
2.62655
8.2772
7.54136
398.74
149.676
227.215
79.0093
46.8498
0.00319194
0.0078972
0.0239003
0.073471
0.226482
0.69739
0.00718309
0.0169326
0.0483064
0.137566
0.379988
1.00807
0.0014658
0.000840929
0.00412002
0.00271281
0.0139948
0.0103578
0.0472488
0.0387778
0.15496
0.133153
0.479249
0.367533
2.11628
6.02745
15.7237
37.1349
69.471
94.3231
2.53955
5.952
12.7385
24.1514
38.2744
48.3988
0.00318888
0.00788696
0.023887
0.0735115
0.226905
0.69968
0.00717491
0.0169005
0.0482245
0.137387
0.379605
1.0073
0.00146506
0.000841285
0.00412079
0.00272113
0.0140248
0.0104427
0.0474892
0.0394481
0.156384
0.137135
0.487034
0.392016
2.12415
6.04556
15.7556
37.1148
69.2296
94.1541
2.5377
5.94597
12.7194
24.0974
38.1721
48.3402
419.459
194.002
4.74426
1.45616
1.29677
0.90524
2.38596
366.209
192.662
105.067
82.0221
22.4352
43.1841
11.8135
15.1846
8.51728
368.297
93.0171
22.069
18.4856
41.2281
30.2966
15.3333
9.52664
4.31241
3.08035
9.62864
8.16772
397.404
149.106
231.543
79.3584
47.524
62.0126
15.0243
5.00977
73.7895
18.7206
6.57066
99.2555
26.3079
9.6606
140.909
37.2303
13.1995
197.094
46.2376
14.1725
455.536
319.351
442.48
292.755
424.923
247.295
392.383
195.009
337.936
143.144
61.8236
14.9381
4.95743
73.7189
18.7175
6.57212
99.1698
26.2909
9.65644
140.792
37.2054
13.1929
196.941
46.2075
14.1654
457.288
320.663
442.39
292.751
424.905
247.276
392.329
194.974
337.837
143.098
)
;
    }
    patch3
    {
        type            calculated;
        value           uniform 0;
    }
    patch4
    {
        type            calculated;
        value           nonuniform List<scalar> 
384
(
9589.16
18505.9
22809.4
59036.5
77232.8
35584.8
21147
8525
18085
20053.4
53564.3
53490.4
9232.92
18508.8
22773.3
59044.2
77256.3
35573.2
21202.2
8037.75
17982.2
20084.1
53488
53645.5
14539.4
17281.4
56687.6
59015.4
14456.6
17349.3
56701.9
59181.9
14537.2
17282
56693.2
59019.8
14456.8
17350.3
56698.8
59184.6
12113.7
13170.6
13627.1
13558.1
4658.17
16567.4
3789.74
12275.2
5583.4
18159.4
3980.59
12590.3
13617.5
13554.8
12114.6
13172
7335.52
6370.53
8617.12
8411.14
28066.8
23089
7925.87
11105
12040.5
16233.8
11150.8
11568
12448.3
11998.9
29510.1
23431.9
13477.3
16178.9
16584.8
20447.4
7106.84
6187.99
8606.52
8438
28066.4
23090.8
7724.99
10851
12075.1
16279
11032.5
11418.1
12486.1
12056.5
29517.4
23435.3
13288.8
15942.2
16638.1
20504.1
5576.57
18148.2
3978.9
12586.8
4661.28
16575.6
3790.67
12278.1
137381
152049
145307
156612
137398
152061
145321
156623
29347.8
12286.8
37933.2
17779.4
52016
31762.7
18584.4
13757.2
60689.6
107824
75662.6
123078
51419.5
100821
47311
99072.1
42516.9
17195.2
49097.2
21947.9
60661.7
36291.4
20238.3
14099.2
63657.5
109326
80583.3
125881
52876.5
101553
47724.4
99288.6
28953.2
12011.7
37974.3
17831.1
52039
31787.8
18594
13760.7
60700.8
107830
75675.6
123086
51427
100826
47316.5
99076
42220.9
16936
49143.2
22011.7
60687.2
36323.1
20250.6
14103.3
63671.3
109333
80597.6
125890
52885.7
101559
47730.5
99292.8
50902.9
105221
62404.5
115875
77871.6
123630
104832
70932.3
128031
78438.8
134002
89202.6
136065
111247
50388.2
104574
62455
115955
77897.2
123660
104846
70608.7
127613
78484.9
134077
89225.1
136089
111261
28019.5
28015.5
27879.5
27579.4
27031.2
26273
26379.1
26321.7
26400.6
29085.5
28947.3
28589.6
28044.1
27303.7
26357.4
26537.6
26362
26412.5
28027.5
28007.3
27877.9
27579.6
27031.8
26273.3
26379.6
26322
26400.8
29102.3
28940.3
28588.3
28044.3
27304.2
26357.8
26538.1
26362.3
26412.8
4864.33
4808.47
4781.42
4696.93
4514.39
4565.66
4494.56
4628.18
4626.62
4979.91
4910.3
4860.73
4750.46
4545.42
4574.92
4511.94
4632.64
4627.85
4835
4811.37
4782.04
4697.12
4514.48
4565.71
4494.63
4628.22
4626.65
4950.72
4913.4
4861.41
4750.66
4545.5
4574.96
4512
4632.68
4627.88
1325.75
1308.44
1303.62
1282.1
1232.54
1281.32
1246.15
1306.39
1306.69
1340.49
1321.52
1313.94
1289.21
1236.66
1282.49
1248.38
1306.95
1306.84
1315.15
1309.28
1303.85
1282.18
1232.57
1281.33
1246.17
1306.39
1306.7
1329.86
1322.38
1314.18
1289.29
1236.69
1282.5
1248.39
1306.95
1306.84
598.439
590.655
589.754
581.582
559.286
576.509
563.031
585.763
584.983
600.36
592.332
591.031
582.449
559.77
576.643
563.28
585.829
584.989
593.474
591.012
589.839
581.61
559.299
576.513
563.039
585.765
584.984
595.39
592.692
591.118
582.478
559.784
576.646
563.287
585.831
584.99
219.347
216.357
216.18
213.348
204.785
206.602
203.892
208.477
207.459
219.547
216.522
216.286
213.413
204.817
206.615
203.906
208.486
207.454
217.553
216.478
216.204
213.355
204.789
206.604
203.895
208.478
207.459
217.752
216.644
216.311
213.42
204.821
206.617
203.908
208.487
207.455
)
;
    }
}


// ************************************************************************* //
