/*--------------------------------*- C++ -*----------------------------------*\
  =========                 |
  \\      /  F ield         | OpenFOAM: The Open Source CFD Toolbox
   \\    /   O peration     | Website:  https://openfoam.org
    \\  /    A nd           | Version:  11
     \\/     M anipulation  |
\*---------------------------------------------------------------------------*/
FoamFile
{
    format      ascii;
    class       volScalarField;
    location    "1.4";
    object      gradTz;
}
// * * * * * * * * * * * * * * * * * * * * * * * * * * * * * * * * * * * * * //

dimensions      [0 -1 0 1 0 0 0];

internalField   nonuniform List<scalar> 
5712
(
7810.8
25624.3
6218.49
26262.5
4646.34
27085.8
7284.4
41509.3
8941.55
57006.2
8904.67
41665.2
8618.9
34664
8961.27
31019.7
5421.55
3402.9
14510.8
8669.01
5282.11
2862.05
15763.6
7833.87
5985.86
4407.73
19159.4
13652.8
4530.55
3330.65
18835.6
13846.3
10644.7
4529.39
9242.11
4152.27
4305.85
10005.8
36257.1
9777.12
13012.4
4320.66
46452.1
12534.3
12075.8
4066.36
26052
8053.47
13390.1
4623.91
22793.3
7221.32
6985.73
3464.16
9801.4
3857.55
7572.08
4082.45
9535.37
3702.54
9470.48
5424.11
8220.86
3617.99
11930.8
4323.35
4082.88
1436.31
13613
9569.82
8317.23
6141.71
14788.6
12206.7
8028.59
6945.98
8041.78
5550.05
11570.1
7924.53
5405.23
3997.51
2651.87
2184.69
5104.22
4405.63
2530.04
2457.35
5286.23
3525.6
2631.9
1704.23
7300.26
4004.14
5582.24
6633.99
10172.9
7259.64
8231.05
11472.3
4754.36
2276.91
3247.99
3760.11
2305.06
972.231
1365.15
1378.55
9508.92
16978.3
6394.42
18884.6
11048.4
16571.9
7818.75
19669.3
12423.3
14918.6
9968.41
19031
13767.8
15829.3
10880
10628.5
11494.7
15886.6
15299.7
15578.9
16270.5
23188.8
12932.8
10439.2
9383.37
10577.6
16215.2
19781.3
17783.6
22862.2
22166
18118.6
16889.9
22510.6
21646.9
15652.8
15372.8
21020.6
20785.9
11705.7
9326.54
11483.3
10215.1
12819.8
11790.4
14034.5
13750.9
19161.9
19924.4
10890.2
9656.36
10854.4
10857.8
11504.7
12653.5
13083.7
15134.6
16975.8
20130.5
9125.95
7195.67
6178.58
7761.45
11911.3
14299
8175.2
12794.7
5395.3
6969.18
8147.34
6772.92
1557.56
5104.71
721.321
1783.02
4131.22
8511.68
1444.31
2885.34
868.013
4436.51
401.956
1519.46
5384.47
5447.62
6137.36
3926.42
8605.33
6986.29
10119
7152.27
1381.98
2977.54
3056.49
1811.07
1635.53
2099.93
2297.86
1744.03
14303.2
8754.41
2787.86
16125.2
9338.2
3071.64
13736.1
8665.72
2953.95
15833.2
9342
3070.59
12629.8
7973.38
2637.65
15393
9359.24
3137.71
6335.56
3602.49
1032.42
8423.45
5601.33
1935.14
10265.5
7078.22
2442.87
12008.1
7844.04
2617.43
15198.8
9575.67
3343.31
7378.83
4327.57
1433.19
8134.03
5900.64
2241.47
9843.47
7269.53
2692.03
12224.5
8616.45
3105.18
15403.6
9737.72
3480.05
290.626
2041.96
2872.58
4159.45
2296.28
2613.01
5735.83
5420.62
601.427
1002.94
641.794
1043.82
472.981
1384.1
852.516
1816.13
3166.48
1553.34
4037.89
2348.26
2118.4
3680.93
3402.77
739.534
6323.11
1392.61
-2185.73
426.26
1642.02
1102.47
1045.06
840.104
9522.56
4169.49
2586.7
1542.68
9674.76
4321.56
3269.62
1955.28
9555.63
4632.62
4696.58
3159.73
3321.89
2299.27
1446.81
1381.27
12860.1
11368.4
5998.1
6195.42
14175.6
13253.1
6950.71
6976.18
5178.42
5300.67
10796.3
8929.8
3493.37
3670.36
1828.25
2147.43
4207.01
4179.07
2190.53
2385.6
2935.65
3198.61
1518.86
1983.08
4483.94
2974.11
4426.39
2955.57
7073.02
3928.72
6652.09
4113.99
2609.66
2115.96
2759.63
1877.87
1336
1254.71
1708.3
1069.74
11100.6
7317.09
5338.66
5163.66
11072.4
7569.64
5356.84
5143.18
11581.7
8037.57
5433.94
5034.57
14115.9
15626.5
12564.2
8156.54
4349.04
14820.9
13302.9
11993.6
9582.08
5762.9
13857.1
12196
9487.64
7057.65
4119.63
5835.01
4911.98
5235.67
5682.15
6149.21
4940.78
5347.46
5677.34
6639.68
5139.02
5498.83
5719.14
11178.7
7954.35
10055
6961.03
7622.35
6040.87
6836.43
5663.57
5168.92
5764.63
9307.42
8113.87
7958.99
6899.27
6541.55
5830.69
5490.17
5289.88
4033.6
5468.82
7103.73
4826.65
4693.13
2869.15
9550.01
7379.21
6586.59
5361.83
3696.03
2223.81
5388.33
3933.3
4662.47
2223.39
1626.39
925.474
5064.58
3696.37
1683.98
1403.88
3921.52
1732.2
1475.51
758.166
2898.28
2579.29
2356.44
3361.6
4057.55
3698.2
2996.12
4269.23
2970.58
1843.7
1731.09
2303.77
831.677
379.329
81.8731
366.916
3323.49
1393.24
412.333
3706.3
979.565
262.57
3445.49
1537.88
473.368
3748.92
1034.91
291.35
3376.93
1600.68
422.003
3767.84
1080.24
258.986
5024.29
2650.47
649.781
4251.81
2110.82
530.773
3891
1893.61
525.902
3613.49
1703.63
382.087
3827.53
1087.22
175.106
6205
3222.75
914.677
5273.64
2654.56
749.527
4532.19
2252.87
662.713
4031.75
1755.8
446.818
4168.02
1035.7
258.381
1560.51
543.985
123.162
-104.202
651.157
237.525
68.1349
-16.4636
1646.7
591.057
162.642
-55.2261
821.52
322.851
153.302
68.5089
1756.02
649.423
234.46
25.6515
1378.95
599.27
207.408
38.8017
1014.54
524.502
139.406
-32.1987
895.698
540.464
271.073
140.677
1421.65
594.99
163.146
-116.315
1195.23
492.909
203.896
-104.552
1697.54
632.71
206.695
-60.8714
1514.24
565.056
222.717
-167.602
1110.41
530.073
184.155
-42.8982
895.948
418.293
206.246
1.49434
780.968
440.458
231.472
125.984
591.333
334.417
203.349
106.553
1960.63
656.016
135.045
-214.53
1894.15
599.84
193.016
-286.514
1956.1
662.579
147.569
-205.4
1836.9
582.765
197.051
-279.239
1914.84
660.238
207.507
-133.075
1720.26
550.147
230.099
-219.92
1676.1
604.635
266.004
17.2162
1885.97
611.917
311.051
-253.212
1477.95
532.968
257.5
-51.5018
1460.69
418.542
166.081
-183.722
572.229
151.306
44.5866
-33.1032
1522.36
447.669
179.243
-174.269
602.021
164.039
54.3386
-23.675
1570.54
480.276
211.435
-148.861
623.166
178.723
66.1159
-12.8656
1425.24
451.418
236.622
-111.525
612.652
184.507
87.4645
6.3531
1309.3
444.744
244.914
-55.9512
556.212
193.157
114.034
31.1722
889.262
339.892
155.332
-20.1356
514.822
237.031
129.962
62.4095
1041.6
357.449
176.985
-44.7581
528.892
214.312
123.545
47.9253
700.596
314.055
155.297
19.9004
445.851
236.858
131.826
76.1183
474.408
268.974
164.715
90.683
353.058
222.633
138.698
94.8315
-9.01887
3.32075
3.10879
1.90945
1.28957
-1.1263
2.29092
1.73793
1.03328
0.692388
5.51304
10.0795
6.44312
3.67891
2.43959
14.6593
9.99765
5.62621
3.11335
2.0474
20.3627
17.9204
10.467
5.84866
3.85712
56.1584
33.4532
18.0394
9.86968
6.47497
65.0474
38.6741
20.9378
11.5034
7.56707
94.8466
51.0302
26.8331
14.6375
9.62182
33.546
25.9573
14.7502
8.20151
5.41255
36.4588
24.51
13.5557
7.49658
4.9415
23.5214
20.7525
11.9123
6.62104
4.36189
45.0577
25.9867
13.7017
7.45395
4.88019
43.1892
30.6036
17.224
9.57599
6.32484
49.0751
29.1684
15.7877
8.68991
5.72662
75.1313
40.9743
21.6166
11.8079
7.76715
62.892
33.8111
17.8087
9.73194
6.40526
-17.4306
1.51051
2.27564
1.45783
0.99289
-9.66983
0.392278
0.857106
0.555731
0.378749
-7.89149
5.78102
4.33326
2.53791
1.6915
-6.2098
1.94047
1.59535
0.940772
0.62685
3.76143
10.5244
6.54225
3.69178
2.43728
7.09957
7.10898
3.99466
2.18676
1.43003
29.9676
20.7465
11.2524
6.12472
3.99814
20.6193
13.3794
7.06868
3.81674
2.48401
56.4519
28.009
14.1763
7.57922
4.92818
2066.15
4700.55
2127.86
4677.08
2372.09
4666.54
2811.1
4843.9
2897.45
4950.26
1221.8
1781.67
1942.59
2973.81
673.48
896.657
243.128
303.409
10574
2537.01
584.535
131.344
32.8689
2896.52
782.414
208.862
47.753
10.4673
10406.2
2477.99
570.656
127.207
32.0782
2951.84
871.735
215.736
50.4215
12.6089
9857.82
2333.41
535.795
119.363
30.1537
2865.17
841.62
207.662
48.2866
12.1196
8930.92
2097.69
480.682
107.083
27.0805
2771.9
796.978
194.17
44.7638
11.1802
7383.87
1727.24
396.361
88.4894
22.4243
2596.51
726.959
175.314
40.1878
10.0142
3416.25
836.454
195.518
44.0347
11.1954
1262.6
359.095
86.0323
19.4032
4.82781
5141.85
1240.96
287.66
64.4283
16.3415
1858.12
521.527
125.866
28.8415
7.23646
1992.05
491.597
115.487
26.149
6.66486
709.784
209.664
50.0361
11.29
2.83605
686.882
168.659
39.7476
9.0373
2.30646
281.986
76.5785
17.1236
4.76067
0.955577
-186.338
306.936
4746.09
-1034.65
778.644
834.383
2432.96
3121.36
1975.72
3708.92
3154.95
4866.24
3837.35
4759.1
1982.76
2666.52
2096.15
2487.65
1088.4
1131.73
2302.98
1622.01
642.533
-242.156
-519.135
-615.837
-52.9193
13727.9
3845.69
4745.06
3287.57
165.899
291.481
3253.88
-953.426
-400.679
-668.507
-375.249
7500.43
4095.05
1717.04
1296.77
3777.97
2229.94
783.192
1496.3
-1098.43
-518.816
913.821
777.215
8905.5
4300.85
5575.44
2950.25
4082.93
4828.02
1701.46
-549.041
1172.07
1577.03
1238.2
1021.83
870.947
620.024
1256.45
985.896
748.366
510.375
212.665
560.271
459.377
342.023
212.951
72.9588
-216.15
-180.13
-134.14
-82.2288
-27.6504
-463.011
-385.757
-287.553
-176.582
-59.4241
-550.062
-459.127
-342.947
-210.985
-71.0794
-44.7244
-33.1228
-19.8503
-8.76384
-2.0639
9630.19
7924.61
6355.58
5364.28
4539.15
3190.5
2595.56
2215.42
1697.1
832.444
3571.59
2748.38
2164.06
1566.01
752.147
2450.74
1852.09
1478.83
1054.48
419.18
212.297
169.723
205.125
173.217
76.4623
317.68
321.181
288.452
209.315
80.346
2694.12
2166.45
1628.55
1077.03
421.422
-534.795
-225.49
-62.4324
11.7663
15.5953
-307.427
-205.391
-111.251
-43.5195
-7.97803
-441.924
-248.114
-106.55
-26.9607
-0.495711
-343.265
-286.878
-210.037
-125.073
-40.7207
5374.34
4613.56
3765.29
3218.28
2731.32
3109.78
2387.69
1871.56
1327.06
600.84
1519.54
1292.56
1020.7
684.958
256.815
1118.6
924.129
708.31
462.325
168.64
3112.84
2460.28
1818.47
1166.32
433.622
1941.75
1606.79
1222.52
785.576
277.963
674.851
553.177
417.517
266.655
94.4356
1304.28
1072.29
803.277
504.568
174.593
-948.642
-761.362
-546.762
-325.669
-107.501
-456.483
-371.874
-268.581
-159.24
-52.1107
797.938
662.751
506.84
327.417
116.8
682.297
569.155
435.854
280.604
99.1651
5640.34
3970.29
3228.27
2749.31
2200.66
3232.23
2453.37
1828.78
1246.87
535.044
4024.96
3186.41
2455.89
1792.28
821.705
2324.36
1846.68
1389.02
933.661
386.784
3430.86
2753.79
2051.05
1310.18
473.325
3626.49
2644.82
2031.57
1422.22
567.368
1470.37
1200.78
897.176
564.84
196.673
-487.645
-402.437
-295.335
-177.999
-58.9854
1014.04
837.966
641.045
416.296
149.514
-30553
-49681.8
-25380.2
-40174.7
-27000.4
-55985.4
-32271.1
-71141.5
-19433.6
-13380.5
-21685.1
-13626.7
-17839.1
-11530.3
-21917.6
-11672.3
-25467.2
-19344.6
-36838.2
-26719.3
-21904.1
-17604.2
-30734.7
-23239.9
-17450.4
-17971.1
-14384.6
-13954.4
-17069
-15923.8
-41809.8
-11548.6
-16079.5
-6056.59
-50873.7
-14165.5
-14365.4
-5440.54
-31278
-9851.97
-16467.2
-6341.46
-27935.7
-8661.93
-13334.2
-5389.53
-16840.5
-6123.06
-12682.1
-5603.74
-14622.7
-5317.16
-13123.5
-6418.73
-11685.7
-4666.35
-14840.8
-5263.33
-5196.6
-1831.3
-11194.8
-7617.1
-9659.49
-6008.93
-9786.33
-7960.8
-8434.49
-6073.87
-9875.77
-5768.57
-11611.8
-7450.3
-6634.79
-4045.61
-3583.81
-2257.49
-5730.22
-4000.69
-3024.81
-2192.91
-6755.87
-3773.54
-3720.07
-1926.19
-8749.89
-4464.23
-5786.26
-6626.88
-11158.7
-7530.16
-8186.65
-11233.5
-5911.55
-2661.84
-3465.65
-3810.79
-3168.47
-1279.06
-1560.01
-1440.56
-13262
-16286.1
-7521.38
-18511
-13789.1
-15538.4
-8643.93
-18914.2
-13926.5
-14116.9
-10297.5
-17966
-9427.39
-7568.86
-10441.7
-11631.6
-11620.9
-10276
-12031.5
-14108
-15322.4
-21739.6
-7181.25
-7556.7
-8296.84
-10018.5
-15442.2
-15554.5
-10881.3
-19795.1
-15288.5
-14422.2
-10705.1
-19504.8
-15236.5
-12760.4
-10032.5
-18209.4
-15103.7
-8394.96
-6688.14
-8894.17
-7168.25
-10021.8
-8204.27
-11080.9
-9497.58
-16572.4
-15199.6
-7840.55
-6837.12
-8120.26
-7257.78
-9071.77
-8707.66
-10941.4
-11058.5
-15193.4
-15853
-7288.08
-5821.92
-5366.67
-6869.83
-8862.44
-11951.6
-6710.25
-11058.7
-5012.99
-6458.79
-7154.09
-5864.79
-1149.03
-4550.69
-414.055
-1400.21
-3322.16
-7578.44
-852.28
-2204.89
-699.014
-4129.89
-281.547
-1310.42
-5177.42
-5113.05
-5950.48
-3651.89
-8008.72
-6269.57
-9632.69
-6420.13
-1299.17
-2793.43
-2958.37
-1664.63
-1584.82
-1977.76
-2231.65
-1643.89
-6627.87
-2279.67
-8984.49
-3060.73
-6778
-2383.43
-9199.67
-3296.81
-6735.39
-2349.53
-9726.24
-3734.74
-3983.03
-1149.47
-5061.02
-1924.04
-5812.87
-2241.4
-7052.24
-2655.73
-10289.1
-4078.45
-4990.83
-1557.39
-4815.26
-2315.08
-5886.51
-2732.98
-7868.06
-3391.25
-10740.6
-4051.85
-6730.52
-6276.94
-5227.38
-5072.84
-11306.9
-8659.56
-9283.55
-7683.19
-4422.22
-3680.96
-1832.37
-1274.77
-4212.62
-3918.65
-1740.87
-1748.53
-3366.69
-4955.96
-3907.87
-5336.95
-3973.58
-2811.12
-3707.22
-853.346
-7520.57
-2172.49
2327.18
29.9113
-1265.34
-635.002
-104.214
268.832
-2378.7
-1532.4
-908.942
-494.31
-2578.16
-1642.28
-1416.91
-618.463
-2931.74
-1995.1
-2018.68
-952.963
-1502.44
-321.876
280.639
754.511
-5477.19
-5826.34
-4321.67
-3992.86
-7507.06
-7495.46
-6287.84
-5278.32
-2799.93
-3013.01
-4023.83
-4524.96
-2718.76
-2335.26
-1260.06
-1129.11
-4116
-3245.03
-2157.44
-1714.09
-1582.31
-1666.86
-455.221
-748.472
-1785
-1133.56
-2420.1
-1584.4
-2627.08
-1892.95
-3636.91
-2528.32
-779.012
-445.016
-1263.5
-659.662
193.831
355.485
-428.364
73.2232
-3326.2
-3994.68
-2588.58
-3651.54
-3323.04
-4052.93
-2649.76
-3645.16
-3579.72
-3849.57
-2814.69
-3477.17
-3215.44
-5325.96
-2618.35
-2082.89
-1949.77
-7844.85
-5448.72
-4713.92
-4481.09
-4044.69
-6322.48
-5147.04
-4135.65
-3573.43
-2483.24
-4536.17
-4371.89
-5444.92
-8319.41
-4382.21
-4000
-5247.06
-7959.77
-4170.71
-3857.87
-4870.74
-7388.75
-7490.22
-5723.44
-6499.77
-4877.04
-5361.85
-4158.68
-5055.16
-4459.76
-4563.29
-6829.45
-6065.16
-5670.08
-4921.58
-4821.23
-4126.96
-4209.09
-3873.55
-4418.35
-3102.33
-5865.71
-4049.95
-2882.43
-2850.74
-1183
-6044.35
-5243.26
-4716.51
-3562.62
-2074.84
-772.44
-3059.84
-2350.02
-3377.1
-1137.72
-603.251
-24.8843
-3907.8
-2617.52
-827.624
-535.772
-2676.81
-757.409
-405.14
80.7153
-1670.92
-1585.62
-1604.79
-2936.86
-2528.22
-2679.31
-2244.31
-4045.19
-1903.12
-1091.46
-935.576
-1829.16
171.544
328.769
741.765
177.099
-3089.07
-904.845
-5523.53
-508.334
-2933.23
-992.52
-5393.36
-531.445
-2353.17
-633.928
-4909.47
-385.276
-3186.31
-759.557
-2769.46
-675.124
-2753.62
-840.982
-2604.94
-499.07
-4620.89
-544.156
-4279.41
-902.825
-3681.03
-628.403
-3426.63
-671.767
-3460.18
-501.918
-4858.2
-583.178
-664.114
-169
71.6705
233.673
-232.435
-52.8748
24.0903
69.4941
-666.198
-150.701
74.2095
210.995
-184.699
-9.37666
7.51746
21.0866
-694.566
-130.755
56.2817
164.912
-109.383
106.766
210.119
223.914
338.065
288.211
353.841
334.578
714.182
468.68
337.049
221.165
-357.929
18.6856
219.545
374.948
-284.102
68.6148
152.344
359.899
-740.067
-120.247
104.019
282.8
-570.222
-20.4208
119.28
442.522
17.2077
164.273
241.298
310.569
-16.3073
150.777
161.975
251.585
397.519
309.886
238.719
170.496
275.386
240.164
175.613
153.691
-1015.31
-259.735
81.2773
386.966
-1224.1
-286.755
-35.0836
472.108
-980.404
-234.592
92.1212
395.024
-1180.96
-268.484
-33.9589
468.332
-921.863
-195.557
47.3342
325.741
-1081.38
-233.733
-63.1471
415.687
-629.918
-84.6584
30.5543
206.448
-1128.59
-214.488
-87.11
510.955
-584.355
-39.295
52.8228
325.609
-1108.6
-212.752
-62.5189
321.059
-476.806
-80.1628
0.931858
77.6351
-1042.54
-189.363
-50.8107
322.957
-456.021
-72.6066
1.57462
74.928
-906.679
-142.667
-51.0265
310.813
-393.197
-52.9167
9.2778
77.9759
-754.98
-101.691
-68.225
273.541
-326.755
-32.849
4.04402
71.9955
-569.16
-37.9105
-32.7731
230.808
-178.556
13.3442
8.08508
68.0706
-280.699
55.185
104.45
229.629
44.8304
119.36
94.7009
107.238
-474.524
-13.6837
37.9474
229.606
-38.0596
72.4103
51.2394
87.6928
-38.8154
132.974
142.283
208.417
134.273
159.733
126.668
116.422
212.165
204.785
151.327
146.551
235.047
194.791
135.781
107.656
49.1236
12.6988
4.37354
2.01025
1.2556
20.3941
5.99963
2.23627
1.06557
0.673684
55.5034
17.652
7.25643
3.64023
2.34214
30.534
12.337
5.72551
3.00634
1.96158
67.5625
24.4205
10.9484
5.68741
3.69981
77.8764
35.529
17.6129
9.46627
6.21756
87.7873
41.5795
20.8708
11.243
7.38302
96.9718
50.895
26.5349
14.4569
9.5152
81.6428
32.0328
15.0698
7.95435
5.19097
68.9271
28.2182
13.5264
7.17542
4.68955
73.7739
26.5398
12.1563
6.37508
4.15819
59.3208
25.7823
12.8287
6.90317
4.53881
87.5854
36.9352
17.7936
9.453
6.17903
69.3741
31.7738
15.7956
8.47421
5.55256
80.9727
41.5281
21.5149
11.7001
7.69641
67.284
34.3566
17.7542
9.64344
6.33993
54.6371
11.5195
3.58264
1.57836
0.972645
25.6755
4.72686
1.39947
0.608937
0.374446
57.5644
14.3585
5.30732
2.56595
1.63397
26.6969
5.736
2.01861
0.96489
0.613414
58.1582
17.0269
7.11454
3.62246
2.34575
28.3298
8.91632
4.01067
2.11033
1.38131
62.6829
23.2944
11.0612
5.90603
3.88457
36.5539
13.7298
6.67123
3.59052
2.36859
50.1907
24.935
12.9463
7.09048
4.69221
-2050.67
-3928.14
-2127.66
-3948.82
-2348.28
-4000.6
-2607.38
-4130.1
-2542.02
-4162.79
-1063.07
-1582.75
-1699.01
-2584.89
-557.636
-777.226
-149.383
-217.74
-10202.6
-2438.16
-560.597
-125.846
-31.4906
-2756.46
-749.922
-200.255
-45.7505
-10.0256
-10011.8
-2377.71
-546.933
-121.879
-30.7449
-2812.04
-835.456
-206.718
-48.2852
-12.0736
-9438.98
-2234.22
-513.243
-114.414
-28.9308
-2723.08
-804.556
-198.634
-46.1981
-11.6007
-8524.13
-2007.38
-460.859
-102.819
-26.0408
-2614.39
-758.326
-185.248
-42.7744
-10.6972
-7067.16
-1658.63
-381.449
-85.3002
-21.6509
-2429.32
-689.234
-167.033
-38.3994
-9.58799
-3332.44
-815.131
-190.437
-42.8897
-10.9086
-1178.84
-338.019
-81.2443
-18.3678
-4.57966
-4970.22
-1200.36
-278.483
-62.4303
-15.8535
-1732.52
-492.806
-119.585
-27.4978
-6.91746
-1950.82
-480.724
-112.766
-25.5117
-6.4998
-655.819
-194.773
-46.4161
-10.4729
-2.63261
-662.417
-162.147
-38.0627
-8.62935
-2.19769
-243.115
-65.2005
-14.1866
-4.06479
-0.777172
-254.234
-1522.23
-6209.79
472.008
-7070.22
-3121.86
-6869.38
-3212.12
-12571.1
-6717.57
-14052.4
-7432.82
-104.391
-366.624
-570.688
-672.628
-591.668
-167.513
-171.751
-585.505
-889.57
-996.353
-809.656
-239.235
-85.9379
-88.4668
-287.094
-286.133
-406.938
-404.403
-386.034
-377.041
-331.792
-344.529
-217.811
-238.323
853.283
2077.11
3377.1
2402.26
2174.36
994.235
745.711
2064.57
3375.67
3945.75
3290.97
1450.06
-93.9829
-79.279
-59.9398
-37.2804
-12.6448
-330.46
-279.173
-211.411
-131.666
-44.693
-514.276
-434.35
-328.845
-204.771
-69.502
-605.891
-511.476
-387.047
-240.92
-81.755
-533.111
-450.122
-340.616
-211.982
-71.9222
-153.975
-132.569
-101.758
-63.7434
-21.6496
-154.476
-130.159
-98.2977
-61.086
-20.7103
-527.195
-444.832
-336.464
-209.367
-71.0363
-800.513
-675.017
-510.283
-317.409
-107.676
-895.63
-754.311
-569.61
-354.056
-120.07
-727.005
-611.561
-461.332
-286.563
-97.1555
-216.365
-183.337
-139.07
-86.624
-29.3873
-77.4436
-65.4026
-49.5066
-30.8199
-10.4588
-79.7716
-67.4199
-51.0739
-31.8159
-10.8006
-258.941
-218.921
-165.91
-103.389
-35.1051
-258.126
-218.285
-165.467
-103.132
-35.0217
-366.971
-310.192
-235.031
-146.439
-49.7181
-364.628
-308.152
-233.44
-145.425
-49.37
-348.204
-294.393
-223.088
-139
-47.1909
-339.732
-286.877
-217.136
-135.174
-45.8721
-299.509
-253.366
-192.013
-119.592
-40.5845
-310.004
-261.31
-197.403
-122.689
-41.5958
-197.88
-168.309
-127.891
-79.6179
-26.9745
-214.52
-180.78
-136.408
-84.6311
-28.6525
752.386
621.684
463.031
286.231
97.1178
1821.84
1499.64
1115.84
691.293
235.547
2922.52
2384.13
1770.97
1104.54
381.451
2062.66
1677.3
1248.83
782.838
271.415
1898.3
1548.08
1147.9
709.428
231.133
896.285
746.748
562.403
349.449
111.494
658.545
544.84
406.004
250.881
85.0564
1817.42
1500.12
1117.17
691.198
234.871
2949.86
2421.15
1799.36
1115.55
380.834
3421.52
2792.62
2072.23
1288.17
442.116
2851.94
2325.73
1725.85
1073.37
367.257
1269.44
1045.82
783.257
490.081
167.723
177.632
442.702
651.412
758.867
682.916
273.469
277.972
694.163
999.238
1099.15
893.67
300.363
141.726
134.866
344.378
335.13
464.959
455.386
440.721
422.278
391.771
356.169
333.076
280.114
-723.701
-1882.8
-3044.77
-1967.1
-1667.96
-454.126
-692.34
-1982.6
-3197.08
-3627.7
-2837.33
-911.589
160.442
135.89
103.186
64.4066
21.8893
399.528
338.048
256.418
159.914
54.3228
587.641
496.967
376.778
234.888
79.7759
684.384
578.592
438.522
273.314
92.815
616.326
521.449
395.458
246.564
83.7424
250.596
215.375
165.411
103.869
35.361
250.912
212.36
161.137
100.526
34.1555
625.917
529.06
400.915
249.85
84.8435
900.288
760.285
575.645
358.525
121.711
989.325
834.565
631.273
392.921
133.351
803.726
677.429
512.065
318.602
108.116
272.131
231.158
175.854
109.825
37.3184
128.047
108.49
82.4058
51.4482
17.4873
121.853
103.244
78.4226
48.9613
16.6419
310.931
263.22
199.759
124.626
42.3436
302.597
256.179
194.425
121.302
41.2146
419.684
355.163
269.441
168.052
57.0893
410.969
347.712
263.728
164.459
55.8634
397.955
336.909
255.677
159.498
54.1875
380.939
322.148
244.216
152.231
51.6984
354.304
300.43
228.278
142.5
48.4216
321.226
271.554
205.769
128.209
43.5284
303.081
258.567
197.357
123.456
41.9644
253.114
214.356
162.613
101.35
34.4034
-634.589
-521.122
-386.069
-237.916
-80.6557
-1645.54
-1349.44
-1001.18
-619.553
-211.185
-2618.7
-2122.79
-1569.62
-977.748
-338.356
-1652.32
-1312.66
-958.239
-593.839
-205.224
-1414.13
-1113.41
-797.295
-477.711
-148.06
-377.635
-278.874
-183.047
-97.4115
-21.0626
-610.271
-503.878
-374.858
-231.438
-78.4551
-1743.57
-1437.75
-1070.01
-661.929
-224.982
-2787.09
-2281.68
-1692.27
-1048.22
-357.904
-3127.41
-2536.45
-1872.04
-1160.22
-397.989
-2428.15
-1952.76
-1431.08
-882.767
-300.817
-764.109
-598.901
-428.242
-259.404
-87.0617
-1598.38
-1012.29
-371.39
470.655
760.156
960.352
385.513
-11397.5
-2029.23
-3421.99
-1610.47
118.367
-3927.84
676.705
2234.46
1002.97
-6230.46
-2939.34
-710.488
-711.85
-3398.49
-1439.17
-389.204
-1096.23
1823.91
1058.45
-602.442
-310.2
-8024.94
-3694.17
-4533.49
-2226.2
-3530.84
-3643.46
-1212.32
1057.78
-566.958
-818.924
-528.059
-413.733
-438.728
-444.203
-649.005
-423.82
-280.503
-189.687
-92.1625
-312.485
-246.511
-178.075
-109.514
-37.6235
425.966
361.392
274.601
171.353
58.2216
684.08
576.505
435.196
270.183
91.5137
864.169
728.329
549.985
341.618
115.756
351.906
300.145
227.887
141.242
47.5755
-7868.3
-6622.52
-5532.54
-5123.79
-4939.61
-1304.56
-828.054
-810.391
-822.334
-541.672
-2378.7
-1697.84
-1352.41
-1071.96
-607.734
-1027.85
-651.065
-546.052
-447.921
-189.969
120.826
104.472
69.5259
29.6629
3.3816
-3217.06
-2563.71
-1906.2
-1247.86
-484.443
614.871
515.683
380.963
228.227
73.855
1926.1
1557.02
1138.23
694.459
233.919
897.272
748.618
558.221
342.479
114.826
-4192.49
-3648.67
-3073.64
-2875.85
-2783.3
-2015.91
-1414.08
-1108.1
-849.542
-449.421
-559.715
-437.531
-343.865
-251.544
-109.021
-572.6
-445.493
-333.943
-224.478
-87.7544
-2791.39
-2204.53
-1637.88
-1064.2
-404.212
-1197.27
-948.663
-703.486
-452.738
-163.188
-310.047
-235.107
-169.141
-108.404
-40.1664
-936.558
-754.686
-557.827
-349.626
-121.767
1620.23
1346.18
1003.42
617.4
208.008
952.991
801.795
602.546
371.618
125.056
-499.045
-394.208
-292.619
-189.292
-69.3316
-247.778
-189.124
-138.704
-91.2648
-34.2645
-4815.32
-3231.43
-2639.47
-2387.91
-2130.54
-2654.54
-1933.5
-1409.62
-971.891
-438.5
-2987.46
-2261.29
-1707.11
-1305.17
-636.343
-1638.31
-1232.36
-897.737
-614.955
-277.79
-2921.12
-2310.42
-1707.04
-1093.29
-399.991
-2527.59
-1662.79
-1264.11
-940.405
-406.32
-1021.96
-814.323
-599
-376.877
-132.679
954.031
804.617
606.451
375.147
126.551
-449.464
-342.769
-253.002
-168.836
-64.7272
-0.358031
26.3628
59.7295
66.7404
12.7389
-108.987
-21767.7
-19244.8
-18218.5
-20744.3
-16002.5
-12704.8
-14317
-10896.9
-19036.8
-16808.6
-17556.8
-16612.2
-15440.9
-13198.3
-16266.4
-18005.1
-16123.8
-14711.7
-16567.1
-13589
-11520.5
-12051.1
-9678.06
-17161.2
-15380
-15833.2
-14534.7
-13748.9
-12826
-13330.2
-14226.1
-13059.5
-11691.9
-12779
-11360.4
-9782.85
-10096.4
-8669.45
-14439.8
-13272.8
-13456.2
-12423.9
-11736.8
-10850.1
-11283.8
-10012.7
-9432.44
-8286.62
-8784.53
-8480.72
-7621.4
-7526.46
-6869.9
-10507.1
-10661.2
-9923.57
-10060.9
-8876.59
-8042.7
-8958.49
-6435.32
-6156.95
-5345.65
-5577.76
-5699.96
-5170.79
-4978.88
-4594.81
-6985.36
-7016
-6676.81
-6581.21
-6094.33
-5518.66
-5995.83
-2322.22
-2241.17
-1936.01
-2004.88
-2108.93
-1970.14
-1826.64
-1702.05
-2641.43
-2655.09
-2479.14
-2386.26
-2290.46
-2103.66
-2260.8
-8113.49
-7985.21
-12242
-13199.5
-7609.51
-6750.86
-10736.2
-8729.31
-6175.53
-4435.92
-6139.91
-4434.12
-6152.28
-5914.13
-4545.31
-8055.42
-7642.07
-10909.3
-11892.1
-7092.97
-6411.58
-9492.65
-8159.84
-6116.19
-3804.27
-6017.51
-4055.47
-5494.71
-5305.93
-4484.97
-7306.37
-6959.68
-9239.27
-9908.04
-6533.54
-6064.91
-8264.96
-7299.16
-4995.2
-4003.79
-4986.31
-4277.05
-4648.22
-4675.92
-4503.55
-5833.84
-5610.93
-6904.42
-7255.53
-5323.25
-4967.08
-6385.64
-5815.01
-4675.9
-3501.13
-4603.86
-3779.86
-4303.16
-4295.19
-3932.86
-3987.19
-3859.07
-4550.48
-4726.59
-3591.12
-3317.28
-4283.64
-3926.55
-3229.65
-2638.78
-3165.22
-2817.19
-2964.62
-2930.26
-2754.61
-1476.39
-1431.04
-1659.93
-1715.64
-1326.93
-1218.13
-1572.87
-1447.61
-1053.63
-959.146
-1123.43
-1062.22
-1091.82
-1068.45
-999.555
7775.71
25097.7
6184.66
26260.7
4628.89
27088
7279.85
41518.1
8936.24
57018.5
8886.95
41661.4
8582.39
34645.5
8936.54
30351.7
5413.87
3401.09
14511.8
8669.17
5280.45
2861.84
15767
7835.09
5948.47
4377.94
18777
13398.2
4508.31
3321.32
18851.7
13865.8
10651.5
4522.29
9242.69
4149.77
4300.84
10014.5
36267
9778.48
13014.6
4320.67
46463
12536.6
12078.2
4067.01
26065.7
8055.97
13394
4624.52
22811.5
7224.6
6921.21
3432.42
9631.97
3793.53
7572.89
4083.16
9551.19
3708.54
9469.54
5424.37
8226.05
3620.48
11940.8
4327.12
4085.28
1437.24
13611.9
9569.1
8317.06
6141.51
14786.8
12205.4
8028.72
6945.8
8041.97
5550.04
11569.3
7924.26
5405.64
3997.52
2651.46
2184.48
5104.87
4405.76
2530.06
2457.33
5287.11
3525.69
2631.65
1704.02
7301.23
4004.77
5582.45
6634.34
10172.8
7260.02
8231.17
11472.8
4755.86
2277.56
3248.19
3760.33
2305.22
972.346
1365.05
1378.56
9457.34
16976.3
6357.28
18878.8
11050.7
16567.3
7822.72
19666
12423.5
14917.5
9969.39
19030.3
13766.8
15827
10879.6
10629
11495.6
15884.5
15298.5
15578
16270.1
23188.9
12931.1
10438.3
9382.97
10577.6
16215.7
19812.6
17831.9
22873.9
22146.8
18110.4
16883.9
22501.2
21641.2
15649.8
15368.7
21019.1
20784
11704.2
9325.44
11482.1
10213.9
12818.6
11788.9
14032.7
13748.8
19161.1
19923.3
10889
9655.28
10853.6
10856.7
11504
12652.4
13083.1
15133.6
16975.9
20130
9125.43
7195.4
6178.37
7761.4
11910.2
14298.2
8174.76
12794.2
5395.26
6969.29
8147.1
6772.83
1557.42
5104.69
721.221
1782.98
4131.08
8511.48
1444.3
2885.3
867.922
4436.58
401.837
1519.43
5384.59
5447.76
6137.61
3926.53
8605.35
6986.34
10119.3
7152.36
1381.99
2977.61
3056.6
1811.11
1635.52
2099.96
2297.92
1744.06
14337.6
8772.72
2799.1
16135.7
9351.03
3075.97
13731.8
8664.67
2953.92
15829.5
9340.15
3070.41
12626.9
7972
2637.33
15390.9
9357.77
3137.32
6334.73
3601.95
1032.24
8422.41
5600.62
1934.91
10264.1
7077.28
2442.56
12006.2
7842.86
2617.07
15197.5
9574.56
3342.92
7377.96
4326.99
1432.97
8133.01
5899.86
2241.17
9842.32
7268.61
2691.68
12223.4
8615.46
3104.8
15402.6
9736.75
3479.65
296.281
2044.13
2887.58
4164.11
2298.75
2614.15
5744.2
5423.32
584.481
990.939
622.598
1027.68
477.306
1383.52
856.971
1815.12
3179.19
1558.71
4042.7
2349.6
2122.09
3689.16
3407.69
743.6
6326.08
1394.67
-2173.17
434.995
1648
1107.88
1055.22
848.202
9536.59
4167.72
2577.08
1536.44
9665.46
4321.15
3267.27
1954.99
9550.36
4631.46
4697.99
3159.32
3326.07
2299.78
1451.94
1383.09
12856.3
11366.3
5999.11
6195.48
14172.9
13251.2
6951.27
6976.15
5179.47
5300.65
10792.5
8927.95
3495.62
3670.96
1830.07
2148.03
4208.38
4179.45
2191.38
2385.9
2938.2
3199.2
1521.23
1983.79
4484.32
2974.07
4426.26
2955.45
7070.49
3927.94
6650.75
4113.35
2611.51
2116.51
2760.07
1878.1
1338.2
1255.75
1708.95
1070.19
11130.6
7320.33
5341.83
5163.79
11063.7
7568.78
5355.3
5142.8
11573.6
8033.98
5432.03
5033.23
14110.7
15622.7
12558.9
8152.81
4347.84
14817.9
13298.8
11989
9578.31
5761.37
13854.6
12193
9485.03
7055.74
4118.79
5831.48
4910.79
5232.03
5676.73
6147.51
4940.72
5345.21
5676.32
6637.55
5137.74
5497.82
5718.43
11176.7
7953.11
10052.4
6959.56
7619.83
6039.36
6834.22
5662.15
5167.78
5763.68
9305.76
8112.6
7956.94
6897.82
6539.6
5829.28
5488.61
5288.67
4032.74
5467.87
7102.04
4825.6
4692.58
2868.66
9548.5
7378.2
6586.05
5361.32
3695.56
2223.4
5386.91
3932.37
4662.44
2223.24
1626.65
925.582
5064.5
3696.19
1684.12
1403.92
3921.49
1732.09
1475.82
758.298
2897.93
2578.9
2356.2
3361.19
4056.55
3697.43
2995.59
4268.56
2970.57
1843.58
1731.11
2303.61
831.994
379.473
82.1662
367.034
3324.15
1395.38
413.73
3708.95
984.747
263.846
3444.65
1538.1
473.409
3747.3
1033.9
291.378
3376.14
1600.45
421.99
3767.17
1079.8
258.892
5023.5
2650.02
649.638
4250.99
2110.41
530.646
3890.15
1893.22
525.794
3612.66
1703.27
381.987
3826.88
1086.93
175.023
6204.11
3222.25
914.506
5272.72
2654.09
749.379
4531.3
2252.44
662.583
4030.95
1755.43
446.703
4167.36
1035.5
258.322
1554.7
540.912
121.57
-104.69
645.02
234.69
67.0088
-16.8426
1646.9
591.093
162.618
-55.3344
821.568
322.851
153.227
68.4031
1755.88
649.381
234.427
25.5823
1378.76
599.193
207.351
38.7199
1014.58
524.498
139.402
-32.2181
896.234
540.669
271.16
140.704
1421.62
594.992
163.152
-116.323
1195.24
492.931
203.91
-104.533
1697.33
632.653
206.674
-60.9007
1514.08
565.013
222.698
-167.604
1110.58
530.152
184.2
-42.8777
896.093
418.376
206.292
1.52317
781.38
440.641
231.561
126.023
591.593
334.557
203.426
106.597
1960.03
655.311
133.96
-215.296
1896.16
600.384
192.743
-287.537
1955.62
662.356
147.499
-205.493
1836.47
582.595
197.052
-279.255
1914.41
660.083
207.454
-133.117
1719.81
549.993
230.06
-219.93
1675.74
604.491
265.928
17.1453
1885.54
611.783
310.995
-253.224
1477.71
532.886
257.446
-51.5637
1465.14
420.159
166.619
-185.015
574.978
152.182
44.7572
-33.574
1520.32
447.003
179.042
-174.144
601.165
163.767
54.2243
-23.6178
1569.98
480.032
211.359
-148.867
622.883
178.603
66.0624
-12.8683
1424.87
451.269
236.559
-111.535
612.468
184.428
87.4227
6.33218
1309.03
444.646
244.862
-55.9655
556.088
193.101
113.996
31.1446
889.243
339.907
155.342
-20.1245
514.825
237.036
129.957
62.4006
1041.47
357.416
176.968
-44.7603
528.824
214.279
123.517
47.9008
700.687
314.12
155.335
19.9291
445.934
236.91
131.852
76.1322
474.59
269.086
164.781
90.7277
353.208
222.729
138.754
94.8679
-9.56734
3.02351
2.95928
1.83089
1.2394
-1.46981
2.10216
1.64097
0.981764
0.65915
5.50595
10.0792
6.44303
3.67891
2.43982
14.6517
9.99582
5.62488
3.11239
2.04675
20.3459
17.914
10.4628
5.8458
3.85503
56.1287
33.4371
18.0281
9.86186
6.46921
65.0345
38.6648
20.9304
11.4979
7.56271
94.8571
51.0339
26.8337
14.637
9.62118
33.5311
25.9479
14.7434
8.19656
5.40889
36.4485
24.5034
13.5511
7.49314
4.93886
23.5062
20.7454
11.9077
6.61793
4.35972
45.0319
25.9738
13.6934
7.44814
4.87591
43.1862
30.5993
17.22
9.57268
6.32216
49.0742
29.1663
15.7856
8.688
5.72504
75.1453
40.98
21.6187
11.8085
7.76728
62.9065
33.8172
17.8112
9.73293
6.40574
-17.8173
1.32605
2.18907
1.41365
0.965023
-9.8503
0.318989
0.824781
0.539551
0.368453
-7.89021
5.77548
4.32841
2.53485
1.68926
-6.203
1.93687
1.5917
0.938353
0.624894
3.74715
10.5168
6.53705
3.68823
2.43433
7.08848
7.1029
3.99047
2.18395
1.42773
29.9411
20.7345
11.2448
6.11965
3.9941
20.5987
13.3692
7.06198
3.81223
2.48033
56.4146
27.9925
14.166
7.57225
4.92309
2030.59
4678.44
2126.81
4674.69
2371.48
4665.96
2810.71
4843.45
2897.28
4950.02
1221.79
1781.67
1942.54
2973.75
673.464
896.65
243.088
303.379
10585.5
2536.25
584.22
131.261
32.8473
2919.38
788.506
210.141
48.0329
10.5426
10400.6
2476.19
570.173
127.089
32.0463
2945.6
869.866
215.263
50.3003
12.5775
9857.89
2333.29
535.729
119.341
30.1465
2863.98
841.214
207.547
48.2577
12.1117
8930.85
2097.61
480.645
107.07
27.0761
2771.5
796.831
194.124
44.751
11.1765
7383.95
1727.22
396.348
88.4839
22.4222
2596.37
726.903
175.294
40.1816
10.0122
3416.38
836.48
195.522
44.035
11.1953
1262.61
359.09
86.0292
19.402
4.82734
5142
1240.98
287.66
64.4271
16.3408
1858.09
521.509
125.858
28.8388
7.23554
1992.13
491.616
115.49
26.1495
6.66492
709.788
209.662
50.0347
11.2893
2.83581
686.907
168.664
39.7486
9.03745
2.30647
281.98
76.576
17.1225
4.76037
0.955457
-178.166
311.395
4754.4
-1020.66
738.849
791.548
2436.01
3124.92
1984.29
3719.11
3157.45
4869.58
3836.77
4758.75
1984.2
2668.71
2094.73
2486.27
1025.03
1065.18
2302.94
1621.97
642.486
-242.144
-519.108
-615.802
-52.931
13727
3845.16
4744.63
3287.16
165.742
291.368
3253.58
-953.539
-400.74
-668.596
-375.243
7500.05
4094.74
1716.82
1296.64
3777.71
2229.76
783.133
1496.18
-1098.4
-518.81
913.717
777.127
8905.2
4300.67
5575.2
2950.11
4082.68
4827.72
1701.33
-549.025
1171.96
1577.02
1238.22
1021.86
870.957
620.008
1256.43
985.893
748.373
510.383
212.668
560.227
459.337
341.991
212.93
72.9513
-216.139
-180.121
-134.133
-82.2246
-27.649
-462.986
-385.736
-287.537
-176.572
-59.4207
-550.03
-459.101
-342.927
-210.972
-71.0751
-44.7356
-33.133
-19.8588
-8.76965
-2.06599
9629.18
7923.56
6354.6
5363.44
4538.49
3189.97
2595.06
2214.97
1696.76
832.289
3571.16
2747.96
2163.69
1565.73
752.02
2450.35
1851.74
1478.53
1054.26
419.09
212.163
169.607
205.029
173.148
76.4353
317.573
321.084
288.371
209.26
80.3259
2693.82
2166.18
1628.32
1076.86
421.355
-534.896
-225.581
-62.5096
11.712
15.5752
-307.484
-205.443
-111.294
-43.5495
-7.9891
-442.006
-248.187
-106.61
-27.0024
-0.510894
-343.261
-286.875
-210.035
-125.072
-40.7206
5373.89
4613.09
3764.83
3217.86
2730.96
3109.47
2387.39
1871.3
1326.87
600.752
1519.32
1292.36
1020.53
684.844
256.772
1118.47
924.014
708.214
462.259
168.616
3112.59
2460.04
1818.27
1166.19
433.568
1941.58
1606.64
1222.39
785.492
277.932
674.795
553.127
417.476
266.628
94.4256
1304.17
1072.19
803.196
504.514
174.574
-948.617
-761.341
-546.746
-325.66
-107.498
-456.479
-371.871
-268.58
-159.24
-52.111
797.839
662.661
506.765
327.366
116.782
682.214
569.08
435.792
280.563
99.1502
5640.01
3969.99
3227.99
2749.04
2200.42
3232.06
2453.22
1828.65
1246.77
535.001
4024.72
3186.18
2455.69
1792.11
821.626
2324.22
1846.56
1388.92
933.587
386.751
3430.62
2753.58
2050.87
1310.06
473.279
3626.18
2644.54
2031.32
1422.03
567.29
1470.25
1200.67
897.087
564.781
196.652
-487.632
-402.426
-295.327
-177.994
-58.984
1013.93
837.87
640.965
416.242
149.494
-30660.7
-49371.2
-25333.1
-40227.7
-26944.7
-56042
-32452.8
-70868.2
-19418.9
-13375
-21705.8
-13630.2
-17826.2
-11526.1
-21936.5
-11674.5
-25528.7
-19384.6
-36583.7
-26534.1
-21865.9
-17579.2
-30777.1
-23270.4
-17466.1
-17957.9
-14388
-13947
-17056.3
-15938.9
-41847.5
-11557.5
-16087.8
-6060.91
-50904.8
-14173.1
-14370.4
-5443.18
-31309.3
-9860.55
-16477.5
-6346.61
-27969.3
-8669.52
-13341.4
-5376.32
-16718.7
-6073.21
-12675.8
-5602.6
-14641.9
-5324.3
-13117.5
-6417.6
-11692.5
-4669.32
-14856.3
-5268.67
-5201.36
-1832.98
-11191.9
-7615.8
-9660.07
-6008.95
-9783.87
-7959.37
-8434.58
-6073.61
-9876.72
-5768.79
-11609.1
-7449.36
-6637.48
-4046.31
-3585.44
-2257.97
-5731.83
-4001.02
-3025.61
-2193.06
-6759.06
-3774.3
-3722.01
-1926.72
-8751.11
-4464.93
-5786.61
-6627.33
-11156.9
-7530.1
-8186.26
-11234
-5914.51
-2662.93
-3466.32
-3811.2
-3170.1
-1279.65
-1560.43
-1440.78
-13268.6
-16297
-7502.21
-18526.7
-13784.2
-15533.2
-8646.39
-18911.2
-13921.4
-14114.5
-10297.2
-17965.5
-9424.46
-7566.4
-10438.7
-11629.6
-11621.2
-10272.9
-12027.8
-14104.4
-15320.3
-21739.7
-7179.5
-7554.89
-8295.39
-10017.8
-15442.7
-15574.7
-10904
-19835.4
-15278.9
-14420
-10699
-19498.1
-15234
-12758.9
-10030.9
-18209
-15103.1
-8392.66
-6686.81
-8891.48
-7166.74
-10019.5
-8202.9
-11079.4
-9496.47
-16572.2
-15199.4
-7839.03
-6835.93
-8118.64
-7256.47
-9070.47
-8706.59
-10940.7
-11057.9
-15193.7
-15853.1
-7287.05
-5821.48
-5366.38
-6869.75
-8861.24
-11950.7
-6709.73
-11058.2
-5012.92
-6458.92
-7153.42
-5864.58
-1149.1
-4550.77
-414.219
-1400.31
-3322.04
-7578.21
-852.287
-2204.84
-699.162
-4130.09
-281.759
-1310.58
-5177.58
-5113.25
-5950.84
-3652.09
-8008.54
-6269.6
-9633.07
-6420.34
-1299.38
-2793.64
-2958.63
-1664.79
-1585.08
-1977.96
-2231.88
-1644.04
-6638.03
-2281.37
-8981.94
-3060.39
-6775.99
-2382.75
-9198.32
-3295.89
-6734.39
-2349.21
-9725.66
-3734.4
-3982.38
-1149.28
-5060.29
-1923.82
-5812.15
-2241.16
-7051.54
-2655.48
-10288.8
-4078.29
-4990.09
-1557.12
-4814.45
-2314.78
-5885.8
-2732.72
-7867.6
-3391.07
-10740.5
-4051.75
-6728.75
-6275.33
-5224.41
-5071.64
-11301.4
-8656.92
-9284.4
-7683.1
-4417.46
-3677.11
-1825.55
-1269.52
-4213.92
-3916.76
-1739.2
-1744.15
-3364.11
-4955.61
-3906.47
-5336.12
-3973.5
-2808.27
-3706.26
-851.272
-7521.7
-2172.61
2329.74
34.607
-1263.47
-631.634
-100.742
273.826
-2376.17
-1534.62
-907.745
-495.733
-2577.01
-1643.05
-1413.86
-618.26
-2931.55
-1995.19
-2015.96
-951.444
-1498.89
-319.706
284.83
756.787
-5475.99
-5825.24
-4320.71
-3992.07
-7505.29
-7494.13
-6287.31
-5277.74
-2798.82
-3012.14
-4023.05
-4524.06
-2717.85
-2334.6
-1258.66
-1128.36
-4116.2
-3244.82
-2157.1
-1713.76
-1580.81
-1665.99
-453.207
-747.533
-1783.86
-1132.75
-2419.28
-1583.78
-2626.67
-1892.65
-3636.19
-2527.82
-777.252
-443.82
-1262.63
-659.013
195.953
356.745
-427.462
73.8361
-3324.64
-3995.8
-2587.83
-3643.86
-3325.54
-4056.8
-2650.65
-3646.9
-3580.41
-3849.92
-2815.03
-3477.63
-3214.41
-5324.23
-2617.78
-2082.71
-1949.62
-7842.58
-5447.37
-4713.22
-4480.88
-4044.7
-6321.03
-5145.95
-4134.87
-3572.86
-2482.87
-4535.27
-4365.56
-5422.5
-8298.78
-4381.52
-4003.72
-5245.63
-7959.1
-4170.63
-3857.45
-4871.25
-7389.1
-7488.5
-5722.4
-6498.64
-4876.29
-5361.26
-4158.19
-5054.95
-4459.43
-4563.35
-6829.41
-6064
-5669.14
-4920.77
-4820.55
-4126.45
-4208.63
-3873.25
-4418.03
-3102.15
-5865.46
-4049.26
-2881.96
-2850.21
-1182.66
-6043.37
-5242.58
-4715.95
-3562.19
-2074.37
-772.154
-3059.37
-2349.68
-3376.59
-1137.42
-602.887
-24.6703
-3907.46
-2617.25
-827.431
-535.623
-2676.24
-757.119
-404.692
80.9456
-1670.51
-1585.32
-1604.44
-2936.52
-2527.88
-2679.03
-2244.06
-4044.88
-1902.6
-1091.16
-935.179
-1828.83
171.944
328.969
742.054
177.288
-3088.07
-907.716
-5520.77
-509.931
-2929.89
-991.19
-5389.24
-528.883
-2352.24
-633.4
-4909.15
-384.82
-3185.79
-759.399
-2769.04
-674.986
-2753.24
-840.823
-2604.51
-498.839
-4620.74
-544.035
-4278.81
-902.622
-3680.57
-628.251
-3426.28
-671.645
-3459.91
-501.812
-4858
-583.132
-664.612
-170.188
70.4943
232.233
-232.015
-53.4055
23.1425
68.551
-666.499
-150.74
74.2961
211.209
-184.656
-9.29457
7.66661
21.2584
-694.495
-130.658
56.3829
165.06
-108.68
107.122
210.329
224.076
338.996
288.645
354.054
334.695
715.093
469.083
337.242
221.267
-357.485
18.9261
219.688
375.052
-283.739
68.8259
152.472
359.977
-739.825
-120.09
104.126
282.905
-569.911
-20.2273
119.406
442.617
17.7896
164.559
241.444
310.652
-15.9315
150.985
162.097
251.658
398.085
310.15
238.855
170.575
275.726
240.348
175.72
153.757
-1016.54
-260.851
81.1526
386.884
-1226.22
-287.867
-35.3393
472.972
-980.413
-234.564
92.1048
395.136
-1180.73
-268.392
-34.04
468.333
-921.774
-195.464
47.3808
325.827
-1081.28
-233.657
-63.151
415.715
-629.673
-84.4863
30.6663
206.572
-1128.45
-214.382
-87.054
511.023
-584.094
-39.1221
52.9504
325.75
-1110.94
-213.873
-63.093
322.642
-478.567
-80.7192
0.924087
78.2985
-1040.81
-188.951
-50.7794
322.715
-455.244
-72.4391
1.63679
74.8154
-906.31
-142.487
-51.0073
310.807
-393
-52.8289
9.30654
77.9572
-754.781
-101.559
-68.1746
273.57
-326.642
-32.7797
4.0783
72.0131
-568.955
-37.7679
-32.6906
230.862
-178.446
13.4229
8.13787
68.1116
-280.468
55.3281
104.544
229.697
45.0163
119.491
94.7895
107.307
-474.34
-13.5641
38.0276
229.666
-37.9111
72.5174
51.314
87.7525
-38.5568
133.13
142.381
208.483
134.476
159.871
126.758
116.488
212.407
204.93
151.415
146.611
235.239
194.918
135.859
107.711
48.6698
12.4628
4.24265
1.93579
1.20512
20.069
5.83635
2.14942
1.01704
0.641175
55.548
17.6719
7.26727
3.64622
2.34588
30.5685
12.353
5.73461
3.01165
1.96512
67.6124
24.4433
10.9614
5.6953
3.70527
77.9345
35.5602
17.6329
9.47919
6.22678
87.8364
41.6067
20.8879
11.2539
7.39103
97.0173
50.918
26.5479
14.4648
9.52081
81.6923
32.0584
15.0851
7.96414
5.19788
68.9716
28.2403
13.5389
7.18322
4.69509
73.8176
26.5605
12.1683
6.38241
4.1632
59.3748
25.8086
12.8443
6.91318
4.54593
87.6298
36.9588
17.8074
9.46171
6.1853
69.4144
31.794
15.8067
8.48099
5.55737
81.0098
41.5464
21.5247
11.7059
7.70053
67.3151
34.3716
17.762
9.6479
6.34304
54.5187
11.4193
3.51605
1.53835
0.945027
25.6998
4.70355
1.3786
0.595711
0.365341
57.5557
14.3649
5.31376
2.57009
1.63697
26.6751
5.7361
2.02124
0.96689
0.615127
58.1873
17.0423
7.12431
3.62868
2.35053
28.345
8.9254
4.01695
2.11444
1.38452
62.7314
23.3176
11.0752
5.91489
3.89121
36.5846
13.7459
6.68169
3.59732
2.37386
50.2523
24.9639
12.9638
7.10175
4.70024
-2028.07
-3913.99
-2126.93
-3947.17
-2348.04
-4000.38
-2607.27
-4129.97
-2542.02
-4162.77
-1063.16
-1582.84
-1699.07
-2584.95
-557.726
-777.306
-149.453
-217.8
-10217.6
-2437.84
-560.335
-125.769
-31.4699
-2779.13
-755.867
-201.497
-46.02
-10.0978
-10007.7
-2376.2
-546.504
-121.772
-30.7154
-2806.52
-833.746
-206.278
-48.1712
-12.0438
-9439.84
-2234.27
-513.211
-114.399
-28.9251
-2722.29
-804.245
-198.539
-46.1729
-11.5936
-8524.52
-2007.42
-460.848
-102.812
-26.0376
-2614.25
-758.247
-185.217
-42.7646
-10.6941
-7067.47
-1658.68
-381.452
-85.2984
-21.6497
-2429.34
-689.223
-167.023
-38.3955
-9.58655
-3332.63
-815.173
-190.445
-42.891
-10.9088
-1178.89
-338.03
-81.2454
-18.3676
-4.57944
-4970.48
-1200.41
-278.491
-62.4312
-15.8534
-1732.57
-492.814
-119.584
-27.4966
-6.9169
-1950.93
-480.751
-112.772
-25.5128
-6.5
-655.861
-194.783
-46.4176
-10.473
-2.63256
-662.464
-162.157
-38.0651
-8.62984
-2.1978
-243.144
-65.2072
-14.1879
-4.06508
-0.777212
-251.094
-1523.39
-6214.76
473.422
-7079.87
-3119.3
-6868.36
-3210.33
-12559.7
-6709.16
-14095.1
-7436.59
-104.379
-366.593
-570.641
-672.574
-591.622
-167.498
-171.733
-585.456
-889.5
-996.277
-809.595
-239.216
-85.9286
-88.4577
-287.069
-286.108
-406.905
-404.37
-386.003
-377.011
-331.766
-344.503
-217.796
-238.306
853.227
2076.97
3376.89
2402.13
2174.26
994.208
745.663
2064.44
3375.46
3945.53
3290.8
1450.01
-93.9725
-79.2701
-59.933
-37.2761
-12.6434
-330.431
-279.148
-211.392
-131.655
-44.6889
-514.233
-434.313
-328.817
-204.753
-69.496
-605.843
-511.435
-387.015
-240.9
-81.7482
-533.069
-450.086
-340.589
-211.965
-71.9163
-153.962
-132.559
-101.75
-63.7386
-21.648
-154.46
-130.145
-98.2869
-61.0793
-20.7079
-527.151
-444.794
-336.435
-209.349
-71.03
-800.449
-674.962
-510.241
-317.383
-107.667
-895.56
-754.252
-569.564
-354.027
-120.06
-726.949
-611.513
-461.296
-286.54
-97.1476
-216.347
-183.322
-139.059
-86.6171
-29.385
-77.4351
-65.3954
-49.501
-30.8164
-10.4576
-79.7633
-67.4128
-51.0685
-31.8125
-10.7995
-258.919
-218.902
-165.895
-103.38
-35.102
-258.104
-218.266
-165.453
-103.123
-35.0186
-366.94
-310.165
-235.011
-146.426
-49.7138
-364.598
-308.127
-233.421
-145.413
-49.3659
-348.175
-294.368
-223.07
-138.988
-47.187
-339.705
-286.854
-217.119
-135.163
-45.8683
-299.486
-253.346
-191.998
-119.583
-40.5812
-309.981
-261.29
-197.388
-122.679
-41.5926
-197.865
-168.297
-127.882
-79.6124
-26.9726
-214.505
-180.767
-136.399
-84.625
-28.6504
752.334
621.638
462.995
286.207
97.1096
1821.72
1499.53
1115.75
691.237
235.527
2922.33
2383.96
1770.84
1104.45
381.419
2062.54
1677.2
1248.75
782.787
271.397
1898.21
1548.01
1147.85
709.397
231.125
896.27
746.744
562.407
349.456
111.498
658.501
544.802
405.974
250.861
85.0496
1817.3
1500.01
1117.09
691.144
234.852
2949.67
2420.98
1799.23
1115.47
380.804
3421.31
2792.44
2072.08
1288.08
442.083
2851.78
2325.6
1725.74
1073.3
367.234
1269.4
1045.78
783.233
490.068
167.719
177.621
442.671
651.367
758.815
682.871
273.453
277.957
694.117
999.17
1099.08
893.611
300.344
141.717
134.858
344.354
335.106
464.927
455.354
440.691
422.249
391.746
356.147
333.058
280.098
-723.65
-1882.67
-3044.58
-1966.96
-1667.83
-454.067
-692.295
-1982.48
-3196.88
-3627.47
-2837.14
-911.505
160.433
135.883
103.18
64.403
21.8881
399.501
338.024
256.4
159.903
54.319
587.6
496.932
376.751
234.872
79.7703
684.337
578.552
438.491
273.295
92.8085
616.286
521.414
395.432
246.548
83.7369
250.582
215.364
165.402
103.864
35.3593
250.898
212.348
161.128
100.52
34.1535
625.875
529.024
400.887
249.833
84.8377
900.226
760.233
575.605
358.5
121.702
989.258
834.508
631.23
392.894
133.341
803.673
677.384
512.031
318.58
108.109
272.114
231.143
175.843
109.818
37.3161
128.04
108.483
82.4009
51.4452
17.4862
121.846
103.238
78.4177
48.9583
16.6409
310.909
263.201
199.745
124.617
42.3407
302.576
256.161
194.411
121.293
41.2117
419.655
355.138
269.422
168.04
57.0853
410.94
347.687
263.709
164.447
55.8594
397.928
336.885
255.659
159.487
54.1837
380.913
322.125
244.2
152.22
51.6948
354.281
300.411
228.263
142.49
48.4185
321.206
271.536
205.755
128.2
43.5256
303.066
258.554
197.347
123.45
41.9623
253.099
214.344
162.604
101.345
34.4015
-634.542
-521.082
-386.037
-237.896
-80.6485
-1645.42
-1349.34
-1001.1
-619.502
-211.168
-2618.52
-2122.63
-1569.49
-977.663
-338.326
-1652.19
-1312.54
-958.139
-593.772
-205.2
-1414.01
-1113.29
-797.196
-477.643
-148.037
-377.57
-278.807
-182.987
-97.3684
-21.0471
-610.23
-503.842
-374.83
-231.42
-78.4488
-1743.46
-1437.65
-1069.93
-661.879
-224.964
-2786.9
-2281.52
-1692.14
-1048.13
-357.875
-3127.2
-2536.26
-1871.89
-1160.12
-397.954
-2427.97
-1952.59
-1430.95
-882.679
-300.785
-764.026
-598.822
-428.175
-259.358
-87.0448
-1598.31
-1012.21
-371.353
470.637
760.12
960.306
385.511
-11396.6
-2028.87
-3421.67
-1610.32
118.407
-3927.64
676.703
2234.41
1002.93
-6230.08
-2939.08
-710.355
-711.763
-3398.28
-1439.03
-389.155
-1096.14
1823.85
1058.41
-602.382
-310.148
-8024.6
-3693.97
-4533.24
-2226.04
-3530.61
-3643.19
-1212.21
1057.74
-566.88
-818.8
-527.909
-413.576
-438.586
-444.11
-648.915
-423.72
-280.407
-189.611
-92.1287
-312.451
-246.481
-178.051
-109.498
-37.6179
425.951
361.38
274.592
171.348
58.2198
684.047
576.478
435.175
270.17
91.5094
864.127
728.294
549.959
341.601
115.75
351.906
300.145
227.888
141.244
47.576
-7867.57
-6621.92
-5532.08
-5123.42
-4939.32
-1304.26
-827.83
-810.22
-822.215
-541.62
-2378.42
-1697.62
-1352.25
-1071.84
-607.683
-1027.73
-650.975
-545.984
-447.873
-189.951
120.864
104.504
69.5517
29.6803
3.38797
-3216.88
-2563.56
-1906.08
-1247.79
-484.414
614.87
515.683
380.963
228.228
73.8554
1926.05
1556.98
1138.21
694.442
233.913
897.24
748.592
558.201
342.467
114.821
-4192.12
-3648.33
-3073.34
-2875.59
-2783.09
-2015.69
-1413.89
-1107.95
-849.432
-449.372
-559.595
-437.427
-343.782
-251.489
-109
-572.52
-445.423
-333.887
-224.441
-87.7408
-2791.2
-2204.37
-1637.76
-1064.12
-404.18
-1197.14
-948.543
-703.387
-452.671
-163.164
-310
-235.065
-169.107
-108.38
-40.1579
-936.474
-754.613
-557.768
-349.588
-121.754
1620.17
1346.13
1003.38
617.377
208
952.962
801.77
602.528
371.607
125.053
-498.99
-394.161
-292.581
-189.268
-69.3228
-247.731
-189.082
-138.671
-91.2429
-34.2567
-4814.97
-3231.11
-2639.16
-2387.63
-2130.33
-2654.34
-1933.32
-1409.46
-971.767
-438.444
-2987.21
-2261.05
-1706.88
-1304.99
-636.255
-1638.16
-1232.22
-897.614
-614.865
-277.751
-2920.91
-2310.23
-1706.88
-1093.19
-399.952
-2527.35
-1662.58
-1263.93
-940.279
-406.268
-1021.86
-814.24
-598.934
-376.833
-132.664
953.997
804.589
606.43
375.135
126.547
-449.391
-342.705
-252.949
-168.801
-64.7142
-0.357342
26.3629
59.729
66.7395
12.7383
-108.987
-21854.3
-19221.2
-18195.3
-20841.4
-15990.6
-12698.8
-14306.9
-10892.3
-19095.7
-16852.5
-17535.3
-16595.4
-15430.2
-13191.3
-16256.8
-18079.1
-16110.2
-14699.2
-16641.8
-13580.4
-11515.4
-12043.8
-9674.07
-17204.8
-15403.4
-15822
-14527
-13741.7
-12820.6
-13325.7
-14275.8
-13053.4
-11686.5
-12826.2
-11355.3
-9779.3
-10092
-8666.53
-14475.5
-13289.6
-13452.3
-12424.7
-11733.3
-10846.9
-11282
-10038.6
-9431
-8285.48
-8807.57
-8478.78
-7619.63
-7524.72
-6868.34
-10530.4
-10663.2
-9922.84
-10055.3
-8875.2
-8041.24
-8957.64
-6447.92
-6156.69
-5345.51
-5588.7
-5699.25
-5170.01
-4978.25
-4594.07
-6999.54
-7015.51
-6676.71
-6580.96
-6093.7
-5517.97
-5995.19
-2325.97
-2241.15
-1936.02
-2008.16
-2108.75
-1969.91
-1826.48
-1701.82
-2652.56
-2660.35
-2479.11
-2386.02
-2290.26
-2103.44
-2260.54
-8133.1
-7985.31
-12235.6
-13243.4
-7607.96
-6749.21
-10731.2
-8726.31
-6181.91
-4436.75
-6142.55
-4436.82
-6152.19
-5913.38
-4545.89
-8073.62
-7641.2
-10904.5
-11934
-7091.4
-6410.01
-9488.59
-8157.11
-6130.89
-3806.75
-6018.04
-4058.99
-5494.38
-5305.2
-4485.07
-7322.02
-6959.04
-9236.88
-9938.08
-6532.34
-6063.63
-8262.31
-7297.09
-5003.76
-4011.74
-4986.07
-4277.34
-4647.79
-4675.27
-4503.33
-5844.32
-5610.7
-6903.89
-7272.06
-5322.58
-4966.28
-6384.46
-5813.82
-4681.32
-3513.25
-4603.52
-3784.14
-4302.72
-4294.66
-3932.38
-3993.24
-3858.96
-4550.43
-4734.98
-3590.74
-3316.83
-4283.16
-3925.96
-3232.09
-2650.36
-3164.73
-2815.99
-2964.18
-2929.86
-2753.97
-1478.46
-1430.96
-1659.93
-1718.28
-1326.78
-1217.97
-1572.74
-1447.43
-1053.37
-962.654
-1123.04
-1061.3
-1091.58
-1068.28
-999.163
)
;

boundaryField
{
    patch1
    {
        type            calculated;
        value           nonuniform List<scalar> 
2440
(
0
0
4828.02
1701.46
-549.041
1172.07
-3643.46
-1212.32
1057.78
-566.958
0
0
4827.72
1701.33
-549.025
1171.96
-3643.19
-1212.21
1057.74
-566.88
0
0
0
0
0
0
0
0
-1193.98
0
0
0
0
0
0
0
0
2302.98
1622.01
642.533
-242.156
-519.135
-615.837
-52.9193
13727.9
3845.69
4745.06
3287.57
165.899
291.481
3253.88
-953.426
-400.679
-668.507
-375.249
7500.43
4095.05
1717.04
1296.77
3777.97
2229.94
783.192
1496.3
-1098.43
-518.816
913.821
777.215
8905.5
4300.85
5575.44
2950.25
4082.93
5.09823
-85.9379
-88.4668
-287.094
-286.133
-406.938
-404.403
-386.034
-377.041
-331.792
-344.529
-217.811
-238.323
141.726
134.866
344.378
335.13
464.959
455.386
440.721
422.278
391.771
356.169
333.076
280.114
-1598.38
-1012.29
-371.39
470.655
760.156
960.352
385.513
-11397.5
-2029.23
-3421.99
-1610.47
118.367
-3927.84
676.705
2234.46
1002.97
-6230.46
-2939.34
-710.488
-711.85
-3398.49
-1439.17
-389.204
-1096.23
1823.91
1058.45
-602.442
-310.2
-8024.94
-3694.17
-4533.49
-2226.2
-3530.84
0
0
0
0
0
0
0
0
-1189.46
0
0
0
0
0
0
0
0
2302.94
1621.97
642.486
-242.144
-519.108
-615.802
-52.931
13727
3845.16
4744.63
3287.16
165.742
291.368
3253.58
-953.539
-400.74
-668.596
-375.243
7500.05
4094.74
1716.82
1296.64
3777.71
2229.76
783.133
1496.18
-1098.4
-518.81
913.717
777.127
8905.2
4300.67
5575.2
2950.11
4082.68
3.86218
-85.9286
-88.4577
-287.069
-286.108
-406.905
-404.37
-386.003
-377.011
-331.766
-344.503
-217.796
-238.306
141.717
134.858
344.354
335.106
464.927
455.354
440.691
422.249
391.746
356.147
333.058
280.098
-1598.31
-1012.21
-371.353
470.637
760.12
960.306
385.511
-11396.6
-2028.87
-3421.67
-1610.32
118.407
-3927.64
676.703
2234.41
1002.93
-6230.08
-2939.08
-710.355
-711.763
-3398.28
-1439.03
-389.155
-1096.14
1823.85
1058.41
-602.382
-310.148
-8024.6
-3693.97
-4533.24
-2226.04
-3530.61
0
0
2.48401
4.92818
2.36859
4.69221
-108.987
0
0
0
0
0
0
2.48033
4.92309
2.37386
4.70024
-108.987
0
0
0
0
0
2203.98
2031.17
2113.69
2888.12
368.828
182.527
304.32
130.807
1600.53
1077.7
3621.11
4055.87
23.8843
41.7564
976.814
990.709
0
0
0
0
0
0
0
0
0
0
0
0
0
0
0
0
0
0
0
0
0
0
0
0
0
0
0
0
0
0
0
0
0
-183.722
-33.1032
-174.269
-23.675
-148.861
-12.8656
-111.525
6.3531
-55.9512
31.1722
-20.1356
62.4095
-44.7581
47.9253
19.9004
76.1183
90.683
94.8315
1.28957
0.692388
2.43959
2.0474
3.85712
6.47497
7.56707
9.62182
5.41255
4.9415
4.36189
4.88019
6.32484
5.72662
7.76715
6.40526
0.99289
0.378749
1.6915
0.62685
2.43728
1.43003
3.99814
33.292
9.11375
32.48
11.3239
30.5247
10.9234
27.4025
10.114
22.6798
9.12743
11.2936
4.69551
16.5371
6.76438
6.70666
2.83695
2.31651
0.967844
-298.786
26.5442
-1800.39
-324.008
5652.67
5494.24
3067.03
2900.69
5353.17
6409.13
638.089
-1183.3
-1364.06
-1780.4
-2255.45
104.12
191.855
-61.213
71.9225
-1359.95
-824.794
-3008.23
-3249.47
125.23
96.5573
-858.309
-891.987
-0.2465
0.0208752
0
0
0
0
0
0
0
0
0
0
0
0
0
0
0.341167
-0.152891
0
0
0
0
0
0
0
0
0
0
0
0
0
0
321.059
77.6351
322.957
74.928
310.813
77.9759
273.541
71.9955
230.808
68.0706
229.629
107.238
229.606
87.6928
208.417
116.422
146.551
107.656
1.2556
0.673684
2.34214
1.96158
3.69981
6.21756
7.38302
9.5152
5.19097
4.68955
4.15819
4.53881
6.17903
5.55256
7.69641
6.33993
0.972645
0.374446
1.63397
0.613414
2.34575
1.38131
3.88457
-31.8961
-8.72876
-31.1299
-10.8426
-29.2865
-10.4543
-26.3504
-9.67298
-21.8981
-8.7322
-11.0053
-4.4498
-16.0445
-6.45837
-6.54124
-2.63349
-2.20772
-0.7894
-132.199
-1180.97
1334.38
236.046
71.398
660.726
494.985
-0.655889
-0.168574
-0.161473
-0.707303
0
0
0
0
0
0
0
0
0
0.666234
0.219163
0.370761
0.778109
0
0
0
0
0
0
0
0
0
0
2203.89
2031.26
2113.81
2888.11
368.887
182.51
304.367
130.767
1600.61
1077.69
3621.15
4055.8
23.8998
41.7283
976.815
990.702
0
0
0
0
0
0
0
0
0
0
0
0
0
0
0
0
0
0
0
0
0
0
0
0
0
0
0
0
0
0
0
0
0
-185.015
-33.574
-174.144
-23.6178
-148.867
-12.8683
-111.535
6.33218
-55.9655
31.1446
-20.1245
62.4006
-44.7603
47.9008
19.9291
76.1322
90.7277
94.8679
1.2394
0.65915
2.43982
2.04675
3.85503
6.46921
7.56271
9.62118
5.40889
4.93886
4.35972
4.87591
6.32216
5.72504
7.76728
6.40574
0.965023
0.368453
1.68926
0.624894
2.43433
1.42773
3.9941
33.267
9.19175
32.4481
11.2931
30.5175
10.9157
27.3981
10.1103
22.6778
9.12548
11.2935
4.69504
16.5365
6.76345
6.70672
2.83671
2.31653
0.967725
-290.521
33.8369
-1788.05
-514.547
5659.06
5525.42
3079.85
2908.04
5369.47
6378.85
317.839
-1183.2
-1364.23
-1780.62
-2255.42
103.924
191.723
-61.4242
71.7709
-1360.12
-824.875
-3008.28
-3249.54
125.072
96.475
-858.485
-892.108
-0.24333
0.0230693
0
0
0
0
0
0
0
0
0
0
0
0
0
0
0.342175
-0.152757
0
0
0
0
0
0
0
0
0
0
0
0
0
0
322.642
78.2985
322.715
74.8154
310.807
77.9572
273.57
72.0131
230.862
68.1116
229.697
107.307
229.666
87.7525
208.483
116.488
146.611
107.711
1.20512
0.641175
2.34588
1.96512
3.70527
6.22678
7.39103
9.52081
5.19788
4.69509
4.1632
4.54593
6.1853
5.55737
7.70053
6.34304
0.945027
0.365341
1.63697
0.615127
2.35053
1.38452
3.89121
-31.8721
-8.80341
-31.1005
-10.8134
-29.2808
-10.4474
-26.3473
-9.66995
-21.8969
-8.73076
-11.0055
-4.44958
-16.0443
-6.4578
-6.54145
-2.63344
-2.20783
-0.789441
-129.279
-1185.2
1335.4
241.021
100.564
702.665
485.809
-0.657952
-0.168582
-0.161467
-0.713535
0
0
0
0
0
0
0
0
0
0.66441
0.219193
0.370798
0.772117
0
0
0
0
0
0
0
0
0
15570
11997.5
0
15569.1
11992.9
0
0
0
0
0
0
0
0
0
9508.92
17004.6
11048.4
16618.4
12426.1
14901.1
13767.8
15829.3
10874.4
19781.2
17744.8
18118.6
16886.8
15652.9
15363.8
14303.2
8754.41
2790.45
13736.1
8665.72
2957.53
12628.1
7971.87
2636.35
0
0
0
0
0
0
0
0
11100.6
7312.49
11072.4
7560.65
11584.9
8032.72
14115.9
15626.5
12567.7
5835.04
4917.58
6149.21
4939.47
6639.68
5140.79
3323.49
1393.24
408.07
3445.49
1537.88
475.315
3377.06
1600.78
422.097
-6.42271
4.04455
228.481
963.308
1913.5
826.682
1649.15
370.571
118.261
-8.9103
-107.953
-393.702
-993.342
-1651.5
-642.613
-1338.58
-247.981
-24.0135
0
0
0
0
0
0
0
0
9457.34
17000.5
11050.7
16614.2
12426.4
14900.1
13766.8
15827
10873.9
19812.6
17789.9
18110.4
16880.8
15649.9
15359.7
14337.6
8772.72
2802.04
13731.8
8664.67
2957.49
12625.2
7970.49
2636.02
0
0
0
0
0
0
0
0
11130.6
7316.11
11063.7
7559.62
11576.8
8029.12
14110.7
15622.7
12562.3
5831.51
4916.58
6147.51
4939.45
6637.54
5139.5
3324.15
1395.38
409.076
3444.65
1538.1
475.372
3376.27
1600.55
422.082
-3.53584
-1.13621
226.482
962.369
1913.1
826.63
1649.01
370.535
118.213
-8.59817
-104.23
-392.595
-992.883
-1651.35
-642.667
-1338.57
-248.052
-24.0773
14820.9
13302.9
22.8597
11.9525
6.05408
3.22352
2.0904
44.2779
21.1026
10.5674
5.62373
3.65043
3348.68
1429.44
15884.5
15298.5
-2835.94
-365.518
23.6117
10.7609
5.52319
3.02588
2.00488
34.7227
18.2958
9.63801
5.30843
3.5196
0
0
0
0
0
11705.7
9320.42
11483.3
10221.8
12819.8
11791
6335.56
3602.49
1032.42
8423.45
5601.33
1935.14
10266.2
7079.85
2444.94
-4815.26
-2315.08
-5886.51
-2732.98
-7868.06
-3391.25
-10740.6
-4051.85
3385.64
1396.39
2531.27
1461.57
487.587
312.098
297.843
247.762
771.048
483.269
326.255
198.572
68.625
34.6464
17.8405
9.6965
6.38568
93.3224
49.9232
26.203
14.3081
9.42418
146.931
381.491
565.488
652.646
742.761
943.544
132.744
112.461
85.4153
53.3228
18.1235
344.421
291.55
221.241
138.018
46.8916
510.176
431.493
327.157
203.958
69.2705
588.139
496.769
376.162
234.282
79.53
668.299
563.466
425.95
264.973
89.8962
846.925
712.183
537.105
333.602
113.103
1374.2
1209.93
997.878
741.315
456.888
154.702
8133.01
5899.86
2241.17
9842.32
7268.61
2691.68
12223.4
8615.46
3104.8
15402.6
9736.75
3479.65
-2149.62
282.898
-868.575
646.474
11176.7
7952.65
10052.4
6960.26
7619.87
6036.49
5023.5
2650.02
649.638
4250.99
2110.41
530.646
3888.48
1891.79
524.372
710.018
405.626
134.458
12.691
825.084
516.622
275.841
159.401
63.2358
34.8193
18.3842
10.0151
6.56924
96.7507
51.0956
26.6921
14.5279
9.54245
-1173.88
-1007.11
-805.499
-580.085
-348.754
-116.49
-100.253
-329.908
-506.606
-590.407
-709.808
-860.102
-90.4091
-76.4206
-57.9009
-36.0731
-12.2467
-297.596
-251.642
-190.738
-118.876
-40.3666
-456.629
-385.757
-292.119
-181.927
-61.7527
-531.34
-448.045
-338.665
-210.619
-71.4385
-637.311
-535.934
-404.015
-250.755
-84.9634
-769.241
-643.974
-483.393
-299.095
-101.188
15886.6
15299.7
-2845.28
-373.699
23.5857
10.7471
5.51388
3.01981
2.0003
34.6759
18.2739
9.62458
5.29978
3.51339
0
0
0
0
0
14817.9
13298.8
22.8399
11.9431
6.04784
3.21936
2.08714
44.2484
21.0897
10.5594
5.61829
3.64642
3350.95
1434.13
8941.51
57059.8
8904.61
41656.6
8618.99
34659.9
8961.44
31021.4
16125.2
9338.2
3071.64
15833.2
9342
3070.59
15393
9359.24
3137.71
15198.8
9575.67
3343.31
15403.6
9737.72
3480.05
188.581
68.3415
-325.756
235.422
-1191.07
1272.1
-29.897
5.57701
1077.36
982.571
76.1497
34.8005
21.7234
15.6177
441.303
204.572
158.011
126.392
13.8472
5.01442
2.22762
1.38597
109.473
40.4068
16.8193
10.3951
244.515
95.1264
42.0135
26.5591
321.261
143.09
70.6529
46.3185
294.579
170.62
92.8972
62.3936
269.39
199.091
121.483
85.129
234.27
178.509
110.061
76.9546
287.647
209.969
128.583
92.287
297.937
212.232
137.505
100.582
5.26299
2.53649
1.25841
0.665476
0.430793
31.8231
15.5559
7.803
4.15423
2.69816
40.7472
23.1373
12.2933
6.71494
4.4081
43.4009
21.8801
11.1395
5.98953
3.90624
52.5846
28.8044
15.2695
8.35211
5.49283
64.711
33.9413
17.7598
9.68641
6.37151
1.0963
0.475913
0.224887
0.116193
0.0744394
8.14326
3.62189
1.74257
0.908401
0.58444
19.4875
8.83683
4.3123
2.26482
1.46267
437.581
460.957
653.684
1017.08
2222.76
1008.14
2158.56
363.232
112.342
284.12
77.5627
19.8351
4.47719
0.721801
316.325
91.3946
22.2337
5.24344
0.956705
374.143
104.013
25.2719
5.69331
1.1138
508.762
129.906
30.367
6.75792
1.40275
734.805
163.364
35.1941
7.39087
1.50294
316.2
71.1502
15.084
3.08461
0.595239
545.323
113.406
23.8702
5.02459
1.05319
137.61
38.0476
8.10579
1.73322
0.352944
96.2607
20.6074
3.25251
1.82197
0.143597
3837.35
4777.23
1982.6
2661.79
2095.87
2472.19
1088.13
1126.5
-955.1
-3067.9
-2075.76
-1387.15
-844.817
-698.485
-518.288
-318.097
-107.219
-1398.43
-852.608
-499.064
-323.378
-153.279
-1343.46
-790.8
-460.606
-239.844
-77.7941
-1153.91
-894.744
-627.724
-371.077
-123.176
-8984.49
-3060.73
-9199.67
-3296.81
-9726.24
-3734.74
-10289.1
-4078.45
-10740.6
-4051.85
8.55944
16.7433
780.1
141.39
1320.54
-812.932
182.15
156.271
-184.637
-37.4568
21.2942
16.2728
5.50517
-0.434005
134.136
102.509
1.65426
-37.8361
1.03976
1.3858
0.689653
0.350761
12.7591
12.3587
7.94439
4.35095
59.2997
37.0884
20.3639
10.8543
166.179
74.9631
33.3398
16.9203
304.742
119.13
54.5272
32.8386
355.214
184.89
110.843
80.6782
392.142
162.292
80.4648
54.578
315.305
197.155
132.345
97.7808
292.317
206.184
137.155
101.573
3.22564
1.96594
1.08685
0.608047
0.405
21.6533
12.7375
6.93251
3.85059
2.55704
51.8749
23.6987
11.834
6.3661
4.17995
38.7948
19.4412
10.1115
5.52054
3.64624
60.4412
29.5305
14.9866
8.09369
5.31468
64.6659
33.8303
17.5991
9.57811
6.30072
0.404769
0.30557
0.178594
0.101988
0.0684786
4.10319
2.61959
1.46113
0.821662
0.548621
11.81
6.92377
3.75935
2.09443
1.3933
-434.058
-509.217
-712.461
-950.031
-1832.85
-797.477
-1725.69
-241.297
-26.5802
-275.982
-74.8578
-19.1073
-4.29337
-0.691153
-315.886
-89.1072
-21.4045
-5.00953
-0.907564
-370.789
-100.438
-24.0142
-5.36474
-1.03665
-471.976
-120.401
-28.0454
-6.23018
-1.28062
-638.307
-144.941
-31.4888
-6.63499
-1.3361
-239.583
-53.1584
-11.1665
-2.26455
-0.405041
-440.249
-92.8684
-19.7668
-4.19797
-0.867597
-85.9809
-24.1221
-4.76159
-0.984873
-0.168198
-57.6735
-9.33264
-0.34469
-1.13279
0.0328809
-195.078
-658.142
-1018.75
-1187.09
-1045.55
-473.887
599.201
2115.93
3783.25
4851.81
4330.08
1922.43
-175.513
-147.941
-111.772
-69.4823
-23.5612
-592.62
-500.058
-378.254
-235.38
-79.8639
-916.596
-772.742
-584.043
-363.237
-123.214
-1066.4
-897.479
-677.26
-420.768
-142.661
-936.955
-786.454
-592.128
-367.355
-124.482
-423.117
-353.811
-265.585
-164.506
-55.7231
532.183
442.724
331.122
204.826
69.4051
1865.27
1541.34
1148.25
710.093
241.136
3301.13
2705.36
2008.07
1244.3
425.007
4179.88
3394.44
2513.22
1565.21
540.523
3689.69
2976.22
2202.76
1380.77
482.632
1642.7
1332.56
993.658
627.569
220.778
301.566
769.017
1133.49
1295.58
1127.27
504.024
-625.276
-2156.45
-3746.36
-4642.44
-3923.13
-1389.5
272.192
230.351
174.773
109.024
37.0412
693.37
586.03
444.052
276.716
93.9632
1021.03
862.035
652.526
406.335
137.928
1165.38
982.36
742.563
461.97
156.749
1011.77
850.888
641.918
398.884
135.285
450.868
377.873
284.309
176.431
59.8231
-556.476
-464.075
-347.963
-215.674
-73.1604
-1904.45
-1577.18
-1177.64
-729.634
-248.037
-3271.25
-2683.46
-1994.27
-1237.36
-423.079
-3990.7
-3233.76
-2390.96
-1489.08
-514.853
-3312.83
-2647.3
-1945.08
-1215.7
-425.665
-1143.1
-891.132
-643.356
-400.211
-141.38
1098.24
0
1704.08
980.135
819.236
614.78
380.767
128.989
0
0
0
0
0
1483.18
1210.54
893.138
549.238
186.204
8936.2
57072
8886.89
41652.8
8582.48
34641.4
8936.73
30354
16135.7
9351.03
3075.97
15829.5
9340.15
3070.41
15390.9
9357.77
3137.32
15197.5
9574.56
3342.92
15402.6
9736.75
3479.65
161.288
73.8989
-324.445
198.386
-1179.87
1280.85
-17.2968
6.75873
1048.88
974.992
64.3125
29.34
18.3973
13.2062
439.372
203.858
157.434
125.984
12.1811
4.37109
1.92419
1.17441
108.697
40.177
16.7312
10.4015
244.278
94.9955
41.9489
26.519
321.095
142.979
70.5883
46.2673
294.477
170.538
92.8401
62.3425
269.432
199.095
121.472
85.1097
234.245
178.467
110.022
76.9139
287.753
210.022
128.606
92.2947
298.093
212.328
137.559
100.617
4.37922
2.11314
1.04992
0.555769
0.35995
31.785
15.5152
7.77489
4.13701
2.6862
40.7326
23.1291
12.2878
6.71094
4.40503
43.3754
21.8678
11.1317
5.98402
3.90217
52.5806
28.8012
15.2668
8.34983
5.49098
64.7243
33.947
17.7621
9.68728
6.37189
0.89708
0.389971
0.184545
0.0954286
0.061141
8.15896
3.61651
1.73732
0.905188
0.582335
19.4747
8.82909
4.30663
2.26113
1.45998
438.895
455.152
652.302
1016.36
2222.39
1008.08
2158.39
363.2
112.304
285.311
78.3631
19.8969
4.49958
0.737303
312.663
90.2823
21.968
5.17459
0.940254
373.548
103.815
25.2168
5.68007
1.11041
508.453
129.801
30.3355
6.74966
1.40048
734.622
163.301
35.1744
7.38542
1.50135
316.153
71.1315
15.0777
3.08273
0.594633
545.224
113.371
23.8587
5.02127
1.05217
137.584
38.0375
8.10233
1.73218
0.352602
96.2452
20.6019
3.25072
1.82153
0.143442
3836.77
4776.85
1984.04
2663.99
2094.45
2470.78
1024.76
1058.96
-955.046
-3068.01
-2075.79
-1387.11
-844.767
-698.442
-518.254
-318.075
-107.212
-1398.49
-852.66
-499.113
-323.419
-153.288
-1343.48
-790.822
-460.626
-239.859
-77.7988
-1153.87
-894.713
-627.699
-371.061
-123.17
-8981.94
-3060.39
-9198.32
-3295.89
-9725.66
-3734.4
-10288.8
-4078.29
-10740.5
-4051.75
-11.5578
-7.64875
805.26
182.832
1322.73
-808.376
144.023
129.728
-159.638
-32.1825
17.8449
13.7414
4.56496
-0.403288
135.308
102.932
2.04736
-37.6548
0.578254
1.13995
0.594039
0.33087
13.6338
12.5015
7.9682
4.28691
59.579
37.2
20.3993
10.8699
166.376
75.0818
33.3946
16.9602
304.913
119.255
54.6008
32.8967
355.402
185.033
110.94
80.7545
392.312
162.425
80.5534
54.6494
315.5
197.298
132.439
97.8518
292.505
206.311
137.234
101.629
2.77385
1.67667
0.922943
0.515258
0.342878
21.5319
12.7088
6.92782
3.85058
2.55778
51.9173
23.7197
11.8462
6.37385
4.18552
38.8407
19.4635
10.125
5.52935
3.65255
60.4821
29.5508
14.9978
8.10059
5.3196
64.6978
33.8456
17.607
9.58266
6.30389
0.361644
0.262829
0.151937
0.086395
0.0579289
4.0554
2.6176
1.46388
0.823676
0.549944
11.8199
6.93312
3.76688
2.09938
1.39685
-433.87
-505.305
-711.729
-949.686
-1832.71
-797.513
-1725.67
-241.351
-26.6321
-276.924
-75.5999
-19.1636
-4.31469
-0.706049
-312.559
-88.0552
-21.1504
-4.94348
-0.891746
-370.41
-100.277
-23.9651
-5.35246
-1.03343
-471.831
-120.333
-28.0207
-6.22312
-1.27857
-638.243
-144.909
-31.4758
-6.63084
-1.33477
-239.581
-53.1534
-11.1638
-2.26351
-0.40464
-440.222
-92.8535
-19.7603
-4.19572
-0.866814
-85.9908
-24.1223
-4.76087
-0.984499
-0.168032
-57.6917
-9.33629
-0.345285
-1.13294
0.0328786
-195.059
-658.088
-1018.67
-1187
-1045.47
-473.854
599.162
2115.79
3783.02
4851.54
4329.85
1922.36
-175.495
-147.925
-111.76
-69.4749
-23.5586
-592.571
-500.016
-378.222
-235.36
-79.857
-916.524
-772.68
-583.995
-363.207
-123.203
-1066.32
-897.409
-677.207
-420.734
-142.649
-936.886
-786.394
-592.082
-367.326
-124.472
-423.087
-353.785
-265.565
-164.493
-55.7187
532.146
442.692
331.097
204.81
69.3996
1865.15
1541.23
1148.17
710.038
241.116
3300.91
2705.18
2007.92
1244.2
424.973
4179.62
3394.22
2513.04
1565.09
540.48
3689.48
2976.04
2202.62
1380.68
482.597
1642.63
1332.51
993.618
627.543
220.768
301.548
768.965
1133.41
1295.49
1127.2
503.992
-625.237
-2156.32
-3746.14
-4642.17
-3922.89
-1389.39
272.176
230.338
174.762
109.017
37.039
693.323
585.99
444.021
276.697
93.9567
1020.96
861.975
652.481
406.306
137.919
1165.3
982.293
742.512
461.937
156.738
1011.71
850.831
641.875
398.856
135.276
450.839
377.848
284.29
176.419
59.8189
-556.44
-464.044
-347.94
-215.659
-73.1553
-1904.33
-1577.08
-1177.56
-729.583
-248.02
-3271.05
-2683.28
-1994.13
-1237.27
-423.047
-3990.44
-3233.54
-2390.78
-1488.96
-514.811
-3312.6
-2647.09
-1944.92
-1215.59
-425.625
-1142.99
-891.034
-643.273
-400.153
-141.358
1098.19
0
1704.02
980.085
819.194
614.748
380.747
128.982
0
0
0
0
0
1483.13
1210.49
893.103
549.217
186.196
8134.03
5900.64
2241.47
9843.47
7269.53
2692.03
12224.5
8616.45
3105.18
15403.6
9737.72
3480.05
-2155.66
281.789
-874.222
644.503
11178.7
7953.89
10055
6961.74
7622.38
6038
5024.29
2650.47
649.782
4251.81
2110.82
530.773
3889.33
1892.18
524.48
709.99
405.652
134.482
12.7255
824.559
516.429
275.763
159.381
63.2523
34.8296
18.3919
10.0208
6.57361
96.7424
51.0928
26.692
14.5286
9.54333
-1173.92
-1007.15
-805.535
-580.114
-348.772
-116.497
-100.263
-329.936
-506.646
-590.452
-709.86
-860.16
-90.4182
-76.4284
-57.9068
-36.0769
-12.248
-297.621
-251.664
-190.755
-118.886
-40.3701
-456.667
-385.788
-292.143
-181.943
-61.7579
-531.381
-448.08
-338.692
-210.636
-71.4443
-637.357
-535.974
-404.046
-250.774
-84.97
-769.294
-644.019
-483.428
-299.118
-101.196
11704.2
9319.32
11482.1
10220.7
12818.6
11789.5
6334.73
3601.95
1032.24
8422.41
5600.62
1934.91
10264.8
7078.91
2444.63
-4814.45
-2314.78
-5885.8
-2732.72
-7867.6
-3391.07
-10740.5
-4051.75
3388.24
1398.24
2535.07
1463.74
488.451
312.508
298.048
247.877
771.96
483.678
326.454
198.68
68.6704
34.6712
17.8562
9.70667
6.39311
93.3693
49.9468
26.2163
14.3163
9.42998
146.921
381.464
565.448
652.602
742.714
943.488
132.736
112.454
85.4099
53.3194
18.1224
344.397
291.529
221.225
138.008
46.8882
510.14
431.463
327.134
203.943
69.2656
588.099
496.736
376.137
234.266
79.5245
668.257
563.43
425.922
264.956
89.8903
846.875
712.14
537.072
333.581
113.096
1374.14
1209.88
997.837
741.283
456.868
154.695
)
;
    }
    patch2
    {
        type            calculated;
        value           nonuniform List<scalar> 
348
(
-0.358031
-0.357342
567.368
196.673
-58.9854
149.514
-406.32
-132.679
126.551
-64.7272
567.29
196.652
-58.984
149.494
-406.268
-132.664
126.547
-64.7142
620.024
212.665
72.9588
-27.6504
-59.4241
-71.0794
-2.0639
4539.15
832.444
752.147
419.18
76.4623
80.346
421.422
15.5953
-7.97803
-0.495711
-40.7207
2731.32
600.84
256.815
168.64
433.622
277.963
94.4356
174.593
-107.501
-52.1107
116.8
99.1651
2200.66
535.044
821.705
386.784
473.325
-12.6448
-44.693
-69.502
-81.755
-71.9222
-21.6496
-20.7103
-71.0363
-107.676
-120.07
-97.1555
-29.3873
-10.4588
-10.8006
-35.1051
-35.0217
-49.7181
-49.37
-47.1909
-45.8721
-40.5845
-41.5958
-26.9745
-28.6525
97.1178
235.547
381.451
271.415
231.133
111.494
85.0564
234.871
380.834
442.116
367.257
167.723
21.8893
54.3228
79.7759
92.815
83.7424
35.361
34.1555
84.8435
121.711
133.351
108.116
37.3184
17.4873
16.6419
42.3436
41.2146
57.0893
55.8634
54.1875
51.6984
48.4216
43.5284
41.9644
34.4034
-80.6557
-211.185
-338.356
-205.224
-148.06
-21.0626
-78.4551
-224.982
-357.904
-397.989
-300.817
-87.0617
-444.203
-92.1625
-37.6235
58.2216
91.5137
115.756
47.5755
-4939.61
-541.672
-607.734
-189.969
3.3816
-484.443
73.855
233.919
114.826
-2783.3
-449.421
-109.021
-87.7544
-404.212
-163.188
-40.1664
-121.767
208.008
125.056
-69.3316
-34.2645
-2130.54
-438.5
-636.343
-277.79
-399.991
620.008
212.668
72.9513
-27.649
-59.4207
-71.0751
-2.06599
4538.49
832.289
752.02
419.09
76.4353
80.3259
421.355
15.5752
-7.9891
-0.510894
-40.7206
2730.96
600.752
256.772
168.616
433.568
277.932
94.4256
174.574
-107.498
-52.111
116.782
99.1502
2200.42
535.001
821.626
386.751
473.279
-12.6434
-44.6889
-69.496
-81.7482
-71.9163
-21.648
-20.7079
-71.03
-107.667
-120.06
-97.1476
-29.385
-10.4576
-10.7995
-35.102
-35.0186
-49.7138
-49.3659
-47.187
-45.8683
-40.5812
-41.5926
-26.9726
-28.6504
97.1096
235.527
381.419
271.397
231.125
111.498
85.0496
234.852
380.804
442.083
367.234
167.719
21.8881
54.319
79.7703
92.8085
83.7369
35.3593
34.1535
84.8377
121.702
133.341
108.109
37.3161
17.4862
16.6409
42.3407
41.2117
57.0853
55.8594
54.1837
51.6948
48.4185
43.5256
41.9623
34.4015
-80.6485
-211.168
-338.326
-205.2
-148.037
-21.0471
-78.4488
-224.964
-357.875
-397.954
-300.785
-87.0448
-444.11
-92.1287
-37.6179
58.2198
91.5094
115.75
47.576
-4939.32
-541.62
-607.683
-189.951
3.38797
-484.414
73.8554
233.913
114.821
-2783.09
-449.372
-109
-87.7408
-404.18
-163.164
-40.1579
-121.754
208
125.053
-69.3228
-34.2567
-2130.33
-438.444
-636.255
-277.751
-399.952
3706.3
979.565
262.57
3748.92
1034.91
291.35
3767.84
1080.24
258.986
3827.53
1087.22
175.106
4168.02
1035.7
258.381
-5523.53
-508.334
-5393.36
-531.445
-4909.47
-385.276
-4620.89
-544.156
-4858.2
-583.178
3708.95
984.747
263.846
3747.3
1033.9
291.378
3767.17
1079.8
258.892
3826.88
1086.93
175.023
4167.36
1035.5
258.322
-5520.77
-509.931
-5389.24
-528.883
-4909.15
-384.82
-4620.74
-544.035
-4858
-583.132
)
;
    }
    patch3
    {
        type            calculated;
        value           nonuniform List<scalar> 
96
(
-104.391
-366.624
-570.688
-672.628
-591.668
-167.513
-171.751
-585.505
-889.57
-996.353
-809.656
-239.235
853.283
2077.11
3377.1
2402.26
2174.36
994.235
745.711
2064.57
3375.67
3945.75
3290.97
1450.06
177.632
442.702
651.412
758.867
682.916
273.469
277.972
694.163
999.238
1099.15
893.67
300.363
-723.701
-1882.8
-3044.77
-1967.1
-1667.96
-454.126
-692.34
-1982.6
-3197.08
-3627.7
-2837.33
-911.589
-104.379
-366.593
-570.641
-672.574
-591.622
-167.498
-171.733
-585.456
-889.5
-996.277
-809.595
-239.216
853.227
2076.97
3376.89
2402.13
2174.26
994.208
745.663
2064.44
3375.46
3945.53
3290.8
1450.01
177.621
442.671
651.367
758.815
682.871
273.453
277.957
694.117
999.17
1099.08
893.611
300.344
-723.65
-1882.67
-3044.58
-1966.96
-1667.83
-454.067
-692.295
-1982.48
-3196.88
-3627.47
-2837.14
-911.505
)
;
    }
    patch4
    {
        type            calculated;
        value           nonuniform List<scalar> 
384
(
35153.3
36130.7
37304
68130.3
99348.3
61496.4
48156.6
43558.4
-61652.2
-50571
-79611.5
-100834
34320.7
36164.8
37339.2
68158
99386
61522.1
48166.3
42504.4
-60966.5
-50706.7
-79751.4
-100097
40536.4
12539.6
61233.3
19371
-46517.1
-14386.7
-66093.2
-21077.1
40548.2
12541.7
61247.6
19374.6
-46559.3
-14396.7
-66129.3
-21086.2
27057.9
9360.24
-32533.9
-10877.2
13339
5181.31
4637.94
1756.9
-16846.8
-6389.9
-5825.9
-2183.83
-32498
-10868.8
27077.2
9364.08
25541.4
17860.4
24711.6
17464.3
28010.3
9230.79
11888.8
4463.26
10712.3
3878.78
-43966.3
-31276.1
-36999.5
-27139.8
-33735.7
-11107.2
-19416.2
-6917.64
-16038.2
-5599.83
24936.4
17465.2
24776.2
17525.5
28026.1
9233.88
11635.5
4368.61
10755.2
3894.21
-43404.6
-30870.8
-37107.7
-27223
-33771.4
-11116.6
-19161.2
-6820.47
-16091.5
-5618.81
-16827.2
-6382.84
-5820.48
-2181.87
13351.3
5186.22
4640.81
1758.07
23188.8
16215.2
-21739.6
-15442.2
23188.9
16215.7
-21739.7
-15442.7
3464.16
3857.55
4082.45
3702.54
5424.11
3617.99
4323.35
1436.31
4004.14
6633.99
7259.64
11472.3
2276.91
3760.11
972.231
1378.55
-5389.53
-6123.06
-5603.74
-5317.16
-6418.73
-4666.35
-5263.33
-1831.3
-4464.23
-6626.88
-7530.16
-11233.5
-2661.84
-3810.79
-1279.06
-1440.56
3432.42
3793.53
4083.16
3708.54
5424.37
3620.48
4327.12
1437.24
4004.77
6634.34
7260.02
11472.8
2277.56
3760.33
972.346
1378.56
-5376.32
-6073.21
-5602.6
-5324.3
-6417.6
-4669.32
-5268.67
-1832.98
-4464.93
-6627.33
-7530.1
-11234
-2662.93
-3811.2
-1279.65
-1440.78
6394.42
18884.6
7818.75
19669.3
9968.41
19031
11494.7
-7521.38
-18511
-8643.93
-18914.2
-10297.5
-17966
-11620.9
6357.28
18878.8
7822.72
19666
9969.39
19030.3
11495.6
-7502.21
-18526.7
-8646.39
-18911.2
-10297.2
-17965.5
-11621.2
15446.5
15058.3
14198.4
12724.3
10336.1
5016.41
7434.28
2949.75
995.35
-15025.4
-14591.3
-13676.1
-12204.8
-9936.6
-4914.92
-7219.06
-2903.06
-970.298
15396.7
15057.9
14199.6
12724.4
10336.3
5016.62
7434.53
2949.89
995.392
-14982.4
-14592.6
-13678.4
-12205.6
-9937.09
-4915.2
-7219.45
-2903.24
-970.363
3323.1
3221.91
3019.87
2688.41
2175.87
1097.37
1598.88
651.462
220.493
-3200
-3097.41
-2896.63
-2577.28
-2093.69
-1072.92
-1551.14
-639.547
-213.864
3307.87
3221.3
3020.08
2688.39
2175.87
1097.41
1598.91
651.489
220.501
-3185.84
-3097.09
-2897.03
-2577.41
-2093.77
-1072.98
-1551.21
-639.583
-213.877
753.837
728.983
681.234
605.258
490.738
251.91
364.039
150.242
50.961
-723.255
-699.031
-652.987
-580.836
-472.897
-246.094
-353.264
-147.27
-49.2481
750.203
728.747
681.233
605.23
490.727
251.917
364.042
150.247
50.9626
-719.816
-698.847
-653.026
-580.838
-472.905
-246.105
-353.276
-147.278
-49.2511
169.493
163.67
152.77
135.69
110.236
57.117
82.1364
34.2074
11.6381
-162.413
-156.847
-146.491
-130.377
-106.378
-55.7934
-79.7608
-33.5079
-11.2232
168.669
163.601
152.76
135.677
110.23
57.1178
82.1356
34.2082
11.6384
-161.627
-156.788
-146.489
-130.372
-106.377
-55.7954
-79.7623
-33.5094
-11.2238
43.1629
41.7735
39.0387
34.7012
28.2389
14.7553
21.1223
8.86893
3.02478
-41.3556
-40.0432
-37.4675
-33.3892
-27.2909
-14.419
-20.5321
-8.6864
-2.91403
42.9496
41.7525
39.0337
34.6965
28.2367
14.7553
21.1216
8.86906
3.02482
-41.1512
-40.0244
-37.4643
-33.3861
-27.2897
-14.4194
-20.5321
-8.6867
-2.91417
)
;
    }
}


// ************************************************************************* //
