/*--------------------------------*- C++ -*----------------------------------*\
  =========                 |
  \\      /  F ield         | OpenFOAM: The Open Source CFD Toolbox
   \\    /   O peration     | Website:  https://openfoam.org
    \\  /    A nd           | Version:  11
     \\/     M anipulation  |
\*---------------------------------------------------------------------------*/
FoamFile
{
    format      ascii;
    class       volScalarField;
    location    "3";
    object      gradTy;
}
// * * * * * * * * * * * * * * * * * * * * * * * * * * * * * * * * * * * * * //

dimensions      [0 -1 0 1 0 0 0];

internalField   nonuniform List<scalar> 
5712
(
11352.6
6545.34
18428.3
12065.4
20087.2
14859.1
31562.6
39051.6
41461.8
50672.6
26802.1
23269.1
17033
13483.8
8544.29
5776.88
19125.5
19638.6
16441.8
19358.8
25825.8
23150
29725
24140.5
8040.11
5819.29
4508.93
3346.95
9645.37
7871.5
5832.29
4700.97
17387.5
18118.9
17826.2
15163.6
13983.1
10851.6
10893.7
12354.6
17576.4
17469.4
36740.3
37964.9
26120.6
26875.7
14807.8
12490.5
16189.3
11556
7531.21
7714.22
6101.63
8341.18
3187.09
3786.63
8379.72
11243.8
4973.34
5746.92
9334.18
15348.8
6447.8
10437.5
2467.91
6228.25
2052
4658.94
17380
21447.3
17845.5
21303.1
21288.1
21546.7
21587.4
21211
15132.1
20470.2
15631.2
20254
17537.2
21124.9
17508.5
21058.4
21710.8
20902.6
21608.2
20684.4
13954.6
20538.2
13457.5
20602.1
16872.2
19620.6
21318.5
29479.6
17850.8
22525.7
21108.7
31849.1
16009.3
17334.1
21420.1
28428.9
15844.6
16251.6
21659.4
28256.9
4851.16
6279.33
12317
21214.4
6072.33
6851.91
15989.8
24343.4
7650.59
7710.42
20454.1
27523.9
23893.8
25866.5
20014.8
19141.7
27220.4
26120.5
24513.4
20467.9
17616.5
30908.2
23757.6
23320.1
20611.8
20216.8
35636.2
1909.14
2280.87
4035.66
8947.23
2727.82
3056.71
5652.3
10179.1
4117.78
3477.42
7780.31
11882.1
26043.3
26055.6
23361.7
23287.5
19785.2
18408.8
14887.6
13301.3
10335
14123.8
23622.5
23081
23662.6
23523.3
20400.5
19300.7
16706.8
15066.6
11063.4
14387.7
23321.3
26353
23216
26940.2
22672.4
23618.2
22085.5
23703.7
21044.1
21448
20884.5
20850.5
23015.9
27030
22892.2
26983.8
21413.1
23953.2
21216.9
23875.1
21125.1
21401.4
21109
21380.5
17595.1
16742.4
11303.6
12512.5
17456.6
16277.5
11114.8
12486.4
17855.6
16711.1
11560.3
12600.5
17930.9
16549
11925.1
12625.8
1591.46
1113.16
791.278
944.017
675.801
635.042
2199.78
1377.25
1068.47
1881.65
1550.33
1364.09
2615.85
2277.1
2326.26
3329.94
2791.4
2541.05
25358.2
23372
21905.6
23185.3
21902.7
20782.1
16553
15665.2
15186.6
11107.2
9880.73
9374.81
5059.26
3850.08
3314.27
22827.8
21598
20425.9
23242.1
21644.3
20305.1
17082.3
15048.8
13873
11059.5
9110.78
8323.35
5393.11
3843.61
3137.34
26300.1
25876.5
28546.2
25737.3
29388.7
25777.5
35361.8
27044.8
20436.5
20866.1
20138
18735.7
22943.8
21715.9
22455.4
19228
22189.7
22130.7
20535
22099.1
27544.9
24571.4
27038.9
27414
29290.5
30251.7
22475.6
23304.9
20193.5
19590.1
24546.9
25142.2
16081.4
8401.17
14945.4
9338.3
16312.5
8471.76
14876.6
9261.84
16136.1
8523.22
14876.4
9673.13
14435.2
10135.4
14591.6
10048.3
20812.8
17920.9
20587.6
17833.8
22929.7
20816.1
23053.4
20544.2
20182.9
14920.7
21173.2
14779.3
20974.5
17711.3
21205.8
17497.8
23575.4
20333.8
23558
20056
19915.1
14934
19822.4
14832.9
13183.8
8540.13
11757
7155.89
12333.1
7617.13
11328.8
6650.63
13474.3
9100.98
11925.8
7385.55
13472.7
9453.68
11884.6
7435.74
2433.65
1211.29
4257.62
1972.19
2612.95
1534.11
4551.13
2477.8
3263.81
2414.28
5090.82
3457.11
13074.8
20209.9
9355.54
8928.64
5987.76
19886.8
13911.6
8101.93
8123.37
4833.08
20572.8
16282.6
12969.1
10011
5761.66
592.461
446.905
854.258
494.463
928.057
628.575
1480.55
1102.9
1741.55
1418.1
2458.7
1937.94
20371.6
20071.4
13928.1
13683.1
9066.46
9471.48
7598.22
7288.93
4054.49
3295.07
19017.4
17612
14875.1
13399.8
11645.8
10706.7
8778.78
8279.38
5070.36
5332.7
15149.5
12624.9
15188.3
12249.5
18036.7
15254.9
17926.1
14939.4
12826.6
10781.9
12475.6
10880.6
15156.8
12014.3
15052.7
11983.8
17820.2
15164.3
17632.5
15100.5
13037.7
10579.4
13011.2
10722.7
9941.02
8776.59
6136.73
6922.39
9597.99
8625.72
5821.91
6579.81
10367.2
8945.15
6300.21
7375.22
10631.6
8956.34
6575.86
7491.46
2135.53
1899.7
1579.12
9596.89
5069.09
4133.48
2044.58
2051.73
1831.02
10281.4
5938.73
5032.65
2777.82
3165.27
3263.96
11168.7
7354.82
6567.98
19373.9
18522.7
17819.7
13560.9
13485.7
13385.2
10126.2
10270.9
10385.2
8970.44
8866.09
8729.54
12531.7
9013.13
8185.42
16451.6
15567.8
14909.7
12582.5
12060.4
11728.1
10768.4
10289
9963.16
10713.8
9712.49
9079.31
15176.5
10148.4
9179.63
4376.68
2717.73
2073.72
2015.89
5031.51
3015.05
2212.24
2064.74
4387.91
2704.45
2075.9
2033.1
5146.56
3081.05
2252.57
2079.49
4345.71
2648.76
2054.08
2000.18
5244.44
3111.5
2279.52
2046.59
5694.98
3332.8
2367.1
2173.12
5882.16
3481.49
2465.12
2276.23
4663.77
2842.99
2134.25
2014.24
3549.94
2350.9
1897.14
1935.79
3966.47
2499.3
1950.19
1844.48
3179.39
2175.03
1804.16
1846.2
5125.22
3099.91
2268.58
2129
3766.89
2478.96
1958.26
2008.52
5381.53
3271.03
2360
2203.71
3854.6
2568.22
2004.92
2042.39
3081.26
2219.97
1837.15
1897.35
1599.87
1609.01
1545.08
1774.87
3071.5
2195.52
1827.92
1890
1697.19
1634.69
1554.98
1785.22
3134.45
2176.3
1821.62
1888.53
2028.5
1730.89
1591.64
1833.22
3032.3
2077.93
1760.51
1917.32
2304.22
1791.11
1631.53
1810.76
2677.57
1967.49
1694.67
1812.2
3.22273
1101.31
1157.08
344.092
-1903.02
807.693
984.865
377.023
265.787
1186.02
1187.72
365.736
-1552.45
904.222
1012.99
386.305
753.893
1334.87
1240.32
365.871
-968.241
1065.24
1057.86
392.841
1338.78
1506.66
1304.19
400.676
-370.141
1238.25
1116.54
412.188
1696.43
1655.99
1381.25
477.345
-278.646
1359.61
1170.03
428.947
1822.35
1807.75
1423.95
449.678
-758.707
1464.49
1263.39
457.406
1773.21
1740.49
1393.04
450.169
-775.067
1415.05
1217.77
440.831
1822.42
1855.22
1457.66
415.804
-855.149
1508.6
1298.89
461.623
1872.94
1908.11
1506.62
428.216
-746.6
1563.41
1340.92
475.42
2055.56
1661.62
1198.44
720.293
240.056
2031.53
1658.3
1199.31
721.202
240.374
2080.43
1674.15
1204.81
723.35
240.963
2060.65
1674.37
1207.88
725.405
241.634
2125.57
1692.07
1213.11
727.227
242.105
2095.72
1693.78
1218.04
730.389
243.139
2131.25
1716.45
1231.56
737.396
245.3
2182.92
1749.4
1251.03
747.465
248.404
2173.71
1713.96
1225.16
733.293
243.96
2322.6
1740.89
1233
736.308
244.802
2182.48
1708.18
1219.28
729.901
242.872
2318.2
1731
1226.52
732.877
243.726
2195.82
1734.03
1237.32
739.634
245.926
2365.52
1760.32
1244.07
742.031
246.578
2245.09
1765.91
1255.62
749.025
248.822
2417.71
1788.69
1259.92
750.15
249.093
2113.32
1669.68
1198.34
719.556
239.778
2223.8
1678.66
1198.56
719.132
239.611
2136.34
1679.54
1203.07
721.773
240.425
2241.98
1686.06
1202.16
720.835
240.112
2182.64
1696.07
1210.55
725.259
241.443
2281.97
1699.53
1208.61
723.9
241.01
2260.16
1715.24
1218.14
728.675
242.432
2329.75
1714.11
1216.02
727.457
242.041
2334.42
1725.19
1222.47
730.716
243.037
8792.48
13435.9
9276.13
13769.2
10004.6
14226.7
10552.3
14572
10234.4
14136.5
9641.31
10833.6
9596.4
11253.2
9728.99
10795.6
9915.76
10954.9
7743.24
1321.94
281.347
62.8459
11.0918
8597.96
2441.56
590.862
133.549
23.5642
7856.36
1316.23
277.945
61.8265
10.8801
8713.11
2440.12
587.926
132.206
23.1215
7991.72
1319.4
276.025
61.096
10.725
8839.52
2446.03
585.709
131.146
22.894
7997.26
1291.21
267.513
59.0275
10.3512
8815.02
2414.44
575.651
128.608
22.4199
7665.76
1206.52
249.335
55.1601
9.69187
8425.65
2310.99
552.554
123.756
21.6011
6947.09
1137.17
242.637
54.54
9.65405
7104.59
2041.84
500.828
113.968
20.0751
7144.55
1150.47
242.545
54.1761
9.55882
7463.78
2140.67
520.475
117.514
20.5924
6881.67
1137.59
243.924
54.9699
9.74027
7001.16
2001.61
491.535
112.22
19.8231
6872.4
1131.68
242.534
54.6905
9.68366
7029.45
1996.18
489.09
111.949
19.7455
32517.3
45974.1
44950.1
31583.7
18670.8
19625.5
27538.7
28712.1
21487.9
24038.5
34125
46433.6
43087
56969.4
28161.9
32049.1
22142.7
23618.2
12030.4
13176.4
4954.8
3331.92
1000.86
797.544
888.808
790.725
938.938
4914.54
4934.61
3022.93
4272.29
4151.42
1848.08
2500.49
2306.82
1556.27
1779.73
1481.12
4413.75
2489.08
1664.55
1484.4
1840.86
1611.58
1292.07
1236.95
1180.26
1049.12
1380.88
1255.45
4582.61
2850.05
3248.76
2133.29
1792.8
2454.92
1319.83
1069.89
1439.25
10170.2
10464.5
10910.3
12562.8
21349.2
7455.21
8719.51
9743.16
11171.9
13217
2642.06
3798.17
4696.38
5320.35
5646.9
2119.15
3074.02
3825.51
4345.37
4612.61
2358.29
3412.25
4234
4796.53
5083.12
2102.42
3051.91
3798.36
4312.45
4575.13
2486.48
3588.61
4446.03
5035.37
5338.02
10425.7
10926.1
11017.7
11979.8
19324
10435.5
10748.7
10644.7
11126.3
12896.4
7009.33
8445.38
9285.69
10096.5
11017.2
9325.01
9954.48
9879.74
9963.36
10314.8
9048.83
9731.12
9605.05
9497.23
9576.36
4637.6
6202.37
7244.3
7939.45
8333.74
5991.15
7517.8
8398.46
9012
9444.11
5593.49
7115.74
7973.36
8481.49
8757.22
3987.7
5485.6
6531.7
7215.94
7572.09
4482.37
6015.46
7019.53
7651.26
7976.91
3816.38
5288.01
6324.29
6994.55
7333.57
9551.79
10364.4
10768.2
12006.2
19598
5973.08
7569.19
8650.08
9625.61
10580.9
4239.22
5792.15
6887.44
7645.25
8081.11
3822.48
5307.96
6396.67
7160.24
7592.83
4623.9
6217.29
7350.43
8205.32
8785.53
4119.36
5672.31
6820.04
7668.04
8189.09
3363.25
4746.58
5801.99
6556.65
6979.29
3234.59
4587.34
5612.26
6322.49
6701.07
3097.09
4407.5
5390.82
6049.66
6384.33
2767.65
3970.67
4891.91
5517.54
5836.92
3581.6
5015.16
6061.39
6764.1
7132.44
3279.24
4640.3
5660.18
6356.31
6722.12
9650.92
10229.9
10721.2
12247.5
20531.2
6589.32
8032.87
9143.9
10442.6
12036.4
7618.86
9092.97
9989.48
11333.7
14026
5246.99
6901.99
8136.51
9229.97
10139.7
4525.41
6139.87
7339.23
8286.73
8936.5
5902.54
7524.41
8679.42
9779.36
10874.2
3432.8
4836.41
5897.84
6648.5
7064.63
2818.02
4036.08
4971
5612.89
5945.83
3717
5185.4
6277.69
7053.71
7495.54
17803.3
11804.5
18355.8
13086.3
23826.8
33905.2
24876
33719.1
18895.1
20033.5
16188.4
19321.8
21519.9
20520.8
27295.6
22458
13684.3
12725.5
6703.13
5693.83
14928.6
13584.7
7706.83
6265.83
18438.7
19958.4
18945.2
17327.5
19260.9
12690.8
10674.7
12308.8
17448.1
17424.9
36155
37828.6
25362.6
26665
15349.6
12603.1
16805.3
11659.9
8135.88
7858.72
13313.2
14685.3
5574.95
6062.68
14673.9
16678.3
6963.81
7666.49
14037.1
19515.5
8157.08
12524.7
2859.93
6943.46
2129.77
4798.5
17660
20231.4
17591.9
20589.2
19347.2
19666.3
20345.3
20151.7
15993.1
20260.1
18135.2
19974.1
17301.2
20741.3
17419.6
20934
21066.8
20358.2
21417.3
20515.3
14189.3
20399
13487.6
20549.7
17711.7
20854.9
21530.1
29851
19279.1
24643
21580.9
32649.3
16384.9
17919.5
21492.1
28586.5
15939.3
16412.5
21669.8
28297.5
18243.4
19725.7
22785.9
33712
18388.7
18844.4
24407.3
34182.3
18173.4
17881.3
26305.5
33979.5
17879.1
18837.8
18992.8
20085.4
29968.9
18130.1
16858.6
20301
18399
34201.1
18911.9
19632.2
19365.8
20844.6
37057.6
11091.6
10191.6
10192.9
13103.9
12135.9
11167.1
10570.2
13484.2
13346.3
11631.1
11071.9
13810.5
17643.4
17074.8
16474.8
16117.1
18887.9
17764.7
15536.5
14048.7
11612.2
14432.5
18637.6
18542.2
19643.2
19868.8
18739.4
17709.2
16902.5
15052.6
11451.1
13981.5
21364.8
24111.6
22213.5
25729.1
20300.5
21284.5
20931.5
22543.8
20482.9
20734.4
19934.9
19703.4
22521.3
26437.8
22741.2
26806.4
20868.9
23387.3
21054.8
23709.2
20818.5
21032.2
21011.5
21269
17435.3
16453.4
11325
12431.3
17329.1
15950.3
11276.4
12438.8
17738.9
16537.9
11545.4
12538.4
17888.7
16492.7
11914.9
12601.6
9362.58
9503.93
4006.37
3699.21
10445.2
10120.1
4490.23
4305.26
10190.5
9578.08
5120.47
4953.03
16933.4
16504.3
16409.3
16537.7
16263.4
15829.2
12164.2
10937.5
6031.22
5002.06
18979.9
18302.8
20126.6
19428.3
15878.1
14798.2
11346.7
9808.97
5555.3
4211.99
21549.6
20568.1
26306.4
23074.6
23921.7
21403.9
32615.2
24708
19694.8
16255.8
21390.5
17006.9
19595.4
16552.4
21487.2
17235.6
20045.9
17847.2
18234.9
17045.6
20752.6
21906.5
25689.3
27001
28139.4
29914.5
21122.2
22823.6
19162.1
19294.7
23023.2
24628.7
13216.7
9597.03
13609.3
9821.09
13506.3
9505.81
13787.3
9663.35
13490.4
9365.9
13785.7
9859.48
13809.3
10166.8
14389.7
10051.7
16966.2
16578.2
18663.1
17002.2
19397.3
18662.3
21164
19339
18380.1
14607.1
17546.4
14474.6
20015.1
17267.6
20919.6
17362.8
22647.6
19723.1
23287.6
19870.7
19022.2
14737
19562.5
14771.3
12773
8947.78
11956.8
7523.55
12275.5
8675.27
11925.8
7439.79
13154
9249.51
11986.3
7555.31
13359.2
9488.35
11899.4
7491.08
12810.9
13178.7
8981.77
8224.14
12979.3
13306.8
8833.79
8152.64
12980.6
12785.7
8601.47
8057.15
15117.2
17762.2
15944
11826.6
8359.23
16511.9
15537.1
17434.5
11952.6
8061.01
18201.7
16238.3
14475.9
12101.7
7365.78
14058.7
15639.2
8269.65
9160.35
13889.2
15164.5
8181.24
9008.34
12925.6
13738.6
7781.89
8056.7
16425.9
15720
14969.9
14610.3
15647.6
16383.2
12234.1
13357.6
7518.24
7455.37
16637.8
15428.3
15131.6
14068.9
13714.2
13425.4
11570.5
11919.9
6874.92
7689.28
14800
12946.6
14856.7
12347.6
16584.5
14274.6
17094
14431.7
12978.7
11337.7
13072.3
12144.8
14949.8
12055.5
14988.2
11994.7
17402.2
14915
17507.4
15029.2
13048.7
10820.9
13000.5
10783.6
10435.9
9575.07
6616.35
7656.28
10733
10296.3
6777.95
8063.13
10563
9301.89
6521.25
7769.9
10687.3
9061.19
6651.52
7616.16
19191.2
19200.4
27238
22684.5
18313.6
18489.5
26075.6
21645.8
16014.2
16827.4
23875
20093.7
15388.4
14974.7
14381.2
14314.6
16878.6
17513.6
15960
16086
21882.2
18423.5
14617.6
14044.1
13686.8
13660.5
14235.2
14748.4
15593.9
15351.8
21533.7
17015
5858.63
3719.34
2694.75
2473.87
6131.17
3875.29
2788.39
2494.32
5729.3
3634.82
2641.93
2450.15
6064.78
3825.67
2748.65
2451.05
5490.12
3465.89
2544.12
2359.84
5956.13
3710.24
2692.4
2356.91
6110.5
3709.04
2650.69
2397.73
6021.16
3612.16
2560.47
2354.32
5260.58
3312.21
2471.94
2290.43
3943
2680.76
2130.25
2142.11
4904.88
3166.38
2384.29
2176.74
3823.95
2685.72
2111.17
2087.84
5454.81
3379.7
2481.74
2307.17
3978.35
2664.11
2105.87
2150.76
5483.37
3364.72
2433.59
2266.31
3921.03
2628.39
2055.58
2091.31
5284.78
3422.17
2513.93
2384.38
4308.74
2981.96
2276.05
2292.17
5111.73
3333.51
2460.52
2343.31
4189.03
2932.83
2249.7
2280.19
4867.42
3189.84
2385.92
2297.54
4102.14
2870.57
2215.22
2278.88
4356.91
2926.45
2240.75
2272.98
3910.72
2764.32
2153.84
2166.5
3636.76
2660.6
2073.95
2079.04
2840.87
2533.58
1831.6
499.04
536.742
2240.51
1669.6
572.674
2890.79
2534.23
1828.82
516.742
739.839
2247.96
1666.14
574.43
2976.99
2516.87
1806.51
488.782
1021.49
2240.21
1643.08
559.907
2950.72
2463.55
1802.67
516.065
1077
2194.81
1620.47
558.168
2665.46
2348.94
1783.17
593.033
497.592
2075.7
1580.24
553.317
2106.72
2096.54
1674.42
544.116
-646.992
1769.6
1481.88
534.068
2306.17
2204.01
1728.1
559.023
-452.371
1900.65
1526.11
540.056
1961.12
2012.32
1611.04
477.178
-826.433
1673.57
1427.61
509.177
1912.05
1958.01
1557.44
449.144
-745.328
1614.85
1382.66
491.165
2427.93
1892.1
1330.48
787.377
260.521
2371.36
1877.1
1326.17
785.896
260.129
2426.6
1884.54
1325.17
784.489
259.614
2360.86
1865.55
1318.6
781.863
258.876
2441.96
1877.9
1318.9
780.911
258.48
2349.1
1852.35
1309.67
777.096
257.403
2305.88
1826.59
1295.45
770.018
255.269
2247.14
1790.95
1275.25
759.86
252.199
2406.82
1857.46
1307.1
774.93
256.666
2545.54
1868.79
1305.04
772.793
255.929
2479.2
1878.52
1315.48
778.636
257.732
2605.99
1884.56
1312.38
776.28
256.954
2349.91
1832.59
1293.99
768.492
254.739
2509.92
1847.09
1293.28
767.016
254.206
2298.51
1800.08
1275.36
759.11
251.911
2467.33
1818.93
1277.14
758.93
251.787
2536.19
1913.84
1335.57
788.908
260.905
2714.89
1933.36
1339.11
789.88
261.144
2541.08
1909.08
1331.84
786.826
260.242
2716.3
1929.16
1336.16
788.274
260.638
2560.32
1902.53
1325.93
783.524
259.193
2723.62
1920.99
1330.55
785.28
259.695
2615.44
1899.76
1320.62
780.383
258.183
2734.63
1909.21
1323.63
781.677
258.552
2674.43
1895.32
1317
778.429
257.573
10999.8
14456.3
11065.5
14474
11207.7
14493.5
11046.7
14340.3
10353.5
13664.4
9650.42
10792.3
9660.15
11190.9
9722.39
10765.3
9911.35
10943.4
8426.83
1399.14
293.254
64.9816
11.4195
9073.49
2559.59
614.766
138.111
24.2719
8397.87
1377.24
287.563
63.5964
11.1566
9040.96
2529.79
607.032
135.967
23.7132
8303.18
1354.7
282.001
62.2807
10.9193
8950.08
2493.66
597.584
133.702
23.3174
8086.32
1301.89
269.856
59.5968
10.4553
8740.47
2423.77
580.525
129.935
22.6648
7647.3
1204.19
249.393
55.2789
9.72349
8288.16
2301.05
553.031
124.191
21.7048
6932.94
1134.32
242.054
54.4346
9.63984
7079.36
2035.06
499.471
113.745
20.0481
7131.23
1147.03
241.942
54.1002
9.55353
7419.8
2131.26
519.23
117.43
20.6007
6870.79
1135.68
243.528
54.8915
9.72848
6985.03
1997.35
490.588
112.038
19.7966
6868.3
1130.99
242.391
54.6614
9.67911
7023.59
1994.72
488.758
111.881
19.7352
32063.1
45661.8
43876.5
30224.1
23664.1
28111.9
22894.9
28010
26459.2
41816.2
28022.7
42798.2
303.77
321.713
361.698
426.191
519.434
646.217
318.934
337.287
378.008
443.079
535.284
657.802
292.284
286.611
311.403
307.69
354.126
354.955
423.566
433.141
522.803
543.711
651.297
675.639
811.914
1022.06
1293.09
1650.63
2061.83
2357.32
813.594
1004.42
1231.26
1484.82
1726.78
1883.52
813.449
1193.79
1500.7
1715.92
1826.79
861.284
1263.51
1587.79
1815
1931.98
967.894
1418.9
1781.86
2035.82
2166.47
1139.6
1668.64
2093.21
2389.68
2542.05
1387.14
2027.19
2538.66
2894.93
3077.9
1721.97
2508.54
3133.23
3567.31
3790.44
853.911
1252.87
1574.64
1800.18
1916.32
902.781
1323.96
1663.28
1900.9
2023.2
1011.21
1481.69
1859.95
2124.45
2260.5
1184.18
1732.69
2172.31
2479.14
2636.86
1428.49
2085.63
2610.01
2975.28
3163.05
1751.39
2548.6
3181.05
3621.08
3847.83
782.747
1148.88
1444.46
1651.79
1758.6
767.568
1126.66
1416.61
1620.02
1724.82
833.768
1223.35
1537.58
1757.82
1871.23
823.843
1208.85
1519.45
1737.18
1849.29
947.763
1389.7
1745.54
1994.6
2122.73
949.995
1393.02
1749.77
1999.47
2127.92
1132.79
1659.13
2081.74
2376.89
2528.56
1158.36
1696.5
2128.5
2430.11
2585.04
1396.48
2041.5
2557.11
2916.11
3100.32
1452.14
2122.38
2657.69
3030.02
3220.9
1736.24
2530.6
3161.44
3599.05
3823.41
1800.96
2624.3
3277.16
3729.03
3960.19
2155.26
3122.91
3884.79
4414.18
4688.07
2694.97
3869.81
4784.82
5425.86
5765.06
3369.07
4763.42
5835.55
6607.99
7041.72
4210.81
5799.14
7006.3
7938.74
8536.6
5102.31
6770.6
8032.78
9126.37
9980.6
5714.52
7393.83
8669.16
9874.39
10934.8
2158.35
3125.03
3886.27
4416.66
4692.11
2649.77
3807.88
4711.96
5346.55
5682.32
3221.24
4579.05
5629.05
6379.66
6792.07
3840.12
5379.5
6559.58
7432.12
7942.99
4408.2
6076.31
7347.67
8330.22
8952.61
4767.93
6504.84
7827.03
8882.19
9585.91
306.838
331.023
377.695
449.567
551.07
687.053
322.063
346.766
394.173
466.384
566.09
695.99
295.401
289.85
320.919
317.62
370.603
372.271
447.952
459.085
556.152
578.862
695.881
723.768
861.206
1075.56
1343.58
1688.16
2081.52
2362.82
857.697
1050.93
1274.83
1519.36
1748.13
1890.6
821.69
1205.97
1516.15
1733.71
1845.79
886.356
1300.65
1634.94
1869.34
1990.09
1011.03
1482.93
1863.32
2129.88
2267.15
1202.77
1762.78
2213.42
2528.92
2691.36
1472.98
2155.89
2704.06
3087.46
3284.92
1833.45
2677.32
3352.19
3824.11
4067.71
862.332
1265.34
1590.49
1818.46
1935.87
928.339
1361.89
1711.52
1956.6
2082.82
1054.85
1546.61
1942.71
2220.18
2363.06
1247.24
1826.86
2292.82
2618.95
2786.92
1512.15
2211.27
2771.73
3163.78
3365.89
1855.66
2706.5
3385.97
3861.49
4107.47
791.122
1161.25
1460.13
1669.81
1777.85
776.27
1139.51
1432.87
1638.72
1744.78
859.374
1261.24
1585.62
1813.13
1930.34
850.555
1248.35
1569.51
1794.78
1910.84
992.16
1455.53
1829.2
2091.1
2225.99
996.644
1462.18
1837.63
2100.8
2236.32
1198.67
1757.22
2206.91
2521.78
2683.86
1228.47
1800.95
2261.86
2584.55
2750.63
1486.99
2177.29
2731.69
3119.4
3318.95
1547.72
2266.22
2843.18
3246.52
3454.05
1858.09
2715.42
3401.63
3881.1
4128.14
1932.87
2825.23
3539.39
4037.98
4294.59
2291.17
3331.83
4159.78
4740.3
5042.36
2844.91
4105.8
5102.07
5808.19
6184.16
3514.91
5002.22
6167.23
7017.49
7497.02
4326.11
6001.05
7300.36
8314.78
8964.6
5170.3
6901.21
8232.45
9391.41
10291.9
5736
7438.32
8739.37
9969.92
11049.4
2279.71
3311.03
4130.46
4705.72
5005.85
2779.22
4009.67
4981.04
5668.93
6034.61
3344.65
4776.08
5897.28
6706.17
7152.2
3940.49
5544.93
6790.55
7718.76
8263.02
4472.27
6185.61
7503.96
8527.82
9176.18
4789.7
6542.85
7882.19
8952.74
9666.44
4935.13
3330.37
1064.27
852.695
962.594
851.764
1008.68
4560.43
4425.03
2942.25
3694.93
1898.44
2452.88
1628
1787.54
1536.84
4254.51
2501.03
1736.73
1562.08
1902.23
1677.74
1354.62
1313.33
1274.35
1138.12
1466.18
1339.39
4524.9
2854.81
3212.7
2164.09
1844.65
2474.01
1390.21
1146.18
1513.27
10166.6
10518.6
11016.9
12738.8
21676
7469.07
8769.11
9832.71
11305.6
13393
2820.67
4081.29
5079.27
5783.54
6155.48
2271.5
3308.87
4135.43
4713.58
5012.93
2563.96
3733.61
4663.51
5311.79
5646.29
2271.19
3312.48
4142.75
4722.09
5020.79
2682.11
3896.91
4860.88
5535.18
5885.41
10169.3
11543.3
12477
14249.4
22940.3
10085.5
11691.6
12837.8
14429.7
17073
7083.39
9090.03
10607.5
12040.4
13382.9
8931.78
10974
12215.8
13498.4
14605.2
4887.94
6808.04
8265.47
9330.74
9947.75
6123.87
8201.04
9736.47
10939.2
11730.3
4254.77
6039.22
7412.27
8384.33
8911.55
4643.71
6538.54
7981.5
9008.1
9573.09
4035.42
5762.22
7097.14
8033.27
8530.92
9443.22
10740.3
11682.8
13453.3
22022.4
6138.32
8076.1
9567.54
10928.9
12154.2
4501.39
6326.01
7730.37
8761.69
9362.36
4072.21
5767.62
7085.94
8049.72
8602.22
4857.14
6706.99
8135.15
9256.71
10005.8
4334.01
6070.85
7421.67
8449.83
9081.8
3547.44
5055.46
6238.68
7101.79
7588.59
3459.96
4966.47
6149.2
6992.18
7447.89
3374.07
4872.55
6049.11
6870.7
7299.76
3021.06
4378.42
5450.47
6199.3
6588.83
3853.09
5510.36
6799.72
7712.11
8203.54
3531.07
5072.07
6279.48
7134.19
7592.14
9640.97
10399.1
11059.8
12795.2
21543.9
6643.52
8184.74
9407.1
10822.4
12518.7
7660.54
9395.08
10597
12260.4
15289.1
5366.61
7153.65
8540.6
9780.35
10794
4699.94
6474.09
7853.12
8964.6
9720.16
6044.32
7916.99
9376.98
10772.1
12081.9
3643.19
5195.63
6412.04
7294.85
7789.01
3036.87
4391.45
5460.94
6213.06
6608.79
3947.34
5596.1
6882.39
7826.72
8369.28
10508.3
9870.73
8766.87
7250.01
5231.13
2038.85
18151.8
18502.9
21044.4
21684.2
17848.6
18972.1
20167.5
19593.5
14857.8
18159.3
15516.1
18723.9
17820.1
16091
24751.5
17492.4
17710
19911.9
20321.5
16939.3
18044.8
19328.6
18942.7
14814.9
21929
15392.6
21858.3
18008.3
19520
26567.1
16770.8
16865.6
18486.3
18663.1
16289.3
17776.2
18219
18308.1
17017.1
19476.6
17772.1
19513.5
19580.1
21489
23999.2
16111
16224.1
17236.1
17262.1
15948
17669
17131.8
17484.9
16017.7
17104.6
16749.5
16705.5
17988.5
19433
20857.3
15411.5
15557
16411.2
16357.2
15730.4
17608.9
16447.8
16981.9
15231.4
14207.3
15991.2
13679.7
16629.2
16510.8
17348.8
15123.2
15309.2
15876.5
15792.2
15417.1
16988.5
16021
16475.8
14598.2
12290.8
15175.1
12076.2
15545
14622.3
15795.9
21036.3
20257.6
22026.8
23101.1
19589.3
19630.7
20579.8
19714
18645.8
13815.7
18635.5
13915
16572.2
15102.7
18097.9
19925.1
19369.9
20423.6
21121.2
18989.3
19187.8
19475.8
18753.9
17397.5
13450.5
17411.1
13564.6
15291.9
13653.6
16852.1
18493.3
18176.3
18525
18851.6
17978
18187
18069.7
17651.8
16660.3
13350.5
16486.2
13104
14812.9
12565.4
16744.2
17201.4
17031.8
17129.7
17264
16914.6
17066.3
16994.9
16673.5
15945
14040.5
15861.7
13728.9
14428.1
12810.7
17366.4
16610.5
16506
16407.2
16459.4
16243.5
16387.4
16402.2
16215
15943
15397.2
15892.4
15265.1
14716
13505.8
18241.2
16190
16091.2
16016.4
16042.6
15868.4
16187.5
15983.3
15924.7
15986.3
16254.8
15996.1
16177.7
14943.2
14164.6
19128.8
11166.9
6335.82
18421.3
12072.4
20107.9
14847
31589.8
39065
41510.9
50697
26850.1
23269.6
17040.3
13508.9
8287.27
5513.05
19128.5
19640.9
16440.6
19359.8
25838.5
23155.5
29733.2
24144.7
7875.1
5704.43
4357.14
3246.43
9618.85
7862.13
5830.92
4714.05
17383
18114.5
17824.8
15164.1
13979.1
10854.6
10894.7
12356.1
17577.9
17471
36747
37969.5
26123.9
26878
14808.6
12491.9
16190.7
11557.3
7532.32
7715.28
5992.9
8208.27
3101.94
3693.04
8381.33
11255.4
4987.03
5762.83
9335.29
15354.7
6453.7
10445
2469.23
6231.13
2052.46
4660.04
17381.1
21448.4
17846.9
21304.1
21290.8
21548.2
21589.7
21212.2
15133.9
20471.4
15631.4
20254.9
17538.4
21125.8
17509.5
21059.2
21712.6
20903.4
21609.3
20685
13955.9
20539.3
13458.5
20603.2
16874
19624.2
21320.2
29482
17852.3
22529.4
21110.3
31851.9
16011
17336.7
21421.7
28431.1
15846.3
16253.7
21660.9
28259
4771.71
6201.12
12149.4
21031.4
6077.63
6855.62
16004.5
24361
7652.96
7712.42
20460.7
27530.7
23893.9
25867.3
20014.5
19142.8
27224.2
26121
24513.3
20467
17617.1
30912.2
23758.5
23320.6
20612.4
20218.3
35639.5
1869.41
2250.01
3952.4
8859.6
2732.06
3060.73
5663.16
10188.2
4119.71
3478.56
7783.89
11884.3
26043.5
26055.6
23361.6
23287.5
19784.6
18408.5
14888.4
13302
10336.8
14125
23622.9
23081.1
23662.9
23523.5
20400.9
19301.1
16707.9
15067.4
11064.5
14388.6
23321.9
26353.2
23216.6
26940.5
22672.9
23618.3
22086
23703.8
21044.9
21448.6
20885.2
20851
23016.4
27030.2
22892.6
26983.9
21413.4
23953.2
21217.1
23875.1
21125.8
21401.8
21109.7
21381
17596.1
16743.1
11304.4
12513.1
17457.6
16278.2
11115.7
12487.1
17856.5
16711.8
11561
12601.1
17931.7
16549.6
11925.7
12626.4
1569.37
1095.77
776.803
939.312
670.292
628.495
2205.97
1380.6
1070.06
1887.62
1554.21
1366.46
2616.44
2277.87
2327.12
3330.99
2792.83
2542.47
25358.3
23372.3
21906
23185.5
21903.3
20782.8
16553.3
15665.9
15187.4
11107.9
9881.56
9375.74
5059.93
3850.86
3315.01
22827.9
21598.3
20426.3
23242.4
21644.8
20305.8
17082.8
15049.4
13873.7
11060.1
9111.41
8324.03
5393.59
3844.07
3137.75
26304.5
25877.8
28549.3
25738.5
29402.4
25782.9
35373.9
27049.6
20264.4
20814.2
19936
18673.3
22914.2
21688.6
22422.3
19201.3
22184.7
22126.5
20535
22097.5
27528.6
24556.9
27039.8
27414.3
29294.1
30253.7
22473.9
23304
20192.7
19589.2
24539.8
25138.9
16086
8406.73
14944
9345.75
16294.2
8467.01
14861.2
9258.27
16124.3
8518.76
14866.2
9668.57
14429.4
10131.9
14588.7
10046.1
20811.2
17920.6
20586.6
17833.5
22931.7
20817
23055.2
20544.8
20177.8
14919.5
21166.5
14777.8
20974
17711
21205.3
17497.4
23576.7
20334.1
23558.6
20056.1
19912.1
14933
19820.5
14832
13180.8
8537.78
11755.4
7154.69
12329.9
7614.81
11326.9
6649.3
13472.1
9099.01
11924.5
7384.53
13471.1
9452.2
11883.5
7434.89
2421.32
1195.52
4243.77
1954.04
2613.43
1535.19
4551.05
2478.64
3262.98
2414.17
5089.34
3456.53
13075.5
20211.1
9355.21
8927.2
5986.35
19887.7
13912
8101.87
8122.33
4832.17
20573.5
16282.6
12968.1
10009.5
5760.51
574.54
425.079
835.279
486.94
929.464
628.345
1480.73
1102.13
1741.86
1418.8
2458.65
1938.45
20371.9
20071.4
13928
13682.7
9066.15
9471
7597.62
7288.7
4054
3295.04
19017.8
17612
14875
13399.6
11645.2
10706.2
8777.96
8278.95
5069.63
5332.26
15149.2
12624.6
15188.1
12249.2
18037.1
15254.9
17926.4
14939.4
12825.9
10781.4
12474.8
10880
15156.6
12014
15052.4
11983.5
17820.3
15164.3
17632.5
15100.3
13037.1
10578.9
13010.6
10722.2
9940.15
8776
6135.99
6921.75
9597.04
8625.13
5821.11
6579.17
10366.5
8944.6
6299.57
7374.6
10630.9
8955.83
6575.28
7490.91
2097.93
1868.17
1553.85
9545.26
5023.02
4089.17
2041.42
2050.28
1831.04
10277
5938.51
5032.91
2778.58
3165.84
3264.41
11168.7
7355.44
6568.71
19373.8
18522.6
17819.7
13560.5
13485.3
13384.9
10125.6
10270.4
10384.7
8970.28
8865.89
8729.35
12531.3
9013.25
8185.68
16451.5
15567.7
14909.7
12582.3
12060.2
11727.9
10768.1
10288.7
9962.97
10713.5
9712.3
9079.2
15175.6
10148.2
9179.63
4377.37
2717.87
2073.92
2015.34
5030.41
3013.53
2211.57
2063.73
4386.76
2703.97
2075.56
2032.89
5145.95
3080.82
2252.38
2079.31
4344.47
2648.28
2053.77
1999.97
5243.21
3111.08
2279.26
2046.39
5693.74
3332.36
2366.85
2172.94
5881.21
3481.1
2464.9
2276.07
4662.77
2842.54
2133.99
2014.05
3549.29
2350.53
1896.91
1935.61
3965.51
2498.85
1949.92
1844.3
3178.71
2174.64
1803.92
1846.03
5124.28
3099.48
2268.33
2128.82
3766.29
2478.62
1958.04
2008.35
5380.76
3270.66
2359.79
2203.55
3854.08
2567.91
2004.73
2042.23
3080.82
2220.56
1837.9
1897
1598.07
1608.7
1545.65
1773.76
3070.68
2195.09
1827.59
1889.8
1696.5
1634.4
1554.73
1785.14
3133.6
2175.88
1821.33
1888.35
2027.88
1730.56
1591.4
1833.09
3031.53
2077.53
1760.24
1917.13
2303.59
1790.76
1631.3
1810.59
2676.93
1967.12
1694.43
1812
3.71901
1101.06
1157.89
344.132
-1900.59
806.376
984.584
376.869
265.132
1185.92
1187.54
365.729
-1553.25
904.333
1013.02
386.341
753.447
1334.64
1240.16
365.824
-968.552
1065.09
1057.77
392.82
1338.33
1506.37
1304
400.622
-370.377
1238.01
1116.39
412.143
1695.97
1655.66
1381.04
477.282
-278.858
1359.33
1169.85
428.891
1821.96
1807.44
1423.76
449.624
-758.842
1464.21
1263.21
457.349
1772.77
1740.17
1392.84
450.114
-775.224
1414.76
1217.59
440.773
1822.07
1854.94
1457.49
415.759
-855.256
1508.35
1298.72
461.57
1872.64
1907.87
1506.47
428.176
-746.695
1563.19
1340.77
475.373
2053.98
1660.86
1198.1
720.14
240.011
2029.77
1657.35
1198.85
720.99
240.31
2080.37
1674.06
1204.75
723.325
240.956
2060.55
1674.29
1207.83
725.386
241.632
2125.47
1691.99
1213.05
727.202
242.099
2095.6
1693.69
1217.99
730.366
243.136
2131.12
1716.36
1231.51
737.369
245.293
2182.79
1749.31
1250.97
747.437
248.397
2173.57
1713.87
1225.1
733.266
243.953
2322.43
1740.79
1232.94
736.28
244.794
2182.34
1708.09
1219.22
729.874
242.865
2318.03
1730.91
1226.46
732.849
243.718
2195.67
1733.94
1237.27
739.605
245.918
2365.36
1760.22
1244.02
742.001
246.569
2244.96
1765.82
1255.57
748.996
248.814
2417.55
1788.6
1259.86
750.121
249.084
2111.7
1669.03
1198.07
719.436
239.742
2222.24
1678.12
1198.33
719.039
239.588
2136.32
1679.46
1203.02
721.752
240.421
2241.99
1685.97
1202.11
720.82
240.114
2182.54
1695.99
1210.5
725.235
241.438
2281.88
1699.44
1208.56
723.879
241.008
2260.02
1715.15
1218.09
728.649
242.425
2329.61
1714.02
1215.97
727.432
242.035
2334.25
1725.1
1222.41
730.689
243.03
8744.55
13382.2
9278.34
13770.7
10006.1
14227.4
10553.2
14572.6
10235.1
14137
9641.88
10834.2
9597.02
11253.8
9729.53
10796.2
9916.32
10955.4
7732.18
1312.99
279.057
62.3217
10.9994
8582.55
2435.89
589.257
133.168
23.4949
7853.99
1316.79
278.05
61.8429
10.8822
8711.52
2439.52
587.721
132.148
23.1103
7991.17
1319.45
276.032
61.0942
10.7242
8839.1
2445.83
585.632
131.121
22.8888
7997.3
1291.22
267.511
59.0252
10.3505
8815.05
2414.39
575.625
128.598
22.4176
7666.02
1206.55
249.338
55.1599
9.69168
8425.87
2311.02
552.552
123.753
21.6002
6947.44
1137.22
242.648
54.5421
9.65438
7104.94
2041.94
500.847
113.972
20.0756
7144.87
1150.52
242.553
54.1774
9.55897
7464.1
2140.74
520.488
117.515
20.5925
6882.02
1137.64
243.936
54.9724
9.7407
7001.52
2001.71
491.558
112.225
19.8239
6872.77
1131.74
242.546
54.6932
9.68413
7029.82
1996.29
489.115
111.954
19.7465
32518.5
45978.9
44958.5
31586.1
18391.4
19285.1
27539.7
28704.1
21517.3
24065.9
34154.8
46460.2
43134.4
57008.7
28201.5
32088.3
22114
23582.4
11582.4
12668.4
4954.75
3331.86
1000.82
797.51
888.772
790.691
938.9
4914.53
4934.59
3022.89
4272.26
4151.41
1848.03
2500.45
2306.78
1556.22
1779.69
1481.08
4413.74
2489.03
1664.5
1484.35
1840.81
1611.54
1292.02
1236.91
1180.22
1049.08
1380.84
1255.41
4582.58
2850
3248.72
2133.24
1792.75
2454.88
1319.79
1069.85
1439.2
10170
10464.2
10909.8
12562.1
21347.9
7455.03
8719.21
9742.72
11171.3
13216.3
2641.95
3798.01
4696.16
5320.1
5646.62
2119.06
3073.88
3825.33
4345.16
4612.39
2358.2
3412.1
4233.81
4796.31
5082.88
2102.33
3051.77
3798.18
4312.24
4574.91
2486.37
3588.45
4445.83
5035.13
5337.77
10425.5
10925.8
11017.2
11979.1
19322.6
10435.3
10748.4
10644.3
11125.8
12895.7
7009.2
8445.14
9285.34
10096.1
11016.6
9324.9
9954.27
9879.46
9963.05
10314.4
9048.76
9730.96
9604.85
9497.03
9576.17
4637.47
6202.18
7244.03
7939.12
8333.37
5991.03
7517.59
8398.18
9011.65
9443.71
5593.38
7115.56
7973.12
8481.21
8756.93
3987.58
5485.42
6531.46
7215.65
7571.77
4482.25
6015.28
7019.29
7650.97
7976.6
3816.26
5287.83
6324.05
6994.27
7333.27
9551.67
10364.1
10767.7
12005.5
19596.6
5972.94
7568.94
8649.72
9625.12
10580.3
4239.1
5791.95
6887.16
7644.92
8080.73
3822.35
5307.76
6396.4
7159.9
7592.47
4623.76
6217.07
7350.12
8204.92
8785.08
4119.23
5672.09
6819.74
7667.66
8188.67
3363.12
4746.38
5801.73
6556.33
6978.93
3234.47
4587.15
5612.02
6322.19
6700.75
3096.98
4407.33
5390.6
6049.4
6384.04
2767.54
3970.51
4891.69
5517.29
5836.65
3581.48
5014.97
6061.15
6763.81
7132.12
3279.12
4640.11
5659.94
6356.02
6721.8
9650.76
10229.6
10720.7
12246.8
20529.8
6589.16
8032.58
9143.48
10442.1
12035.7
7618.72
9092.67
9989.02
11333
14025.1
5246.83
6901.73
8136.14
9229.48
10139.2
4525.27
6139.63
7338.9
8286.31
8936.01
5902.4
7524.15
8679.03
9778.85
10873.5
3432.68
4836.21
5897.57
6648.18
7064.28
2817.91
4035.91
4970.78
5612.63
5945.55
3716.87
5185.19
6277.42
7053.38
7495.17
17770.1
11731.3
18359.9
13108.7
23814.1
33869.2
24919.6
33787.9
18895.4
20033.4
16192.3
19322.5
21514.6
20518.5
27282.8
22454.9
13626.7
12664.5
6625.23
5615.22
14936.6
13591.2
7730.49
6293.88
18444
19960.4
18944.9
17328.4
19266.5
12704.8
10675.8
12310.1
17448.9
17426.3
36154.6
37831.4
25361.7
26666
15353.8
12605.2
16808.3
11661.6
8140.89
7860.59
13243
14594.4
5495.54
5974.86
14681.1
16692.8
6986.42
7688.03
14043.3
19523.6
8169.26
12536
2862.98
6947.86
2130.57
4799.9
17661
20231.9
17593.7
20589.8
19346.1
19665.8
20344.3
20151.4
15998.4
20261.7
18138.5
19975.6
17302.2
20742
17420.5
20934.7
21066.6
20358.3
21417.9
20515.6
14192
20400.4
13488.9
20550.9
17715.2
20860
21532.4
29854.2
19282.2
24648
21583.3
32653
16387.6
17923.1
21494.1
28589.1
15941.3
16415
21671.4
28299.8
18198.3
19707
22707.8
33647.6
18386.6
18836.1
24419.3
34196.4
18175.3
17880.9
26311.4
33984.6
17879.5
18836.9
18994.3
20087.4
29973.1
18129.3
16859
20301.6
18400.2
34205
18911.3
19632.5
19366.9
20846.6
37061.5
11097
10195.5
10172.9
13086.2
12130.2
11161.1
10577.3
13489.1
13345.2
11630.1
11073.4
13811.5
17643
17074.7
16475
16117
18887.6
17764
15537.1
14048.9
11613.3
14433.3
18637.2
18541.9
19643.3
19868.8
18740.1
17709.5
16903.6
15053.2
11452.2
13982.3
21365
24111.6
22213.8
25729.1
20300
21284.1
20931.2
22543.5
20483.7
20734.9
19935.7
19704
22521.6
26437.8
22741.5
26806.6
20868.8
23387.1
21054.8
23709
20819.2
21032.7
21012.1
21269.5
17436.4
16454.2
11325.9
12432
17330.3
15951.1
11277.4
12439.7
17739.8
16538.6
11546.1
12539
17889.5
16493.3
11915.6
12602.3
9368.05
9517.17
4050.36
3739.9
10436.1
10110.2
4492.07
4305.35
10189.5
9577.31
5120.49
4953.22
16933.3
16504.3
16409.2
16537.6
16262.9
15828.7
12164.1
10937.3
6031.3
5002.14
18979.8
18302.7
20126.5
19428.2
15878.2
14798.1
11346.9
9808.98
5555.46
4212.06
21544.9
20565
26298.8
23070.5
23913.6
21400.2
32597.2
24702.6
19723.4
16271.1
21416.8
17020.9
19593.7
16549.2
21486.3
17233.9
20042.2
17844.3
18232
17043.3
20749.5
21903.4
25686.7
27000.2
28137.3
29914.8
21119.2
22821.9
19160.2
19293.6
23020.4
24626.2
13229.3
9607.46
13621.9
9833.48
13504.8
9507.56
13786.3
9665.17
13489.2
9365.79
13784.5
9859.34
13808
10166.2
14388
10050.5
16964.2
16576.8
18660.9
17001
19395.1
18660.9
21161.6
19337.8
18378.3
14606
17544.6
14473.5
20013.6
17266.7
20918.8
17362.2
22646.5
19722.5
23287.5
19870.5
19020.6
14736.1
19561.1
14770.5
12771.8
8947.24
11956
7522.98
12274.3
8674.83
11924.9
7439.29
13152.7
9248.74
11985.4
7554.67
13357.8
9487.27
11898.5
7490.35
12819.7
13184.2
8990.63
8231.83
12977
13304.7
8834.61
8153
12979.4
12784.5
8601.15
8056.63
15116
17760.8
15942.6
11825.6
8358.76
16510.8
15536
17433.1
11951.7
8060.5
18200.5
16237
14474.8
12100.8
7365.32
14060.4
15651
8285.79
9210.36
13886.8
15153.8
8180.62
9003.77
12924.6
13737.9
7781.36
8056.55
16425.3
15719.7
14969.2
14610
15646.7
16382.6
12233.4
13357.1
7517.75
7455.05
16637
15427.9
15130.8
14068.4
13713.4
13424.8
11569.8
11919.4
6874.47
7688.88
14799.1
12946
14856
12347.1
16583.8
14274.2
17093.4
14431.3
12977.9
11337.1
13071.5
12144.2
14949.2
12055
14987.8
11994.4
17401.8
14914.7
17507.2
15029
13048.1
10820.4
12999.9
10783.1
10435.2
9574.57
6615.9
7655.83
10732.4
10295.8
6777.5
8062.69
10562.4
9301.4
6520.77
7769.43
10686.6
9060.71
6651
7615.65
19193.5
19204.8
27243.5
22701.1
18288.8
18466.8
26064.5
21639.8
16013.3
16826.3
23874.5
20093.4
15388.3
14974.6
14381
14314.4
16878
17512.9
15959.6
16085.5
21881.7
18423.1
14617.4
14043.9
13686.5
13660.2
14234.7
14748
15593.5
15351.4
21533.1
17014.5
5866.01
3723.49
2697.51
2474.94
6137.85
3879.23
2791.2
2495.63
5729.67
3634.96
2641.92
2450.11
6065.59
3826.03
2748.77
2451.01
5490.2
3465.93
2544.09
2359.79
5956.29
3710.33
2692.41
2356.85
6110.3
3708.97
2650.63
2397.65
6020.58
3611.91
2560.32
2354.2
5260.38
3312.11
2471.87
2290.35
3942.72
2680.6
2130.14
2142.02
4904.74
3166.33
2384.25
2176.7
3823.73
2685.61
2111.09
2087.77
5454.45
3379.52
2481.63
2307.07
3977.99
2663.89
2105.73
2150.64
5482.8
3364.44
2433.42
2266.17
3920.6
2628.13
2055.42
2091.17
5293.25
3426.37
2516.68
2385.13
4317.88
2985.37
2278.38
2291.79
5111.85
3333.59
2460.47
2343.28
4188.78
2932.96
2249.68
2280.27
4867.39
3189.87
2385.91
2297.51
4101.96
2870.62
2215.23
2278.9
4356.74
2926.42
2240.71
2272.91
3910.52
2764.32
2153.83
2166.47
3636.56
2660.53
2073.89
2078.95
2854.67
2537.18
1833.74
499.409
556.629
2243.39
1670.62
572.804
2890.18
2534.58
1828.89
516.835
738.574
2248.49
1666.38
574.531
2976.66
2516.98
1806.55
488.793
1020.97
2240.36
1643.18
559.945
2950.48
2463.55
1802.67
516.065
1076.72
2194.82
1620.5
558.178
2665.27
2348.87
1783.13
593.023
497.418
2075.64
1580.22
553.311
2106.52
2096.4
1674.34
544.102
-647.088
1769.48
1481.81
534.044
2305.97
2203.9
1728.04
559.014
-452.485
1900.55
1526.06
540.041
1960.89
2012.14
1610.94
477.158
-826.513
1673.41
1427.51
509.146
1911.78
1957.79
1557.3
449.114
-745.415
1614.66
1382.53
491.126
2427.27
1892.12
1330.65
787.487
260.556
2371.2
1877.33
1326.44
786.059
260.18
2426.65
1884.49
1325.14
784.477
259.611
2360.82
1865.48
1318.56
781.852
258.876
2441.95
1877.85
1318.87
780.897
258.477
2349.05
1852.29
1309.63
777.082
257.402
2305.8
1826.52
1295.41
769.997
255.264
2247.03
1790.87
1275.2
759.835
252.192
2406.75
1857.4
1307.06
774.912
256.662
2545.44
1868.72
1304.99
772.772
255.923
2479.15
1878.47
1315.45
778.619
257.728
2605.91
1884.5
1312.35
776.261
256.949
2349.81
1832.52
1293.94
768.47
254.733
2509.8
1847.02
1293.23
766.992
254.199
2298.39
1800
1275.31
759.084
251.904
2467.18
1818.85
1277.09
758.903
251.779
2535.1
1913.77
1335.68
788.988
260.931
2713.69
1933.31
1339.21
789.954
261.172
2541.19
1909.05
1331.81
786.82
260.243
2716.44
1929.11
1336.14
788.274
260.645
2560.34
1902.49
1325.9
783.512
259.192
2723.65
1920.96
1330.52
785.273
259.697
2615.4
1899.71
1320.59
780.368
258.18
2734.6
1909.16
1323.6
781.664
258.55
2674.36
1895.26
1316.97
778.412
257.569
10976.3
14430.6
11067.7
14475.8
11209
14494.5
11047.7
14341.1
10354.3
13665.2
9651.1
10793
9660.89
11191.7
9723.01
10765.9
9911.93
10944
8424.37
1390.66
290.987
64.4568
11.3266
9067.64
2555.23
613.336
137.753
24.2053
8396.73
1378
287.7
63.6179
11.1593
9040.58
2529.53
606.886
135.918
23.7032
8303.2
1354.87
282.032
62.2833
10.9192
8950.23
2493.67
597.555
133.687
23.3137
8086.66
1301.96
269.869
59.5978
10.4552
8740.82
2423.85
580.532
129.932
22.6636
7647.72
1204.25
249.405
55.2807
9.72367
8288.59
2301.16
553.051
124.193
21.7049
6933.36
1134.39
242.068
54.4375
9.64031
7079.79
2035.17
499.499
113.751
20.049
7131.67
1147.1
241.955
54.1027
9.55392
7420.25
2131.38
519.256
117.435
20.6014
6871.19
1135.74
243.542
54.8944
9.72898
6985.43
1997.47
490.616
112.044
19.7976
6868.69
1131.05
242.404
54.6643
9.6796
7023.97
1994.83
488.785
111.887
19.7362
32062.4
45663.8
43873.7
30220.3
23720.9
28186.2
22888.5
27995.6
26441.7
41758.4
28106.4
42955.7
303.754
321.697
361.68
426.17
519.409
646.188
318.917
337.27
377.989
443.057
535.258
657.772
292.269
286.596
311.387
307.674
354.108
354.937
423.545
433.119
522.778
543.685
651.267
675.608
811.878
1022.02
1293.05
1650.57
2061.77
2357.26
813.559
1004.38
1231.21
1484.77
1726.73
1883.46
813.407
1193.72
1500.63
1715.83
1826.69
861.24
1263.44
1587.7
1814.9
1931.88
967.844
1418.83
1781.77
2035.72
2166.36
1139.54
1668.56
2093.1
2389.56
2541.92
1387.08
2027.09
2538.54
2894.79
3077.74
1721.89
2508.42
3133.07
3567.14
3790.25
853.867
1252.8
1574.56
1800.08
1916.22
902.734
1323.89
1663.19
1900.8
2023.1
1011.16
1481.62
1859.85
2124.34
2260.38
1184.12
1732.61
2172.2
2479.02
2636.72
1428.42
2085.53
2609.88
2975.13
3162.89
1751.31
2548.48
3180.9
3620.9
3847.64
782.706
1148.82
1444.38
1651.7
1758.51
767.527
1126.6
1416.53
1619.93
1724.73
833.724
1223.29
1537.5
1757.73
1871.14
823.8
1208.79
1519.37
1737.08
1849.19
947.714
1389.63
1745.45
1994.49
2122.62
949.946
1392.95
1749.68
1999.37
2127.81
1132.73
1659.05
2081.64
2376.77
2528.43
1158.3
1696.41
2128.39
2429.98
2584.91
1396.41
2041.4
2556.98
2915.96
3100.16
1452.07
2122.28
2657.56
3029.87
3220.74
1736.16
2530.48
3161.29
3598.87
3823.22
1800.88
2624.18
3277.01
3728.85
3959.99
2155.16
3122.76
3884.6
4413.96
4687.84
2694.85
3869.64
4784.59
5425.59
5764.77
3368.93
4763.22
5835.28
6607.66
7041.36
4210.66
5798.9
7005.97
7938.34
8536.15
5102.15
6770.33
8032.41
9125.91
9980.06
5714.34
7393.55
8668.77
9873.89
10934.2
2158.25
3124.88
3886.09
4416.44
4691.87
2649.65
3807.7
4711.74
5346.29
5682.03
3221.11
4578.85
5628.79
6379.35
6791.73
3839.97
5379.27
6559.27
7431.75
7942.58
4408.04
6076.06
7347.33
8329.8
8952.14
4767.76
6504.58
7826.68
8881.75
9585.42
306.822
331.007
377.676
449.545
551.045
687.023
322.046
346.749
394.154
466.362
566.064
695.96
295.386
289.835
320.903
317.604
370.585
372.252
447.931
459.063
556.127
578.836
695.851
723.736
861.17
1075.51
1343.53
1688.1
2081.46
2362.75
857.661
1050.88
1274.78
1519.3
1748.07
1890.54
821.648
1205.91
1516.07
1733.62
1845.7
886.312
1300.59
1634.85
1869.24
1989.99
1010.98
1482.86
1863.23
2129.77
2267.04
1202.72
1762.7
2213.32
2528.8
2691.23
1472.91
2155.8
2703.94
3087.32
3284.77
1833.37
2677.2
3352.04
3823.94
4067.52
862.288
1265.28
1590.41
1818.36
1935.78
928.292
1361.83
1711.44
1956.5
2082.71
1054.8
1546.54
1942.62
2220.07
2362.94
1247.18
1826.77
2292.71
2618.83
2786.78
1512.09
2211.17
2771.6
3163.63
3365.74
1855.58
2706.38
3385.82
3861.32
4107.28
791.081
1161.19
1460.05
1669.72
1777.76
776.23
1139.45
1432.8
1638.63
1744.69
859.331
1261.18
1585.54
1813.04
1930.25
850.512
1248.29
1569.43
1794.69
1910.74
992.112
1455.46
1829.11
2091
2225.88
996.595
1462.1
1837.54
2100.7
2236.21
1198.61
1757.14
2206.81
2521.66
2683.73
1228.41
1800.86
2261.75
2584.42
2750.5
1486.92
2177.19
2731.56
3119.25
3318.8
1547.65
2266.11
2843.05
3246.38
3453.89
1858.01
2715.3
3401.48
3880.92
4127.96
1932.78
2825.1
3539.24
4037.8
4294.4
2291.08
3331.69
4159.59
4740.08
5042.13
2844.8
4105.63
5101.85
5807.93
6183.89
3514.77
5002.01
6166.96
7017.18
7496.68
4325.95
6000.81
7300.04
8314.41
8964.19
5170.12
6900.94
8232.09
9390.97
10291.4
5735.82
7438.03
8738.98
9969.43
11048.8
2279.61
3310.88
4130.27
4705.51
5005.62
2779.11
4009.5
4980.82
5668.67
6034.34
3344.51
4775.88
5897.02
6705.86
7151.87
3940.34
5544.7
6790.25
7718.41
8262.63
4472.1
6185.36
7503.62
8527.41
9175.73
4789.53
6542.58
7881.84
8952.31
9665.95
4935.05
3330.29
1064.22
852.659
962.555
851.728
1008.64
4560.31
4424.94
2942.17
3694.86
1898.38
2452.81
1627.95
1787.48
1536.79
4254.39
2500.95
1736.67
1562.02
1902.17
1677.68
1354.57
1313.28
1274.3
1138.08
1466.13
1339.34
4524.81
2854.74
3212.62
2164.02
1844.59
2473.93
1390.16
1146.14
1513.21
10166.4
10518.3
11016.4
12738.1
21674.7
7468.87
8768.8
9832.28
11305.1
13392.3
2820.55
4081.12
5079.06
5783.29
6155.21
2271.4
3308.73
4135.25
4713.37
5012.71
2563.85
3733.45
4663.31
5311.56
5646.05
2271.1
3312.34
4142.57
4721.89
5020.57
2682
3896.75
4860.67
5534.94
5885.16
10169
11542.9
12476.5
14248.8
22939.5
10085.2
11691.2
12837.4
14429.3
17072.4
7083.17
9089.72
10607.2
12040
13382.4
8931.59
10973.7
12215.5
13498
14604.7
4887.78
6807.81
8265.17
9330.39
9947.38
6123.69
8200.78
9736.14
10938.9
11729.9
4254.62
6039
7411.99
8384.02
8911.21
4643.56
6538.31
7981.21
9007.77
9572.74
4035.28
5762.01
7096.88
8032.97
8530.59
9442.91
10739.8
11682.3
13452.7
22021.5
6138.11
8075.8
9567.17
10928.5
12153.7
4501.24
6325.78
7730.08
8761.35
9361.99
4072.06
5767.4
7085.66
8049.4
8601.88
4856.97
6706.73
8134.83
9256.34
10005.4
4333.85
6070.62
7421.37
8449.48
9081.42
3547.31
5055.26
6238.42
7101.49
7588.26
3459.83
4966.27
6148.95
6991.89
7447.58
3373.94
4872.36
6048.87
6870.42
7299.47
3020.94
4378.25
5450.25
6199.05
6588.56
3852.95
5510.16
6799.46
7711.81
8203.21
3530.93
5071.87
6279.23
7133.91
7591.83
9640.71
10398.7
11059.4
12794.6
21542.8
6643.32
8184.43
9406.69
10821.9
12518.1
7660.29
9394.72
10596.6
12259.9
15288.4
5366.42
7153.37
8540.24
9779.91
10793.5
4699.77
6473.84
7852.79
8964.21
9719.73
6044.12
7916.69
9376.59
10771.6
12081.4
3643.05
5195.43
6411.78
7294.54
7788.68
3036.75
4391.27
5460.72
6212.8
6608.52
3947.19
5595.88
6882.11
7826.4
8368.93
10507.9
9870.37
8766.57
7249.77
5230.97
2038.78
18139.4
18505
21039.9
21709.1
17849.4
18972.6
20164.8
19592
14816.8
18131
15522.4
18718.9
17822.9
16091.7
24751.8
17482.3
17712.6
19909.8
20338.6
16940.3
18045.5
19327
18941.6
14776.4
21919.1
15398.1
21852.7
18010.2
19519.2
26565.4
16765.5
16867.5
18486.3
18671.2
16290
17776.6
18218.6
18307.7
16997.2
19473.3
17772.6
19511.9
19579.8
21487.8
23996.4
16106.4
16225.8
17236.9
17264.1
15948.4
17669.2
17132.1
17484.8
15997.1
17090.9
16749.6
16706.9
17988.2
19432.3
20854.7
15406.4
15558.5
16412.1
16355.9
15730.7
17609
16448.3
16982
15219.6
14204
15991.3
13685.9
16629
16510.5
17346.8
15118.5
15310.8
15877.5
15789.6
15417.5
16988.6
16021.6
16476
14593.1
12294.8
15175.6
12080.9
15545
14622.3
15794.3
21070.8
20256.4
22020.8
23145.7
19586.9
19628.6
20575.9
19711.6
18669.5
13826.7
18635.2
13910.6
16570.6
15101.3
18095.1
19951
19370.4
20420.9
21151.6
18987.9
19186.3
19473.4
18752.2
17413.6
13460.8
17411.1
13561.7
15291
13652.7
16849.9
18507.6
18178.3
18525
18866.6
17977.8
18186.4
18069.1
17651.1
16671.1
13356.6
16487.5
13105.6
14812.8
12565.1
16742.6
17208.4
17034.2
17130.6
17270.1
16915.1
17066.2
16995.1
16673.3
15955.6
14050.4
15863.5
13731.7
14428.5
12810.7
17365.1
16614.3
16508.4
16408.2
16461.8
16244.1
16387.5
16402.7
16215.1
15950
15425.1
15893.9
15271.5
14716.3
13505.9
18239.4
16192.7
16093
16017.3
16043.7
15868.8
16187.6
15983.8
15924.9
15991.1
16291.9
15996.5
16180.8
14942.9
14164.5
19126.5
)
;

boundaryField
{
    patch1
    {
        type            calculated;
        value           nonuniform List<scalar> 
2440
(
13983.1
27544.9
0
0
0
0
0
0
0
0
13979.1
27528.6
0
0
0
0
0
0
0
0
11352.6
18428.3
20087.2
31562.6
41461.8
26802.1
17033
8544.29
45965.4
18670.8
27538.7
21487.9
34125
43087
28161.9
22142.7
12030.4
0
0
0
0
0
0
0
0
0
0
0
0
0
0
0
0
0
0
0
0
0
0
0
0
0
0
0
0
0
0
0
0
0
0
0
45653.1
0
0
0
0
0
0
0
0
0
0
0
0
0
0
0
0
0
0
0
0
0
0
0
0
0
0
0
0
0
0
0
0
0
0
0
0
0
0
0
0
0
0
0
0
0
0
0
0
0
0
0
0
0
0
0
0
0
11166.9
18421.3
20107.9
31589.8
41510.9
26850.1
17040.3
8287.27
45970.2
18391.4
27539.7
21517.3
34154.8
43134.4
28201.5
22114
11582.4
0
0
0
0
0
0
0
0
0
0
0
0
0
0
0
0
0
0
0
0
0
0
0
0
0
0
0
0
0
0
0
0
0
0
0
45655
0
0
0
0
0
0
0
0
0
0
0
0
0
0
0
0
0
0
0
0
0
0
0
0
0
0
0
0
0
0
0
0
0
0
0
0
0
0
0
0
0
0
0
0
0
0
0
0
0
0
0
0
0
0
0
0
0
15163.6
22099.1
0
0
0
0
0
14622.3
15795.9
14164.6
19128.8
15164.1
22097.5
0
0
0
0
0
14622.3
15794.3
14164.5
19126.5
18118.9
26519.3
27207.8
21669.8
20977.8
27392
27356.1
21710.6
21697.1
16935.2
12620.2
16399.5
12570.4
16936.4
12721.3
16799.9
12790.2
791.278
635.042
1068.47
1364.09
2326.26
2541.05
21905.6
20782.1
15186.6
9374.81
3314.27
20425.9
20305.1
13873
8323.35
3137.34
22130.7
1579.12
4133.48
1831.02
5032.65
3263.96
6567.98
17819.7
13385.2
10385.2
8729.54
8185.42
14909.7
11728.1
9963.16
9079.31
9179.63
0
0
0
0
0
0
0
0
0
0
0
0
0
0
0
0
0
0
0
0
0
0
0
0
0
0
0
0
0
0
0
0
0
0
0
0
0
0
0
0
0
0.705078
-0.269721
0.703923
-0.335463
0.699125
-0.335757
0.685219
-0.326242
0.670336
-0.31889
0.211823
-0.119449
0.443269
-0.233093
0.0774947
-0.0446972
0.0156094
-0.00817787
32516.5
44957.7
31585
19576.1
28737.9
24046.1
46431.3
56959.9
32083.3
23606.7
13163.8
24263.6
25984.1
20945.6
19818.9
26792
27176.3
21334.9
21583.7
16639.7
12537.4
16065.3
12522.9
16759.4
12658.2
16742.4
12765.5
9503.97
3699.19
10120.1
4305.26
9578.08
4953.03
16504.3
16537.7
15829.2
10937.5
5002.06
18302.8
19428.3
14798.2
9808.97
4211.99
19200.4
22684.5
18489.5
21645.8
16827.4
20093.7
14974.7
14314.6
17513.6
16086
18423.5
14044.1
13660.5
14748.4
15351.8
17015
0
0
0
0
0
0
0
0
0
0
0
0
0
0
0
0
0
0
0
0
0
0
0
0
0
0
0
0
0
0
0
0
0
0
0
0
0
0
0
0
0
0.722176
-0.276266
0.718923
-0.342916
0.710418
-0.341144
0.692085
-0.329167
0.673305
-0.319823
0.211723
-0.119163
0.443773
-0.23244
0.0774275
-0.0446499
0.015599
-0.00818263
32062.5
43884.3
30225.4
28092.1
28031.5
41858.9
42748.8
15123.3
15309.3
15876.5
15792.3
15417.1
16988.5
16021
16475.8
14598.2
12290.8
15175.1
12076.2
15545
16189.9
16091.2
16016.4
16042.5
15868.4
16187.5
15983.3
15924.7
15986.3
16254.8
15996.1
16177.7
14943.2
18114.5
26519.6
27208
21670.4
20978.3
27392.2
27356.2
21711
21697.6
16935.9
12620.9
16400.3
12571.2
16937.1
12721.9
16800.5
12790.8
776.803
628.495
1070.06
1366.46
2327.12
2542.47
21906
20782.8
15187.4
9375.74
3315.01
20426.3
20305.8
13873.7
8324.03
3137.75
22126.5
1553.85
4089.17
1831.04
5032.91
3264.41
6568.71
17819.7
13384.9
10384.7
8729.35
8185.68
14909.7
11727.9
9962.97
9079.2
9179.63
0
0
0
0
0
0
0
0
0
0
0
0
0
0
0
0
0
0
0
0
0
0
0
0
0
0
0
0
0
0
0
0
0
0
0
0
0
0
0
0
0
0.704033
-0.271405
0.703758
-0.335014
0.698944
-0.335619
0.685125
-0.326196
0.670299
-0.318878
0.211826
-0.119455
0.443264
-0.233104
0.0774971
-0.0446996
0.01561
-0.00817832
32517.7
44966.1
31587.4
19224
28729.9
24073.6
46457.9
56999.3
32122.7
23570.9
12645.9
24263.6
25984.1
20946.1
19819.4
26792
27176.4
21335.3
21584.2
16640.5
12538.2
16066.1
12523.7
16760.1
12658.9
16743
12766.1
9517.22
3739.88
10110.2
4305.35
9577.31
4953.22
16504.3
16537.6
15828.7
10937.3
5002.14
18302.7
19428.2
14798.1
9808.98
4212.06
19204.7
22701.1
18466.8
21639.8
16826.3
20093.4
14974.6
14314.4
17512.9
16085.5
18423.1
14043.9
13660.2
14748
15351.4
17014.5
0
0
0
0
0
0
0
0
0
0
0
0
0
0
0
0
0
0
0
0
0
0
0
0
0
0
0
0
0
0
0
0
0
0
0
0
0
0
0
0
0
0.72121
-0.278044
0.718785
-0.342473
0.710268
-0.341021
0.692021
-0.329135
0.673292
-0.319822
0.21173
-0.11917
0.44378
-0.232454
0.0774309
-0.0446523
0.0155997
-0.00818301
32061.7
43881.5
30221.5
28164.7
28017.3
41801.3
42902.3
15118.6
15310.8
15877.5
15789.7
15417.5
16988.6
16021.6
16476
14593.1
12294.8
15175.6
12080.9
15545
16192.6
16093
16017.3
16043.6
15868.8
16187.6
15983.8
15924.9
15991.1
16291.9
15996.5
16180.8
14942.9
18657.5
7211.49
2038.85
18656.7
7211.43
2038.78
19125.5
19638.6
25825.8
23150
8040.11
5819.29
9645.37
7871.5
517.204
645.536
4482.38
4915.67
9172.03
9919.95
24754.1
25611.9
19029.3
485.998
166.938
3644.82
2963.96
7222.45
6191.97
230.447
202.651
209.8
2378.91
1941.61
1717.2
4948.62
4345.13
4126.35
26300.1
25876.5
29388.7
25777.5
20436.5
20866.1
22943.8
21715.9
118.461
84.9293
1346.41
1063.08
1405.83
1697
14769
21061.7
8565.45
116.185
200.823
977.56
960.53
1810.45
2015.84
98.1214
104.816
124.144
1189.72
1285.2
1306.21
2804.13
3237.52
3366.65
8792.48
9276.13
10004.6
10552.3
10234.4
9641.31
9596.4
9728.99
9915.76
10999.8
11065.5
11207.7
11046.7
10353.5
9650.42
9660.15
9722.39
9911.35
19128.5
19640.9
25838.5
23155.5
7875.1
5704.43
9618.85
7862.13
445.984
553.002
4466.93
4902.34
9169.06
9916.65
24754.2
25612.8
19028.8
407.141
91.1679
3652.19
2970.19
7219.98
6191.08
184.386
163.265
175.393
2386.96
1944.59
1717.22
4948.83
4345.76
4127
26304.5
25877.8
29402.4
25782.9
20264.4
20814.2
22914.2
21688.6
102.612
71.5591
1338.16
1054.15
1404.91
1696.34
14769.5
21062.8
8565.39
101.909
194.754
967.063
951.324
1809.9
2014.96
83.1265
87.1673
103.431
1179.63
1279.62
1302.38
2802.95
3236.36
3365.84
8744.55
9278.34
10006.1
10553.2
10235.1
9641.88
9597.02
9729.53
9916.32
10976.3
11067.7
11209
11047.7
10354.3
9651.1
9660.89
9723.01
9911.93
20861.3
15695.2
2329.75
1714.11
1216.02
727.457
242.041
2334.42
1725.19
1222.47
730.716
243.037
23014.6
24622.2
25820.9
23647.1
24529.8
25131.9
2734.6
1909.16
1323.6
781.664
258.55
2674.36
1895.26
1316.97
778.412
257.569
10507.9
9870.37
8766.57
7249.77
5230.97
26366
26576
24254.7
24317.6
19200
17768.1
25787
23751.6
22296.5
23710.6
21767.3
20367
15471.5
13700.8
12718
20126.6
19428.3
15878.1
14798.2
11346.7
9808.97
5555.3
4211.99
13821.3
10170.9
14422.6
10058.5
6110.5
3709.04
2650.69
2397.73
6021.16
3612.16
2560.47
2354.32
2305.88
1826.59
1295.45
770.018
255.269
2247.14
1790.95
1275.25
759.86
252.199
289.85
317.62
372.271
459.085
578.862
723.768
776.27
1139.51
1432.87
1638.72
1744.78
850.555
1248.35
1569.51
1794.78
1910.84
996.644
1462.18
1837.63
2100.8
2236.32
1228.47
1800.95
2261.86
2584.55
2750.63
1547.72
2266.22
2843.18
3246.52
3454.05
1932.87
2825.23
3539.39
4037.98
4294.59
1274.35
3374.07
4872.55
6049.11
6870.7
7299.76
23242.4
21644.8
20305.8
17082.8
15049.4
13873.7
11060.1
9111.41
8324.03
5393.59
3844.07
3137.75
14442.9
10136.9
14622.8
10053.2
20688.6
20049.4
14815.8
13575.1
7504.84
7386.52
19225.1
18366.2
17637
13027.7
13023.6
12853.8
8041.99
8382.42
8429.99
5693.74
3332.36
2366.85
2172.94
5881.21
3481.1
2464.9
2276.07
2131.12
1716.36
1231.51
737.369
245.293
2182.79
1749.31
1250.97
747.437
248.397
1180.22
3096.98
4407.33
5390.6
6049.4
6384.04
286.596
307.674
354.937
433.119
543.685
675.608
767.527
1126.6
1416.53
1619.93
1724.73
823.8
1208.79
1519.37
1737.08
1849.19
949.946
1392.95
1749.68
1999.37
2127.81
1158.3
1696.41
2128.39
2429.98
2584.91
1452.07
2122.28
2657.56
3029.87
3220.74
1800.88
2624.18
3277.01
3728.85
3959.99
25820.3
23647
24536.9
25135.3
2734.63
1909.21
1323.63
781.677
258.552
2674.43
1895.32
1317
778.429
257.573
10508.3
9870.73
8766.87
7250.01
5231.13
20862
15695.1
2329.61
1714.02
1215.97
727.432
242.035
2334.25
1725.1
1222.41
730.689
243.03
23011.8
24619.7
42602.3
54757.1
28336.9
30887.9
14065.5
15601.4
1928.65
2051.3
0
0
0
0
0
0
0
0
0
0
0
0
0
0
0
20139.1
18738.2
22455.4
19228.6
22478.2
23309.6
14945.4
9338.38
14862.6
9258.6
5031.51
3015.05
2212.24
2064.74
5146.56
3081.05
2252.57
2079.49
-1903.02
807.693
984.865
377.023
-1552.45
904.222
1012.99
386.305
-968.241
1065.24
1057.86
392.841
-370.141
1238.25
1116.54
412.188
-278.646
1359.61
1170.03
428.947
-758.707
1464.49
1263.39
457.406
-775.067
1415.05
1217.77
440.831
-855.149
1508.6
1298.89
461.623
-746.6
1563.41
1340.92
475.42
2031.53
1658.3
1199.31
721.202
240.374
2060.65
1674.37
1207.88
725.405
241.634
2322.6
1740.89
1233
736.308
244.802
2318.2
1731
1226.52
732.877
243.726
2365.52
1760.32
1244.07
742.031
246.578
2417.71
1788.69
1259.92
750.15
249.093
2223.8
1678.66
1198.56
719.132
239.611
2241.98
1686.06
1202.16
720.835
240.112
2281.97
1699.53
1208.61
723.9
241.01
13511.6
13847.2
14306.6
14613.9
14171.1
10868.5
11281.7
10834.6
10997.1
8645.02
2454.22
594.228
134.314
23.7342
8761.76
2454.45
591.453
133.022
23.3297
8888.59
2460.43
589.244
131.962
23.1026
8865.87
2429.3
579.273
129.44
22.6316
8474.21
2325.47
556.104
124.575
21.8099
7143.37
2053.46
503.657
114.61
20.2393
7503.29
2152.74
523.454
118.2
20.7677
7039.42
2012.95
494.274
112.835
19.9807
7067.9
2007.63
491.887
112.531
19.9038
41912.9
55585.9
23636.6
27743.5
13153.1
15048.4
1525.68
1872.11
888.808
4151.42
2306.82
1481.12
2358.29
3412.25
4234
4796.53
5083.12
9048.83
9731.12
9605.05
9497.23
9576.36
5593.49
7115.74
7973.36
8481.49
8757.22
3816.38
5288.01
6324.29
6994.55
7333.57
0
0
0
0
0
0
0
0
0
0
21394.6
17010.1
21487.2
17236.2
21125.2
22828.4
13609.2
9821.14
13779.2
9661.17
6131.17
3875.29
2788.39
2494.32
6064.78
3825.67
2748.65
2451.05
536.742
2240.51
1669.6
572.674
739.839
2247.96
1666.14
574.43
1021.49
2240.21
1643.08
559.907
1077
2194.81
1620.47
558.168
497.592
2075.7
1580.24
553.317
-646.992
1769.6
1481.88
534.068
-452.371
1900.65
1526.11
540.056
-826.433
1673.57
1427.61
509.177
-745.328
1614.85
1382.66
491.165
2371.36
1877.1
1326.17
785.896
260.129
2360.86
1865.55
1318.6
781.863
258.876
2545.54
1868.79
1305.04
772.793
255.929
2605.99
1884.56
1312.38
776.28
256.954
2509.92
1847.09
1293.28
767.016
254.206
2467.33
1818.93
1277.14
758.93
251.787
2714.89
1933.36
1339.11
789.88
261.144
2716.3
1929.16
1336.16
788.274
260.638
2723.62
1920.99
1330.55
785.28
259.695
14526.4
14544.7
14564.6
14377.3
13695.2
10826.9
11219.3
10803.9
10985.6
9122.2
2572.69
618.251
138.898
24.4461
9090.83
2544.56
610.659
136.803
23.926
8999.52
2508.32
601.181
134.533
23.5293
8791.04
2438.71
584.173
130.774
22.8783
8336.22
2315.49
556.58
125.011
21.9145
7118.02
2046.64
502.292
114.386
20.2121
7459.08
2143.28
522.197
118.114
20.7758
7023.22
2008.67
493.321
112.653
19.954
7062.01
2006.17
491.554
112.464
19.8934
318.934
337.287
378.008
443.079
535.284
657.802
813.594
1004.42
1231.26
1484.82
1726.78
1883.52
853.911
1252.87
1574.64
1800.18
1916.32
902.781
1323.96
1663.28
1900.9
2023.2
1011.21
1481.69
1859.95
2124.45
2260.5
1184.18
1732.69
2172.31
2479.14
2636.86
1428.49
2085.63
2610.01
2975.28
3163.05
1751.39
2548.6
3181.05
3621.08
3847.83
2158.35
3125.03
3886.27
4416.66
4692.11
2649.77
3807.88
4711.96
5346.55
5682.32
3221.24
4579.05
5629.05
6379.66
6792.07
3840.12
5379.5
6559.58
7432.12
7942.99
4408.2
6076.31
7347.67
8330.22
8952.61
4767.93
6504.84
7827.03
8882.19
9585.91
322.063
346.766
394.173
466.384
566.09
695.99
857.697
1050.93
1274.83
1519.36
1748.13
1890.6
862.332
1265.34
1590.49
1818.46
1935.87
928.339
1361.89
1711.52
1956.6
2082.82
1054.85
1546.61
1942.71
2220.18
2363.06
1247.24
1826.86
2292.82
2618.95
2786.92
1512.15
2211.27
2771.73
3163.78
3365.89
1855.66
2706.5
3385.97
3861.49
4107.47
2279.71
3311.03
4130.46
4705.72
5005.85
2779.22
4009.67
4981.04
5668.93
6034.61
3344.65
4776.08
5897.28
6706.17
7152.2
3940.49
5544.93
6790.55
7718.76
8263.02
4472.27
6185.61
7503.96
8527.82
9176.18
4789.7
6542.85
7882.19
8952.74
9666.44
962.594
3694.93
1536.84
2563.96
3733.61
4663.51
5311.79
5646.29
8931.78
10974
12215.8
13498.4
14605.2
4035.42
5762.22
7097.14
8033.27
8530.92
42651.8
54781.6
28390
30889.4
14074
15644.9
1316.18
1400.06
0
0
0
0
0
0
0
0
0
0
0
0
0
0
0
19937.3
18675.9
22422.3
19201.9
22476.5
23308.7
14944
9345.83
14847
9255
5030.41
3013.53
2211.57
2063.73
5145.95
3080.82
2252.38
2079.31
-1900.59
806.376
984.584
376.869
-1553.25
904.333
1013.02
386.341
-968.552
1065.09
1057.77
392.82
-370.377
1238.01
1116.39
412.143
-278.858
1359.33
1169.85
428.891
-758.842
1464.21
1263.21
457.349
-775.224
1414.76
1217.59
440.773
-855.256
1508.35
1298.72
461.57
-746.695
1563.19
1340.77
475.373
2029.77
1657.35
1198.85
720.99
240.31
2060.55
1674.29
1207.83
725.386
241.632
2322.43
1740.79
1232.94
736.28
244.794
2318.03
1730.91
1226.46
732.849
243.718
2365.36
1760.22
1244.02
742.001
246.569
2417.55
1788.6
1259.86
750.121
249.084
2222.24
1678.12
1198.33
719.039
239.588
2241.99
1685.97
1202.11
720.82
240.114
2281.88
1699.44
1208.56
723.879
241.008
13457.4
13848.8
14307.4
14614.5
14171.6
10869.1
11282.3
10835.1
10997.7
8629.98
2448.64
592.643
133.938
23.6658
8760.13
2453.85
591.244
132.963
23.3182
8888.15
2460.23
589.166
131.937
23.0974
8865.9
2429.25
579.246
129.43
22.6292
8474.42
2325.5
556.102
124.572
21.809
7143.72
2053.55
503.677
114.614
20.2399
7503.61
2152.81
523.466
118.202
20.7677
7039.78
2013.05
494.297
112.84
19.9815
7068.27
2007.74
491.913
112.537
19.9047
41961.3
55627
23679.6
27788.7
13109.4
14997.9
1025.62
1262.17
888.772
4151.41
2306.78
1481.08
2358.2
3412.1
4233.81
4796.31
5082.88
9048.76
9730.96
9604.85
9497.03
9576.17
5593.38
7115.56
7973.12
8481.21
8756.93
3816.26
5287.83
6324.05
6994.27
7333.27
0
0
0
0
0
0
0
0
0
0
21421.1
17024.2
21486.3
17234.5
21122.2
22826.7
13621.8
9833.53
13778
9662.97
6137.85
3879.23
2791.2
2495.63
6065.59
3826.03
2748.77
2451.01
556.629
2243.39
1670.62
572.804
738.574
2248.49
1666.38
574.531
1020.97
2240.36
1643.18
559.945
1076.72
2194.82
1620.5
558.178
497.418
2075.64
1580.22
553.311
-647.088
1769.48
1481.81
534.044
-452.485
1900.55
1526.06
540.041
-826.513
1673.41
1427.51
509.146
-745.415
1614.66
1382.53
491.126
2371.2
1877.33
1326.44
786.059
260.18
2360.82
1865.48
1318.56
781.852
258.876
2545.44
1868.72
1304.99
772.772
255.923
2605.91
1884.5
1312.35
776.261
256.949
2509.8
1847.02
1293.23
766.992
254.199
2467.18
1818.85
1277.09
758.903
251.779
2713.69
1933.31
1339.21
789.954
261.172
2716.44
1929.11
1336.14
788.274
260.645
2723.65
1920.96
1330.52
785.273
259.697
14500.3
14546.5
14565.7
14378.1
13695.9
10827.5
11220.1
10804.6
10986.1
9116.77
2568.43
616.844
138.545
24.3806
9090.4
2544.29
610.51
136.754
23.9157
8999.67
2508.33
601.151
134.517
23.5254
8791.4
2438.79
584.181
130.771
22.8771
8336.65
2315.59
556.601
125.013
21.9145
7118.45
2046.76
502.32
114.392
20.213
7459.53
2143.4
522.223
118.119
20.7765
7023.62
2008.79
493.349
112.659
19.955
7062.4
2006.28
491.58
112.47
19.8944
318.917
337.27
377.989
443.057
535.258
657.772
813.559
1004.38
1231.21
1484.77
1726.73
1883.46
853.867
1252.8
1574.56
1800.08
1916.22
902.734
1323.89
1663.19
1900.8
2023.1
1011.16
1481.62
1859.85
2124.34
2260.38
1184.12
1732.61
2172.2
2479.02
2636.72
1428.42
2085.53
2609.88
2975.13
3162.89
1751.31
2548.48
3180.9
3620.9
3847.64
2158.25
3124.88
3886.09
4416.44
4691.87
2649.65
3807.7
4711.74
5346.29
5682.03
3221.11
4578.85
5628.79
6379.35
6791.73
3839.97
5379.27
6559.27
7431.75
7942.58
4408.04
6076.06
7347.33
8329.8
8952.14
4767.76
6504.58
7826.68
8881.75
9585.42
322.046
346.749
394.154
466.362
566.064
695.96
857.661
1050.88
1274.78
1519.3
1748.07
1890.54
862.288
1265.28
1590.41
1818.36
1935.78
928.292
1361.83
1711.44
1956.5
2082.71
1054.8
1546.54
1942.62
2220.07
2362.94
1247.18
1826.77
2292.71
2618.83
2786.78
1512.09
2211.17
2771.6
3163.63
3365.74
1855.58
2706.38
3385.82
3861.32
4107.28
2279.61
3310.88
4130.27
4705.51
5005.62
2779.11
4009.5
4980.82
5668.67
6034.34
3344.51
4775.88
5897.02
6705.86
7151.87
3940.34
5544.7
6790.25
7718.41
8262.63
4472.1
6185.36
7503.62
8527.41
9175.73
4789.53
6542.58
7881.84
8952.31
9665.95
962.555
3694.86
1536.79
2563.85
3733.45
4663.31
5311.56
5646.05
8931.59
10973.7
12215.5
13498
14604.7
4035.28
5762.01
7096.88
8032.97
8530.59
23242.1
21644.3
20305.1
17082.3
15048.8
13873
11059.5
9110.78
8323.35
5393.11
3843.61
3137.34
14448.7
10140.3
14625.8
10055.3
20688.3
20049.4
14816.1
13575.4
7504.88
7386.77
19225.2
18366.3
17637
13028.1
13024
12854.2
8042.46
8382.97
8430.46
5694.98
3332.8
2367.1
2173.12
5882.16
3481.49
2465.12
2276.23
2131.25
1716.45
1231.56
737.396
245.3
2182.92
1749.4
1251.03
747.465
248.404
1180.26
3097.09
4407.5
5390.82
6049.66
6384.33
286.611
307.69
354.955
433.141
543.711
675.639
767.568
1126.66
1416.61
1620.02
1724.82
823.843
1208.85
1519.45
1737.18
1849.29
949.995
1393.02
1749.77
1999.47
2127.92
1158.36
1696.5
2128.5
2430.11
2585.04
1452.14
2122.38
2657.69
3030.02
3220.9
1800.96
2624.3
3277.16
3729.03
3960.19
26366.2
26576
24254.6
24317.5
19199.1
17767.5
25787.1
23751.8
22296.9
23710.8
21767.8
20367.7
15471.6
13701.4
12718.7
20126.5
19428.2
15878.2
14798.1
11346.9
9808.98
5555.46
4212.06
13820
10170.2
14420.9
10057.2
6110.3
3708.97
2650.63
2397.65
6020.58
3611.91
2560.32
2354.2
2305.8
1826.52
1295.41
769.997
255.264
2247.03
1790.87
1275.2
759.835
252.192
289.835
317.604
372.252
459.063
578.836
723.736
776.23
1139.45
1432.8
1638.63
1744.69
850.512
1248.29
1569.43
1794.69
1910.74
996.595
1462.1
1837.54
2100.7
2236.21
1228.41
1800.86
2261.75
2584.42
2750.5
1547.65
2266.11
2843.05
3246.38
3453.89
1932.78
2825.1
3539.24
4037.8
4294.4
1274.3
3373.94
4872.36
6048.87
6870.42
7299.47
)
;
    }
    patch2
    {
        type            calculated;
        value           nonuniform List<scalar> 
348
(
10693.4
10693
11394.9
7181.04
6031.99
7623.74
12680.3
7927.11
6711.82
8525.84
11394.2
7180.68
6031.7
7623.36
12679.7
7926.78
6711.54
8525.48
21371.5
14384.1
5731.9
4680.66
5155.64
4641.65
5415.22
18899.6
13619.4
11494.7
10547.7
9659.11
8451.46
9606.85
8840.04
7667.37
8064.71
7421.11
19278.2
11040.4
8211.64
7718.76
8992.78
8353.12
7098.46
6802.29
6469.63
5918.28
7230.58
6818.95
20562
12888.2
15279.8
10516
9163.5
1854.93
1961.66
2199.61
2580.68
3124.29
3847.13
1945.79
2054.23
2295
2676.86
3210.72
3905.58
1785.71
1751.42
1900.01
1877.73
2155.23
2160.5
2567
2624.3
3146.99
3269.23
3880.29
4018.68
4758.23
5854.22
7163.68
8730.42
10313.8
11385.9
4762.89
5770.39
6904.78
8092.48
9150.32
9820.66
1874.24
2020.74
2301.99
2732.58
3335.07
4129.74
1965.67
2114.85
2399.32
2829.56
3417.28
4170.24
1805.27
1771.7
1960.09
1940.29
2260.21
2270.71
2724.99
2792.76
3369.6
3506.69
4190.94
4359.74
5119.94
6283.2
7631.74
9174.16
10641
11507.5
5083.13
6130.68
7274.1
8422.01
9381.68
9904.27
21700.4
14579.3
6252.65
5089.44
5731.53
5096.8
5975.25
22542.3
18029.9
14002.2
15061.2
10127.9
11994.9
9054.06
9728.25
8662.28
21787.6
12708
9539.4
8761.9
10264.3
9278.11
7725.68
7570.14
7410.72
6689.03
8335.39
7714.05
21569.2
13414.7
16674.6
11206.3
9979.76
21370.1
14383.3
5731.61
4680.43
5155.4
4641.43
5414.96
18898.1
13618.6
11494.1
10547.3
9658.9
8451.09
9606.43
8839.73
7667.04
8064.39
7420.8
19276.7
11039.8
8211.25
7718.39
8992.31
8352.68
7098.09
6801.95
6469.34
5918.01
7230.25
6818.63
20560.6
12887.5
15278.7
10515.4
9163
1854.83
1961.55
2199.49
2580.55
3124.13
3846.93
1945.69
2054.12
2294.88
2676.72
3210.56
3905.39
1785.62
1751.32
1899.91
1877.63
2155.11
2160.38
2566.87
2624.17
3146.84
3269.06
3880.09
4018.48
4757.99
5853.92
7163.31
8729.95
10313.2
11385.3
4762.65
5770.1
6904.43
8092.06
9149.83
9820.15
1874.14
2020.63
2301.88
2732.45
3334.92
4129.55
1965.57
2114.74
2399.2
2829.42
3417.12
4170.05
1805.18
1771.61
1959.99
1940.19
2260.1
2270.6
2724.86
2792.63
3369.44
3506.53
4190.75
4359.55
5119.71
6282.92
7631.39
9173.73
10640.5
11506.9
5082.9
6130.4
7273.77
8421.61
9381.22
9903.76
21699.1
14578.5
6252.38
5089.21
5731.28
5096.58
5974.99
22541.5
18029.3
14001.7
15060.7
10127.5
11994.5
9053.72
9727.89
8661.95
21786.8
12707.5
9539.02
8761.55
10263.9
9277.72
7725.34
7569.83
7410.42
6688.76
8335.06
7713.74
21568.2
13414
16673.9
11205.8
9979.32
11202.3
6527.65
5158.99
12032.2
7398.99
6015.42
13322.2
8729.64
7392.02
14891.7
10116
8712.27
16671.5
11064.1
9471.06
29600.6
25430.4
28618.8
24220.2
27138.1
22445.5
25817.8
20601
24033.8
18781
11177.9
6491.11
5119.54
12027.6
7400.34
6016.76
13320.5
8729.8
7392.55
14890.5
10115.8
8712.42
16670.3
11063.8
9471.02
29638.9
25460.2
28611.6
24222.1
27135.7
22444.8
25816.6
20600.3
24033
18780.4
)
;
    }
    patch3
    {
        type            calculated;
        value           uniform 0;
    }
    patch4
    {
        type            calculated;
        value           nonuniform List<scalar> 
384
(
6160.16
11968.3
14817
39016.2
50448.4
23023
13522.5
5468.89
11734.2
13152.1
34042.2
33531.3
5926.03
11975
14804.8
39029.6
50472.6
23023.2
13547.7
5159.56
11657.2
13175
34006.8
33588
10900.4
12339.1
36763.7
37925.6
10681.9
12292.9
36178.9
37788.9
10901.3
12340.5
36770.4
37930.2
10683.1
12294.1
36178.6
37791.8
7521.1
7702.91
8129.99
7848.94
2471.05
6231.37
2059.4
4663.54
2867.4
6951.93
2138.87
4804.94
8124.98
7847.08
7522.21
7703.96
4522.65
3355.92
5832.32
4702.1
14802.5
12484.1
3187.09
3786.6
4966.58
5745.85
6718.04
5703.75
7706.87
6266.96
15343.1
12596.3
5574.81
6062.69
6956.17
7665.08
4371.44
3255.79
5830.96
4715.2
14803.3
12485.5
3101.94
3693.02
4980.12
5761.72
6640.66
5625.39
7730.53
6295.02
15347.3
12598.3
5495.4
5974.87
6978.58
7686.56
2864.34
6947.52
2138.06
4803.53
2472.36
6234.25
2059.87
4664.65
45387.6
50284.8
49125.6
51830.3
45393.3
50289.1
49131.7
51835.5
9286.07
4046.08
12438.1
6082.43
17679.7
11143.2
6628.58
4965.33
21590.4
36234.8
26266.5
41047.9
18598
34047.8
17277.2
33476.9
15379.3
6280.18
17699.8
8004.03
21795.7
13241.2
7390.22
5121.69
22908.1
36666.9
28508.2
41944.6
19234.1
34234
17455
33525.2
9143.54
3947.96
12451.8
6100.04
17687.3
11151.7
6631.86
4966.6
21594.4
36237.7
26271
41051.4
18600.9
34050.4
17279.5
33479.3
15275.7
6187.04
17716.4
8027.47
21805.4
13253.2
7394.94
5123.26
22913.7
36670.6
28514
41949.1
19238
34237.1
17457.7
33527.8
15201.9
30463.9
19411.3
34819.5
25358.9
39194.7
35396
25033.4
42908.2
27538.9
44893.9
31172.7
45903.1
38394
15013.7
30215.7
19428.1
34844.3
25367.6
39204.3
35401
24924.8
42772.5
27554.8
44917.9
31181.1
45911.9
38399.6
7743.24
7856.36
7991.72
7997.26
7665.76
6947.09
7144.55
6881.67
6872.4
8426.84
8397.88
8303.18
8086.32
7647.3
6932.93
7131.23
6870.79
6868.3
7732.18
7853.99
7991.17
7997.3
7666.02
6947.44
7144.87
6882.02
6872.77
8424.38
8396.73
8303.2
8086.66
7647.72
6933.36
7131.67
6871.19
6868.69
1321.94
1316.23
1319.4
1291.21
1206.52
1137.17
1150.47
1137.59
1131.68
1399.14
1377.24
1354.7
1301.89
1204.19
1134.32
1147.03
1135.68
1130.99
1312.99
1316.79
1319.45
1291.22
1206.55
1137.22
1150.52
1137.64
1131.74
1390.66
1378
1354.87
1301.96
1204.25
1134.39
1147.1
1135.74
1131.05
281.347
277.945
276.025
267.513
249.335
242.637
242.545
243.924
242.534
293.254
287.563
282.001
269.856
249.393
242.054
241.942
243.528
242.391
279.057
278.05
276.032
267.511
249.338
242.648
242.553
243.936
242.546
290.987
287.7
282.032
269.869
249.405
242.068
241.955
243.542
242.404
62.8459
61.8265
61.096
59.0275
55.1601
54.54
54.1761
54.9699
54.6905
64.9816
63.5964
62.2807
59.5968
55.2789
54.4346
54.1002
54.8915
54.6614
62.3217
61.8429
61.0942
59.0252
55.1599
54.5421
54.1774
54.9724
54.6932
64.4568
63.6179
62.2833
59.5978
55.2807
54.4375
54.1027
54.8944
54.6643
11.0918
10.8801
10.725
10.3512
9.69187
9.65405
9.55882
9.74027
9.68366
11.4195
11.1566
10.9193
10.4553
9.72349
9.63984
9.55353
9.72848
9.67911
10.9994
10.8822
10.7242
10.3505
9.69168
9.65438
9.55897
9.7407
9.68413
11.3266
11.1593
10.9192
10.4552
9.72367
9.64031
9.55392
9.72898
9.6796
)
;
    }
}


// ************************************************************************* //
