/*--------------------------------*- C++ -*----------------------------------*\
  =========                 |
  \\      /  F ield         | OpenFOAM: The Open Source CFD Toolbox
   \\    /   O peration     | Website:  https://openfoam.org
    \\  /    A nd           | Version:  11
     \\/     M anipulation  |
\*---------------------------------------------------------------------------*/
FoamFile
{
    format      ascii;
    class       volScalarField;
    location    "3";
    object      gradTz;
}
// * * * * * * * * * * * * * * * * * * * * * * * * * * * * * * * * * * * * * //

dimensions      [0 -1 0 1 0 0 0];

internalField   nonuniform List<scalar> 
5712
(
6974.71
22932.6
5527.54
23524.7
4158.23
24367.5
6586.39
37668.8
8102.16
51815.6
8029.79
37678.7
7733.23
31233.5
8035.82
27883.5
4859.83
2982.61
12993.6
7677.77
4773.3
2570.14
14273.5
7083.26
5287.29
3796.35
16973.1
11853.4
3995.27
2839.7
16701.6
12050.2
9364.65
3951.3
8060.56
3575.68
3681.03
8698.14
32646.2
8863.83
11667
3966.47
42162.6
11471.5
10975.1
3822.42
23240.6
7222.5
11911.2
4165.46
20140.3
6415.24
5417.45
2685.76
8230.22
3185.85
5856.12
3171.61
8039.33
3061.14
7503.85
4262.11
6925.29
2984.43
10356.9
3703.49
3569.73
1240.32
11696.3
8043.45
7269.53
5284.27
13296.4
10925.2
7270.73
6296.9
6808.91
4540.76
9498.02
6264.54
4812.23
3521.68
2470.16
2017.77
4704.36
4066.67
2465.58
2372.13
4570.99
2962.33
2362.42
1498.29
6028.78
3260.3
4465.61
5447.09
8170.21
5803.19
6404.86
9262.39
4018.56
1892.14
2646.64
3135.29
2009.97
827.78
1147.41
1162.76
6986.57
12564.1
4766.43
14062.9
8243.33
12330.5
5886.78
14781.1
9436.22
11214.7
7636.69
14520.5
11601
14139
8462.84
8083.34
8907.35
14098.3
12715.4
12213
12379.1
18001.8
11447.3
8573.57
7245.69
8080.72
12846
14473
12847.7
16825
16061.3
13251.3
12217.9
16656.6
15759.1
11487.3
11137.6
15676.8
15228.6
10247.8
7975.85
9243.51
7939.79
9938.9
8712.22
10542.9
9966.3
14534.5
14703.6
9594.19
8208.89
8917.63
8355.47
9032.28
9336.99
10089
11096.2
13200.3
15002.5
7846.07
6144.43
5420.58
6946.02
10822.4
13277.9
7533.34
11978.8
4514.06
5995.27
6681.77
5480.92
1273.32
4621.6
680.365
1665.06
3858.03
8083.44
1439.01
2811
542.781
3864.83
324.942
1352.98
4396.48
4475.44
4992.06
3048.18
6927.8
5492.88
8149.28
5538.9
962.471
2445.19
2464.01
1364.96
1390.67
1821.58
1987.4
1494.41
10151.1
6129.32
1911
11524.1
6567.35
2141.82
9728.91
6064.34
2030.43
11368.8
6580.73
2139.89
8956.67
5561.48
1818.31
11127.5
6630.26
2208.49
5114.4
2696.98
705.555
6363.55
4162.01
1450.2
7465.8
5146.04
1772.27
8552.05
5496.73
1817.39
11047.2
6834.32
2391.27
6130.44
3371.53
1044.4
5892
4214.5
1581.27
6885.63
5082.29
1854.01
8628.66
6031.55
2143.76
11157.8
6894.77
2432.54
291.297
1985.77
2781.63
4051.07
2104.32
2439.34
5302.55
5060.12
596.526
1041.68
637.173
1085.64
481.736
1412.85
864.801
1856.56
3197.48
1571.89
4065.96
2353.13
2178.66
3784.65
3364.89
973.277
5915.05
1480.56
-1804.18
781.809
1824.91
1379.94
1271.08
1208.14
9949.77
4740.32
2727.76
1751.2
10111
4937.2
3410.6
2200.3
10001.3
5327.49
4963.96
3588.29
3525.94
2598.35
1797.22
1742.56
12524.1
11162.6
5909.99
6154.08
13254.4
12462.5
6540.8
6616.82
5362.77
5545.72
10941.5
9205.15
3549.74
3716.96
2024.29
2278.32
4049.12
4031
2260.81
2410.3
3167.77
3412.32
1820.2
2195.74
4882.09
3559.46
4922.21
3669.65
7585.01
4735.77
7306.9
5084.81
2970.58
2567.89
3120.25
2377.19
1704.05
1625.52
1985.97
1389.95
11986
8785.51
6321.06
6713.56
11943.2
8942.24
6367.64
6682.48
12352.8
9169.65
6460.58
6472.3
13749.7
14578.4
12764.5
8778.34
5296.16
13828.1
13104
12496.9
10643.5
7363.21
12959.4
11940.6
9767.28
7769.3
5186.61
7860.69
7296.17
7580.04
8994.52
7987.02
7072.68
7600.81
8816.77
8139.33
6835.95
7591.48
8592.32
10451.1
7368.66
10031.9
7062.2
8192.91
6767.67
7961.4
7040.22
6996.35
8430.78
8670.07
7528.52
7889.62
6967.05
6984.56
6470.37
6469.1
6629.7
5565.61
8044.92
7047.43
4798.64
4685.86
2796.24
8982.88
6931.57
6261.25
5013.39
3958.92
2440.51
5754.18
4357.25
4745.52
2252.8
1754.06
1014.39
4934.15
3558.9
1741.27
1439.76
4200.24
1931.96
1664.75
893.054
3485.51
3350.14
3273.99
4930.12
4864.07
4792.45
4215.93
6379.49
3438.18
2351.22
2313.4
3293.33
1079.85
554.927
320.7
672.396
5128.89
2134.9
626.024
6038.82
1547.63
409.399
5119.23
2279.81
696.917
5982.15
1598.92
442.611
4656.75
2201.38
566.744
5808.33
1609.52
374.708
4506.37
2236.19
472.08
4298.78
2050.7
468.228
4455.76
2130.61
570.439
4647.75
2175.32
452.498
5730.57
1560.87
232.798
5779.73
2860.78
739.426
5455.15
2704
729.571
5200.31
2569.18
743.957
5189.62
2199.97
532.8
6178.21
1438.03
347.145
1902.03
692.218
136.38
-225.074
788.342
303.83
82.002
-45.8986
2018.2
760.886
195.41
-139.366
998.7
422.886
199.725
93.5273
2174.83
849.98
294.092
-10.2664
1712.96
818.79
336.797
87.4482
1303.27
759.344
308.846
14.6674
1236.16
839.574
520.815
325.196
1808.87
817.138
268.14
-183.123
1564.02
693.838
310.879
-191.758
2147.92
842.426
272.502
-143.283
1954.24
767.493
306.152
-323.385
1452.05
765.805
327.352
-48.2454
1202.5
618.165
339.923
12.2877
1077.68
682.23
425.036
273.163
829.477
527.698
364.567
225.35
2447.97
838.007
131.686
-447.453
2465.28
777.838
173.927
-618.143
2446.65
851.264
155.62
-424.174
2388.79
757.376
183.148
-597.904
2402.52
856.478
233.997
-304.9
2227.33
717.706
227.208
-491.65
2102.34
791.372
324.729
-48.1273
2441.27
804.705
324.075
-575.961
1894.15
711.626
329.547
-131.802
1986.02
551.788
156.655
-422.936
798.311
201.166
45.9843
-89.3052
2039.83
587.432
178.315
-402.301
827.041
216.867
59.3907
-73.5925
2059.2
627.103
224.018
-353.208
833.75
234.303
77.8958
-53.5672
1850.95
591.75
258.195
-279.506
803.851
241.594
106.126
-18.4887
1688.84
588.913
288.406
-162.522
711.659
253.869
145.521
30.261
1184.35
481.407
240.738
-40.712
664.644
334.349
210.966
117.358
1368.77
486.21
232.402
-112.79
670.613
288.482
178.038
73.9915
952.844
469.254
271.445
52.1949
598.893
356.264
238.096
159.378
671.993
429.744
304.603
198.313
502.888
359.165
263.27
206.063
-19.0346
10.3152
10.397
7.58582
6.0001
-2.33473
6.77372
5.85176
4.19847
3.32352
13.3489
28.2026
21.004
14.486
11.294
32.8802
27.1573
18.1216
12.1829
9.43622
49.4164
50.1112
34.4612
23.4401
18.2316
133.693
91.7223
58.6481
39.0837
30.2011
161.58
108.648
69.3665
46.3113
35.8813
233.496
143.977
89.4939
59.2809
45.879
86.9935
73.2376
48.6953
32.8164
25.3695
91.8948
68.8724
44.8471
30.1532
23.3201
59.9988
58.5087
39.6371
26.9471
20.9293
106.678
70.8766
44.7529
29.909
23.0727
112.981
87.6178
57.5861
38.7452
30.0282
122.195
82.4764
52.6357
35.2016
27.2362
185.801
116.036
72.2709
47.8944
37.0448
155.115
95.7769
59.5538
39.4546
30.4645
-36.5179
5.6576
7.7453
5.82867
4.64566
-20.1138
1.87801
3.04666
2.3392
1.88981
-15.3338
16.8618
14.3128
10.1047
7.95877
-12.5467
5.85146
5.34022
3.81091
3.0345
11.2616
29.8345
21.7425
14.9917
11.78
15.8237
19.0206
12.7566
8.54541
6.69555
70.1213
57.374
37.5733
25.4354
19.8625
46.3561
36.1485
23.2
15.5979
12.1892
127.242
74.8649
45.9448
30.4328
23.4928
1487.23
3406.09
1487.12
3362.34
1607.38
3325.18
1918.98
3462.2
2014.77
3587.99
789.002
1261.07
1318.91
2141.99
407.934
605.705
136.473
194.083
7818.71
1862.42
425.513
94.7238
23.4405
2124.85
571.157
151.6
34.3711
7.43773
7750.57
1830.59
417.731
92.1916
22.979
2161.04
637.044
156.645
36.3147
8.98602
7443.94
1744.99
396.522
87.3672
21.7955
2097.53
616.553
151.232
34.8875
8.66376
6871.47
1595.57
361.292
79.5045
19.8328
2043.36
588.192
142.382
32.5503
8.038
5807.01
1340.84
303.651
66.8891
16.7021
1941.18
543.455
130.066
29.5394
7.27044
2790.91
673.731
155.112
34.3985
8.59766
948.148
269.715
63.9824
14.2676
3.50074
4130.51
983.059
224.623
49.5822
12.3766
1396.33
392.121
93.8747
21.3046
5.27799
1644.7
400.287
92.5746
20.6263
5.16371
527.841
156.371
36.818
8.19913
2.02968
567.224
137.186
31.7799
7.10009
1.77712
209.625
55.8653
12.0552
3.41453
0.644772
160.134
514.656
4434.95
-799.902
735.288
788.029
2296.05
2938.67
1838.6
3460.62
2895.2
4470.71
3486.35
4328.47
1813.12
2444.41
1941.12
2302.1
1010.35
1050.47
2277.45
1678.75
496.507
-486.479
-786.225
-944.351
-302.123
12693.7
2962.26
4126.46
2635.4
-212.391
-80.1399
2916.61
-1461.97
-832.227
-1129.49
-575.533
6972.28
3657.41
1217.46
1020.78
3636.8
1991.07
627.342
1370.61
-1530.16
-899.322
677.706
531.087
8597.97
4284.21
5256.45
2826.17
4075.19
4381.31
1519.57
-929.473
897.161
1630.48
1358.17
1195.25
1107.29
884.256
1338.11
1088.48
863.883
619.792
272.069
438.66
368.102
283.492
183.056
64.3962
-434.328
-362.21
-270.127
-165.892
-55.8503
-702.679
-587.054
-438.974
-270.294
-91.1019
-845.248
-707.498
-530.153
-327.051
-110.355
-262.748
-210.095
-147.595
-84.6956
-27.026
9334.4
8269.6
7255.76
6884.06
6627.93
2707.82
2454.79
2362.81
2031.41
1103
3187.11
2583.16
2232.86
1802.64
970.87
2061.63
1710.49
1533.41
1215.81
521.445
-37.2105
23.4345
148.684
169.097
86.152
28.6647
123.297
177.282
163.721
71.4459
2501.6
2123.17
1705.88
1213.45
508.189
-891.8
-437.545
-172.466
-30.5623
7.64278
-663.411
-473.029
-286.927
-137.133
-35.6413
-801.086
-500.546
-260.721
-103.39
-21.8565
-520.395
-432.07
-315.447
-187.608
-61.0168
5242.58
4840.6
4288.57
4091.18
3972.88
2833.76
2266.31
1922.9
1500.37
754.12
1144.93
1056.99
917.097
672.53
270.67
908.441
789.572
647.389
453.07
175.085
3049.4
2482.14
1916.29
1293.95
506.362
1776.36
1523.08
1212.51
815.822
298.679
550.647
466.739
369.757
248.999
92.1239
1215.51
1025.33
794.113
515.984
183.015
-1328.38
-1073.02
-775.786
-464.579
-153.779
-790.805
-644.927
-467.214
-278.133
-91.3268
613.98
539.186
442.505
306.432
115.138
483.803
427.509
352.397
243.75
90.6849
5603.67
4158.9
3668.63
3489.42
3174.84
3291.74
2586.35
2030
1477.35
680.776
3901.95
3241.66
2674.92
2132.59
1069.26
2271.65
1871.71
1479.66
1057.76
470.715
3487.16
2874.86
2219.53
1475.55
552.59
3335.65
2491.47
2063.75
1589.69
691.537
1334.99
1119.35
867.163
567.397
203.541
-824.597
-680.555
-500.185
-302.135
-100.305
799.493
694.079
567.577
394.735
149.43
-26610.3
-43645.9
-22055.3
-35341.8
-23692
-49750.1
-28363
-63157.1
-16842.3
-11504
-18984.7
-11798.7
-15566.4
-9997.4
-19297.3
-10130.8
-21959.2
-16501.3
-32038.6
-23031.3
-18857.2
-14987.8
-26791.8
-20087.4
-15139.1
-15439.8
-12418.7
-11910.4
-14586
-13770.1
-37109
-10235.3
-14094.3
-5253.7
-45448
-12585.9
-12609.5
-4667.09
-27558.3
-8680.28
-14428.3
-5520.83
-24468.8
-7613.17
-11292.7
-4536.32
-14420.3
-5219.2
-10712.5
-4703.19
-12538.7
-4531.63
-11112.3
-5377.27
-10017.7
-3968.73
-12874.5
-4539.12
-4521.09
-1585.79
-9620.38
-6360.08
-8302.74
-5044.07
-8524.1
-6846.01
-7306.19
-5210.07
-8425.26
-4768.02
-9851.93
-6103.81
-5686.73
-3381.99
-3063.65
-1876.44
-4912.8
-3385.06
-2548.64
-1810.46
-5771.09
-3122.23
-3196.25
-1597.66
-7413.29
-3757.46
-4770.05
-5566.57
-9393.87
-6301.46
-6704.91
-9383.59
-5034.42
-2254.62
-2859.68
-3220.28
-2728.93
-1097.44
-1298.19
-1226.43
-11065
-13427.8
-6224.34
-15164.3
-11507.3
-12817.2
-7148.07
-15509.5
-11637.8
-11685.1
-8521.31
-14771
-7999.64
-6480.54
-8719.78
-9650.89
-9618.04
-8900.01
-10213.8
-11794.4
-12633.3
-17929.5
-6091.3
-6233.4
-6754.75
-8167.05
-12802.3
-12730.3
-8876.16
-16132.7
-12397.1
-11802.7
-8740.2
-15895.8
-12345.8
-10453.6
-8161.5
-14836.8
-12218.8
-7316.72
-5832.39
-7471.99
-5960.42
-8305.36
-6683
-9030.27
-7628.66
-13526.9
-12281.5
-6881.22
-5924.49
-6838.95
-5876.16
-7472.97
-6913.55
-8954.71
-8811.82
-12514.8
-12819.1
-6276.61
-5011.4
-4621.54
-6096.11
-7935.67
-11046.5
-6002.85
-10198.2
-4212.23
-5599.3
-6014.15
-4916.21
-773.62
-4017.3
-221.695
-1183.89
-2874.46
-7017.47
-622.508
-1951.2
-356.829
-3573.72
-127.591
-1109.3
-4321.51
-4315.46
-4974.9
-2979.71
-6688.9
-5192.88
-8046.93
-5274.25
-923.54
-2331.13
-2446.16
-1318.73
-1331.53
-1716.3
-1956.98
-1441.77
-5379.59
-1850.79
-7270.21
-2482.07
-5499.77
-1930.85
-7442.79
-2673.8
-5456.5
-1901.27
-7888.59
-3048.2
-3422.42
-954.332
-4218.93
-1625.43
-4725.79
-1839.95
-5661.43
-2149.3
-8323.59
-3322.78
-4374.06
-1315.52
-3834.03
-1918.79
-4593.89
-2213.5
-6209.49
-2734.21
-8610.8
-3260.2
-5932.83
-5585.28
-4406.49
-4367.65
-9873.16
-7566.61
-7979.07
-6633.95
-4087.17
-3623.64
-1661.42
-1222.88
-3846.28
-3785.88
-1518.54
-1607.4
-2838.04
-4549.25
-3413.22
-4913.45
-3758.43
-2381.33
-3062.97
-420.149
-6491.48
-1652.94
2593.35
516.629
-852.297
-200.324
312.722
765.969
-2550.99
-1892.57
-939.18
-598.265
-2690.13
-2001.72
-1366.58
-674.046
-2990.21
-2388.28
-1785.64
-907.442
-1084
-23.576
731.921
1157.57
-4987.56
-5395.25
-3815.4
-3605.55
-6630.87
-6666.48
-5478.8
-4621.48
-2546.45
-2891.04
-3866.67
-4482.21
-2278.35
-1998.8
-926.771
-860.09
-3496.11
-2753.44
-1751.17
-1377.52
-1292.14
-1482.73
-187.904
-546.673
-1748.02
-1322.88
-2557.16
-1974.69
-2790.7
-2421.53
-3968.59
-3238.54
-610.377
-399.417
-1231.24
-789.759
415.598
545.922
-294.302
146.754
-3783.91
-4852.77
-3346.79
-5050.98
-3737.29
-4813.35
-3426.97
-5044.89
-3905.07
-4422.73
-3609.24
-4792.67
-2788.23
-4575.32
-2472.52
-2299.16
-2641.92
-6918.89
-4992.61
-4743.96
-5105.92
-5530.79
-5540.77
-4737.24
-4129.61
-3993.8
-3351.45
-5854.04
-5964.49
-7874.46
-12160.9
-5511.25
-5346.94
-7551.54
-11577.9
-5012.99
-4861.49
-6968.8
-10654.4
-6785.39
-5226.53
-6223.79
-4769.62
-5584.41
-4499.93
-5888.18
-5505.08
-6438.96
-9861.69
-5504.84
-5216.26
-4768.96
-4826.01
-4432.35
-4740.44
-4753.16
-5739.21
-4623.6
-8735.15
-3906.36
-2820.09
-2658.48
-974.315
-5499.64
-4843.65
-4254.41
-3127.57
-2131.85
-833.145
-3288.7
-2697.87
-3191.8
-975.634
-426.124
126.711
-3540.19
-2311.1
-608.385
-345.164
-2680.93
-765.921
-283.049
178.545
-2066.29
-2234.11
-2364.44
-4457.94
-3212.46
-3732.76
-3392.76
-6231.24
-2111.7
-1432.24
-1281.26
-2689.3
222.151
362.012
783.924
57.6187
-4280.55
-1245.57
-8206.71
-861.577
-3988.21
-1334.67
-7970.01
-893.251
-3032.76
-805.937
-7252.08
-720.38
-2872.84
-635.843
-2711.92
-627.495
-3039.35
-927.527
-3300.71
-627.241
-6826.34
-905.422
-4031.32
-780.407
-3812.24
-617.194
-3994.56
-799.742
-4577.87
-701.022
-7165.02
-873.314
-836.764
-168.114
196.845
485.363
-280.524
-41.1713
78.3872
154.925
-824.605
-130.027
218.313
460.515
-190.957
39.8018
89.8401
99.808
-843.962
-85.775
226.171
414.113
-10.273
268.353
420.785
471.464
588.656
525.069
594.13
629.605
1068.62
779.349
610.869
459.613
-369.715
139.231
429.909
727.984
-308.116
195.989
351.172
735.159
-914.376
-69.3591
289.209
611.624
-709.09
68.4172
318.098
899.496
137.231
344.315
462.373
622.664
53.6945
306.115
354.64
534.733
619.653
532.963
456.389
371.524
432.554
417.776
355.974
342.317
-1336.79
-292.763
233.478
788.854
-1676.89
-349.794
104.78
989.143
-1282.94
-252.439
254.177
803.793
-1612.16
-322.844
106.8
977.906
-1194.07
-191.207
214.191
701.431
-1462.53
-271.605
77.2403
893.156
-799.033
-34.2041
203.683
519.096
-1515.35
-230.109
89.2948
1112.16
-748.297
27.8566
231.704
703.813
-1568.01
-269.725
29.6682
699.921
-684.587
-103.342
30.5698
178.641
-1465.24
-230.829
49.9906
702.678
-651.681
-90.543
35.1287
176.861
-1256.86
-155.089
62.4477
683.778
-555.309
-58.7827
50.2473
185.031
-1031.84
-91.9672
49.7417
615.359
-455.341
-26.4368
53.5574
178.836
-757.496
10.0681
100.943
529.249
-238.54
47.3938
73.0725
175.69
-341.302
148.532
247.675
488.601
101.594
227.404
208.676
245.614
-622.931
41.1121
165.637
503.29
-29.7682
145.564
140.388
210.995
-1.0203
262.801
296.454
442.283
232.256
291.405
255.883
259.634
335.836
357.228
304.935
320.583
362.904
336.247
268.769
239.314
110.418
32.8993
14.0606
8.15573
6.09821
46.955
15.8086
7.19324
4.24251
3.17199
130.286
48.3324
24.2761
15.039
11.4727
75.8004
35.1999
19.5905
12.5532
9.66569
161.159
68.0204
36.7047
23.2119
17.7927
192.727
102.467
60.2864
39.2229
30.3324
213.752
118.298
70.3598
45.8172
35.3618
240.267
145.365
89.3647
58.857
45.5255
192.792
89.9225
50.8116
32.6479
25.2345
163.962
79.5173
45.56
29.3223
22.6655
173.915
73.8859
40.5058
25.6742
19.7247
145.021
74.3577
43.6522
28.222
21.8574
207.623
103.258
59.4752
38.3813
29.6192
168.47
89.9522
53.0911
34.4871
26.695
199.953
118.174
72.2555
47.5161
36.7418
166.572
97.6927
59.5589
39.1181
30.2615
119.311
29.0138
11.2951
6.34015
4.69187
55.2639
11.651
4.26954
2.32408
1.68652
129.365
38.0264
17.3842
10.4423
7.86251
58.9178
14.9339
6.51145
3.85225
2.8626
134.306
46.3588
23.4614
14.5311
10.9956
67.5659
25.3606
13.7505
8.79655
6.6875
150.955
65.4997
36.5942
23.2243
17.7188
89.7502
39.3976
22.4276
14.3384
10.9298
129.249
73.4282
44.3482
28.9319
22.3809
-1719.55
-3228.54
-1760.73
-3228.56
-1904.69
-3243.21
-2080.53
-3320.06
-2007.27
-3331.7
-779.923
-1225.62
-1304.44
-2043.84
-388.556
-578.583
-108.756
-164.526
-8208
-1937.56
-439.87
-97.4388
-24.0083
-2206.44
-593.612
-156.993
-35.4256
-7.62712
-8069.93
-1893.13
-429.952
-94.5303
-23.4808
-2249.23
-662.364
-162.087
-37.4011
-9.21591
-7638.41
-1785.99
-405.047
-89.0804
-22.1783
-2176.42
-638.081
-155.857
-35.8167
-8.86418
-6940.31
-1614.37
-365.861
-80.5164
-20.0757
-2091.18
-602.439
-145.632
-33.2305
-8.19045
-5801.45
-1344.65
-305.206
-67.3135
-16.8177
-1949.46
-549.627
-131.823
-29.9493
-7.36972
-2779.91
-671.653
-154.817
-34.3722
-8.59978
-939.248
-268.662
-63.9735
-14.3027
-3.51656
-4114.65
-981.4
-224.676
-49.6643
-12.4103
-1387.44
-392.899
-94.4177
-21.4665
-5.324
-1637.23
-398.714
-92.2843
-20.5809
-5.15719
-519.032
-154.597
-36.5313
-8.16305
-2.02684
-561.262
-135.95
-31.5331
-7.05544
-1.76887
-200.129
-53.7777
-11.6428
-3.3429
-0.632327
224.469
-995.752
-5201.14
903.17
-6273.3
-2747.82
-6070.17
-2776.3
-10987.5
-5847.64
-12322.2
-6524.33
-137.916
-548.335
-861.062
-1014.51
-912.486
-380.253
-225.872
-848.553
-1287.2
-1419.85
-1144.23
-395.642
-117.29
-125.811
-440.424
-443.779
-630.041
-622.85
-608.151
-573.911
-545.505
-518.304
-430.761
-380.151
844.03
2203.98
3570.27
2527.42
2326.3
1121.76
804.328
2316.22
3741.23
4326.47
3606.78
1643.82
-124.399
-105.186
-79.7309
-49.6965
-16.8769
-495.289
-419.538
-318.612
-198.901
-67.6052
-777.72
-658.729
-500.245
-312.291
-106.148
-916.032
-775.604
-588.793
-367.471
-124.887
-823.717
-697.148
-528.907
-329.878
-112.061
-344.701
-292.49
-221.717
-137.746
-46.6076
-203.637
-172.093
-130.387
-81.2477
-27.5886
-766.074
-648.54
-492.287
-307.231
-104.413
-1161.81
-983.349
-746.335
-465.775
-158.303
-1280.76
-1083.36
-821.859
-512.8
-174.28
-1031.4
-871.778
-660.97
-412.298
-140.118
-357.532
-302.754
-229.58
-143.001
-48.5192
-105.863
-89.5861
-67.9616
-42.3866
-14.3987
-113.62
-96.2154
-73.0418
-45.5807
-15.4887
-397.944
-337.208
-256.178
-159.963
-54.3755
-401.034
-339.879
-258.246
-161.274
-54.8245
-569.228
-482.306
-366.377
-228.759
-77.7587
-562.7
-476.739
-362.122
-226.091
-76.8505
-549.404
-465.436
-353.471
-220.637
-74.9822
-518.231
-438.799
-333.097
-207.866
-70.6355
-492.603
-416.976
-316.265
-197.134
-66.9284
-467.431
-395.158
-299.456
-186.603
-63.3572
-388.968
-328.758
-248.466
-154.137
-52.1359
-342.43
-288.9
-218.3
-135.614
-45.9473
751.797
630.045
477.41
299.998
102.879
1955.1
1634.09
1238.15
780.425
269.039
3132.63
2603.71
1978.57
1262.45
443.637
2202.79
1827.18
1392.93
893.792
315.386
2059.07
1712.72
1298.89
817.456
265.382
1023.53
868.792
667.465
420.456
132.757
717.154
600.959
454.512
284.689
97.344
2060.31
1723.86
1303.84
818.166
280.539
3308.84
2758.77
2087.85
1316.61
454.678
3802.37
3158.49
2392.35
1516.69
527.823
3169.86
2633.47
1996.92
1267.43
439.356
1460
1225.29
936.758
596.996
206.539
304.531
711.892
1018.27
1162.4
1047.41
516.843
455.963
1070.97
1491.69
1592.18
1270.91
478.958
249.027
237.179
566.747
550.718
744.187
718.597
701.946
646.551
627.682
530.115
567.339
422.402
-688.437
-1967.04
-3159.33
-1976.16
-1649.86
-380.015
-735.018
-2203.13
-3490.98
-3876.67
-2960.25
-873.538
275.536
233.884
178.009
111.322
37.8742
643.756
546.057
415.303
259.574
88.2874
920.59
780.663
593.58
370.934
126.153
1050.72
890.85
677.251
423.175
143.912
947.023
803.112
610.603
381.509
129.731
469.844
400.346
305.113
190.569
64.7073
412.467
350.036
266.363
166.561
56.6661
968.103
820.853
624.096
390.003
132.641
1347.84
1142.31
868.174
542.413
184.462
1437.9
1218.02
925.388
578.084
196.596
1147.25
971.422
737.866
460.938
156.773
433.805
368.428
280.314
175.115
59.5193
225.327
191.272
145.578
91.0393
30.9726
214.599
182.153
138.626
86.6845
29.4896
512.573
434.854
330.772
206.754
70.3219
498.08
422.555
321.411
200.898
68.3296
672.934
570.785
434.079
271.285
92.2626
649.745
551.06
419.038
261.866
89.0566
634.801
538.484
409.52
255.923
87.0317
584.476
495.582
376.759
235.402
80.0481
567.949
481.98
366.585
229.039
77.8666
479.126
406.141
308.655
192.784
65.5409
514.479
437.339
332.756
207.702
70.5232
382.028
323.95
246.129
153.609
52.1821
-609.462
-507.582
-382.93
-240.31
-82.4752
-1738.75
-1448.33
-1095.24
-690.463
-238.397
-2754.42
-2275.79
-1723.89
-1101.13
-388.651
-1680.39
-1360.07
-1018.18
-648.648
-229.232
-1411.46
-1129.65
-826.889
-504.379
-152.804
-311.564
-225.863
-145.174
-72.6714
-7.71986
-654.138
-547.163
-413.352
-258.866
-88.5508
-1957.91
-1636.87
-1237.67
-776.899
-266.556
-3079.92
-2561.81
-1935.95
-1220.77
-421.974
-3385.79
-2794.89
-2107.52
-1334.26
-464.843
-2565.76
-2101.34
-1575.85
-994.82
-344.256
-737.43
-586.071
-428.592
-266.509
-90.9077
-1383.35
-876.384
-197.41
740.524
1044.16
1328.93
640.881
-10599.5
-1595.51
-3039.62
-1459.71
303.771
-3941.45
895.224
2535.14
1224.3
-5732.65
-2580.94
-369.579
-488.071
-3299.19
-1198.78
-201.379
-972.467
2239.04
1431.6
-464.002
-104.029
-7572.53
-3523.65
-4142.36
-1990.92
-3473.35
-3200.53
-1013.21
1456.33
-309.631
-666.893
-449.152
-411.136
-544.545
-652.161
-538.345
-346.18
-243.308
-192.206
-110.458
-162.602
-128.106
-96.4082
-63.9055
-23.4892
669.868
568.082
431.564
269.296
91.5013
942.148
796.687
603.631
375.909
127.546
1199.19
1014.31
768.913
479.15
162.654
580.794
491.833
371.207
229.15
77.0379
-7680.81
-6985.46
-6440.16
-6704.64
-7192.66
-1027.83
-718.895
-897.17
-1088.37
-789.422
-2139.3
-1597.81
-1432.33
-1303.57
-830.633
-938.159
-629.709
-604.196
-564.032
-261.647
277.492
223.84
145.555
65.2905
11.0563
-3301.49
-2725.31
-2122.98
-1466.76
-600.238
809.532
677.053
498.85
297.425
95.523
2209.39
1810.46
1343.34
830.384
281.931
1100.12
923.638
693.485
427.737
143.712
-4045.28
-3829.68
-3553.8
-3741.37
-4079.68
-1770.93
-1280.39
-1123.71
-991.6
-594.84
-287.066
-249.622
-248.291
-231.008
-118.205
-392.951
-320.474
-268.172
-206.599
-90.4819
-2761.49
-2250.11
-1751.22
-1202.03
-481.757
-1011.6
-828.992
-651.892
-450.013
-171.383
-150.682
-112.353
-88.6711
-67.786
-29.6139
-842.531
-696.148
-534.404
-349.529
-125.844
2001.54
1676.15
1259.86
780.503
263.913
1290.5
1087.83
819.31
506.133
170.42
-389.126
-319.378
-254.801
-179.788
-70.7132
-73.8027
-56.5351
-53.1227
-48.6644
-23.0569
-4633.92
-3278.62
-2958.94
-3052.49
-3098.67
-2563.54
-1926.57
-1494.1
-1123.55
-556.116
-2766.45
-2206.24
-1821.19
-1569.89
-852.455
-1471.22
-1145.78
-891.765
-672.637
-338.447
-2923.44
-2376.43
-1826.85
-1225.39
-467.749
-2211.74
-1456.93
-1235.19
-1062.3
-515.168
-863.695
-705.962
-542.758
-360.332
-132.627
1314.77
1110.7
838.848
519.751
175.456
-236.742
-186.327
-159.296
-129.496
-57.7421
-0.79095
42.9309
105.918
143.817
113.305
11.0106
-18788.2
-16582.7
-15867.6
-18080.3
-13767
-10897.5
-12453
-9462.04
-16222.8
-14176.1
-14945.9
-14019
-13112.2
-11161.6
-13764.9
-15440.8
-13796.9
-12741.1
-14368.5
-11595.4
-9825.32
-10418.3
-8365.82
-14528
-12859.5
-13382
-12149.2
-11583.4
-10831.3
-11137
-12108
-11094.1
-10089.6
-11036.1
-9626.65
-8265.06
-8710.37
-7497.06
-12143.6
-10972.9
-11302.7
-10256
-9828.09
-9096.85
-9308.33
-8440.45
-7939.85
-7128.85
-7556.92
-7123.54
-6388.88
-6482.09
-5947.26
-8717.28
-8780.28
-8223.95
-8266.38
-7328.47
-6621.82
-7331.35
-5392.66
-5153.67
-4595.99
-4794.05
-4771.03
-4320.17
-4286.44
-3969.26
-5766.82
-5742.78
-5510.61
-5363.44
-5013.7
-4528.6
-4879.34
-1940.69
-1871.55
-1664.85
-1723.47
-1763.11
-1649.57
-1572.8
-1468.89
-2190.65
-2176.2
-2047.63
-1940.79
-1885.24
-1730.95
-1845.35
-7283.99
-7194.25
-10754.6
-11582.6
-6887.53
-6136.26
-9454.17
-7707.85
-5844.47
-4522.88
-5808.7
-4479.8
-5856.7
-5590.87
-4539.17
-7287
-6928.26
-9581.01
-10441.3
-6450.39
-5862.37
-8348.52
-7217.21
-5866.6
-4102.52
-5768.78
-4299.08
-5297.17
-5087.67
-4642.76
-6703.58
-6405.97
-8149.16
-8729.1
-6039.46
-5642.8
-7309.97
-6496.25
-4950.38
-4545.39
-4937.89
-4745.78
-4636.43
-4622.01
-4864.33
-5478.79
-5289.44
-6141.59
-6441.72
-5037.35
-4729.5
-5701.17
-5223.7
-4831.59
-4192.6
-4751.71
-4423.31
-4462.09
-4405.96
-4445.68
-3822.75
-3712.15
-4082.2
-4232.25
-3457.06
-3211.16
-3854.96
-3551.57
-3446.88
-3273.61
-3366.31
-3399.35
-3156.96
-3079.22
-3195.86
-1431.46
-1391
-1496.5
-1544.36
-1288.67
-1187.15
-1420.95
-1311.97
-1137.54
-1208.81
-1211.57
-1295.31
-1175.87
-1133.57
-1172.46
6943.01
22458.2
5496.97
23522.5
4142.4
24369.2
6582.29
37676.8
8097.4
51826.8
8013.78
37675.3
7700.21
31216.7
8012.92
27277.6
4852.87
2980.96
12994.4
7677.88
4771.83
2569.96
14276.7
7084.38
5254.16
3770.73
16632.4
11630.7
3975.26
2831.36
16715.4
12066.9
9370.44
3944.83
8060.97
3573.39
3676.43
8705.57
32655
8865.06
11669
3966.51
42172.5
11473.7
10977.3
3823.07
23252.6
7224.68
11914.6
4166
20156.1
6418.08
5363.63
2659.56
8084.15
3131.13
5856.78
3172.06
8052.91
3066.26
7502.93
4262.25
6929.68
2986.53
10365.4
3706.71
3571.79
1241.12
11695.3
8042.77
7269.36
5284.07
13294.9
10924
7270.86
6296.74
6809.01
4540.72
9497.27
6264.25
4812.59
3521.69
2469.82
2017.59
4704.98
4066.8
2465.65
2372.13
4571.74
2962.39
2362.2
1498.1
6029.55
3260.81
4465.77
5447.36
8170.06
5803.46
6404.92
9262.75
4019.82
1892.69
2646.79
3135.47
2010.1
827.871
1147.3
1162.77
6943.2
12558.2
4736.06
14053
8245.15
12326.4
5889.72
14778.1
9436.35
11213.6
7637.38
14519.8
11600.1
14136.9
8462.4
8083.72
8908.03
14096.4
12714.3
12212.2
12378.7
18001.8
11445.7
8572.71
7245.28
8080.7
12846.4
14493.9
12882.9
16829
16043.3
13244.6
12212.8
16648.9
15754.2
11484.8
11134.2
15675.4
15226.7
10246.5
7974.85
9242.46
7938.76
9937.82
8710.91
10541.4
9964.51
14533.8
14702.5
9593.09
8207.9
8916.82
8354.5
9031.6
9336.02
10088.4
11095.3
13200.3
15002
7845.59
6144.18
5420.38
6945.97
10821.4
13277.2
7532.94
11978.4
4514
5995.35
6681.53
5480.82
1273.19
4621.59
680.281
1665.03
3857.91
8083.27
1439.01
2810.97
542.687
3864.88
324.834
1352.95
4396.57
4475.54
4992.26
3048.25
6927.79
5492.9
8149.51
5538.94
962.46
2445.24
2464.1
1364.99
1390.65
1821.6
1987.44
1494.43
10176.1
6141.81
1918.45
11529.5
6575.85
2144.73
9725.38
6063.23
2030.3
11365.6
6579.07
2139.64
8954.24
5560.24
1817.99
11125.6
6628.97
2208.12
5113.65
2696.48
705.388
6362.62
4161.37
1449.99
7464.56
5145.2
1771.99
8550.4
5495.69
1817.07
11046
6833.33
2390.92
6129.65
3371
1044.21
5891.09
4213.8
1581
6884.61
5081.47
1853.7
8627.61
6030.67
2143.42
11156.9
6893.9
2432.19
296.588
1987.82
2795.57
4055.44
2106.65
2440.41
5310.32
5062.64
579.841
1028.97
618.219
1068.58
486
1412.56
869.142
1855.82
3209.39
1577.04
4070.5
2354.43
2182.35
3792.45
3369.49
977.1
5917.82
1482.54
-1792.49
789.975
1830.5
1385
1280.57
1215.72
9960.96
4735.62
2716.32
1742.68
10102.5
4937.24
3408.61
2200.23
9996.54
5326.61
4965.38
3588.01
3529.88
2598.87
1802.05
1744.32
12520.6
11160.7
5910.97
6154.17
13251.9
12460.8
6541.35
6616.83
5363.81
5545.75
10938
9203.48
3551.86
3717.55
2026.02
2278.91
4050.41
4031.38
2261.65
2410.6
3170.18
3412.9
1822.44
2196.42
4882.52
3559.51
4922.14
3669.59
7582.73
4735.14
7305.71
5084.27
2972.35
2568.46
3120.7
2377.45
1706.14
1626.54
1986.59
1390.4
12015.2
8791.5
6322.73
6714.29
11935.2
8941.62
6366.48
6682.48
12345.3
9166.32
6458.97
6471.16
13744.9
14574.9
12759.5
8774.93
5295.16
13825.3
13100.2
12492.7
10640.1
7361.87
12957.1
11937.9
9764.9
7767.57
5185.9
7861.51
7302.34
7575.98
8988.45
7984.88
7072.28
7598.29
8815.72
8137.17
6834.41
7590.68
8591.72
10449.3
7367.51
10029.5
7060.81
8190.55
6766.2
7959.3
7038.77
6995.34
8429.89
8668.54
7527.33
7887.73
6965.69
6982.75
6469.04
6467.66
6628.54
5564.83
8044.03
7045.89
4797.66
4685.37
2795.79
8981.5
6930.65
6260.77
5012.92
3958.5
2440.14
5752.88
4356.39
4745.52
2252.68
1754.32
1014.5
4934.11
3558.75
1741.41
1439.81
4200.25
1931.87
1665.06
893.185
3485.2
3349.77
3273.79
4929.74
4863.16
4791.72
4215.45
6378.86
3438.19
2351.12
2313.44
3293.2
1080.16
555.068
320.99
672.516
5135.62
2141.01
628.965
6045.54
1557.15
411.814
5117.68
2279.96
696.935
5979.69
1597.25
442.649
4655.65
2201.02
566.718
5807.51
1608.85
374.566
4505.62
2235.76
471.94
4297.97
2050.27
468.096
4454.87
2130.19
570.319
4646.79
2174.87
452.363
5729.88
1560.5
232.68
5778.91
2860.31
739.26
5454.26
2703.54
729.418
5199.43
2568.73
743.816
5188.81
2199.56
532.661
6177.56
1437.8
347.074
1894.54
687.862
133.71
-226.12
780.613
299.864
80.0724
-46.7418
2018.56
760.977
195.377
-139.575
998.861
422.94
199.664
93.3787
2174.78
849.967
294.061
-10.3857
1712.86
818.78
336.786
87.3546
1303.37
759.412
308.906
14.6798
1236.75
839.849
520.962
325.259
1808.91
817.181
268.173
-183.13
1564.07
693.894
310.922
-191.716
2147.78
842.402
272.504
-143.319
1954.14
767.484
306.164
-323.361
1452.27
765.931
327.432
-48.2068
1202.68
618.28
339.999
12.3408
1078.13
682.458
425.165
273.229
829.759
527.867
364.674
225.42
2447.04
836.936
130.042
-448.682
2467.97
778.485
173.257
-620.005
2446.19
851.034
155.558
-424.298
2388.28
757.177
183.195
-597.81
2402.15
856.347
233.978
-304.914
2226.87
717.545
227.21
-491.57
2102.04
791.262
324.688
-48.1829
2440.87
804.587
324.06
-575.905
1893.97
711.575
329.525
-131.851
1991.84
553.94
156.934
-425.65
802.114
202.385
46.1254
-90.3651
2037.05
586.57
178.153
-401.871
825.855
216.533
59.3023
-73.4014
2058.59
626.867
224.007
-353.085
833.424
234.185
77.8793
-53.4863
1850.58
591.615
258.17
-279.446
803.666
241.521
106.107
-18.4633
1688.61
588.838
288.384
-162.495
711.55
253.825
145.501
30.2619
1184.36
481.445
240.769
-40.6761
664.669
334.373
210.98
117.369
1368.67
486.198
232.407
-112.764
670.567
288.466
178.027
73.9892
952.957
469.343
271.507
52.2481
598.994
356.336
238.142
159.411
672.192
429.879
304.693
198.382
503.051
359.28
263.346
206.119
-20.3419
9.44947
9.84239
7.20024
5.68726
-3.20958
6.16959
5.44148
3.8976
3.07159
13.3374
28.1993
20.9982
14.4798
11.2835
32.8874
27.1698
18.1328
12.1936
9.43569
49.3779
50.0839
34.4349
23.4152
18.2035
133.65
91.6884
58.6178
39.0576
30.1765
161.583
108.647
69.3652
46.3113
35.8877
233.527
143.994
89.5033
59.2873
45.8867
86.9629
73.2088
48.6672
32.7898
25.3432
91.8803
68.858
44.8328
30.1396
23.307
59.9661
58.4831
39.6132
26.9253
20.9087
106.643
70.8519
44.7312
29.8899
23.0564
112.979
87.609
57.5748
38.7335
30.0169
122.198
82.4738
52.6306
35.1959
27.2308
185.83
116.05
72.2783
47.8986
37.0483
155.142
95.7906
59.561
39.4588
30.4677
-37.3164
5.23422
7.52645
5.70792
4.58299
-20.4776
1.72271
2.97666
2.306
1.89014
-15.2634
16.9168
14.3649
10.1586
8.03645
-12.4578
5.92043
5.40603
3.87738
3.11778
11.3041
29.883
21.7905
15.0406
11.8405
15.8588
19.0602
12.7963
8.586
6.74609
70.1148
57.3817
37.5836
25.4483
19.885
46.367
36.1692
23.2223
15.6222
12.2231
127.194
74.8366
45.9215
30.4136
23.4795
1460.31
3388.27
1486.26
3360.38
1606.87
3324.62
1918.65
3461.8
2014.62
3587.77
788.985
1261.05
1318.87
2141.92
407.912
605.692
136.431
194.053
7824.49
1861.3
425.171
94.6409
23.42
2141.09
575.478
152.494
34.5653
7.49014
7746.4
1829.26
417.378
92.1062
22.9563
2156.34
635.655
156.298
36.2268
8.96349
7443.94
1744.89
396.473
87.3514
21.7904
2096.61
616.249
151.147
34.8666
8.65811
6871.39
1595.51
361.264
79.4952
19.8297
2043.04
588.079
142.348
32.541
8.03534
5807.06
1340.83
303.642
66.8852
16.7006
1941.06
543.411
130.051
29.5349
7.26904
2791.01
673.752
155.115
34.3989
8.59763
948.146
269.711
63.98
14.2667
3.5004
4130.62
983.075
224.623
49.5815
12.3762
1396.31
392.107
93.869
21.3027
5.27734
1644.77
400.301
92.5773
20.6267
5.16376
527.841
156.37
36.8168
8.19866
2.0295
567.243
137.19
31.7807
7.1002
1.77713
209.618
55.8626
12.0542
3.41426
0.644675
167.777
518.868
4442.65
-786.922
697.885
747.749
2299.05
2942.14
1846.62
3470.13
2897.58
4473.86
3485.88
4328.23
1814.5
2446.49
1939.87
2300.89
951.717
988.893
2277.42
1678.72
496.464
-486.472
-786.206
-944.327
-302.139
12692.9
2961.76
4126.07
2635.02
-212.544
-80.255
2916.33
-1462.1
-832.299
-1129.59
-575.535
6971.94
3657.13
1217.25
1020.66
3636.58
1990.91
627.286
1370.51
-1530.16
-899.329
677.606
531.002
8597.71
4284.06
5256.24
2826.04
4074.98
4381.04
1519.46
-929.47
897.056
1630.48
1358.19
1195.28
1107.3
884.243
1338.09
1088.48
863.893
619.802
272.073
438.619
368.066
283.462
183.037
64.3893
-434.323
-362.205
-270.123
-165.89
-55.8496
-702.662
-587.04
-438.963
-270.287
-91.0996
-845.226
-707.48
-530.138
-327.042
-110.352
-262.764
-210.109
-147.607
-84.7033
-27.0288
9333.47
8268.63
7254.84
6883.27
6627.31
2707.32
2454.31
2362.37
2031.07
1102.85
3186.71
2582.77
2232.51
1802.38
970.749
2061.26
1710.15
1533.11
1215.58
521.35
-37.3457
23.3126
148.579
169.02
86.121
28.5551
123.197
177.199
163.664
71.4249
2501.33
2122.91
1705.66
1213.29
508.124
-891.912
-437.649
-172.555
-30.6261
7.61928
-663.479
-473.091
-286.979
-137.169
-35.6543
-801.179
-500.63
-260.792
-103.439
-21.8743
-520.398
-432.073
-315.45
-187.61
-61.0178
5242.18
4840.17
4288.16
4090.8
3972.56
2833.47
2266.04
1922.66
1500.19
754.037
1144.72
1056.8
916.935
672.418
270.628
908.321
789.461
647.297
453.006
175.062
3049.18
2481.93
1916.11
1293.83
506.312
1776.21
1522.94
1212.39
815.744
298.651
550.594
466.692
369.718
248.972
92.1144
1215.41
1025.24
794.038
515.934
182.997
-1328.37
-1073.01
-775.782
-464.577
-153.778
-790.811
-644.934
-467.221
-278.137
-91.3286
613.885
539.099
442.433
306.383
115.12
483.723
427.436
352.336
243.709
90.6702
5603.39
4158.64
3668.38
3489.17
3174.62
3291.6
2586.22
2029.9
1477.27
680.737
3901.73
3241.45
2674.73
2132.43
1069.19
2271.53
1871.6
1479.57
1057.7
470.685
3486.95
2874.67
2219.37
1475.44
552.549
3335.37
2491.21
2063.53
1589.52
691.465
1334.88
1119.25
867.081
567.342
203.521
-824.594
-680.553
-500.185
-302.135
-100.305
799.392
693.986
567.5
394.682
149.411
-26704.3
-43368.4
-22013.8
-35388.6
-23642.5
-49800.5
-28523.4
-62909.6
-16829.4
-11499.2
-19003
-11801.7
-15555
-9993.79
-19314.1
-10132.8
-22012.4
-16535.7
-31813
-22868.5
-18823.8
-14966.2
-26829.1
-20114.2
-15152.9
-15428.3
-12421.6
-11903.9
-14575
-13783.3
-37142.3
-10243.2
-14101.6
-5257.47
-45475.6
-12592.6
-12613.9
-4669.36
-27585.7
-8687.79
-14437.2
-5525.33
-24498.1
-7619.79
-11299.1
-4525.32
-14314
-5176.07
-10707
-4702.15
-12555.5
-4537.81
-11107.1
-5376.27
-10023.6
-3971.3
-12887.9
-4543.75
-4525.24
-1587.24
-9617.89
-6358.95
-8303.25
-5044.1
-8521.95
-6844.78
-7306.26
-5209.84
-8426.1
-4768.22
-9849.56
-6103
-5689.07
-3382.6
-3065.06
-1876.85
-4914.2
-3385.34
-2549.3
-1810.58
-5773.88
-3122.9
-3197.95
-1598.12
-7414.36
-3758.08
-4770.35
-5566.96
-9392.33
-6301.41
-6704.58
-9383.96
-5037
-2255.57
-2860.26
-3220.64
-2730.35
-1097.96
-1298.56
-1226.63
-11071.2
-13437.1
-6208.65
-15176.8
-11502.9
-12812.6
-7150.01
-15507
-11633.4
-11682.9
-8521.03
-14770.6
-7997.1
-6478.41
-8717.13
-9649.2
-9618.31
-8897.28
-10210.6
-11791.3
-12631.4
-17929.7
-6089.79
-6231.84
-6753.51
-8166.44
-12802.7
-12747.4
-8896.01
-16166.3
-12389.5
-11800.9
-8734.77
-15890.3
-12343.8
-10452.3
-8160.11
-14836.4
-12218.3
-7314.74
-5831.25
-7469.65
-5959.12
-8303.36
-6681.82
-9028.92
-7627.71
-13526.7
-12281.3
-6879.92
-5923.47
-6837.55
-5875.04
-7471.84
-6912.64
-8954.09
-8811.29
-12515.1
-12819.1
-6275.73
-5011.04
-4621.3
-6096.05
-7934.65
-11045.8
-6002.41
-10197.8
-4212.18
-5599.42
-6013.58
-4916.04
-773.68
-4017.37
-221.834
-1183.99
-2874.35
-7017.29
-622.504
-1951.16
-356.958
-3573.9
-127.776
-1109.44
-4321.65
-4315.64
-4975.21
-2979.88
-6688.75
-5192.92
-8047.26
-5274.44
-923.717
-2331.31
-2446.39
-1318.87
-1331.76
-1716.48
-1957.19
-1441.9
-5388.5
-1852.2
-7268.08
-2481.75
-5498.16
-1930.29
-7441.71
-2673.06
-5455.68
-1901.02
-7888.1
-3047.92
-3421.87
-954.167
-4218.31
-1625.24
-4725.18
-1839.76
-5660.84
-2149.1
-8323.38
-3322.65
-4373.43
-1315.3
-3833.33
-1918.54
-4593.29
-2213.28
-6209.1
-2734.05
-8610.72
-3260.12
-5931.34
-5583.91
-4403.81
-4366.57
-9868.37
-7564.31
-7979.81
-6633.85
-4083.63
-3620.56
-1656.21
-1218.73
-3847.69
-3784.22
-1517.04
-1603.28
-2835.7
-4549.11
-3411.97
-4912.83
-3758.53
-2378.7
-3062.04
-418.156
-6492.42
-1652.94
2595.76
521.054
-850.546
-197.147
315.993
770.678
-2548.49
-1894.41
-938.321
-599.506
-2689.23
-2002.84
-1363.7
-673.96
-2990.19
-2388.56
-1783.08
-905.983
-1080.63
-21.4352
735.891
1159.8
-4986.55
-5394.32
-3814.55
-3604.85
-6629.35
-6665.34
-5478.33
-4620.97
-2545.47
-2890.27
-3866.06
-4481.46
-2277.48
-1998.19
-925.431
-859.38
-3496.24
-2753.22
-1750.8
-1377.2
-1290.74
-1481.93
-186.005
-545.792
-1747
-1322.15
-2556.43
-1974.13
-2790.43
-2421.35
-3967.99
-3238.13
-608.728
-398.272
-1230.43
-789.146
417.605
547.145
-293.452
147.347
-3781.51
-4853.27
-3344.99
-5042.47
-3740.13
-4817.6
-3428.28
-5047.11
-3905.98
-4423.31
-3609.83
-4793.36
-2787.4
-4573.85
-2472.15
-2299.16
-2641.93
-6916.97
-4991.52
-4743.5
-5105.93
-5530.98
-5539.54
-4736.34
-4128.99
-3993.38
-3351.18
-5852.11
-5956.86
-7847.23
-12133.6
-5510.41
-5350.87
-7549.85
-11577.3
-5013.05
-4860.99
-6969.58
-10655
-6783.93
-5225.66
-6222.87
-4769.01
-5583.97
-4499.54
-5888.09
-5504.79
-6439.17
-9861.75
-5503.86
-5215.47
-4768.3
-4825.45
-4431.95
-4740.07
-4752.95
-5738.97
-4623.51
-8734.98
-3905.78
-2819.7
-2658.03
-974.029
-5498.82
-4843.08
-4253.93
-3127.2
-2131.44
-832.906
-3288.32
-2697.6
-3191.35
-975.37
-425.782
126.909
-3539.89
-2310.86
-608.199
-345.027
-2680.42
-765.664
-282.629
178.76
-2065.93
-2233.85
-2364.13
-4457.63
-3212.2
-3732.54
-3392.57
-6230.98
-2111.23
-1431.97
-1280.89
-2689
222.53
362.202
784.209
57.8033
-4279.11
-1249.34
-8203.36
-864.698
-3983.66
-1332.8
-7964.31
-889.515
-3031.55
-805.245
-7251.66
-719.716
-2872.4
-635.709
-2711.56
-627.371
-3038.99
-927.359
-3300.23
-626.954
-6826.2
-905.257
-4030.82
-780.236
-3811.85
-617.064
-3994.26
-799.629
-4577.62
-700.911
-7164.86
-873.267
-838.289
-170.493
194.46
482.297
-280.55
-42.3922
76.5868
152.974
-825.062
-130.113
218.459
460.943
-190.96
39.885
90.0372
100.093
-843.957
-85.6836
226.311
414.38
-9.54757
268.741
421.028
471.697
589.635
525.546
594.366
629.743
1069.58
779.814
611.107
459.749
-369.279
139.492
430.085
728.144
-307.76
196.215
351.321
735.263
-914.169
-69.2038
289.329
611.787
-708.801
68.6148
318.233
899.614
137.824
344.631
462.552
622.785
54.0739
306.344
354.787
534.831
620.243
533.266
456.562
371.635
432.908
417.985
356.109
342.409
-1338.89
-294.718
232.799
788.131
-1680.02
-351.49
104.467
990.495
-1283.04
-252.493
254.088
803.949
-1611.84
-322.77
106.614
977.762
-1194.04
-191.156
214.194
701.516
-1462.42
-271.552
77.1643
893.092
-798.822
-34.046
203.781
519.245
-1515.24
-230.024
89.3057
1112.19
-748.06
28.0277
231.832
703.992
-1571.31
-271.317
29.3829
703.165
-687.168
-104.158
30.6848
180.083
-1462.76
-230.317
49.8588
701.991
-650.559
-90.3538
35.1198
176.556
-1256.41
-154.933
62.367
683.619
-555.061
-58.7072
50.2213
184.906
-1031.64
-91.8473
49.747
615.321
-455.22
-26.3732
53.5643
178.802
-757.309
10.2056
101.009
529.28
-238.434
47.4712
73.1149
175.709
-341.077
148.684
247.78
488.681
101.779
227.544
208.775
245.691
-622.761
41.2328
165.718
503.35
-29.6245
145.675
140.464
211.051
-0.759513
262.973
296.57
442.368
232.462
291.558
255.99
259.716
336.088
357.394
305.046
320.665
363.105
336.391
268.867
239.388
109.268
32.2615
13.682
7.9244
5.93378
46.2001
15.424
6.99317
4.14067
3.11254
130.393
48.3946
24.3197
15.0707
11.503
75.8602
35.2288
19.6062
12.5606
9.68042
161.273
68.0934
36.7611
23.2574
17.8372
192.829
102.541
60.3452
39.2694
30.3732
213.814
118.339
70.3888
45.837
35.3712
240.334
145.406
89.3927
58.8768
45.5389
192.89
89.9909
50.8658
32.6928
25.2755
164.04
79.5675
45.5974
29.352
22.6915
174.008
73.9482
40.5542
25.7131
19.759
145.113
74.4167
43.697
28.2575
21.8868
207.699
103.311
59.5143
38.4124
29.646
168.536
89.9942
53.1211
34.5101
26.7143
200.014
118.21
72.2802
47.5342
36.7561
166.623
97.723
59.5788
39.1326
30.2733
118.843
28.6253
11.0009
6.11995
4.49022
55.224
11.528
4.16056
2.23781
1.59339
129.284
37.9773
17.3386
10.3931
7.78835
58.7972
14.8565
6.44228
3.78377
2.77762
134.296
46.332
23.4284
14.4927
10.9433
67.5417
25.3303
13.718
8.76115
6.64098
151.011
65.5235
36.6058
23.227
17.7086
89.7638
39.3947
22.4184
14.3235
10.9033
129.352
73.4917
44.3963
28.9689
22.4083
-1701.5
-3217.17
-1760.1
-3227.17
-1904.52
-3243.04
-2080.46
-3319.96
-2007.29
-3331.7
-780.007
-1225.7
-1304.5
-2043.89
-388.638
-578.656
-108.822
-164.582
-8219.57
-1937.15
-439.628
-97.371
-23.9904
-2224.51
-598.299
-157.956
-35.6317
-7.68175
-8066.72
-1891.94
-429.62
-94.4477
-23.4586
-2244.8
-661.008
-161.742
-37.3129
-9.19324
-7639.17
-1786.05
-405.027
-89.0696
-22.1743
-2175.81
-637.841
-155.783
-35.7976
-8.85886
-6940.66
-1614.42
-365.855
-80.5115
-20.0735
-2091.09
-602.382
-145.609
-33.2234
-8.1882
-5801.73
-1344.7
-305.211
-67.3126
-16.8169
-1949.49
-549.623
-131.816
-29.9466
-7.36871
-2780.07
-671.689
-154.824
-34.3735
-8.59998
-939.296
-268.673
-63.9749
-14.3027
-3.51644
-4114.87
-981.446
-224.684
-49.6653
-12.4103
-1387.49
-392.908
-94.4176
-21.4658
-5.32363
-1637.33
-398.737
-92.2892
-20.5819
-5.15739
-519.07
-154.606
-36.5329
-8.16323
-2.02683
-561.303
-135.959
-31.5351
-7.05587
-1.76897
-200.155
-53.7839
-11.644
-3.34318
-0.632374
227.485
-996.625
-5205.48
904.543
-6282.83
-2746.56
-6069.4
-2774.69
-10977.4
-5840.13
-12360.4
-6528.39
-137.905
-548.307
-861.022
-1014.46
-912.448
-380.241
-225.856
-848.51
-1287.14
-1419.78
-1144.18
-395.627
-117.281
-125.803
-440.401
-443.757
-630.011
-622.821
-608.124
-573.886
-545.483
-518.283
-430.749
-380.138
843.983
2203.86
3570.1
2527.31
2326.22
1121.74
804.289
2316.11
3741.06
4326.29
3606.64
1643.78
-124.389
-105.178
-79.7246
-49.6925
-16.8756
-495.264
-419.516
-318.596
-198.891
-67.6016
-777.683
-658.698
-500.221
-312.276
-106.143
-915.99
-775.568
-588.766
-367.454
-124.881
-823.682
-697.118
-528.884
-329.863
-112.056
-344.691
-292.482
-221.711
-137.742
-46.6064
-203.622
-172.081
-130.378
-81.2416
-27.5865
-766.035
-648.507
-492.261
-307.215
-104.408
-1161.76
-983.302
-746.299
-465.752
-158.295
-1280.71
-1083.31
-821.82
-512.775
-174.272
-1031.35
-871.738
-660.939
-412.279
-140.112
-357.518
-302.742
-229.571
-142.995
-48.5173
-105.856
-89.5794
-67.9564
-42.3833
-14.3976
-113.612
-96.2089
-73.0368
-45.5776
-15.4876
-397.924
-337.191
-256.165
-159.955
-54.3727
-401.014
-339.862
-258.233
-161.266
-54.8217
-569.201
-482.283
-366.359
-228.748
-77.7549
-562.674
-476.717
-362.104
-226.081
-76.8468
-549.38
-465.415
-353.455
-220.627
-74.9787
-518.208
-438.78
-333.082
-207.856
-70.6322
-492.583
-416.959
-316.252
-197.126
-66.9257
-467.411
-395.142
-299.443
-186.595
-63.3545
-388.957
-328.749
-248.459
-154.133
-52.1346
-342.419
-288.89
-218.292
-135.61
-45.9457
751.753
630.006
477.379
299.978
102.872
1954.99
1633.99
1238.07
780.376
269.022
3132.46
2603.57
1978.45
1262.37
443.609
2202.69
1827.09
1392.86
893.748
315.371
2059
1712.66
1298.85
817.431
265.376
1023.52
868.791
667.471
420.464
132.762
717.117
600.926
454.486
284.672
97.3382
2060.21
1723.77
1303.77
818.12
280.524
3308.69
2758.63
2087.74
1316.54
454.652
3802.2
3158.34
2392.23
1516.61
527.795
3169.74
2633.36
1996.84
1267.38
439.337
1459.96
1225.26
936.741
596.986
206.536
304.523
711.866
1018.24
1162.36
1047.37
516.828
455.95
1070.93
1491.63
1592.12
1270.86
478.942
249.02
237.172
566.726
550.697
744.159
718.57
701.919
646.526
627.66
530.095
567.323
422.388
-688.397
-1966.94
-3159.17
-1976.05
-1649.76
-379.966
-734.982
-2203.03
-3490.82
-3876.49
-2960.1
-873.469
275.528
233.878
178.004
111.319
37.8731
643.733
546.037
415.288
259.564
88.2841
920.554
780.632
593.557
370.92
126.148
1050.68
890.816
677.225
423.158
143.907
946.988
803.082
610.58
381.495
129.726
469.831
400.335
305.105
190.564
64.7057
412.455
350.026
266.356
166.557
56.6645
968.067
820.822
624.073
389.988
132.636
1347.79
1142.26
868.14
542.391
184.455
1437.84
1217.97
925.351
578.061
196.588
1147.21
971.384
737.836
460.919
156.767
433.791
368.416
280.305
175.109
59.5174
225.321
191.267
145.574
91.0368
30.9717
214.592
182.147
138.622
86.6819
29.4887
512.554
434.838
330.759
206.746
70.3193
498.061
422.539
321.399
200.891
68.327
672.908
570.763
434.063
271.275
92.259
649.72
551.038
419.022
261.856
89.0531
634.776
538.463
409.505
255.913
87.0284
584.453
495.562
376.745
235.393
80.045
567.929
481.963
366.573
229.031
77.8639
479.109
406.126
308.644
192.776
65.5385
514.465
437.327
332.748
207.696
70.5214
382.016
323.939
246.121
153.604
52.1804
-609.425
-507.55
-382.904
-240.293
-82.4693
-1738.65
-1448.25
-1095.18
-690.421
-238.382
-2754.27
-2275.65
-1723.79
-1101.06
-388.626
-1680.28
-1359.97
-1018.09
-648.591
-229.211
-1411.35
-1129.55
-826.805
-504.321
-152.783
-311.509
-225.806
-145.121
-72.633
-7.70587
-654.104
-547.134
-413.329
-258.851
-88.5456
-1957.82
-1636.79
-1237.61
-776.857
-266.542
-3079.77
-2561.68
-1935.85
-1220.7
-421.95
-3385.61
-2794.73
-2107.4
-1334.18
-464.813
-2565.61
-2101.21
-1575.74
-994.744
-344.229
-737.361
-586.004
-428.534
-266.469
-90.893
-1383.28
-876.321
-197.381
740.508
1044.13
1328.89
640.879
-10598.8
-1595.21
-3039.35
-1459.59
303.804
-3941.28
895.223
2535.1
1224.27
-5732.34
-2580.73
-369.472
-488.001
-3299.02
-1198.67
-201.34
-972.394
2238.99
1431.57
-463.954
-103.988
-7572.25
-3523.49
-4142.16
-1990.79
-3473.16
-3200.32
-1013.13
1456.3
-309.569
-666.783
-449.016
-410.992
-544.414
-652.075
-538.266
-346.092
-243.222
-192.137
-110.427
-162.575
-128.082
-96.3886
-63.8925
-23.4846
669.854
568.071
431.556
269.291
91.4997
942.12
796.664
603.614
375.898
127.542
1199.15
1014.28
768.89
479.136
162.65
580.792
491.833
371.207
229.151
77.0382
-7680.2
-6984.96
-6439.77
-6704.33
-7192.41
-1027.59
-718.712
-897.031
-1088.27
-789.382
-2139.07
-1597.63
-1432.19
-1303.47
-830.591
-938.06
-629.634
-604.137
-563.988
-261.63
277.522
223.866
145.576
65.3045
11.0614
-3301.34
-2725.18
-2122.88
-1466.7
-600.212
809.53
677.052
498.849
297.425
95.5233
2209.35
1810.43
1343.31
830.369
281.926
1100.1
923.616
693.469
427.727
143.709
-4044.97
-3829.39
-3553.54
-3741.15
-4079.49
-1770.74
-1280.23
-1123.59
-991.509
-594.8
-286.969
-249.538
-248.224
-230.963
-118.188
-392.887
-320.417
-268.126
-206.568
-90.4706
-2761.33
-2249.98
-1751.11
-1201.96
-481.73
-1011.49
-828.894
-651.811
-449.958
-171.363
-150.644
-112.319
-88.6427
-67.7667
-29.6068
-842.463
-696.088
-534.357
-349.497
-125.833
2001.49
1676.11
1259.83
780.484
263.906
1290.48
1087.81
819.295
506.123
170.417
-389.081
-319.34
-254.77
-179.768
-70.706
-73.7647
-56.5017
-53.0959
-48.6465
-23.0505
-4633.62
-3278.35
-2958.67
-3052.24
-3098.48
-2563.37
-1926.41
-1493.96
-1123.44
-556.066
-2766.25
-2206.03
-1821
-1569.74
-852.378
-1471.1
-1145.66
-891.661
-672.56
-338.413
-2923.27
-2376.28
-1826.72
-1225.3
-467.716
-2211.54
-1456.76
-1235.04
-1062.19
-515.125
-863.619
-705.895
-542.704
-360.296
-132.615
1314.74
1110.68
838.83
519.741
175.453
-236.683
-186.275
-159.253
-129.466
-57.7313
-0.789959
42.9317
105.918
143.817
113.306
11.0108
-18863.8
-16561.9
-15847.1
-18165.7
-13756.6
-10892.3
-12444.2
-9458.03
-16274.1
-14214.1
-14927.1
-14004.4
-13102.9
-11155.5
-13756.5
-15505.4
-13785
-12730.1
-14433.9
-11587.9
-9820.84
-10411.9
-8362.35
-14565.4
-12879.6
-13372.2
-12142.4
-11577.1
-10826.6
-11133
-12151.1
-11088.7
-10084.9
-11077.3
-9622.21
-8261.98
-8706.52
-7494.54
-12174.1
-10986.9
-11299.3
-10256.6
-9825
-9094.11
-9306.72
-8462.77
-7938.58
-7127.87
-7576.79
-7121.85
-6387.35
-6480.59
-5945.93
-8737.18
-8781.33
-8223.28
-8261.26
-7327.26
-6620.55
-7330.6
-5403.47
-5153.44
-4595.88
-4803.41
-4770.43
-4319.5
-4285.9
-3968.63
-5779.14
-5741.8
-5510.54
-5363.25
-5013.17
-4528.01
-4878.81
-1943.9
-1871.54
-1664.87
-1726.27
-1762.95
-1649.37
-1572.66
-1468.71
-2200.41
-2180.54
-2047.62
-1940.64
-1885.08
-1730.77
-1845.16
-7301.38
-7194.65
-10749.1
-11621.2
-6886.32
-6134.91
-9449.89
-7705.27
-5849.8
-4522.97
-5811.56
-4482.76
-5856.87
-5590.37
-4540.01
-7302.79
-6927.72
-9576.87
-10478
-6449.17
-5861.1
-8345.04
-7214.87
-5879.66
-4103.92
-5769.69
-4303.01
-5297.12
-5087.2
-4643.14
-6717.03
-6405.57
-8147.15
-8755.25
-6038.54
-5641.77
-7307.71
-6494.49
-4957.82
-4553.03
-4937.98
-4746.43
-4636.23
-4621.57
-4864.33
-5487.75
-5289.33
-6141.18
-6455.94
-5036.83
-4728.85
-5700.19
-5222.7
-4836.42
-4205.84
-4751.59
-4428.08
-4461.77
-4405.55
-4445.25
-3827.99
-3712.06
-4082.17
-4239.44
-3456.74
-3210.77
-3854.56
-3551.06
-3449.1
-3287.57
-3365.85
-3397.9
-3156.52
-3078.85
-3195.12
-1433.3
-1390.91
-1496.5
-1546.63
-1288.53
-1187.01
-1420.84
-1311.81
-1137.1
-1213.57
-1211.14
-1294.18
-1175.61
-1133.38
-1171.99
)
;

boundaryField
{
    patch1
    {
        type            calculated;
        value           nonuniform List<scalar> 
2440
(
0
0
4381.31
1519.57
-929.473
897.161
-3200.53
-1013.21
1456.33
-309.631
0
0
4381.04
1519.46
-929.47
897.056
-3200.32
-1013.13
1456.3
-309.569
0
0
0
0
0
0
0
0
-861.596
0
0
0
0
0
0
0
0
2277.45
1678.75
496.507
-486.479
-786.225
-944.351
-302.123
12693.7
2962.26
4126.46
2635.4
-212.391
-80.1399
2916.61
-1461.97
-832.227
-1129.49
-575.533
6972.28
3657.41
1217.46
1020.78
3636.8
1991.07
627.342
1370.61
-1530.16
-899.322
677.706
531.087
8597.97
4284.21
5256.45
2826.17
4075.19
386.699
-117.29
-125.811
-440.424
-443.779
-630.041
-622.85
-608.151
-573.911
-545.505
-518.304
-430.761
-380.151
249.027
237.179
566.747
550.718
744.187
718.597
701.946
646.551
627.682
530.115
567.339
422.402
-1383.35
-876.384
-197.41
740.524
1044.16
1328.93
640.881
-10599.5
-1595.51
-3039.62
-1459.71
303.771
-3941.45
895.224
2535.14
1224.3
-5732.65
-2580.94
-369.579
-488.071
-3299.19
-1198.78
-201.379
-972.467
2239.04
1431.6
-464.002
-104.029
-7572.53
-3523.65
-4142.36
-1990.92
-3473.35
0
0
0
0
0
0
0
0
-857.329
0
0
0
0
0
0
0
0
2277.42
1678.72
496.464
-486.472
-786.206
-944.327
-302.139
12692.9
2961.76
4126.07
2635.02
-212.544
-80.255
2916.33
-1462.1
-832.299
-1129.59
-575.535
6971.94
3657.13
1217.25
1020.66
3636.58
1990.91
627.286
1370.51
-1530.16
-899.329
677.606
531.002
8597.71
4284.06
5256.24
2826.04
4074.98
385.75
-117.281
-125.803
-440.401
-443.757
-630.011
-622.821
-608.124
-573.886
-545.483
-518.283
-430.749
-380.138
249.02
237.172
566.726
550.697
744.159
718.57
701.919
646.526
627.66
530.095
567.323
422.388
-1383.28
-876.321
-197.381
740.508
1044.13
1328.89
640.879
-10598.8
-1595.21
-3039.35
-1459.59
303.804
-3941.28
895.223
2535.1
1224.27
-5732.34
-2580.73
-369.472
-488.001
-3299.02
-1198.67
-201.34
-972.394
2238.99
1431.57
-463.954
-103.988
-7572.25
-3523.49
-4142.16
-1990.79
-3473.16
0
0
12.1892
23.4928
10.9298
22.3809
11.0106
0
0
0
0
0
0
12.2231
23.4795
10.9033
22.4083
11.0108
0
0
0
0
0
1314.37
1449.82
1434.56
1780.81
89.3423
137.61
-10.581
53.7751
953.933
507.919
2370.49
2740.64
-265.235
-215.144
792.274
819.846
0
0
0
0
0
0
0
0
0
0
0
0
0
0
0
0
0
0
0
0
0
0
0
0
0
0
0
0
0
0
0
0
0
-422.936
-89.3052
-402.301
-73.5925
-353.208
-53.5672
-279.506
-18.4887
-162.522
30.261
-40.712
117.358
-112.79
73.9915
52.1949
159.378
198.313
206.063
6.0001
3.32352
11.294
9.43622
18.2316
30.2011
35.8813
45.879
25.3695
23.3201
20.9293
23.0727
30.0282
27.2362
37.0448
30.4645
4.64566
1.88981
7.95877
3.0345
11.78
6.69555
19.8625
23.7473
6.45769
23.2722
8.04961
22.0698
7.78145
20.0753
7.23863
16.899
6.59304
8.6765
3.39521
12.531
4.9093
5.19766
2.0304
1.78534
0.654804
38.7599
99.8766
-1566.79
-310.864
5288.48
5130.47
2919.58
2703.03
4939.7
5936.5
588.126
-596.004
-857.709
-1251.82
-1564.46
417.424
333.428
221.291
181.941
-914.218
-477.209
-2246.95
-2474.35
333.128
247.904
-691.905
-769.193
-0.228279
0.0202182
0
0
0
0
0
0
0
0
0
0
0
0
0
0
0.420163
-0.198848
0
0
0
0
0
0
0
0
0
0
0
0
0
0
699.921
178.641
702.678
176.861
683.778
185.031
615.359
178.836
529.249
175.69
488.601
245.614
503.29
210.995
442.283
259.634
320.583
239.314
6.09821
3.17199
11.4727
9.66569
17.7927
30.3324
35.3618
45.5255
25.2345
22.6655
19.7247
21.8574
29.6192
26.695
36.7418
30.2615
4.69187
1.68652
7.86251
2.8626
10.9956
6.6875
17.7188
-24.3243
-6.61773
-23.7816
-8.25563
-22.4577
-7.96571
-20.3206
-7.38247
-17.0153
-6.68908
-8.6785
-3.41118
-12.5646
-4.95518
-5.19111
-2.02757
-1.77709
-0.642353
334.72
-723.192
1621.84
248.369
247.706
754.353
471.31
-0.642022
-0.165282
-0.161685
-0.711302
0
0
0
0
0
0
0
0
0
0.717396
0.236901
0.386973
0.808756
0
0
0
0
0
0
0
0
0
0
1314.27
1449.88
1434.64
1780.77
89.3837
137.593
-10.5529
53.7349
953.982
507.891
2370.49
2740.55
-265.235
-215.179
792.268
819.834
0
0
0
0
0
0
0
0
0
0
0
0
0
0
0
0
0
0
0
0
0
0
0
0
0
0
0
0
0
0
0
0
0
-425.65
-90.3651
-401.871
-73.4014
-353.085
-53.4863
-279.446
-18.4633
-162.495
30.2619
-40.6761
117.369
-112.764
73.9892
52.2481
159.411
198.382
206.119
5.68726
3.07159
11.2835
9.43569
18.2035
30.1765
35.8877
45.8867
25.3432
23.307
20.9087
23.0564
30.0169
27.2308
37.0483
30.4677
4.58299
1.89014
8.03645
3.11778
11.8405
6.74609
19.885
23.7243
6.51225
23.2495
8.02754
22.0647
7.77601
20.0722
7.23605
16.8976
6.59167
8.67647
3.39487
12.5305
4.90865
5.19772
2.03023
1.78535
0.654707
46.4857
106.641
-1555.34
-488.851
5294.04
5159.32
2931.46
2709.84
4954.76
5908.18
291.111
-595.928
-857.864
-1252.01
-1564.44
417.253
333.314
221.106
181.808
-914.369
-477.286
-2247.01
-2474.41
332.988
247.829
-692.061
-769.302
-0.225468
0.0220877
0
0
0
0
0
0
0
0
0
0
0
0
0
0
0.421343
-0.19868
0
0
0
0
0
0
0
0
0
0
0
0
0
0
703.165
180.083
701.991
176.556
683.619
184.906
615.321
178.802
529.28
175.709
488.681
245.691
503.35
211.051
442.368
259.716
320.665
239.388
5.93378
3.11254
11.503
9.68042
17.8372
30.3732
35.3712
45.5389
25.2755
22.6915
19.759
21.8868
29.646
26.7143
36.7561
30.2733
4.49022
1.59339
7.78835
2.77762
10.9433
6.64098
17.7086
-24.3038
-6.67438
-23.7594
-8.23337
-22.4536
-7.96054
-20.3184
-7.38026
-17.0145
-6.68807
-8.6787
-3.41105
-12.5646
-4.9548
-5.1913
-2.02756
-1.77719
-0.6424
337.532
-726.889
1622.85
248.257
274.03
791.457
459.342
-0.643962
-0.16529
-0.161682
-0.717548
0
0
0
0
0
0
0
0
0
0.715284
0.236935
0.387008
0.80237
0
0
0
0
0
0
0
0
0
12204.8
12500.9
0
12203.9
12496.7
0
0
0
0
0
0
0
0
0
6986.57
12584.6
8243.33
12364
9438.92
11197.9
11601
14139
8458.37
14472.9
12816.3
13251.3
12217.3
11487.4
11128.5
10151.1
6129.32
1913.68
9728.91
6064.34
2034.52
8954.84
5559.85
1816.89
0
0
0
0
0
0
0
0
11986
8781.41
11943.2
8934.1
12356.1
9164.2
13749.7
14578.4
12768
7860.71
7299.83
7987.02
7070.27
8139.33
6837.95
5128.89
2134.9
619.33
5119.23
2279.81
700.224
4656.77
2201.44
566.824
-18.2302
-107.121
-88.4886
355.407
1062.67
377.54
922.367
117.425
21.1049
-3.92082
-58.532
-242.106
-676.647
-1176.97
-371.774
-916.227
-98.9908
6.47073
0
0
0
0
0
0
0
0
6943.2
12577
8245.15
12360.1
9439.04
11196.9
11600.1
14136.9
8457.92
14493.9
12848.9
13244.6
12212.1
11484.8
11125.1
10176.1
6141.81
1921.48
9725.38
6063.23
2034.38
8952.41
5558.61
1816.58
0
0
0
0
0
0
0
0
12015.2
8787.75
11935.2
8933.31
12348.6
9160.86
13744.9
14574.9
12763.1
7861.53
7305.97
7984.88
7069.93
8137.17
6836.4
5135.62
2141.01
621.657
5117.68
2279.96
700.267
4655.67
2201.07
566.797
-13.855
-111.023
-90.0329
354.66
1062.33
377.485
922.233
117.385
21.0577
-4.18648
-55.5093
-241.25
-676.301
-1176.87
-371.828
-916.235
-99.0573
6.41089
13828.1
13104
49.0254
31.024
19.0194
12.4673
9.67863
98.9109
56.0542
34.0558
22.4436
17.3097
3506.6
1860.22
14096.4
12714.3
-2496.1
46.2622
61.973
32.2933
19.3903
12.7479
9.78436
91.1777
54.3019
33.2017
21.7879
16.8696
0
0
0
0
0
10247.8
7969.74
9243.53
7946.22
9938.88
8713.24
5114.4
2696.97
705.553
6363.55
4162.01
1450.2
7466.87
5147.98
1774.71
-3834.03
-1918.79
-4593.89
-2213.5
-6209.49
-2734.21
-8610.8
-3260.2
3613.36
1702.44
2896.77
1868.38
763.878
538.325
497.274
463.832
1141.2
797.318
593.417
417.987
170.411
99.8861
60.6056
39.7109
30.7
232.746
143.105
88.4223
58.3228
45.1375
256.444
621.562
877.014
958.64
1036.98
1254.44
232.021
196.93
149.863
93.7072
31.8782
562.132
476.869
362.705
226.701
77.1053
792.89
672.367
511.218
319.447
108.637
866.207
734.097
557.864
348.482
118.495
936.211
792.732
602.004
375.915
127.809
1130.97
956.308
725.499
452.848
153.964
1608.1
1428.81
1191.99
896.787
558.894
190.548
5891.09
4213.8
1581
6884.61
5081.47
1853.7
8627.61
6030.67
2143.42
11156.9
6893.9
2432.19
-1837.72
503.681
-442.502
996.078
10449.3
7367.25
10029.4
7061.48
8190.58
6762.88
4505.62
2235.76
471.941
4297.97
2050.27
468.096
4452.81
2128.32
568.387
910.328
593.617
292.648
90.683
1143.23
806.226
526.8
358.411
153.449
96.6061
60.4985
40.1652
31.081
236.704
143.676
88.867
58.7833
45.4762
-1470.01
-1271.06
-1026.68
-747.5
-453.799
-152.496
-144.68
-511.061
-771.078
-866.244
-1002.88
-1167.96
-130.681
-110.683
-84.0414
-52.4535
-17.826
-461.836
-391.407
-297.396
-185.724
-63.1376
-696.524
-590.023
-448.106
-279.751
-95.0879
-781.734
-661.469
-501.838
-313.057
-106.368
-903.572
-763.152
-577.986
-360.121
-122.287
-1049.24
-883.302
-667.029
-414.792
-140.732
14098.3
12715.4
-2504.81
38.6083
61.9614
32.2948
19.3969
12.7599
9.80657
91.0999
54.2543
33.1656
21.7601
16.8494
0
0
0
0
0
13825.3
13100.2
49.0317
31.0402
19.0374
12.4874
9.7072
98.873
56.0326
34.0382
22.4292
17.3001
3508.75
1864.65
8102.13
51864.1
8029.74
37671
7733.31
31230
8035.98
27885.1
11524.1
6567.35
2141.82
11368.8
6580.73
2139.89
11127.5
6630.26
2208.49
11047.2
6834.32
2391.27
11157.8
6894.77
2432.54
175.102
67.0902
-306.465
250.07
-957.14
1550.89
-15.9406
23.9001
1111.17
1050.55
90.2121
46.6729
32.3821
27.2481
526.207
277.129
225.202
212.27
17.2262
6.37821
3.12592
2.25291
134.803
51.2157
24.3322
17.1315
292.943
119.97
60.9181
44.2686
365.8
179.907
102.528
78.5794
308.242
216.245
139.535
109.83
308.949
280.297
209.1
170.258
232.596
234.914
175.127
143.742
372.014
318.507
238.183
195.315
424.646
344.648
263.029
218.801
11.3097
6.4978
3.88316
2.51358
1.92577
69.9451
40.6105
24.4824
15.9541
12.2587
98.2425
63.7834
40.2341
26.8011
20.6808
99.7284
58.6458
35.9474
23.7818
18.2943
128.063
80.6401
50.6401
33.7172
26.0596
158.514
95.8476
59.2975
39.2321
30.2797
2.24087
1.14976
0.655858
0.413464
0.314002
16.6571
8.87663
5.16146
3.28376
2.50338
40.3852
22.0513
12.9703
8.297
6.37525
312.897
244.929
272.526
466.455
1366.78
542.291
1357.87
118.219
20.9423
207.575
56.6199
14.4197
3.2329
0.515531
207.721
61.8618
15.1641
3.58781
0.638106
216.282
63.6952
15.8332
3.59822
0.676626
293.082
76.9824
18.2288
4.08128
0.811547
450.435
98.2267
20.8871
4.34222
0.83233
151.801
31.3353
6.15164
1.1767
0.165492
307.894
59.7506
12.1067
2.5084
0.48151
42.8971
13.0147
2.31351
0.459157
0.0544834
51.8857
8.94158
0.587162
1.02622
-0.00434675
3486.34
4344.87
1812.97
2440.04
1940.86
2287.68
1010.09
1045.57
-1247.48
-3635.05
-2503.39
-1693.69
-1110.15
-924.88
-691.946
-427.657
-144.737
-1689.41
-1054.78
-643.505
-448.386
-224.896
-1629.45
-950.859
-553.029
-289.376
-95.438
-1420.57
-1113.05
-790.364
-472.588
-158.082
-7270.21
-2482.07
-7442.79
-2673.8
-7888.59
-3048.2
-8323.59
-3322.78
-8610.8
-3260.2
40.7238
45.6585
910.902
304.157
1608.45
-266.436
200.285
172.598
-29.5354
97.8517
37.6058
29.9355
16.2619
5.18738
234.73
186.87
64.7411
-19.2072
1.09388
2.35876
1.6178
1.08532
15.6325
21.1071
15.9355
11.2576
81.1872
62.7363
41.9313
28.6699
236.626
125.792
72.7664
46.9518
443.578
200.604
115.689
83.0992
541.941
321.135
221.643
182.6
580.985
275.256
166.171
129.326
489.519
344.68
259.259
217.622
444.058
352.25
269.244
225.777
9.37632
6.16545
3.92949
2.63779
2.05685
60.6806
39.0876
24.659
16.449
12.7953
126.871
68.0901
40.3135
26.2188
20.3175
98.8282
57.3611
34.8751
22.8183
17.7275
149.312
84.4152
50.6392
33.0508
25.6133
161.207
96.5078
59.1417
38.9009
30.1108
1.34755
1.02914
0.682488
0.46735
0.366508
12.5995
8.5165
5.46505
3.70125
2.89184
34.5626
21.9176
13.8237
9.31023
7.22514
-355.466
-394.479
-521.514
-671.839
-1361.23
-514.743
-1262.46
-94.4992
8.18937
-224.036
-60.0397
-15.1499
-3.36328
-0.534808
-248.87
-69.7107
-16.5748
-3.83878
-0.681249
-280.475
-75.7954
-17.9811
-3.97503
-0.745897
-349.848
-88.7967
-20.4969
-4.50469
-0.896821
-472.856
-105.75
-22.6355
-4.69969
-0.910608
-145.385
-30.9932
-6.29362
-1.24029
-0.186762
-305.132
-62.1755
-12.9503
-2.71459
-0.533062
-35.0169
-11.4951
-2.08279
-0.433943
-0.0537753
-42.4925
-6.87864
-0.180181
-0.955619
0.0165662
-261.811
-956.41
-1465.96
-1659.96
-1405.97
-608.932
734.057
2477.07
4260.82
5315.82
4685.57
2126.18
-236.114
-199.62
-151.307
-94.3143
-32.031
-863.482
-731.043
-554.945
-346.351
-117.711
-1323.05
-1119.72
-849.781
-530.314
-180.235
-1496.83
-1265.68
-959.92
-598.866
-203.523
-1265.96
-1068.94
-809.933
-505.142
-171.688
-547.02
-460.921
-348.831
-217.565
-73.991
657.06
552.006
417.295
260.522
88.765
2205.21
1845.22
1393.97
872.873
298.754
3763.11
3132.66
2367.5
1491.98
515.51
4645.87
3844.63
2910.84
1853.11
650.54
4057.96
3344.05
2539.54
1633.84
582.948
1849.46
1534.31
1174.06
760.527
272.882
492.107
1180.49
1673.84
1834.14
1523.18
647.996
-764.213
-2510.85
-4177.06
-4994.8
-4095.82
-1362.78
445.135
377.73
287.414
179.712
61.1375
1067.06
904.709
687.817
429.805
146.174
1512.25
1281.49
973.853
608.398
206.895
1655.84
1402.16
1065.01
665.222
226.222
1373.46
1161.74
881.814
550.751
187.334
583.126
492.373
373.426
233.293
79.4107
-685.391
-577.153
-437.334
-273.536
-93.2915
-2239.31
-1877.85
-1421.85
-891.995
-305.63
-3691.8
-3076.63
-2328.65
-1469.98
-508.619
-4354.89
-3596.65
-2721.51
-1734.84
-610.575
-3511.46
-2866.56
-2164.99
-1393.6
-499.983
-1134.07
-902.027
-671.909
-434.321
-158.898
1374.81
0
1929.24
1234.64
1040.09
787.139
491.03
167.04
0
0
0
0
0
1697.48
1404.71
1052.66
656.575
224.651
8097.37
51875.3
8013.73
37667.6
7700.3
31213.1
8013.09
27279.7
11529.5
6575.85
2144.73
11365.6
6579.07
2139.64
11125.6
6628.97
2208.12
11046
6833.33
2390.92
11156.9
6893.9
2432.19
150.188
72.4713
-305.778
214.04
-946.713
1559.07
-5.58296
22.2981
1083.11
1042.66
76.2548
39.3755
27.3776
22.9883
523.972
276.274
224.584
211.831
15.2208
5.56296
2.68486
1.88332
133.695
50.9194
24.2301
17.1779
292.663
119.846
60.8837
44.2786
365.636
179.807
102.485
78.5606
308.159
216.179
139.497
109.801
309.01
280.321
209.108
170.255
232.593
234.892
175.105
143.719
372.136
318.58
238.225
195.341
424.815
344.764
263.104
218.855
9.43253
5.44153
3.26451
2.12127
1.62868
69.945
40.5761
24.4693
15.9625
12.2716
98.2241
63.7685
40.2201
26.7883
20.6694
99.6916
58.6206
35.9254
23.7625
18.2776
128.063
80.6361
50.6343
33.7111
26.0542
158.539
95.8607
59.3044
39.2361
30.2828
1.83873
0.951099
0.546948
0.34775
0.263607
16.7162
8.88466
5.16836
3.29409
2.51584
40.4216
22.0885
13.0078
8.33654
6.42253
315.455
240.565
271.422
465.87
1366.46
542.232
1357.71
118.184
20.9046
208.861
57.2941
14.4809
3.25227
0.527486
204.982
61.0384
14.9695
3.5378
0.626302
215.82
63.5465
15.7928
3.58865
0.674211
292.836
76.9024
18.2054
4.07528
0.809927
450.285
98.1774
20.8723
4.33823
0.831194
151.759
31.3196
6.14665
1.17527
0.165045
307.809
59.7218
12.0978
2.50593
0.480767
42.8728
13.0057
2.31064
0.458333
0.0542235
51.8705
8.93641
0.585578
1.02584
-0.0044736
3485.88
4344.6
1814.35
2442.13
1939.6
2286.44
951.46
983.081
-1247.44
-3635.17
-2503.44
-1693.68
-1110.11
-924.847
-691.921
-427.641
-144.731
-1689.49
-1054.85
-643.578
-448.451
-224.914
-1629.49
-950.898
-553.064
-289.402
-95.4467
-1420.56
-1113.03
-790.351
-472.58
-158.079
-7268.08
-2481.75
-7441.71
-2673.06
-7888.1
-3047.92
-8323.38
-3322.65
-8610.72
-3260.12
16.7518
17.6486
934.255
343.613
1610.52
-262.142
159.573
143.588
-5.26363
103.392
31.5748
25.2839
13.6846
4.39121
236.137
187.342
65.0216
-19.2649
0.4824
1.9662
1.41709
1.01732
16.8759
21.2887
15.9369
11.1054
81.5382
62.8406
41.9244
28.6198
236.847
125.911
72.7983
46.9543
443.753
200.732
115.754
83.1405
542.13
321.289
221.752
182.687
581.156
275.396
166.262
129.397
489.721
344.837
259.37
217.711
444.255
352.396
269.344
225.854
8.00398
5.21962
3.30898
2.21194
1.72109
60.3113
38.9351
24.5654
16.3715
12.7292
126.941
68.1354
40.3473
26.2455
20.3402
98.9074
57.4128
34.9154
22.8507
17.7547
149.378
84.4564
50.6686
33.0734
25.6319
161.258
96.5383
59.1618
38.9156
30.1226
1.171
0.869327
0.56943
0.386488
0.303529
12.4785
8.49354
5.45194
3.687
2.87625
34.5275
21.8891
13.7941
9.27631
7.18216
-355.672
-391.319
-520.945
-671.575
-1361.13
-514.78
-1262.45
-94.5496
8.14076
-224.903
-60.6626
-15.1998
-3.38103
-0.546657
-246.193
-68.8733
-16.3749
-3.78739
-0.669132
-280.178
-75.6695
-17.9429
-3.96558
-0.74345
-349.74
-88.7448
-20.4781
-4.49934
-0.895283
-472.812
-105.727
-22.6258
-4.69662
-0.909632
-145.386
-30.9904
-6.29182
-1.23957
-0.186481
-305.115
-62.1653
-12.9457
-2.71297
-0.532496
-35.0277
-11.4962
-2.08248
-0.43372
-0.0536678
-42.51
-6.88235
-0.180857
-0.955785
0.0165506
-261.793
-956.363
-1465.9
-1659.88
-1405.91
-608.905
734.024
2476.96
4260.63
5315.59
4685.38
2126.12
-236.098
-199.607
-151.296
-94.3076
-32.0288
-863.439
-731.007
-554.917
-346.333
-117.705
-1322.99
-1119.67
-849.74
-530.288
-180.226
-1496.76
-1265.62
-959.874
-598.837
-203.514
-1265.9
-1068.89
-809.895
-505.118
-171.68
-546.996
-460.899
-348.815
-217.554
-73.9873
657.03
551.98
417.274
260.508
88.7604
2205.1
1845.13
1393.9
872.827
298.738
3762.94
3132.51
2367.37
1491.9
515.481
4645.66
3844.44
2910.69
1853.01
650.503
4057.79
3343.9
2539.42
1633.76
582.918
1849.41
1534.27
1174.03
760.506
272.875
492.093
1180.45
1673.77
1834.06
1523.12
647.97
-764.181
-2510.74
-4176.88
-4994.57
-4095.62
-1362.69
445.122
377.719
287.405
179.707
61.1357
1067.02
904.675
687.791
429.788
146.168
1512.19
1281.44
973.814
608.373
206.887
1655.78
1402.1
1064.97
665.195
226.213
1373.41
1161.69
881.777
550.728
187.326
583.102
492.353
373.411
233.283
79.4072
-685.362
-577.128
-437.314
-273.524
-93.2872
-2239.22
-1877.77
-1421.78
-891.952
-305.615
-3691.63
-3076.48
-2328.53
-1469.9
-508.592
-4354.68
-3596.46
-2721.36
-1734.74
-610.539
-3511.27
-2866.39
-2164.85
-1393.51
-499.948
-1133.98
-901.944
-671.838
-434.271
-158.879
1374.76
0
1929.19
1234.6
1040.05
787.112
491.013
167.035
0
0
0
0
0
1697.43
1404.67
1052.63
656.557
224.645
5892
4214.5
1581.27
6885.63
5082.29
1854.01
8628.66
6031.55
2143.76
11157.8
6894.77
2432.54
-1843.36
502.622
-447.799
994.179
10451.1
7368.4
10031.8
7062.87
8192.94
6764.35
4506.37
2236.19
472.081
4298.78
2050.7
468.228
4453.7
2128.74
568.507
910.249
593.578
292.613
90.69
1142.66
805.963
526.661
358.356
153.45
96.6076
60.4996
40.1645
31.0734
236.676
143.66
88.8583
58.7772
45.4686
-1470.04
-1271.09
-1026.7
-747.518
-453.81
-152.5
-144.689
-511.086
-771.113
-866.282
-1002.92
-1168.01
-130.69
-110.691
-84.0469
-52.457
-17.8272
-461.859
-391.426
-297.411
-185.733
-63.1408
-696.556
-590.051
-448.127
-279.764
-95.0924
-781.769
-661.499
-501.861
-313.072
-106.373
-903.61
-763.185
-578.011
-360.137
-122.293
-1049.28
-883.338
-667.057
-414.81
-140.738
10246.5
7968.74
9242.48
7945.19
9937.81
8711.93
5113.64
2696.48
705.386
6362.62
4161.37
1449.99
7465.63
5147.15
1774.43
-3833.33
-1918.54
-4593.29
-2213.28
-6209.1
-2734.05
-8610.72
-3260.12
3615.87
1704.29
2900.39
1870.51
764.794
538.775
497.498
463.963
1142.16
797.788
593.659
418.128
170.464
99.9209
60.6299
39.7268
30.7058
232.815
143.147
88.4506
58.3427
45.1508
256.436
621.539
876.979
958.603
1036.94
1254.4
232.014
196.924
149.858
93.7043
31.8772
562.111
476.851
362.691
226.692
77.1023
792.859
672.341
511.198
319.434
108.633
866.173
734.068
557.842
348.468
118.491
936.175
792.702
601.98
375.9
127.804
1130.92
956.272
725.471
452.831
153.958
1608.06
1428.77
1191.96
896.761
558.878
190.543
)
;
    }
    patch2
    {
        type            calculated;
        value           nonuniform List<scalar> 
348
(
-0.79095
-0.789959
691.537
203.541
-100.305
149.43
-515.168
-132.627
175.456
-57.7421
691.465
203.521
-100.305
149.411
-515.125
-132.615
175.453
-57.7313
884.256
272.069
64.3962
-55.8503
-91.1019
-110.355
-27.026
6627.93
1103
970.87
521.445
86.152
71.4459
508.189
7.64278
-35.6413
-21.8565
-61.0168
3972.88
754.12
270.67
175.085
506.362
298.679
92.1239
183.015
-153.779
-91.3268
115.138
90.6849
3174.84
680.776
1069.26
470.715
552.59
-16.8769
-67.6052
-106.148
-124.887
-112.061
-46.6076
-27.5886
-104.413
-158.303
-174.28
-140.118
-48.5192
-14.3987
-15.4887
-54.3755
-54.8245
-77.7587
-76.8505
-74.9822
-70.6355
-66.9284
-63.3572
-52.1359
-45.9473
102.879
269.039
443.637
315.386
265.382
132.757
97.344
280.539
454.678
527.823
439.356
206.539
37.8742
88.2874
126.153
143.912
129.731
64.7073
56.6661
132.641
184.462
196.596
156.773
59.5193
30.9726
29.4896
70.3219
68.3296
92.2626
89.0566
87.0317
80.0481
77.8666
65.5409
70.5232
52.1821
-82.4752
-238.397
-388.651
-229.232
-152.804
-7.71986
-88.5508
-266.556
-421.974
-464.843
-344.256
-90.9077
-652.161
-110.458
-23.4892
91.5013
127.546
162.654
77.0379
-7192.66
-789.422
-830.633
-261.647
11.0563
-600.238
95.523
281.931
143.712
-4079.68
-594.84
-118.205
-90.4819
-481.757
-171.383
-29.6139
-125.844
263.913
170.42
-70.7132
-23.0569
-3098.67
-556.116
-852.455
-338.447
-467.749
884.243
272.073
64.3893
-55.8496
-91.0996
-110.352
-27.0288
6627.31
1102.85
970.749
521.35
86.121
71.4249
508.124
7.61928
-35.6543
-21.8743
-61.0178
3972.56
754.037
270.628
175.062
506.312
298.651
92.1144
182.997
-153.778
-91.3286
115.12
90.6702
3174.62
680.737
1069.19
470.685
552.549
-16.8756
-67.6016
-106.143
-124.881
-112.056
-46.6064
-27.5865
-104.408
-158.295
-174.272
-140.112
-48.5173
-14.3976
-15.4876
-54.3727
-54.8217
-77.7549
-76.8468
-74.9787
-70.6322
-66.9257
-63.3545
-52.1346
-45.9457
102.872
269.022
443.609
315.371
265.376
132.762
97.3382
280.524
454.652
527.795
439.337
206.536
37.8731
88.2841
126.148
143.907
129.726
64.7057
56.6645
132.636
184.455
196.588
156.767
59.5174
30.9717
29.4887
70.3193
68.327
92.259
89.0531
87.0284
80.045
77.8639
65.5385
70.5214
52.1804
-82.4693
-238.382
-388.626
-229.211
-152.783
-7.70587
-88.5456
-266.542
-421.95
-464.813
-344.229
-90.893
-652.075
-110.427
-23.4846
91.4997
127.542
162.65
77.0382
-7192.41
-789.382
-830.591
-261.63
11.0614
-600.212
95.5233
281.926
143.709
-4079.49
-594.8
-118.188
-90.4706
-481.73
-171.363
-29.6068
-125.833
263.906
170.417
-70.706
-23.0505
-3098.48
-556.066
-852.378
-338.413
-467.716
6038.82
1547.63
409.399
5982.15
1598.92
442.611
5808.33
1609.52
374.708
5730.57
1560.87
232.798
6178.21
1438.03
347.145
-8206.71
-861.577
-7970.01
-893.251
-7252.08
-720.38
-6826.34
-905.422
-7165.02
-873.314
6045.54
1557.15
411.814
5979.69
1597.25
442.649
5807.51
1608.85
374.566
5729.88
1560.5
232.68
6177.56
1437.8
347.074
-8203.36
-864.698
-7964.31
-889.515
-7251.66
-719.716
-6826.2
-905.257
-7164.86
-873.267
)
;
    }
    patch3
    {
        type            calculated;
        value           nonuniform List<scalar> 
96
(
-137.916
-548.335
-861.062
-1014.51
-912.486
-380.253
-225.872
-848.553
-1287.2
-1419.85
-1144.23
-395.642
844.03
2203.98
3570.27
2527.42
2326.3
1121.76
804.328
2316.22
3741.23
4326.47
3606.78
1643.82
304.531
711.892
1018.27
1162.4
1047.41
516.843
455.963
1070.97
1491.69
1592.18
1270.91
478.958
-688.437
-1967.04
-3159.33
-1976.16
-1649.86
-380.015
-735.018
-2203.13
-3490.98
-3876.67
-2960.25
-873.538
-137.905
-548.307
-861.022
-1014.46
-912.448
-380.241
-225.856
-848.51
-1287.14
-1419.78
-1144.18
-395.627
843.983
2203.86
3570.1
2527.31
2326.22
1121.74
804.289
2316.11
3741.06
4326.29
3606.64
1643.78
304.523
711.866
1018.24
1162.36
1047.37
516.828
455.95
1070.93
1491.63
1592.12
1270.86
478.942
-688.397
-1966.94
-3159.17
-1976.05
-1649.76
-379.966
-734.982
-2203.03
-3490.82
-3876.49
-2960.1
-873.469
)
;
    }
    patch4
    {
        type            calculated;
        value           nonuniform List<scalar> 
384
(
31493.1
32384.1
33592.8
61893.2
90367.7
55639.9
43401
39186.9
-54289.8
-44601.1
-70925.7
-89737.5
30743.8
32414
33624.1
61918.4
90402.1
55663
43410
38232.4
-53681.4
-44721.7
-71050.9
-89076.3
36508.9
11353.2
55586
17668.9
-41314.1
-12784
-59168.7
-18833.8
36519.3
11355.1
55599
17672.2
-41351.2
-12792.8
-59200.6
-18841.8
23956.7
8321.9
-28552
-9582.27
11599
4449.87
4055.96
1519.16
-14620
-5515.67
-5070.3
-1892.24
-28520.7
-9574.96
23973.4
8325.23
22653.5
15559.1
21955.2
15258.9
24981
8271.36
10113.4
3743.37
9147.1
3256.99
-38328
-27028.1
-32335.2
-23517
-29717.6
-9793.69
-16674.7
-5917.06
-13797.5
-4792.31
22114.4
15212.8
22012.2
15312.7
24994.8
8274.07
9894.95
3662.53
9184.64
3270.4
-37833.6
-26674.2
-32431
-23590.3
-29748.9
-9801.98
-16453.4
-5833.19
-13844.2
-4808.82
-14602.8
-5509.54
-5065.58
-1890.54
11609.6
4454.07
4058.43
1520.15
18001.8
12846
-17929.5
-12802.3
18001.8
12846.4
-17929.7
-12802.7
2685.76
3185.85
3171.61
3061.14
4262.11
2984.43
3703.49
1240.32
3260.3
5447.09
5803.19
9262.39
1892.14
3135.29
827.78
1162.76
-4536.32
-5219.2
-4703.19
-4531.63
-5377.27
-3968.73
-4539.12
-1585.79
-3757.46
-5566.57
-6301.46
-9383.59
-2254.62
-3220.28
-1097.44
-1226.43
2659.56
3131.13
3172.06
3066.26
4262.25
2986.53
3706.71
1241.12
3260.81
5447.36
5803.46
9262.75
1892.69
3135.47
827.871
1162.77
-4525.32
-5176.07
-4702.15
-4537.81
-5376.27
-3971.3
-4543.75
-1587.24
-3758.08
-5566.96
-6301.41
-9383.96
-2255.57
-3220.64
-1097.96
-1226.63
4766.43
14062.9
5886.78
14781.1
7636.69
14520.5
8907.35
-6224.34
-15164.3
-7148.07
-15509.5
-8521.31
-14771
-9618.04
4736.06
14053
5889.72
14778.1
7637.38
14519.8
8908.03
-6208.65
-15176.8
-7150.01
-15507
-8521.03
-14770.6
-9618.31
11451.3
11250
10765.2
9839.5
8178.07
4134.83
6020.78
2457.63
830.528
-12109.7
-11784.5
-11093.1
-9964.47
-8183.52
-4121.71
-6003.92
-2449.19
-824.408
11410.4
11249.6
10766.1
9839.58
8178.2
4135
6020.97
2457.74
830.561
-12074.2
-11785.7
-11095.1
-9965.15
-8183.95
-4121.95
-6004.25
-2449.34
-824.463
2442.87
2383.99
2263.43
2051.11
1696.06
889.655
1274.24
533.804
180.7
-2545.01
-2468.45
-2318.27
-2075.94
-1700.86
-887.176
-1272.21
-532.071
-179.438
2430.96
2383.55
2263.57
2051.09
1696.06
889.685
1274.27
533.825
180.707
-2533.54
-2468.22
-2318.62
-2076.05
-1700.94
-887.225
-1272.28
-532.101
-179.45
549.19
534.123
504.897
455.923
377.154
200.974
285.713
121.096
41.029
-567.619
-549.693
-515.628
-461.536
-378.915
-200.603
-285.701
-120.776
-40.7773
546.401
533.954
504.896
455.902
377.146
200.979
285.715
121.1
41.0302
-564.873
-549.555
-515.663
-461.542
-378.923
-200.613
-285.712
-120.783
-40.7798
122.289
118.694
111.95
100.934
83.5613
44.8567
63.5085
27.1271
9.20918
-125.736
-121.662
-114.093
-102.168
-84.0442
-44.8177
-63.5858
-27.0763
-9.16357
121.666
118.645
111.943
100.925
83.5574
44.8574
63.5081
27.1278
9.20939
-125.117
-121.617
-114.093
-102.164
-84.0439
-44.8195
-63.5874
-27.0776
-9.16411
30.7917
29.9392
28.2468
25.4583
21.0867
11.3915
16.0694
6.90928
2.34911
-31.5248
-30.5826
-28.7301
-25.7568
-21.2206
-11.3917
-16.1045
-6.90182
-2.34065
30.6331
29.9245
28.2434
25.455
21.0852
11.3915
16.069
6.9094
2.34915
-31.3662
-30.5687
-28.7279
-25.7547
-21.2199
-11.392
-16.1046
-6.90209
-2.34078
)
;
    }
}


// ************************************************************************* //
