/*--------------------------------*- C++ -*----------------------------------*\
  =========                 |
  \\      /  F ield         | OpenFOAM: The Open Source CFD Toolbox
   \\    /   O peration     | Website:  https://openfoam.org
    \\  /    A nd           | Version:  11
     \\/     M anipulation  |
\*---------------------------------------------------------------------------*/
FoamFile
{
    format      ascii;
    class       volScalarField;
    location    "2.5";
    object      k;
}
// * * * * * * * * * * * * * * * * * * * * * * * * * * * * * * * * * * * * * //

dimensions      [0 2 -2 0 0 0 0];

internalField   nonuniform List<scalar> 
2200
(
0.000587254
0.000587254
0.000587254
0.000587254
0.000587254
0.000587254
0.000587254
0.000587254
0.000587254
0.000587254
0.000587254
0.000587254
0.000587254
0.000587254
0.000587254
0.000587254
0.000587254
0.000587254
0.000587254
0.000587254
0.000587254
0.000587254
0.000587254
0.000587254
0.000587254
0.000587254
0.000587254
0.000587254
0.000587254
0.000587254
0.000587254
0.000587254
0.000587254
0.000587254
0.000587254
0.000587254
0.000587254
0.000587254
0.000587254
0.000587254
0.000587254
0.000587254
0.000587254
0.000587254
0.000587254
0.000587254
0.000587254
0.000587254
0.000587254
0.000587254
0.000587254
0.000587254
0.000587254
0.000587254
0.000587254
0.000587254
0.000587254
0.000587254
0.000587254
0.000587254
0.000587254
0.000587254
0.000587254
0.000587254
0.000587254
0.000587254
0.000587254
0.000587254
0.000587254
0.000587254
0.000587254
0.000587254
0.000587254
0.000587254
0.000587254
0.000587254
0.000587254
0.000587254
0.000587254
0.000587254
0.000587254
0.000587254
0.000587254
0.000587254
0.000587254
0.000587254
0.000587254
0.000587254
0.000587254
0.000587254
0.000587254
0.000587254
0.000587254
0.000587254
0.000587254
0.000587254
0.000587254
0.000587254
0.000587254
0.000587254
0.000587254
0.000587254
0.000587254
0.000587254
0.000587254
0.000587254
0.000587254
0.000587254
0.000587254
0.000587254
0.000587254
0.000587254
0.000587254
0.000587254
0.000587254
0.000587254
0.000587254
0.000587254
0.000587254
0.000587254
0.000587254
0.000587254
0.000587254
0.000587254
0.000587254
0.000587254
0.000587254
0.000587254
0.000587254
0.000587254
0.000587254
0.000587254
0.000587254
0.000587254
0.000587254
0.000587254
0.000587254
0.000587254
0.000587254
0.000587254
0.000587254
0.000587254
0.000587254
0.000587254
0.000587254
0.000587254
0.000587254
0.000587254
0.000587254
0.000587254
0.000587254
0.000587254
0.000587254
0.000587254
0.000587254
0.000587254
0.000587254
0.000587254
0.000587254
0.000587254
0.000587254
0.000587254
0.000587254
0.000587254
0.000587254
0.000587254
0.000587254
0.000587254
0.000587254
0.000587254
0.000587254
0.000587254
0.000587254
0.000587254
0.000587254
0.000587254
0.000587254
0.000587254
0.000587254
0.000587254
0.000587254
0.000587254
0.000587254
0.000587254
0.000587254
0.000587254
0.000587254
0.000587254
0.000587254
0.000587254
0.000587254
0.000587254
0.000587254
0.000587254
0.000587254
0.000587254
0.000587254
0.000587254
0.000587254
0.000587254
0.000587254
0.000587254
0.000587254
0.000587254
0.000587254
0.000587254
0.000587254
0.000587254
0.000587254
0.000587254
0.000587254
0.000587254
0.000587254
0.000587254
0.000587254
0.000587254
0.000587254
0.000587254
0.000587254
0.000587254
0.000587254
0.000587254
0.000587254
0.000587254
0.000587254
0.000587254
0.000587254
0.000587254
0.000587254
0.000587254
0.000587254
0.000587254
0.000587254
0.000587254
0.000587254
0.000587254
0.000587254
0.000587254
0.000587254
0.000587254
0.000587254
0.000587254
0.000587254
0.000587254
0.000587254
0.000587254
0.000587254
0.000587254
0.000587254
0.000587254
0.000587254
0.000587254
0.000587254
0.000587254
0.000587254
0.000587254
0.000587254
0.000587254
0.000587254
0.000587254
0.000587254
0.000587254
0.000587254
0.000587254
0.000587254
0.000587254
0.000587254
0.000587254
0.000587254
0.000587254
0.000587254
0.000587254
0.000587254
0.000587254
0.000587254
0.000587254
0.000587254
0.000587254
0.000587254
0.000587254
0.000587254
0.000587254
0.000587254
0.000587254
0.000587254
0.000587254
0.000587254
0.000587254
0.000587254
0.000587254
0.000587254
0.000587254
0.000587254
0.000587254
0.000587254
0.000587254
0.000587254
0.000587254
0.000587254
0.000587254
0.000587254
0.000587254
0.000587254
0.000587254
0.000587254
0.000587254
0.000587254
0.000587254
0.000587254
0.000587254
0.000587254
0.000587254
0.000587254
0.000587254
0.000587254
0.000587254
0.000587254
0.000587254
0.000587254
0.000587254
0.000587254
0.000587254
0.000587254
0.000587254
0.000587254
0.000587254
0.000587254
0.000587254
0.000587254
0.000587254
0.000587254
0.000587254
0.000587254
0.000587254
0.000587254
0.000587254
0.000587254
0.000587254
0.000587254
0.000587254
0.000587254
0.000587254
0.000587254
0.000587254
0.000587254
0.000587254
0.000587254
0.000587254
0.000587254
0.000587254
0.000587254
0.000587254
0.000587254
0.000587254
0.000587254
0.000587254
0.000587254
0.000587254
0.000587254
0.000587254
0.000587254
0.000587254
0.000587254
0.000587254
0.000587254
0.000587254
0.000587254
0.000587254
0.000587254
0.000587254
0.000587254
0.000587254
0.000587254
0.000587254
0.000587254
0.000587254
0.000587254
0.000587254
0.000587254
0.000587254
0.000587254
0.000587254
0.000587254
0.000587254
0.000587254
0.000587254
0.000587254
0.000587254
0.000587254
0.000587254
0.000587254
0.000587254
0.000587254
0.000587254
0.000587254
0.000587254
0.000587254
0.000587254
0.000587254
0.000587254
0.000587254
0.000587254
0.000587254
0.000587254
0.000587254
0.000587254
0.000587254
0.000587254
0.000587254
0.000587254
0.000587254
0.000587254
0.000587254
0.000587254
0.000587254
0.000587254
0.000587254
0.000587254
0.000587254
0.000587254
0.000587254
0.000587254
0.000587254
0.000587254
0.000587254
0.000587254
0.000587254
0.000587254
0.000587254
0.000587254
0.000587254
0.000587254
0.000587254
0.000587254
0.000587254
0.000587254
0.000587254
0.000587254
0.000587254
0.000587254
0.000587254
0.000587254
0.000587254
0.000587254
0.000587254
0.000587254
0.000587254
0.000587254
0.000587254
0.000587254
0.000587254
0.000587254
0.000587254
0.000587254
0.000587254
0.000587254
0.000587254
0.000587254
0.000587254
0.000587254
0.000587254
0.000587254
0.000587254
0.000587254
0.000587254
0.000587254
0.000587254
0.000587254
0.000587254
0.000587254
0.000587254
0.000587254
0.000587254
0.000587254
0.000587254
0.000587254
0.000587254
0.000587254
0.000587254
0.000587254
0.000587254
0.000587254
0.000587254
0.000587254
0.000587254
0.000587254
0.000587254
0.000587254
0.000587254
0.000587254
0.000587255
0.000587255
0.000587254
0.000587254
0.000587254
0.000587254
0.000587254
0.000587254
0.000587254
0.000587253
0.000587256
0.000587255
0.000587255
0.000587254
0.000587254
0.000587254
0.000587255
0.000587254
0.000587253
0.00058725
0.000587259
0.000587257
0.000587255
0.000587255
0.000587255
0.000587255
0.000587255
0.000587254
0.000587247
0.000587235
0.000587275
0.000587264
0.000587257
0.000587255
0.000587255
0.000587256
0.000587257
0.000587253
0.000587229
0.000587182
0.000587328
0.000587288
0.000587264
0.000587257
0.000587256
0.000587259
0.000587264
0.000587252
0.00058717
0.000587003
0.000587498
0.000587362
0.000587284
0.000587261
0.000587261
0.000587272
0.00058729
0.000587258
0.000587006
0.000586465
0.000587996
0.000587572
0.00058734
0.000587274
0.000587274
0.000587311
0.000587371
0.000587302
0.000586607
0.000585013
0.000589304
0.000588095
0.000587472
0.000587304
0.000587309
0.000587416
0.000587599
0.000587487
0.000585794
0.000581494
0.000592405
0.000589232
0.00058774
0.000587364
0.000587388
0.000587663
0.000588151
0.000588074
0.000584506
0.000573824
0.00059903
0.000591335
0.000588192
0.000587459
0.000587543
0.000588163
0.000589294
0.000589588
0.000583358
0.000558581
0.000611876
0.000594462
0.000588776
0.000587569
0.000587792
0.000589014
0.000591282
0.000592797
0.000584958
0.00053015
0.000619008
0.000599645
0.000590136
0.000587823
0.000587904
0.000589451
0.000592627
0.000596876
0.000600279
0.000595096
0.000613165
0.000602399
0.000592278
0.000588506
0.000587492
0.000587853
0.000589618
0.000592918
0.000597132
0.000598381
0.000603897
0.000601527
0.000593523
0.000589496
0.000587757
0.000587129
0.000587323
0.000588545
0.000590903
0.000593297
0.000591102
0.000596622
0.000592751
0.000589976
0.000588353
0.000587469
0.000587026
0.00058702
0.000587636
0.000588859
0.000575766
0.000587519
0.0005889
0.000588768
0.000588241
0.000587753
0.000587393
0.000587165
0.000587127
0.00058738
0.000560863
0.000576163
0.000582425
0.000585488
0.000586784
0.000587227
0.000587318
0.000587288
0.000587242
0.000587243
0.000550313
0.000566551
0.000576025
0.000581596
0.000584621
0.000586128
0.000586813
0.000587093
0.000587192
0.000587221
0.000547262
0.000562744
0.000573204
0.000579698
0.000583456
0.000585473
0.000586474
0.000586931
0.000587117
0.000587174
0.000553267
0.000566731
0.000575747
0.000581223
0.000584313
0.000585929
0.000586716
0.000587088
0.000587284
0.000587429
0.000570406
0.000578018
0.000582418
0.00058495
0.000586277
0.000586932
0.000587291
0.0005876
0.000588018
0.000588637
0.000587079
0.00058573
0.000586086
0.00058662
0.000586982
0.000587184
0.000587315
0.000587448
0.000587618
0.000587792
0.00058747
0.000587123
0.000587054
0.000587115
0.000587188
0.000587242
0.000587285
0.000587336
0.000587398
0.000587454
0.000587468
0.000587359
0.000587285
0.000587257
0.000587254
0.000587259
0.000587268
0.000587283
0.000587303
0.000587319
0.000587371
0.000587335
0.000587297
0.000587274
0.000587263
0.000587259
0.00058726
0.000587263
0.000587269
0.000587273
0.000587302
0.00058729
0.000587276
0.000587266
0.00058726
0.000587257
0.000587256
0.000587257
0.000587258
0.000587259
0.000587271
0.000587267
0.000587262
0.000587259
0.000587256
0.000587255
0.000587255
0.000587255
0.000587255
0.000587256
0.000587259
0.000587258
0.000587257
0.000587256
0.000587255
0.000587255
0.000587255
0.000587255
0.000587255
0.000587255
0.000587256
0.000587255
0.000587255
0.000587255
0.000587255
0.000587254
0.000587254
0.000587254
0.000587254
0.000587254
0.000587255
0.000587255
0.000587255
0.000587255
0.000587254
0.000587254
0.000587254
0.000587254
0.000587254
0.000587254
0.000587254
0.000587254
0.000587254
0.000587254
0.000587254
0.000587254
0.000587254
0.000587254
0.000587254
0.000587254
0.000587254
0.000587254
0.000587254
0.000587254
0.000587254
0.000587254
0.000587254
0.000587254
0.000587254
0.000587254
0.000587254
0.000587254
0.000587254
0.000587254
0.000587254
0.000587254
0.000587254
0.000587254
0.000587254
0.000587254
0.000587254
0.000587254
0.000587254
0.000587254
0.000587254
0.000587254
0.000587254
0.000587254
0.000587254
0.000587254
0.000587254
0.000587254
0.000587254
0.000587254
0.000587254
0.000587254
0.000587254
0.000587254
0.000587254
0.000587254
0.000587254
0.000587254
0.000587254
0.000587254
0.000587254
0.000587254
0.000587254
0.000587254
0.000587254
0.000587254
0.000587254
0.000587254
0.000587254
0.000587254
0.000587254
0.000587254
0.000587254
0.000587254
0.000587254
0.000587254
0.000587254
0.000587254
0.000587254
0.000587254
0.000587254
0.000587254
0.000587254
0.000587254
0.000587254
0.000587254
0.000587254
0.000587254
0.000587254
0.000587254
0.000587254
0.000587254
0.000587254
0.000587254
0.000587254
0.000587254
0.000587254
0.000587254
0.000587254
0.000587254
0.000587254
0.000587254
0.000587254
0.000587254
0.000587254
0.000587254
0.000587254
0.000587254
0.000587254
0.000587254
0.000587254
0.000587254
0.000587254
0.000587254
0.000587254
0.000587254
0.000587254
0.000587254
0.000587254
0.000587254
0.000587254
0.000587254
0.000587254
0.000587254
0.000587254
0.000587254
0.000587254
0.000587254
0.000587254
0.000587254
0.000587254
0.000587254
0.000587254
0.000587254
0.000587254
0.000587254
0.000587254
0.000587254
0.000587254
0.000587254
0.000587254
0.000587254
0.000587254
0.000587254
0.000587254
0.000587254
0.000587254
0.000587254
0.000587254
0.000587254
0.000587254
0.000587254
0.000587254
0.000587254
0.000587254
0.000587254
0.000587254
0.000587254
0.000587254
0.000587254
0.000587254
0.000587254
0.000587254
0.000587254
0.000587254
0.000587254
0.000587254
0.000587254
0.000587254
0.000587254
0.000587254
0.000587254
0.000587254
0.000587254
0.000587254
0.000587254
0.000587254
0.000587254
0.000587254
0.000587254
0.000587254
0.000587254
0.000587254
0.000587254
0.000587254
0.000587254
0.000587254
0.000587254
0.000587254
0.000587254
0.000587254
0.000587254
0.000587254
0.000587254
0.000587254
0.000587254
0.000587254
0.000587254
0.000587254
0.000587254
0.000587254
0.000587254
0.000587254
0.000587254
0.000587254
0.000587254
0.000587254
0.000587254
0.000587254
0.000587254
0.000587254
0.000587254
0.000587254
0.000587254
0.000587254
0.000587254
0.000587254
0.000587254
0.000587254
0.000587254
0.000587254
0.000587254
0.000587254
0.000587254
0.000587254
0.000587254
0.000587254
0.000587254
0.000587254
0.000587254
0.000587254
0.000587254
0.000587254
0.000587254
0.000587254
0.000587254
0.000587254
0.000587254
0.000587254
0.000587254
0.000587254
0.000587254
0.000587254
0.000587254
0.000587254
0.000587254
0.000587254
0.000587254
0.000587254
0.000587254
0.000587254
0.000587254
0.000587254
0.000587254
0.000587254
0.000587254
0.000587254
0.000587254
0.000587254
0.000587254
0.000587254
0.000587254
0.000587254
0.000587254
0.000587254
0.000587254
0.000587254
0.000587254
0.000587254
0.000587254
0.000587254
0.000587254
0.000587254
0.000587254
0.000587254
0.000587254
0.000587254
0.000587254
0.000587254
0.000587254
0.000587254
0.000587254
0.000587254
0.000587254
0.000587254
0.000587254
0.000587254
0.000587254
0.000587254
0.000587254
0.000587254
0.000587254
0.000587254
0.000587254
0.000587254
0.000587254
0.000587254
0.000587254
0.000587254
0.000587254
0.000587254
0.000587254
0.000587254
0.000587254
0.000587254
0.000587254
0.000587254
0.000587254
0.000587254
0.000587254
0.000587254
0.000587254
0.000587254
0.000587254
0.000587254
0.000587254
0.000587254
0.000587254
0.000587254
0.000587254
0.000587254
0.000587254
0.000587254
0.000587254
0.000587254
0.000587254
0.000587254
0.000587254
0.000587254
0.000587254
0.000587254
0.000587254
0.000587254
0.000587254
0.000587254
0.000587254
0.000587254
0.000587254
0.000587254
0.000587254
0.000587254
0.000587254
0.000587254
0.000587254
0.000587254
0.000587254
0.000587254
0.000587254
0.000587254
0.000587254
0.000587254
0.000587254
0.000587254
0.000587254
0.000587254
0.000587254
0.000587254
0.000587254
0.000587254
0.000587254
0.000587254
0.000587254
0.000587254
0.000587254
0.000587254
0.000587254
0.000587254
0.000587254
0.000587254
0.000587254
0.000587254
0.000587254
0.000587254
0.000587254
0.000587254
0.000587254
0.000587254
0.000587254
0.000587254
0.000587254
0.000587254
0.000587254
0.000587254
0.000587254
0.000587254
0.000587254
0.000587254
0.000587254
0.000587254
0.000587254
0.000587254
0.000587254
0.000587254
0.000587254
0.000587254
0.000587254
0.000587254
0.000587254
0.000587254
0.000587254
0.000587254
0.000587254
0.000587254
0.000587254
0.000587254
0.000587254
0.000587254
0.000587254
0.000587254
0.000587254
0.000587254
0.000587254
0.000587254
0.000587254
0.000587254
0.000587254
0.000587254
0.000587254
0.000587254
0.000587254
0.000587254
0.000587254
0.000587254
0.000587254
0.000587254
0.000587254
0.000587254
0.000587254
0.000587254
0.000587254
0.000587254
0.000587254
0.000587254
0.000587254
0.000587254
0.000587254
0.000587254
0.000587254
0.000587254
0.000587254
0.000587254
0.000587254
0.000587254
0.000587254
0.000587254
0.000587254
0.000587254
0.000587254
0.000587254
0.000587254
0.000587254
0.000587254
0.000587254
0.000587254
0.000587254
0.000587254
0.000587254
0.000587254
0.000587254
0.000587254
0.000587254
0.000587254
0.000587254
0.000587254
0.000587254
0.000587254
0.000587254
0.000587254
0.000587254
0.000587254
0.000587254
0.000587254
0.000587254
0.000587254
0.000587254
0.000587254
0.000587254
0.000587254
0.000587254
0.000587254
0.000587254
0.000587254
0.000587254
0.000587254
0.000587254
0.000587254
0.000587254
0.000587254
0.000587254
0.000587254
0.000587254
0.000587254
0.000587254
0.000587254
0.000587254
0.000587254
0.000587254
0.000587254
0.000587254
0.000587254
0.000587254
0.000587254
0.000587254
0.000587254
0.000587254
0.000587254
0.000587254
0.000587254
0.000587254
0.000587254
0.000587254
0.000587254
0.000587254
0.000587254
0.000587254
0.000587254
0.000587254
0.000587254
0.000587254
0.000587254
0.000587254
0.000587254
0.000587254
0.000587254
0.000587254
0.000587254
0.000587254
0.000587254
0.000587254
0.000587254
0.000587254
0.000587254
0.000587254
0.000587254
0.000587254
0.000587254
0.000587254
0.000587254
0.000587254
0.000587254
0.000587254
0.000587254
0.000587254
0.000587254
0.000587254
0.000587254
0.000587254
0.000587254
0.000587254
0.000587254
0.000587254
0.000587254
0.000587254
0.000587254
0.000587254
0.000587254
0.000587254
0.000587254
0.000587254
0.000587254
0.000587254
0.000587254
0.000587254
0.000587254
0.000587254
0.000587254
0.000587254
0.000587254
0.000587254
0.000587254
0.000587254
0.000587254
0.000587254
0.000587254
0.000587254
0.000587254
0.000587254
0.000587254
0.000587254
0.000587254
0.000587254
0.000587254
0.000587254
0.000587254
0.000587254
0.000587254
0.000587254
0.000587254
0.000587254
0.000587254
0.000587254
0.000587254
0.000587254
0.000587254
0.000587254
0.000587254
0.000587254
0.000587254
0.000587254
0.000587254
0.000587254
0.000587254
0.000587254
0.000587254
0.000587254
0.000587254
0.000587254
0.000587254
0.000587254
0.000587254
0.000587254
0.000587254
0.000587254
0.000587254
0.000587254
0.000587254
0.000588293
0.000588538
0.000588811
0.00058907
0.000589264
0.000589375
0.000589381
0.000589299
0.000589166
0.000589016
0.000587772
0.000588014
0.000588261
0.000588426
0.000588456
0.000588358
0.000588175
0.000587959
0.000587745
0.000587547
0.000587504
0.000587655
0.000587792
0.000587839
0.000587776
0.00058764
0.000587483
0.000587345
0.000587245
0.000587186
0.000587379
0.000587449
0.000587498
0.000587489
0.000587423
0.000587339
0.000587268
0.000587227
0.000587213
0.000587219
0.000587364
0.000587385
0.000587376
0.000587343
0.000587299
0.000587263
0.000587243
0.000587237
0.000587236
0.000587245
0.000587465
0.000587481
0.000587407
0.000587333
0.000587282
0.000587255
0.000587241
0.000587233
0.000587238
0.000587338
0.000587767
0.000587878
0.000587672
0.000587465
0.000587332
0.00058726
0.000587228
0.000587242
0.000587421
0.000588158
0.000588471
0.000588985
0.000588508
0.000587953
0.000587562
0.000587326
0.000587219
0.000587312
0.000588001
0.000590307
0.000589978
0.000591667
0.000590733
0.000589467
0.000588469
0.000587767
0.000587304
0.000587111
0.000587498
0.000589551
0.000591838
0.000597353
0.000596759
0.000595246
0.000593934
0.000592888
0.000591851
0.000589936
0.000584209
0.000567179
0.000587827
0.000587578
0.000587404
0.000587316
0.000587274
0.000587231
0.000587107
0.000586694
0.000585391
0.000581391
0.000587458
0.000587388
0.000587321
0.000587275
0.000587235
0.000587165
0.000586998
0.000586617
0.000585867
0.000584771
0.000587319
0.0005873
0.000587277
0.000587258
0.000587234
0.000587186
0.000587083
0.000586883
0.000586568
0.000586243
0.000587273
0.000587268
0.000587261
0.000587254
0.000587243
0.00058722
0.000587173
0.000587091
0.000586978
0.00058688
0.000587259
0.000587258
0.000587256
0.000587254
0.000587249
0.000587241
0.000587224
0.000587195
0.000587159
0.000587131
0.000587255
0.000587255
0.000587255
0.000587254
0.000587253
0.00058725
0.000587245
0.000587236
0.000587226
0.000587218
0.000587255
0.000587255
0.000587254
0.000587254
0.000587254
0.000587253
0.000587252
0.000587249
0.000587247
0.000587245
0.000587254
0.000587254
0.000587254
0.000587254
0.000587254
0.000587254
0.000587254
0.000587253
0.000587253
0.000587252
0.000587254
0.000587254
0.000587254
0.000587254
0.000587254
0.000587254
0.000587254
0.000587254
0.000587254
0.000587254
0.000587254
0.000587254
0.000587254
0.000587254
0.000587254
0.000587254
0.000587254
0.000587254
0.000587254
0.000587254
0.000587254
0.000587254
0.000587254
0.000587254
0.000587254
0.000587254
0.000587254
0.000587254
0.000587254
0.000587254
0.000587254
0.000587254
0.000587254
0.000587254
0.000587254
0.000587254
0.000587254
0.000587254
0.000587254
0.000587254
0.000587254
0.000587254
0.000587254
0.000587254
0.000587254
0.000587254
0.000587254
0.000587254
0.000587254
0.000587254
0.000587254
0.000587254
0.000587254
0.000587254
0.000587254
0.000587254
0.000587254
0.000587254
0.000587254
0.000587254
0.000587254
0.000587254
0.000587254
0.000587254
0.000587254
0.000587254
0.000587254
0.000587254
0.000587254
0.000587254
0.000587254
0.000587254
0.000587254
0.000587254
0.000587254
0.000587254
0.000587254
0.000587254
0.000587254
0.000587254
0.000587254
0.000587254
0.000587254
0.000587254
0.000587254
0.000587254
0.000587254
0.000587254
0.000587254
0.000587254
0.000587254
0.000587254
0.000587254
0.000587254
0.000587254
0.000587254
0.000587254
0.000587254
0.000587254
0.000587254
0.000587254
0.000587254
0.000587254
0.000587254
0.000587254
0.000587254
0.000587254
0.000587254
0.000587254
0.000587254
0.000587254
0.000587254
0.000587254
0.000587254
0.000587254
0.000587254
0.000587254
0.000587254
0.000587254
0.000587254
0.000587254
0.000587254
0.000587254
0.000587254
0.000587254
0.000587254
0.000587254
0.000587254
0.000587254
0.000587254
0.000587254
0.000587254
0.000587254
0.000587254
0.000587254
0.000587254
0.000587254
0.000587254
0.000587254
0.000587254
0.000587254
0.000587254
0.000587254
0.000587254
0.000587254
0.000587254
0.000587254
0.000587254
0.000587254
0.000587254
0.000587254
0.000587254
0.000587254
0.000587254
0.000587254
0.000587254
0.000587254
0.000587254
0.000587254
0.000587254
0.000587254
0.000587254
0.000587254
0.000587254
0.000587254
0.000587254
0.000587254
0.000587254
0.000587254
0.000587254
0.000587254
0.000587254
0.000587254
0.000587254
0.000587254
0.000587254
0.000587254
0.000587254
0.000587254
0.000587254
0.000587254
0.000587254
0.000587254
0.000587254
0.000587254
0.000587254
0.000587254
0.000587254
0.000587254
0.000587254
0.000587254
0.000587254
0.000587254
0.000587254
0.000587254
0.000587254
0.000587254
0.000587254
0.000587254
0.000587254
0.000587254
0.000587254
0.000587254
0.000587254
0.000587254
0.000587254
0.000587254
0.000587254
0.000587254
0.000587254
0.000587254
0.000587254
0.000587254
0.000587254
0.000587254
0.000587254
0.000587254
0.000587254
0.000587254
0.000587254
0.000587254
0.000587254
0.000587254
0.000587254
0.000587254
0.000587254
0.000587254
0.000587254
0.000587254
0.000587254
0.000587254
0.000587254
0.000587254
0.000587254
0.000587254
0.000587254
0.000587254
0.000587254
0.000587254
0.000587254
0.000587254
0.000587254
0.000587254
0.000587254
0.000587254
0.000587254
0.000587254
0.000587254
0.000587254
0.000587254
0.000587254
0.000587254
0.000587254
0.000587254
0.000587254
0.000587254
0.000587254
0.000587254
0.000587254
0.000587254
0.000587254
0.000587254
0.000587254
0.000587254
0.000587254
0.000587254
0.000587254
0.000587254
0.000587254
0.000587254
0.000587254
0.000587254
0.000587254
0.000587254
0.000587254
0.000587254
0.000587254
0.000587254
0.000587254
0.000587254
0.000587254
0.000587254
0.000587254
0.000587254
0.000587254
0.000587254
0.000587254
0.000587254
0.000587254
0.000587254
0.000587254
0.000587254
0.000587254
0.000587254
0.000587254
0.000587254
0.000587254
0.000587254
0.000587254
0.000587254
0.000587254
0.000587254
0.000587254
0.000587254
0.000587254
0.000587254
0.000587254
0.000587254
0.000587254
0.000587254
0.000587254
0.000587254
0.000587254
0.000587254
0.000587254
0.000587254
0.000587254
0.000587254
0.000587254
0.000587254
0.000587254
0.000587254
0.000587254
0.000587254
0.000587254
0.000587254
0.000587254
0.000587254
0.000587254
0.000587254
0.000587254
0.000587254
0.000587254
0.000587254
0.000587254
0.000587254
0.000587254
0.000587254
0.000587254
0.000587254
0.000587254
0.000587254
0.000587254
0.000587254
0.000587254
0.000587254
0.000587254
0.000587254
0.000587254
0.000587254
0.000587254
0.000587254
0.000587254
0.000587254
0.000587254
0.000587254
0.000587254
0.000587254
0.000587254
0.000587254
0.000587254
0.000587254
0.000587254
0.000587254
0.000587254
0.000587254
0.000587254
0.000587254
0.000587254
0.000587254
0.000587254
0.000587254
0.000587254
0.000587254
0.000587254
0.000587254
0.000587254
0.000587254
0.000587254
0.000587254
0.000587254
0.000587254
0.000587254
0.000587254
0.000587254
0.000587254
0.000587254
0.000587254
0.000587254
0.000587254
0.000587254
0.000587254
0.000587254
0.000587254
0.000587254
0.000587254
0.000587254
0.000587254
0.000587254
0.000587254
0.000587254
0.000587254
0.000587254
0.000587254
0.000587254
0.000587254
0.000587254
0.000587254
0.000587254
0.000587254
0.000587254
0.000587254
0.000587254
0.000587254
0.000587254
0.000587254
0.000587254
0.000587254
0.000587254
0.000587254
0.000587254
0.000587254
0.000587254
0.000587254
0.000587254
0.000587254
0.000587254
0.000587254
0.000587254
0.000587254
0.000587254
0.000587254
0.000587254
0.000587254
0.000587254
0.000587254
0.000587254
0.000587254
0.000587254
0.000587254
0.000587254
0.000587254
0.000587254
0.000587254
0.000587254
0.000587254
0.000587254
0.000587254
0.000587254
0.000587254
0.000587254
0.000587254
0.000587254
0.000587254
0.000587254
0.000587254
0.000587254
0.000587254
0.000587254
0.000587254
0.000587254
0.000587254
0.000587254
0.000587254
0.000587254
0.000587254
0.000587254
0.000587254
0.000587254
0.000587254
0.000587254
0.000587254
0.000587254
0.000587254
0.000587254
0.000587254
0.000587254
0.000587254
0.000587254
0.000587254
0.000587254
0.000587254
0.000587254
0.000587254
0.000587254
0.000587254
0.000587254
0.000587254
0.000587254
0.000587254
0.000587254
0.000587254
0.000587254
0.000587254
0.000587254
0.000587254
0.000587254
0.000587254
0.000587254
0.000587254
0.000587254
0.000587254
0.000587254
0.000587254
0.000587254
0.000587254
0.000587254
0.000587254
0.000587254
0.000587254
0.000587254
0.000587254
0.000587254
0.000587254
0.000587254
0.000587254
0.000587254
0.000587254
0.000587254
0.000587254
0.000587254
0.000587254
0.000587254
0.000587254
0.000587254
0.000587254
0.000587254
0.000587254
0.000587254
0.000587254
0.000587254
0.000587254
0.000587254
0.000587254
0.000587254
0.000587254
0.000587254
0.000587254
0.000587254
0.000587254
0.000587254
0.000587254
0.000587254
0.000587254
0.000587254
0.000587254
0.000587254
0.000587254
0.000587254
0.000587254
0.000587254
0.000587254
0.000587254
0.000587254
0.000587254
0.000587254
0.000587254
0.000587254
0.000587254
0.000587254
0.000587254
0.000587254
0.000587254
0.000587254
0.000587254
0.000587254
0.000587254
0.000587254
0.000587254
0.000587254
0.000587254
0.000587254
0.000587254
0.000587254
0.000587254
0.000587254
0.000587254
0.000587254
0.000587254
0.000587254
0.000587254
0.000587254
0.000587254
0.000587254
0.000587254
0.000587254
0.000587254
0.000587254
0.000587254
0.000587254
0.000587254
0.000587254
0.000587254
0.000587254
0.000587254
0.000587254
0.000587254
0.000587254
0.000587254
0.000587254
0.000587254
0.000587254
0.000587254
0.000587254
0.000587254
0.000587254
0.000587254
0.000587254
0.000587254
0.000587254
0.000587254
0.000587254
0.000587254
0.000587254
0.000587254
0.000587254
0.000587254
0.000587254
0.000587254
0.000587254
)
;

boundaryField
{
    defaultFaces
    {
        type            empty;
    }
}


// ************************************************************************* //
