/*--------------------------------*- C++ -*----------------------------------*\
  =========                 |
  \\      /  F ield         | OpenFOAM: The Open Source CFD Toolbox
   \\    /   O peration     | Website:  https://openfoam.org
    \\  /    A nd           | Version:  11
     \\/     M anipulation  |
\*---------------------------------------------------------------------------*/
FoamFile
{
    format      ascii;
    class       volScalarField;
    location    "2.5";
    object      nut;
}
// * * * * * * * * * * * * * * * * * * * * * * * * * * * * * * * * * * * * * //

dimensions      [0 2 -1 0 0 0 0];

internalField   nonuniform List<scalar> 
2200
(
0.000148337
0.000148337
0.000148337
0.000148337
0.000148337
0.000148337
0.000148337
0.000148337
0.000148337
0.000148337
0.000148337
0.000148337
0.000148337
0.000148337
0.000148337
0.000148337
0.000148337
0.000148337
0.000148337
0.000148337
0.000148337
0.000148337
0.000148337
0.000148337
0.000148337
0.000148337
0.000148337
0.000148337
0.000148337
0.000148337
0.000148337
0.000148337
0.000148337
0.000148337
0.000148337
0.000148337
0.000148337
0.000148337
0.000148337
0.000148337
0.000148337
0.000148337
0.000148337
0.000148337
0.000148337
0.000148337
0.000148337
0.000148337
0.000148337
0.000148337
0.000148337
0.000148337
0.000148337
0.000148337
0.000148337
0.000148337
0.000148337
0.000148337
0.000148337
0.000148337
0.000148337
0.000148337
0.000148337
0.000148337
0.000148337
0.000148337
0.000148337
0.000148337
0.000148337
0.000148337
0.000148337
0.000148337
0.000148337
0.000148337
0.000148337
0.000148337
0.000148337
0.000148337
0.000148337
0.000148337
0.000148337
0.000148337
0.000148337
0.000148337
0.000148337
0.000148337
0.000148337
0.000148337
0.000148337
0.000148337
0.000148337
0.000148337
0.000148337
0.000148337
0.000148337
0.000148337
0.000148337
0.000148337
0.000148337
0.000148337
0.000148337
0.000148337
0.000148337
0.000148337
0.000148337
0.000148337
0.000148337
0.000148337
0.000148337
0.000148337
0.000148337
0.000148337
0.000148337
0.000148337
0.000148337
0.000148337
0.000148337
0.000148337
0.000148337
0.000148337
0.000148337
0.000148337
0.000148337
0.000148337
0.000148337
0.000148337
0.000148337
0.000148337
0.000148337
0.000148337
0.000148337
0.000148337
0.000148337
0.000148337
0.000148337
0.000148337
0.000148337
0.000148337
0.000148337
0.000148337
0.000148337
0.000148337
0.000148337
0.000148337
0.000148337
0.000148337
0.000148337
0.000148337
0.000148337
0.000148337
0.000148337
0.000148337
0.000148337
0.000148337
0.000148337
0.000148337
0.000148337
0.000148337
0.000148337
0.000148337
0.000148337
0.000148337
0.000148337
0.000148337
0.000148337
0.000148337
0.000148337
0.000148337
0.000148337
0.000148337
0.000148337
0.000148337
0.000148337
0.000148337
0.000148337
0.000148337
0.000148337
0.000148337
0.000148337
0.000148337
0.000148337
0.000148337
0.000148337
0.000148337
0.000148337
0.000148337
0.000148337
0.000148337
0.000148337
0.000148337
0.000148337
0.000148337
0.000148337
0.000148337
0.000148337
0.000148337
0.000148337
0.000148337
0.000148337
0.000148337
0.000148337
0.000148337
0.000148337
0.000148337
0.000148337
0.000148337
0.000148337
0.000148337
0.000148337
0.000148337
0.000148337
0.000148337
0.000148337
0.000148337
0.000148337
0.000148337
0.000148337
0.000148337
0.000148337
0.000148337
0.000148337
0.000148337
0.000148337
0.000148337
0.000148337
0.000148337
0.000148337
0.000148337
0.000148337
0.000148337
0.000148337
0.000148337
0.000148337
0.000148337
0.000148337
0.000148337
0.000148337
0.000148337
0.000148337
0.000148337
0.000148337
0.000148337
0.000148337
0.000148337
0.000148337
0.000148337
0.000148337
0.000148337
0.000148337
0.000148337
0.000148337
0.000148337
0.000148337
0.000148337
0.000148337
0.000148337
0.000148337
0.000148337
0.000148337
0.000148337
0.000148337
0.000148337
0.000148337
0.000148337
0.000148337
0.000148337
0.000148337
0.000148337
0.000148337
0.000148337
0.000148337
0.000148337
0.000148337
0.000148337
0.000148337
0.000148337
0.000148337
0.000148337
0.000148337
0.000148337
0.000148337
0.000148337
0.000148337
0.000148337
0.000148337
0.000148337
0.000148337
0.000148337
0.000148337
0.000148337
0.000148337
0.000148337
0.000148337
0.000148337
0.000148337
0.000148337
0.000148337
0.000148337
0.000148337
0.000148337
0.000148337
0.000148337
0.000148337
0.000148337
0.000148337
0.000148337
0.000148337
0.000148337
0.000148337
0.000148337
0.000148337
0.000148337
0.000148337
0.000148337
0.000148337
0.000148337
0.000148337
0.000148337
0.000148337
0.000148337
0.000148337
0.000148337
0.000148337
0.000148337
0.000148337
0.000148337
0.000148337
0.000148337
0.000148337
0.000148337
0.000148337
0.000148337
0.000148337
0.000148337
0.000148337
0.000148337
0.000148337
0.000148337
0.000148337
0.000148337
0.000148337
0.000148337
0.000148337
0.000148337
0.000148337
0.000148337
0.000148337
0.000148337
0.000148337
0.000148337
0.000148337
0.000148337
0.000148337
0.000148337
0.000148337
0.000148337
0.000148337
0.000148337
0.000148337
0.000148337
0.000148337
0.000148337
0.000148337
0.000148337
0.000148337
0.000148337
0.000148337
0.000148337
0.000148337
0.000148337
0.000148337
0.000148337
0.000148337
0.000148337
0.000148337
0.000148337
0.000148337
0.000148337
0.000148337
0.000148337
0.000148337
0.000148337
0.000148337
0.000148337
0.000148337
0.000148337
0.000148337
0.000148337
0.000148337
0.000148337
0.000148337
0.000148337
0.000148337
0.000148337
0.000148337
0.000148337
0.000148337
0.000148337
0.000148337
0.000148337
0.000148337
0.000148337
0.000148337
0.000148337
0.000148337
0.000148337
0.000148337
0.000148337
0.000148337
0.000148337
0.000148337
0.000148337
0.000148337
0.000148337
0.000148337
0.000148337
0.000148337
0.000148337
0.000148337
0.000148337
0.000148337
0.000148337
0.000148337
0.000148337
0.000148337
0.000148337
0.000148337
0.000148337
0.000148337
0.000148337
0.000148337
0.000148337
0.000148337
0.000148337
0.000148337
0.000148337
0.000148337
0.000148337
0.000148337
0.000148337
0.000148337
0.000148337
0.000148337
0.000148337
0.000148337
0.000148337
0.000148337
0.000148337
0.000148337
0.000148337
0.000148337
0.000148337
0.000148337
0.000148337
0.000148337
0.000148337
0.000148337
0.000148337
0.000148337
0.000148337
0.000148337
0.000148337
0.000148337
0.000148337
0.000148337
0.000148337
0.000148337
0.000148337
0.000148337
0.000148337
0.000148337
0.000148337
0.000148337
0.000148337
0.000148337
0.000148337
0.000148337
0.000148337
0.000148337
0.000148337
0.000148337
0.000148337
0.000148337
0.000148337
0.000148337
0.000148337
0.000148337
0.000148337
0.000148337
0.000148337
0.000148337
0.000148337
0.000148337
0.000148337
0.000148337
0.000148337
0.000148337
0.000148337
0.000148337
0.000148336
0.000148337
0.000148337
0.000148337
0.000148337
0.000148337
0.000148337
0.000148337
0.000148337
0.000148336
0.000148335
0.000148339
0.000148338
0.000148337
0.000148337
0.000148337
0.000148337
0.000148337
0.000148336
0.000148334
0.00014833
0.000148344
0.00014834
0.000148338
0.000148337
0.000148337
0.000148337
0.000148338
0.000148336
0.000148328
0.000148312
0.000148362
0.000148348
0.00014834
0.000148338
0.000148337
0.000148338
0.00014834
0.000148336
0.000148308
0.000148253
0.000148417
0.000148373
0.000148347
0.000148339
0.000148339
0.000148343
0.000148348
0.000148337
0.000148254
0.000148084
0.000148572
0.000148441
0.000148366
0.000148344
0.000148343
0.000148356
0.000148374
0.000148348
0.000148127
0.000147649
0.000148963
0.000148603
0.000148409
0.000148354
0.000148355
0.000148389
0.000148443
0.000148397
0.000147879
0.000146647
0.000149849
0.000148943
0.000148493
0.000148374
0.00014838
0.000148463
0.000148601
0.00014855
0.000147499
0.000144575
0.000151663
0.000149548
0.000148631
0.000148404
0.000148427
0.000148607
0.000148911
0.000148933
0.000147161
0.000140643
0.000155056
0.00015042
0.000148806
0.000148439
0.000148499
0.000148838
0.000149421
0.000149723
0.000147544
0.000133534
0.000157003
0.00015184
0.000149203
0.000148521
0.000148531
0.000148946
0.000149752
0.000150764
0.000151498
0.000150059
0.000155459
0.000152581
0.000149816
0.000148731
0.00014843
0.000148537
0.000149015
0.000149848
0.000150852
0.000151058
0.000152899
0.000152277
0.000150145
0.000149016
0.000148507
0.000148332
0.000148404
0.000148746
0.000149349
0.000149913
0.000149384
0.000150849
0.000149877
0.000149134
0.000148672
0.000148413
0.000148291
0.000148303
0.000148481
0.000148797
0.000145223
0.000148301
0.00014874
0.00014875
0.000148623
0.000148487
0.000148382
0.000148317
0.000148311
0.000148383
0.000141221
0.000145188
0.000146897
0.000147776
0.000148172
0.000148317
0.000148352
0.000148346
0.000148334
0.000148335
0.000138412
0.00014259
0.000145111
0.000146651
0.000147522
0.000147975
0.00014819
0.000148282
0.000148316
0.000148327
0.000137613
0.000141579
0.000144337
0.000146111
0.000147178
0.000147775
0.000148083
0.00014823
0.000148293
0.000148317
0.000139235
0.000142681
0.000145057
0.000146556
0.000147437
0.000147917
0.00014816
0.000148278
0.000148338
0.000148376
0.000143786
0.000145746
0.000146927
0.000147637
0.000148027
0.000148225
0.00014833
0.000148404
0.000148484
0.000148585
0.000148159
0.000147841
0.000147964
0.00014813
0.000148245
0.000148309
0.000148347
0.000148379
0.000148414
0.000148445
0.000148343
0.000148264
0.000148258
0.000148285
0.000148312
0.00014833
0.000148344
0.000148356
0.00014837
0.000148381
0.000148381
0.000148355
0.000148339
0.000148334
0.000148335
0.000148337
0.00014834
0.000148344
0.000148349
0.000148352
0.000148367
0.000148358
0.000148348
0.000148342
0.000148339
0.000148338
0.000148338
0.000148339
0.000148341
0.000148342
0.000148351
0.000148347
0.000148343
0.00014834
0.000148338
0.000148338
0.000148337
0.000148338
0.000148338
0.000148338
0.000148342
0.000148341
0.000148339
0.000148338
0.000148337
0.000148337
0.000148337
0.000148337
0.000148337
0.000148337
0.000148338
0.000148338
0.000148338
0.000148337
0.000148337
0.000148337
0.000148337
0.000148337
0.000148337
0.000148337
0.000148337
0.000148337
0.000148337
0.000148337
0.000148337
0.000148337
0.000148337
0.000148337
0.000148337
0.000148337
0.000148337
0.000148337
0.000148337
0.000148337
0.000148337
0.000148337
0.000148337
0.000148337
0.000148337
0.000148337
0.000148337
0.000148337
0.000148337
0.000148337
0.000148337
0.000148337
0.000148337
0.000148337
0.000148337
0.000148337
0.000148337
0.000148337
0.000148337
0.000148337
0.000148337
0.000148337
0.000148337
0.000148337
0.000148337
0.000148337
0.000148337
0.000148337
0.000148337
0.000148337
0.000148337
0.000148337
0.000148337
0.000148337
0.000148337
0.000148337
0.000148337
0.000148337
0.000148337
0.000148337
0.000148337
0.000148337
0.000148337
0.000148337
0.000148337
0.000148337
0.000148337
0.000148337
0.000148337
0.000148337
0.000148337
0.000148337
0.000148337
0.000148337
0.000148337
0.000148337
0.000148337
0.000148337
0.000148337
0.000148337
0.000148337
0.000148337
0.000148337
0.000148337
0.000148337
0.000148337
0.000148337
0.000148337
0.000148337
0.000148337
0.000148337
0.000148337
0.000148337
0.000148337
0.000148337
0.000148337
0.000148337
0.000148337
0.000148337
0.000148337
0.000148337
0.000148337
0.000148337
0.000148337
0.000148337
0.000148337
0.000148337
0.000148337
0.000148337
0.000148337
0.000148337
0.000148337
0.000148337
0.000148337
0.000148337
0.000148337
0.000148337
0.000148337
0.000148337
0.000148337
0.000148337
0.000148337
0.000148337
0.000148337
0.000148337
0.000148337
0.000148337
0.000148337
0.000148337
0.000148337
0.000148337
0.000148337
0.000148337
0.000148337
0.000148337
0.000148337
0.000148337
0.000148337
0.000148337
0.000148337
0.000148337
0.000148337
0.000148337
0.000148337
0.000148337
0.000148337
0.000148337
0.000148337
0.000148337
0.000148337
0.000148337
0.000148337
0.000148337
0.000148337
0.000148337
0.000148337
0.000148337
0.000148337
0.000148337
0.000148337
0.000148337
0.000148337
0.000148337
0.000148337
0.000148337
0.000148337
0.000148337
0.000148337
0.000148337
0.000148337
0.000148337
0.000148337
0.000148337
0.000148337
0.000148337
0.000148337
0.000148337
0.000148337
0.000148337
0.000148337
0.000148337
0.000148337
0.000148337
0.000148337
0.000148337
0.000148337
0.000148337
0.000148337
0.000148337
0.000148337
0.000148337
0.000148337
0.000148337
0.000148337
0.000148337
0.000148337
0.000148337
0.000148337
0.000148337
0.000148337
0.000148337
0.000148337
0.000148337
0.000148337
0.000148337
0.000148337
0.000148337
0.000148337
0.000148337
0.000148337
0.000148337
0.000148337
0.000148337
0.000148337
0.000148337
0.000148337
0.000148337
0.000148337
0.000148337
0.000148337
0.000148337
0.000148337
0.000148337
0.000148337
0.000148337
0.000148337
0.000148337
0.000148337
0.000148337
0.000148337
0.000148337
0.000148337
0.000148337
0.000148337
0.000148337
0.000148337
0.000148337
0.000148337
0.000148337
0.000148337
0.000148337
0.000148337
0.000148337
0.000148337
0.000148337
0.000148337
0.000148337
0.000148337
0.000148337
0.000148337
0.000148337
0.000148337
0.000148337
0.000148337
0.000148337
0.000148337
0.000148337
0.000148337
0.000148337
0.000148337
0.000148337
0.000148337
0.000148337
0.000148337
0.000148337
0.000148337
0.000148337
0.000148337
0.000148337
0.000148337
0.000148337
0.000148337
0.000148337
0.000148337
0.000148337
0.000148337
0.000148337
0.000148337
0.000148337
0.000148337
0.000148337
0.000148337
0.000148337
0.000148337
0.000148337
0.000148337
0.000148337
0.000148337
0.000148337
0.000148337
0.000148337
0.000148337
0.000148337
0.000148337
0.000148337
0.000148337
0.000148337
0.000148337
0.000148337
0.000148337
0.000148337
0.000148337
0.000148337
0.000148337
0.000148337
0.000148337
0.000148337
0.000148337
0.000148337
0.000148337
0.000148337
0.000148337
0.000148337
0.000148337
0.000148337
0.000148337
0.000148337
0.000148337
0.000148337
0.000148337
0.000148337
0.000148337
0.000148337
0.000148337
0.000148337
0.000148337
0.000148337
0.000148337
0.000148337
0.000148337
0.000148337
0.000148337
0.000148337
0.000148337
0.000148337
0.000148337
0.000148337
0.000148337
0.000148337
0.000148337
0.000148337
0.000148337
0.000148337
0.000148337
0.000148337
0.000148337
0.000148337
0.000148337
0.000148337
0.000148337
0.000148337
0.000148337
0.000148337
0.000148337
0.000148337
0.000148337
0.000148337
0.000148337
0.000148337
0.000148337
0.000148337
0.000148337
0.000148337
0.000148337
0.000148337
0.000148337
0.000148337
0.000148337
0.000148337
0.000148337
0.000148337
0.000148337
0.000148337
0.000148337
0.000148337
0.000148337
0.000148337
0.000148337
0.000148337
0.000148337
0.000148337
0.000148337
0.000148337
0.000148337
0.000148337
0.000148337
0.000148337
0.000148337
0.000148337
0.000148337
0.000148337
0.000148337
0.000148337
0.000148337
0.000148337
0.000148337
0.000148337
0.000148337
0.000148337
0.000148337
0.000148337
0.000148337
0.000148337
0.000148337
0.000148337
0.000148337
0.000148337
0.000148337
0.000148337
0.000148337
0.000148337
0.000148337
0.000148337
0.000148337
0.000148337
0.000148337
0.000148337
0.000148337
0.000148337
0.000148337
0.000148337
0.000148337
0.000148337
0.000148337
0.000148337
0.000148337
0.000148337
0.000148337
0.000148337
0.000148337
0.000148337
0.000148337
0.000148337
0.000148337
0.000148337
0.000148337
0.000148337
0.000148337
0.000148337
0.000148337
0.000148337
0.000148337
0.000148337
0.000148337
0.000148337
0.000148337
0.000148337
0.000148337
0.000148337
0.000148337
0.000148337
0.000148337
0.000148337
0.000148337
0.000148337
0.000148337
0.000148337
0.000148337
0.000148337
0.000148337
0.000148337
0.000148337
0.000148337
0.000148337
0.000148337
0.000148337
0.000148337
0.000148337
0.000148337
0.000148337
0.000148337
0.000148337
0.000148337
0.000148337
0.000148337
0.000148337
0.000148337
0.000148337
0.000148337
0.000148337
0.000148337
0.000148337
0.000148337
0.000148337
0.000148337
0.000148337
0.000148337
0.000148337
0.000148337
0.000148337
0.000148337
0.000148337
0.000148337
0.000148337
0.000148337
0.000148337
0.000148337
0.000148337
0.000148337
0.000148337
0.000148337
0.000148337
0.000148337
0.000148337
0.000148337
0.000148337
0.000148337
0.000148337
0.000148337
0.000148337
0.000148337
0.000148337
0.000148337
0.000148337
0.000148337
0.000148337
0.000148337
0.000148337
0.000148337
0.000148337
0.000148337
0.000148337
0.000148337
0.000148337
0.000148337
0.000148337
0.000148337
0.000148337
0.000148337
0.000148337
0.000148337
0.000148337
0.000148337
0.000148337
0.000148337
0.000148337
0.000148337
0.000148337
0.000148337
0.000148337
0.000148337
0.000148337
0.000148337
0.000148337
0.000148337
0.000148337
0.000148337
0.000148337
0.000148337
0.000148337
0.000148337
0.000148337
0.000148337
0.000148337
0.000148337
0.000148337
0.000148337
0.000148337
0.000148337
0.000148337
0.000148337
0.000148337
0.000148337
0.000148337
0.000148337
0.000148337
0.000148337
0.000148337
0.000148337
0.000148337
0.000148337
0.000148337
0.000148337
0.000148337
0.000148337
0.000148337
0.000148337
0.000148337
0.000148337
0.000148337
0.000148337
0.000148337
0.000148337
0.000148337
0.000148337
0.000148337
0.000148337
0.000148337
0.000148337
0.000148337
0.000148337
0.000148337
0.000148337
0.000148337
0.000148337
0.000148337
0.000148337
0.000148337
0.000148337
0.000148337
0.000148337
0.000148337
0.000148337
0.000148337
0.000148337
0.000148337
0.000148337
0.000148337
0.000148337
0.000148337
0.000148337
0.000148337
0.000148337
0.000148337
0.000148337
0.000148337
0.000148337
0.000148337
0.000148337
0.000148337
0.000148337
0.000148337
0.000148337
0.000148337
0.000148337
0.000148337
0.000148337
0.000148337
0.000148337
0.000148337
0.000148337
0.000148337
0.000148337
0.000148337
0.000148337
0.000148337
0.000148522
0.00014856
0.000148598
0.000148625
0.000148632
0.000148623
0.000148592
0.000148579
0.00014858
0.00014858
0.00014844
0.000148481
0.000148522
0.000148549
0.000148553
0.000148536
0.000148506
0.000148472
0.000148437
0.000148402
0.000148392
0.00014842
0.000148445
0.000148453
0.000148442
0.000148417
0.000148388
0.000148361
0.00014834
0.000148325
0.000148369
0.000148383
0.000148392
0.000148389
0.000148375
0.000148358
0.000148343
0.000148333
0.000148328
0.000148328
0.000148369
0.000148374
0.00014837
0.00014836
0.000148349
0.00014834
0.000148335
0.000148332
0.000148331
0.000148335
0.000148401
0.000148408
0.000148385
0.000148362
0.000148346
0.000148338
0.000148333
0.000148331
0.000148334
0.000148367
0.000148489
0.000148527
0.000148469
0.000148406
0.000148364
0.000148341
0.000148331
0.000148336
0.000148393
0.000148607
0.000148684
0.000148843
0.000148716
0.000148557
0.00014844
0.000148369
0.000148336
0.000148364
0.00014856
0.000149167
0.000149086
0.000149573
0.00014934
0.000148996
0.000148717
0.000148517
0.000148383
0.000148321
0.000148397
0.000148849
0.000149571
0.000151054
0.000150922
0.000150521
0.000150165
0.000149878
0.000149585
0.00014903
0.000147428
0.000142947
0.000148449
0.000148405
0.000148372
0.000148353
0.000148343
0.000148332
0.0001483
0.000148195
0.000147865
0.000146856
0.000148381
0.000148367
0.000148353
0.000148342
0.000148331
0.00014831
0.000148263
0.00014816
0.000147963
0.000147682
0.000148352
0.000148348
0.000148343
0.000148337
0.00014833
0.000148315
0.000148285
0.000148228
0.000148141
0.000148055
0.000148342
0.00014834
0.000148338
0.000148336
0.000148333
0.000148325
0.000148311
0.000148286
0.000148254
0.000148226
0.000148338
0.000148338
0.000148337
0.000148336
0.000148335
0.000148332
0.000148327
0.000148318
0.000148307
0.000148298
0.000148337
0.000148337
0.000148337
0.000148337
0.000148336
0.000148335
0.000148333
0.000148331
0.000148327
0.000148325
0.000148337
0.000148337
0.000148337
0.000148337
0.000148337
0.000148336
0.000148336
0.000148335
0.000148334
0.000148334
0.000148337
0.000148337
0.000148337
0.000148337
0.000148337
0.000148337
0.000148336
0.000148336
0.000148336
0.000148336
0.000148337
0.000148337
0.000148337
0.000148337
0.000148337
0.000148337
0.000148337
0.000148337
0.000148337
0.000148337
0.000148337
0.000148337
0.000148337
0.000148337
0.000148337
0.000148337
0.000148337
0.000148337
0.000148337
0.000148337
0.000148337
0.000148337
0.000148337
0.000148337
0.000148337
0.000148337
0.000148337
0.000148337
0.000148337
0.000148337
0.000148337
0.000148337
0.000148337
0.000148337
0.000148337
0.000148337
0.000148337
0.000148337
0.000148337
0.000148337
0.000148337
0.000148337
0.000148337
0.000148337
0.000148337
0.000148337
0.000148337
0.000148337
0.000148337
0.000148337
0.000148337
0.000148337
0.000148337
0.000148337
0.000148337
0.000148337
0.000148337
0.000148337
0.000148337
0.000148337
0.000148337
0.000148337
0.000148337
0.000148337
0.000148337
0.000148337
0.000148337
0.000148337
0.000148337
0.000148337
0.000148337
0.000148337
0.000148337
0.000148337
0.000148337
0.000148337
0.000148337
0.000148337
0.000148337
0.000148337
0.000148337
0.000148337
0.000148337
0.000148337
0.000148337
0.000148337
0.000148337
0.000148337
0.000148337
0.000148337
0.000148337
0.000148337
0.000148337
0.000148337
0.000148337
0.000148337
0.000148337
0.000148337
0.000148337
0.000148337
0.000148337
0.000148337
0.000148337
0.000148337
0.000148337
0.000148337
0.000148337
0.000148337
0.000148337
0.000148337
0.000148337
0.000148337
0.000148337
0.000148337
0.000148337
0.000148337
0.000148337
0.000148337
0.000148337
0.000148337
0.000148337
0.000148337
0.000148337
0.000148337
0.000148337
0.000148337
0.000148337
0.000148337
0.000148337
0.000148337
0.000148337
0.000148337
0.000148337
0.000148337
0.000148337
0.000148337
0.000148337
0.000148337
0.000148337
0.000148337
0.000148337
0.000148337
0.000148337
0.000148337
0.000148337
0.000148337
0.000148337
0.000148337
0.000148337
0.000148337
0.000148337
0.000148337
0.000148337
0.000148337
0.000148337
0.000148337
0.000148337
0.000148337
0.000148337
0.000148337
0.000148337
0.000148337
0.000148337
0.000148337
0.000148337
0.000148337
0.000148337
0.000148337
0.000148337
0.000148337
0.000148337
0.000148337
0.000148337
0.000148337
0.000148337
0.000148337
0.000148337
0.000148337
0.000148337
0.000148337
0.000148337
0.000148337
0.000148337
0.000148337
0.000148337
0.000148337
0.000148337
0.000148337
0.000148337
0.000148337
0.000148337
0.000148337
0.000148337
0.000148337
0.000148337
0.000148337
0.000148337
0.000148337
0.000148337
0.000148337
0.000148337
0.000148337
0.000148337
0.000148337
0.000148337
0.000148337
0.000148337
0.000148337
0.000148337
0.000148337
0.000148337
0.000148337
0.000148337
0.000148337
0.000148337
0.000148337
0.000148337
0.000148337
0.000148337
0.000148337
0.000148337
0.000148337
0.000148337
0.000148337
0.000148337
0.000148337
0.000148337
0.000148337
0.000148337
0.000148337
0.000148337
0.000148337
0.000148337
0.000148337
0.000148337
0.000148337
0.000148337
0.000148337
0.000148337
0.000148337
0.000148337
0.000148337
0.000148337
0.000148337
0.000148337
0.000148337
0.000148337
0.000148337
0.000148337
0.000148337
0.000148337
0.000148337
0.000148337
0.000148337
0.000148337
0.000148337
0.000148337
0.000148337
0.000148337
0.000148337
0.000148337
0.000148337
0.000148337
0.000148337
0.000148337
0.000148337
0.000148337
0.000148337
0.000148337
0.000148337
0.000148337
0.000148337
0.000148337
0.000148337
0.000148337
0.000148337
0.000148337
0.000148337
0.000148337
0.000148337
0.000148337
0.000148337
0.000148337
0.000148337
0.000148337
0.000148337
0.000148337
0.000148337
0.000148337
0.000148337
0.000148337
0.000148337
0.000148337
0.000148337
0.000148337
0.000148337
0.000148337
0.000148337
0.000148337
0.000148337
0.000148337
0.000148337
0.000148337
0.000148337
0.000148337
0.000148337
0.000148337
0.000148337
0.000148337
0.000148337
0.000148337
0.000148337
0.000148337
0.000148337
0.000148337
0.000148337
0.000148337
0.000148337
0.000148337
0.000148337
0.000148337
0.000148337
0.000148337
0.000148337
0.000148337
0.000148337
0.000148337
0.000148337
0.000148337
0.000148337
0.000148337
0.000148337
0.000148337
0.000148337
0.000148337
0.000148337
0.000148337
0.000148337
0.000148337
0.000148337
0.000148337
0.000148337
0.000148337
0.000148337
0.000148337
0.000148337
0.000148337
0.000148337
0.000148337
0.000148337
0.000148337
0.000148337
0.000148337
0.000148337
0.000148337
0.000148337
0.000148337
0.000148337
0.000148337
0.000148337
0.000148337
0.000148337
0.000148337
0.000148337
0.000148337
0.000148337
0.000148337
0.000148337
0.000148337
0.000148337
0.000148337
0.000148337
0.000148337
0.000148337
0.000148337
0.000148337
0.000148337
0.000148337
0.000148337
0.000148337
0.000148337
0.000148337
0.000148337
0.000148337
0.000148337
0.000148337
0.000148337
0.000148337
0.000148337
0.000148337
0.000148337
0.000148337
0.000148337
0.000148337
0.000148337
0.000148337
0.000148337
0.000148337
0.000148337
0.000148337
0.000148337
0.000148337
0.000148337
0.000148337
0.000148337
0.000148337
0.000148337
0.000148337
0.000148337
0.000148337
0.000148337
0.000148337
0.000148337
0.000148337
0.000148337
0.000148337
0.000148337
0.000148337
0.000148337
0.000148337
0.000148337
0.000148337
0.000148337
0.000148337
0.000148337
0.000148337
0.000148337
0.000148337
0.000148337
0.000148337
0.000148337
0.000148337
0.000148337
0.000148337
0.000148337
0.000148337
0.000148337
0.000148337
0.000148337
0.000148337
0.000148337
0.000148337
0.000148337
0.000148337
0.000148337
0.000148337
0.000148337
0.000148337
0.000148337
0.000148337
0.000148337
0.000148337
0.000148337
0.000148337
0.000148337
0.000148337
0.000148337
0.000148337
0.000148337
0.000148337
0.000148337
0.000148337
0.000148337
0.000148337
0.000148337
0.000148337
0.000148337
0.000148337
0.000148337
0.000148337
0.000148337
0.000148337
0.000148337
0.000148337
0.000148337
0.000148337
0.000148337
0.000148337
0.000148337
0.000148337
0.000148337
0.000148337
0.000148337
0.000148337
0.000148337
0.000148337
0.000148337
0.000148337
0.000148337
0.000148337
0.000148337
0.000148337
0.000148337
0.000148337
0.000148337
0.000148337
0.000148337
0.000148337
0.000148337
0.000148337
0.000148337
0.000148337
0.000148337
0.000148337
0.000148337
0.000148337
0.000148337
0.000148337
0.000148337
0.000148337
0.000148337
0.000148337
0.000148337
0.000148337
0.000148337
0.000148337
0.000148337
0.000148337
0.000148337
0.000148337
0.000148337
0.000148337
0.000148337
0.000148337
0.000148337
0.000148337
0.000148337
0.000148337
0.000148337
0.000148337
0.000148337
0.000148337
0.000148337
0.000148337
0.000148337
0.000148337
0.000148337
0.000148337
0.000148337
0.000148337
0.000148337
0.000148337
0.000148337
0.000148337
0.000148337
0.000148337
0.000148337
0.000148337
0.000148337
0.000148337
0.000148337
0.000148337
0.000148337
0.000148337
0.000148337
0.000148337
0.000148337
0.000148337
0.000148337
0.000148337
0.000148337
0.000148337
0.000148337
0.000148337
0.000148337
0.000148337
0.000148337
0.000148337
0.000148337
0.000148337
0.000148337
0.000148337
0.000148337
0.000148337
0.000148337
0.000148337
0.000148337
0.000148337
0.000148337
0.000148337
0.000148337
0.000148337
0.000148337
0.000148337
0.000148337
0.000148337
0.000148337
0.000148337
0.000148337
0.000148337
0.000148337
0.000148337
0.000148337
0.000148337
0.000148337
0.000148337
0.000148337
0.000148337
0.000148337
0.000148337
0.000148337
0.000148337
0.000148337
0.000148337
0.000148337
0.000148337
0.000148337
0.000148337
0.000148337
0.000148337
0.000148337
0.000148337
0.000148337
0.000148337
0.000148337
0.000148337
0.000148337
0.000148337
0.000148337
0.000148337
)
;

boundaryField
{
    defaultFaces
    {
        type            empty;
    }
}


// ************************************************************************* //
