/*--------------------------------*- C++ -*----------------------------------*\
  =========                 |
  \\      /  F ield         | OpenFOAM: The Open Source CFD Toolbox
   \\    /   O peration     | Website:  https://openfoam.org
    \\  /    A nd           | Version:  11
     \\/     M anipulation  |
\*---------------------------------------------------------------------------*/
FoamFile
{
    format      ascii;
    class       volScalarField;
    location    "2";
    object      gradTx;
}
// * * * * * * * * * * * * * * * * * * * * * * * * * * * * * * * * * * * * * //

dimensions      [0 -1 0 1 0 0 0];

internalField   nonuniform List<scalar> 
5712
(
-6688.47
-8549.07
-15880.2
-23192.7
-23658
-40837
-18181.1
-46319.7
-14808.7
-32539.9
-22146.6
-33689.9
-19872.6
-26060
-8739.32
-9993.21
-14923.2
-17095.5
-19284.6
-19122.4
-15170.9
-18741.3
-22361.4
-20058.5
-5441.74
-4092.21
-6768.09
-4553.39
-12613.5
-10090.9
-21535.8
-15601.3
-16683.5
-17341.6
-18524.8
-17679.2
-6507.87
-5092.23
-39481.2
-52851.9
-25505
-31311.7
-53085.3
-68881.7
-27454.9
-31432
-29275.2
-41352.3
-25547.2
-33859.9
-14957.2
-24102.4
-2873.19
-968.93
-3025.1
-1090.78
-8673.95
-3502.53
-11894.3
-4377.44
-8469.43
-3248.05
-8999.77
-2886.7
-15333.3
-4879.9
-19781.6
-6675.44
-24178.2
-12010
-22135.2
-13117.7
-22658.2
-14654.5
-19929.5
-14978.3
-17415.7
-10346.2
-17418.8
-8882.05
-22839
-14594.8
-22889.6
-14728.2
-21051.9
-15852.1
-21306.3
-15920.7
-18809.1
-11942.9
-19480.6
-12235.3
-17798.6
-7713.53
-8227.36
-10028.6
-17871.1
-8435.04
-7183.56
-10171.2
-18847.1
-7675.05
-9321.52
-10098
-19780.8
-7859.17
-10136.7
-10546.6
-3722.7
-4066.78
-1251.66
-2454.1
-10895.1
-11518.6
-4214.54
-7490.83
-13953.7
-15498.8
-6743.62
-11476.4
-12293.4
-1040.11
-13643
-16861.9
-9174.89
-698.704
-7430.51
-12280.8
-19808.3
-13811.3
-9958.68
-12111.5
-10609.1
-9169.52
-14392.7
-3571.31
-2940.06
-2042.41
-2024.69
-10061.6
-8472.03
-6072.47
-5772.5
-12555.6
-10603.2
-7930.72
-7108.54
-5841.77
-7445.83
-12077.7
-12526.6
-14122.2
-12844.2
-15925.4
-13847.8
-10813.8
-9102.19
-9090.6
-9552.19
-12009.3
-9448.28
-10959.3
-7949.1
-9498.44
-6525.64
-11094.8
-7262.44
-10276.3
-4761.42
-8832.37
-9551.06
-12602.4
-16413.7
-13867.9
-20172.8
-7035.72
-7794.28
-9108.15
-2868.55
-7874.38
-15159.1
-7472.55
-16260.6
-13732.1
-24907.7
-13972.6
-26443.4
-5962.09
-13038.4
-5421.86
-13902.7
-8244.48
-6214.66
-11483.1
-4534.55
-8471.37
-1638
-10004.3
-722.167
-7926.26
-9332.8
-12032.1
-5554.67
-6560.5
-11010.7
-10651.3
-7291.75
-2334.65
-2055.79
-1834.38
-1677.63
-1537.73
-1373
-6908.28
-5656.92
-4888.14
-4444.42
-3566.94
-3088.79
-8451.05
-7273.37
-6711.56
-5347.08
-4349.9
-4104.86
-6533.14
-5763.49
-5615.81
-10916.7
-8273.19
-6955.62
-10308.1
-7593.94
-6145.63
-10816.2
-8515.48
-7394
-6752.45
-4437.54
-3454.04
-15706.7
-13554.1
-11710.8
-10114.5
-8393.15
-6947.62
-9007.32
-6977.21
-5547.59
-7582.75
-5457.27
-4173.15
-7829.93
-4349.25
-2440.11
-10403.8
-14085.9
-8234.19
-10632.7
-11219.9
-16474
-10028.7
-14589.7
-33.3811
-723.543
512.021
-99.3062
-2958.84
-3341.9
-1224.6
-654.561
-682.257
-2390.97
-9406.73
-13728.3
-6651.45
-3663.13
-9927.32
-9855.51
-15321.9
-16878.9
616.671
4157.25
-7575.76
-7141.62
-7201.82
-5554.93
-1020.83
-541.158
-665.565
-269.427
-1969.67
-184.434
365.33
867.073
-9227
-2374.58
-6246.61
-1616.71
-9050.05
-2755.33
-10959.3
-3524.68
-8832.88
-11927.8
-8168.06
-11633.2
-14228.6
-15052.4
-13579.7
-14252.7
-5632.77
-9399.83
-6504.84
-9338.82
-8669.26
-11206.4
-9565.29
-11321.9
-14149.9
-13998.2
-14816.8
-14056.5
-5687.49
-9096.42
-6191.28
-9265.08
164.766
-1320.69
-7394.15
-4620.83
730.009
-906.644
-6850.05
-4081.74
-296.316
-1582.12
-7561.51
-5038.38
-751.553
-1854.97
-7602.04
-5218.08
703.559
809.789
-162.26
-9.18365
2952.87
2987.11
232.919
400.508
636.936
2029.07
-1654.71
-993.159
10272.8
9599.65
5594.91
4308.05
467.794
10517.6
10807.8
4333.58
6413.49
868.562
-10273.1
-8045.81
-7136.72
-6694.3
-4056.48
819.894
756.948
42.6989
-56.9146
2593.67
2538.13
131.788
-108.637
2614.88
3149.39
-660.353
-973.356
5135.66
2315.23
8161.17
5102.97
3660.04
2772.31
4140.43
3587.57
-407.106
-1338.28
-3775.08
-2381.3
-1032.42
1023.32
-986.47
773.978
-1682.93
-349.455
-2067.7
-2360.75
-5214.8
-4764.58
-9929.02
-5985.31
-8123.26
-8171.32
-12332.9
-9987.53
-7818.89
-4594.05
-3891.84
-3863.39
-11709.2
-5162.93
-12881.4
-5790.86
-13756.7
-10193.2
-14681.8
-10929.6
-9492.92
-3736.39
-10637.2
-4334.27
-6161.07
-4878.07
-4743.95
-7030.88
-3977.87
-4481.07
-4051.93
-6518.91
-7115.67
-4819.88
-5362.82
-8074.19
-8658.11
-5238.97
-6731.65
-8337.61
767.257
817.33
917.966
28.0122
286.674
321.428
2793.55
2957.66
2952.91
227.073
821.116
823.915
3538.34
3934.87
4032.63
-563.245
799.826
1079.84
1232.72
1050.49
748.021
3739.03
3814.42
3553.44
3061.3
3449.87
3389.84
3790.37
4061.95
3958.97
-1303.15
359.403
483.796
-3463.65
-1975.48
-1050.8
997.241
2105.2
2696.63
968.381
2382.46
2998.34
437.732
1967.53
2407.48
-2261.47
503.009
830.276
29.6576
39.4607
49.6253
74.6888
267.179
150.281
124.712
119.963
14.8291
77.5655
178.272
273.004
436.082
276.747
310.912
330.678
-214.052
31.311
255.721
488.497
166.352
226.24
288.331
325.619
40.1132
135.728
136.879
133.528
-209.256
-6.27496
116.985
196.85
-926.267
-190.039
90.2668
290.291
-1449.83
-337.164
-4.44461
502.709
-638.616
-77.4225
173.331
433.867
-1189.15
-255.428
-22.7777
437.848
-989.781
-228.493
118.354
370.961
-1628.03
-402.078
-7.09303
592.348
-1107.44
-303.781
109.62
443.903
-1755.95
-461.06
-28.2105
619.314
10.825
23.4347
43.5791
94.2754
40.154
32.2257
25.6471
86.0749
76.7809
80.062
136.339
255.93
170.857
108.86
80.6661
233.285
-388.805
-46.168
147.476
435.501
-169.238
31.6662
105.42
411.549
-66.3653
120.96
221.047
437.033
-8.11034
97.6869
89.2368
415.035
-1019.33
-194.041
16.4351
578.065
86.1536
45.0487
32.1319
65.8388
161.743
65.5909
34.2651
30.927
177.656
107.25
69.6675
168.711
413.126
174.442
85.8659
79.2405
108.529
119.79
96.3423
277.301
523.507
245.48
129.589
124.862
-82.8769
109.719
121.585
386.14
413.753
265.651
153.956
158.559
-525.518
16.7482
57.5694
367.855
125.983
229.333
140.828
161.647
-1184.02
-118.152
42.4289
424.004
-377.528
57.7452
87.922
149.204
-910.93
-32.1515
53.3977
394.577
-218.921
134.616
118.722
162.383
-1435.36
-223.459
8.40232
460.551
-519.766
-17.638
56.7777
139.36
-1624.36
-327.67
-38.9819
454.244
-650.427
-98.8363
15.752
120.284
32.8639
14.3016
7.22664
4.15334
2.9482
43.2257
21.8955
11.862
7.01712
5.02403
78.5315
33.2911
16.7763
9.69256
6.93552
97.792
49.0669
26.6374
15.8494
11.3932
104.211
41.7181
20.7593
11.9841
8.60137
131.498
65.1271
35.4645
21.235
15.3289
68.8275
33.3312
18.0815
10.8517
7.84133
49.0333
19.6047
9.71435
5.65721
4.04518
104.421
42.675
21.6806
12.6898
9.08566
49.8741
17.4816
8.35305
4.77779
3.39201
110.069
49.5754
26.3683
15.6819
11.3025
47.1297
17.3911
8.56891
4.94334
3.5063
80.4663
27.927
13.127
7.48514
5.32302
47.3008
15.6275
7.32164
4.18785
2.98174
70.255
18.0909
6.83245
3.54233
2.4219
38.8337
8.5672
2.9476
1.46389
0.980998
27.4452
10.8048
5.25016
2.94993
2.07301
19.8334
8.55967
4.34982
2.47924
1.74862
67.0571
27.0932
13.5056
7.70294
5.46515
51.2153
22.5198
11.6456
6.7023
4.74651
94.1086
33.4375
15.9711
8.97191
6.34449
69.4726
30.9936
16.213
9.36775
6.68267
84.5259
38.0931
20.3525
12.0403
8.68254
47.199
23.562
12.7631
7.47502
5.38956
43.7736
20.9349
11.4592
6.86059
4.9519
-317.599
-447.42
-700.968
-1090.48
-698.017
-1354.93
-147.968
-1075.14
510.416
-116.328
-690.955
-1196.28
289.545
206.972
-1132.35
-1810.61
-1451.04
-2079.2
-635.474
-147.882
-33.3543
-7.37531
-1.852
-209.241
-95.1886
-13.4236
-3.56711
-1.55823
-1951.61
-452.024
-102.301
-22.5084
-5.65947
-498.22
-134.837
-32.8291
-6.9119
-1.86453
-3276.58
-760.427
-172.549
-38.0882
-9.5557
-792.072
-228.713
-55.5074
-12.8787
-3.23707
-4391.17
-1022.04
-232.85
-51.5533
-12.9489
-919.079
-287.169
-71.9504
-16.8832
-4.23424
-5477.39
-1287.41
-295.332
-65.7137
-16.5742
-1011.66
-348.205
-89.8379
-21.3578
-5.41939
-6473.37
-1568.2
-364.721
-81.8402
-20.7344
-1577.2
-484.829
-120.01
-27.6124
-6.92644
-6033.43
-1456.62
-337.295
-75.3728
-19.0355
-1219.86
-410.064
-104.691
-24.5784
-6.17437
-6672.26
-1618.65
-377.156
-84.7628
-21.5076
-1790.47
-532.144
-129.745
-29.432
-7.36316
-6950.94
-1671.92
-390.094
-87.6286
-22.2215
-1858.78
-554.076
-136.285
-28.7258
-7.60292
-509.543
-6991.02
-6379.22
-2275.75
1657.72
2820.95
7856.32
11483.2
1779.25
8437.71
-1649.43
2599.91
2511.9
4969.3
9394.04
13296.8
14203.7
17830.9
5800.29
7512.11
-19883.1
-14362.3
-4705.3
-3664.16
-2630.89
-3752.21
-3511
-12212.6
-11632.1
-9946.94
-10728
-8831.41
-6336.69
-8278.34
-5466.53
-4630.98
-5620.7
-3859.4
-19793.8
-10270.6
-3612.94
-6169.38
-8400.89
-5856.95
-6378.63
-4741.16
-2873.5
-4061.75
-4327.01
-4680.95
-19550.7
-12810.3
-12167.1
-8783.08
-8711.32
-9165.18
-3913.08
-5153.67
-6565.32
-14143.7
-12217
-10246
-9447.56
-8094.88
-9319.72
-6378.06
-4941.39
-3782.92
-1940.48
-4148.73
-3434.44
-2568.78
-1597.78
-545.923
-3269.39
-2733.78
-2054.3
-1275
-432.752
-2334.49
-1938.35
-1445.42
-891.137
-301.215
-3352.64
-2805.06
-2106.06
-1304.32
-441.699
-3112.84
-2584.8
-1930.45
-1193.42
-404.435
-7831.13
-5981.89
-4679.56
-4329.38
-4660.7
-6341.98
-4652.37
-3308.94
-2743.69
-1915.63
-6206.6
-3726.84
-2578.31
-1792.46
-858.677
-5504.42
-3701.01
-2457.65
-1786.29
-1052.7
-4121.89
-2570
-1598.17
-1105.49
-541.048
-5008.84
-3734.51
-2574.44
-1535.86
-527.732
-5631.7
-3616.06
-2361.45
-1412.05
-527.25
-3587.89
-2145.67
-1286.04
-696.508
-234.953
-3811.34
-2936.89
-2064.01
-1232.66
-415.43
-4481.9
-3341.1
-2274.68
-1323.52
-439.232
-3210.71
-2494.81
-1758.72
-1046.51
-349.459
-13067.4
-9938.41
-8010.33
-7105.83
-6742.92
-7551.56
-5463.03
-3989.35
-2701.71
-1212.44
-3002.43
-2345.03
-1676.37
-1020.58
-351.284
-5216.83
-4159.43
-3039.16
-1888.17
-661.556
-6872.64
-5383.9
-3952.64
-2537.37
-958.609
-4975.6
-3999.51
-2956.47
-1861.18
-659.358
-5511.97
-4492.23
-3341.12
-2094.19
-730.003
-4119.17
-3360.68
-2486.8
-1540.68
-527.983
-2474.76
-1990.94
-1445.05
-876.056
-294.495
-3571.79
-2939.17
-2177.12
-1338.45
-452.64
-3675.99
-2923.95
-2110.73
-1282.58
-434.98
-4047.8
-3282.53
-2412.37
-1485.09
-506.806
-13570.2
-11218.7
-9347.52
-8304.91
-7208.88
-8881.98
-6350.75
-4879.22
-3607.92
-1833.49
-8958.81
-7082.03
-5379.4
-3964.97
-1921.84
-6895.89
-5221.78
-3920.23
-2661.1
-1082.47
-7253.49
-5787.37
-4312.06
-2791.42
-1047.05
-7138.93
-5364.2
-4001.2
-2703.83
-1086.45
-3352.98
-2705.46
-1993.13
-1240.93
-431.357
-4535.59
-3740.98
-2783.09
-1720.52
-584.582
-5640.43
-4565.93
-3375.47
-2106.76
-732.211
-5633.88
-11474.9
-11951
-32744.7
-11772.5
-43806.1
-6424.76
-15590.7
-11784.5
-9092.41
-19587.1
-16321.7
-11743.6
-11032.7
-21962.6
-17366.6
-4148.21
-3083.07
-8030.23
-5520.99
-9295.39
-7005.74
-24946.9
-18440.6
-15315
-11615.3
-15743.6
-9355.69
-1200.17
-3788.96
-40776.1
-53379.4
-24645.6
-31162.5
-53871.9
-69201.7
-26510.7
-31203.9
-30393.6
-41927.4
-24763
-33800.2
-16445.6
-24807.6
-1983.05
-523.263
-3483.65
-1188.77
-6745.73
-3013.64
-13684.8
-4942.74
-2965.49
-1684.16
-7420.47
-2333.65
-15351.8
-4824.23
-19959.1
-6724.34
-16608.6
-8606.85
-19156
-11377.1
-15107.8
-10808.3
-16976.2
-13137.1
-15316.8
-8960.59
-12115.2
-6262.42
-21686.4
-13810.5
-22601.1
-14513.5
-19875.8
-15051.9
-20991.8
-15702.9
-18035
-11302
-19297.1
-12058.2
-16785.6
-7418.61
-7313.79
-9663.67
-15017.9
-7585.68
-5484.81
-9504.29
-18573.4
-7599
-8895.18
-9918.73
-19747.5
-7852.16
-10016.3
-10494.4
-1140.58
-1027.75
-277.259
-1225.07
-4634.16
-4797.27
-2904.93
-5773.54
-2604.84
-3246.67
-4518.98
-8546.45
-12141.4
-9691.18
-9435.34
-11801
-7802.83
-7624.64
-8182.62
-6958.65
-13670
-11932
-11605.5
-9757.17
-6807.38
-5861.24
-12866.7
-1109.76
-832.013
-621.451
-697.099
-4310.15
-3419.8
-3657.13
-3223.15
-634.586
507.802
-4324.59
-3397.26
-10169.2
-10797.1
-9515.12
-8711.01
-7126.91
-5176.19
-9343.62
-7436.4
-8410.62
-6587.68
-11601.2
-11779.3
-9947.4
-7744.1
-7383.16
-4985.11
-6529.59
-4111.76
-9790
-5942.83
-9335.38
-5050.54
-8331.56
-9471.53
-13092.2
-17393.4
-13811.8
-20161.6
-6402.72
-7583.87
-7760.07
-2851.21
-7685.85
-15028.3
-7426.36
-16208.9
-13655.3
-25015.4
-13944
-26426.7
-5718.77
-12877
-5362.59
-13851.8
-7780.35
-6094.75
-11294.4
-4553.94
-7476.63
-1768.56
-9714.85
-1201.6
-7739.26
-9234.68
-11945.4
-5545.19
-6510.34
-10977.4
-10627.1
-7280.7
-818.133
-759.861
-559.163
-645.681
-2607.08
-1907.33
-2367.74
-2154.94
1074.55
576.732
-2772.96
-3074.53
-10677.9
-10116.1
-7722.41
-6650.42
-4117.26
-3460.56
-5835.01
-4808.9
-5540.64
-4041.61
-18310.5
-15997.5
-8012.59
-6792.18
-6110.24
-4624.66
-5071.55
-3236.86
-5430.86
-2341.39
-5610.93
-9233.98
-4913.64
-9366.55
-8377.31
-10452.7
-9415.19
-12819.8
-987.945
-712.857
-763.728
-647.22
-3633.23
-2582.79
-2968.9
-1653.12
-1366.75
-1645.99
-8337.46
-8947.79
-4680.04
-4226.96
-9380.7
-9726.4
-14467.8
-16638.4
387.61
3971.75
-7364.78
-7149.94
-7092.76
-5597.29
-1064.13
-959.722
-1158.64
-953.165
-1710.91
-1144.9
-578.364
-482.588
-8118.22
-3731.32
-6901.02
-3126.68
-9318.99
-3659.22
-11075.4
-3893.79
-5378.91
-10256.4
-6994.62
-10741.3
-8701.12
-11709.7
-11445.3
-12696.9
-5210.03
-9192.43
-4707.66
-9153.96
-8187.98
-10837.6
-9423.2
-11224.1
-13250.8
-13346
-14560.1
-13879.9
-5585.2
-9035.39
-6173.59
-9257.54
-425.608
-2138.2
-7809.66
-5270.71
-404.503
-2213.66
-7738.96
-5047.23
-737.292
-2157.37
-7791.87
-5436.08
-933.448
-2086.67
-7670.88
-5354.95
-1064.11
-1164.19
-995.243
-1072.2
-2061.79
-2102.53
-1396.38
-1507.04
-8347.61
-7657.41
-3844.31
-3857.5
-3703.88
-5188.46
-4002.05
-219.36
-1749.04
-1275.34
-1375.49
-3591.65
2709.72
-792.461
-13843.2
-11726.2
-10563.4
-9155.45
-5664.8
-1168.33
-1049.21
-1206.51
-1494.8
-2077.65
-1626.78
-1935.1
-2570.85
-7988.08
-7856.89
-4273.56
-5515.64
-5025.3
-6698.1
-3138.73
-5066.21
-4804.05
-5236.86
-1091.22
-1466.82
-2805.96
-4205.52
-9671.6
-7932.98
-7597.39
-5570.35
-6603.21
-4705.46
-5824.23
-4221.09
-4224.52
-4633.44
-8302.16
-8190.36
-11199
-7217.07
-10417.6
-11167.8
-13054.8
-10979.9
-9354.26
-5786.05
-6869.9
-6848.54
-12205.6
-5928.8
-13009.2
-5976.29
-13950.4
-10835.8
-14718.8
-11066.8
-10198.3
-4483.56
-10835.6
-4532.65
-7620.36
-5956.27
-6033.33
-8240.75
-6505.37
-6883.4
-5922.08
-8499.56
-7877.19
-5524.24
-6094.22
-8844.44
-8895.82
-5459.93
-6968.18
-8557.45
-840.692
-725.771
-1078.39
-796.829
-1393.39
-1664.26
-1576.1
-1165.33
-7661.52
-6709.14
-3676.1
-1642.95
-7862.59
-7454.17
-6099.59
-5482.42
-5071.19
-4353.48
-1807.57
-1873.23
-4003.76
-1819.1
-8632.19
-7393.91
-4867.6
-3875.92
-3759.61
-2401.73
-2746.66
-1235.18
-4162.62
-99.8482
-227.282
-103.885
-35.9048
22.0263
-212.028
-131.727
-44.7045
14.4677
-614.716
-271.073
-8.81694
168.558
-552.06
-317.187
-36.7541
114.232
-1008.24
-402.464
32.3761
386.273
-991.513
-483.193
-161.025
18.9085
-683.698
-325.94
-159.967
-51.1778
-526.382
-215.435
-18.371
109.976
-1510.32
-529.131
-129.402
131.946
-1794.04
-511.098
-100.966
482.501
-1448.06
-507.655
-84.508
257.171
-1628.62
-459.762
-128.72
437.002
-1413.18
-487.851
-41.5553
278.248
-1859.64
-526.851
-83.7573
562.55
-1281.02
-413.848
40.6184
402.732
-1840.58
-508.655
-57.882
607.977
-211.227
-85.4306
-13.1325
68.6189
-181.721
-65.0423
-27.7463
65.0745
-544.861
-223.194
-19.1454
179.055
-457.118
-171.277
-72.2707
168.762
-1077.58
-374.598
-10.4675
383.485
-979.071
-325.88
-85.0338
348.83
-1197.52
-441.38
-81.4375
286.033
-904.202
-308.188
-113.369
388.703
-1640.41
-459.076
-113.229
612.003
-131.469
-48.736
-14.8299
42.9176
-61.0332
-34.0004
-15.0749
0.286566
-395.923
-140.961
-62.2947
101.485
-201.204
-101.697
-54.3208
-7.30851
-702.905
-234.679
-95.0032
182.847
-408.046
-178.254
-84.9719
-6.03047
-1068.99
-338.06
-119.827
277.723
-712.452
-262.715
-112.934
-1.07879
-1407.57
-406.136
-190.269
234.058
-959.34
-317.303
-150.582
-20.714
-1880.31
-526.276
-203.813
291.177
-949.274
-294.959
-124.187
11.377
-1812.52
-516.204
-231.889
240.911
-1050.54
-328.534
-145.136
-9.7537
-1856.22
-483.201
-151.484
376.691
-850.597
-238.143
-77.6547
55.7696
-1762.25
-415.328
-93.5812
425.521
-753.867
-170.493
-28.4643
93.0054
-5.19251
-9.28932
-6.64889
-4.37123
-3.25912
-24.8616
-18.3202
-11.4986
-7.29095
-5.38819
-9.82985
-21.1828
-15.194
-9.93673
-7.35554
-53.9012
-40.5904
-25.4801
-16.0872
-11.8546
-4.23249
-25.4547
-18.6377
-12.2015
-9.00789
-70.5862
-53.4096
-33.2988
-20.8859
-15.3331
-34.3808
-26.7832
-16.7578
-10.4888
-7.69508
-3.88783
-11.2885
-8.22304
-5.34831
-3.98331
-14.8698
-27.7758
-19.2565
-12.3948
-9.17611
5.30483
-9.23874
-7.21393
-4.76453
-3.55499
-41.9986
-38.5681
-24.5227
-15.4441
-11.3454
-0.389718
-10.719
-7.7415
-5.04276
-3.76089
11.7689
-13.0919
-10.7886
-7.18672
-5.36542
8.48461
-7.37552
-6.04556
-4.0056
-2.98793
38.8175
-0.765981
-4.21135
-3.26686
-2.57364
25.8263
0.708359
-1.66107
-1.38203
-1.11324
0.342822
-6.50123
-4.95323
-3.31775
-2.48989
-5.37863
-6.46603
-4.35107
-2.83933
-2.11846
-7.00613
-18.465
-13.0793
-8.58246
-6.38247
-19.1494
-18.4559
-11.9353
-7.68861
-5.71289
9.80292
-19.8524
-15.2568
-10.1794
-7.59329
-32.1166
-27.0575
-17.0558
-10.9211
-8.06205
-38.8528
-32.1931
-19.9755
-12.5768
-9.21731
-36.5852
-22.8042
-13.6421
-8.60794
-6.29571
-27.6308
-18.6933
-11.1768
-6.94594
-5.08675
-55.4477
-202.011
-91.6949
-513.865
-21.3771
-706.088
282.567
-628.321
560.114
-64.6649
-757.602
-1262.07
150.923
-27.8129
-1164.53
-1831.94
-1459.83
-2083.73
-605.675
-143.365
-32.508
-7.20315
-1.81017
-160.075
-88.0118
-12.2874
-3.38575
-1.51816
-1871.55
-439.272
-99.8551
-22.0066
-5.53673
-383.928
-117.396
-30.1425
-6.50618
-1.79303
-3154.28
-739.846
-168.535
-37.2625
-9.35482
-665.148
-208.47
-52.2604
-12.3512
-3.13998
-4251.06
-996.533
-227.722
-50.4884
-12.6906
-836.568
-272.228
-69.3037
-16.4114
-4.14186
-5353.15
-1261.42
-289.763
-64.5244
-16.2827
-999.902
-342.126
-88.3072
-21.0237
-5.34518
-6418.89
-1553.16
-361.027
-80.9934
-20.5186
-1588.03
-485.375
-119.847
-27.5381
-6.90303
-5952.57
-1435.39
-332.325
-74.2701
-18.7614
-1242.13
-409.84
-104.129
-24.4043
-6.12998
-6640.83
-1609.82
-374.926
-84.2411
-21.3725
-1793.17
-532.126
-129.636
-29.3943
-7.35183
-6940.55
-1669.01
-389.346
-87.4513
-22.1754
-1858.89
-553.948
-136.233
-28.7161
-7.59956
-518.105
-6907.91
-6104.4
-2205.38
-1574.2
-928.703
-3698.94
-2683.57
-6448.57
-6027.85
-3073.18
-2313.37
-376.802
-578.51
-994.759
-1617.51
-2426.29
-3346.55
-272.46
-586.623
-1221.5
-2129
-3209.53
-4311.27
-286.274
-131.94
-492.631
-336.865
-908.726
-753.755
-1518.86
-1409.57
-2185.52
-2100.8
-2866.11
-2586.69
-4148.72
-4687.69
-5100.71
-7605.27
-8524.94
-9398.78
-5231.68
-5754.64
-5727.25
-5228.11
-4480.28
-3920.9
-340.348
-288.272
-218.898
-136.634
-46.437
-522.181
-441.927
-335.31
-209.173
-71.0679
-897.179
-758.589
-575.077
-358.525
-121.776
-1457.15
-1230.5
-931.771
-580.469
-197.097
-2181.86
-1838.99
-1390.37
-865.383
-293.75
-3000.5
-2521.48
-1902.17
-1182.8
-401.486
-245.965
-208.226
-158.038
-98.6058
-33.5023
-529.211
-447.61
-339.432
-211.656
-71.895
-1101.11
-930.507
-705.074
-439.437
-149.238
-1916.88
-1617.82
-1224.56
-762.724
-258.972
-2884.49
-2429.9
-1836.55
-1143.07
-388.052
-3863.96
-3246.25
-2448.99
-1523.26
-517.213
-258.698
-219.183
-166.484
-103.945
-35.3377
-119.237
-101.03
-76.7419
-47.9152
-16.2899
-444.864
-376.649
-285.89
-178.397
-60.6262
-304.25
-257.648
-195.6
-122.071
-41.4862
-820.005
-693.7
-526.131
-328.115
-111.469
-680.312
-575.672
-436.711
-272.387
-92.5406
-1369.01
-1156.69
-876.25
-546.003
-185.41
-1270.68
-1073.73
-813.437
-506.844
-172.102
-1966.41
-1658.19
-1253.98
-780.473
-264.891
-1890.27
-1593.88
-1205.05
-749.75
-254.391
-2570.38
-2160.01
-1628.82
-1012.14
-343.351
-2319.61
-1948.45
-1468
-911.178
-308.833
-3701.19
-3096
-2329.02
-1447.71
-491.997
-4145.05
-3441.79
-2580.58
-1607.01
-548.917
-4436.55
-3639.68
-2720.52
-1707.66
-592.991
-6405.66
-5156.15
-3859.64
-2487.17
-911.043
-6782.25
-5309.62
-4006.61
-2716.58
-1116.24
-7156.82
-5497.59
-4176.83
-2941.08
-1308.28
-4669.55
-3908.36
-2942.07
-1829.75
-621.948
-5104.36
-4250.09
-3191.94
-1987.6
-677.757
-5030.33
-4157.53
-3115.88
-1948.35
-669.77
-4513.97
-3688.78
-2761.89
-1746.5
-613.167
-3739.75
-2996.81
-2247.94
-1460.34
-541.181
-3153.48
-2475.36
-1862.42
-1247.53
-490.596
-396.29
-638.675
-1100.51
-1775.9
-2647.09
-3620.36
-299.537
-670.288
-1366.84
-2338.54
-3473.14
-4594.38
-304.831
-147.623
-550.315
-386.906
-1011.99
-847.343
-1678.45
-1561.06
-2422.02
-2368.4
-3176.74
-2995.26
-4438.23
-4961.23
-5354.97
-7765.07
-8597.56
-9421.39
-5478.08
-5908.53
-5765.24
-5168.59
-4387.58
-3877.82
-358.057
-303.384
-230.463
-143.899
-48.9148
-576.897
-488.656
-371.104
-231.675
-78.747
-993.474
-840.973
-638.302
-398.334
-135.372
-1601.74
-1354.58
-1027.31
-640.787
-217.729
-2384.17
-2013.4
-1525.28
-950.884
-323.061
-3253.05
-2740.92
-2073.29
-1291.97
-439.056
-270.577
-229.222
-174.101
-108.694
-36.9439
-605.274
-512.553
-389.163
-242.913
-82.5595
-1233.44
-1043.72
-791.955
-494.139
-167.92
-2108.16
-1781.99
-1350.97
-842.533
-286.272
-3126.07
-2638.23
-1997.76
-1245.27
-423.094
-4125.1
-3473.18
-2626
-1636.23
-556.096
-275.538
-233.54
-177.461
-110.836
-37.6868
-133.467
-113.151
-86.0019
-53.7244
-18.2704
-497.286
-421.382
-320.126
-199.906
-67.9636
-349.696
-296.4
-225.234
-140.675
-47.8304
-913.989
-774.051
-587.749
-366.89
-124.707
-765.466
-648.454
-492.508
-307.489
-104.523
-1514.68
-1281.68
-972.46
-606.732
-206.18
-1409.11
-1192.66
-905.119
-564.779
-191.928
-2183.04
-1844.86
-1398.3
-871.894
-296.223
-2135.5
-1805.3
-1368.61
-853.415
-289.93
-2856.83
-2408.86
-1822.82
-1135.84
-385.897
-2695.6
-2274.28
-1721.37
-1072.43
-364.23
-3971.39
-3333.97
-2517.12
-1569.08
-534.05
-4405.77
-3676.68
-2770.41
-1731.77
-592.682
-4687.37
-3873.32
-2915.33
-1839.21
-640.155
-6586.94
-5344.03
-4031.34
-2613.12
-960.083
-6886.91
-5429.34
-4125.37
-2812.18
-1158.74
-7195.22
-5543.19
-4223.67
-2980.54
-1326.81
-4899.62
-4111.14
-3102.52
-1933.38
-657.873
-5252.58
-4385.21
-3302.42
-2060.89
-703.604
-5074.84
-4205.54
-3160.89
-1981.37
-682.184
-4470.7
-3662.17
-2750.18
-1744.57
-614.117
-3664.96
-2941.01
-2212.24
-1443.04
-537.313
-3118.24
-2448.32
-1844.48
-1238.48
-488.482
-19824.6
-14419
-5087.47
-4073.48
-3107.65
-4345.83
-4005.92
-13007.5
-14610.1
-11551.4
-13329.1
-7884.29
-11268.8
-6023.83
-6291.09
-4589.73
-20496
-11299.2
-4339.38
-7099.31
-9275.55
-6376.96
-7048.59
-5335.23
-3282.61
-4741.59
-5278.59
-5410.79
-19441.6
-13011.3
-12831.9
-9183.37
-9167.22
-9708.13
-4599.5
-5808.65
-7215.7
-14160.9
-12294
-10362.6
-9605.61
-8243.27
-9414.52
-6476.2
-5036.53
-3862.32
-1975.15
-4515.03
-3766.27
-2838.16
-1775.38
-608.342
-3650.52
-3068.55
-2318.15
-1444.75
-491.448
-2782.19
-2335.24
-1760.92
-1095.41
-372.09
-3903.38
-3286.85
-2484.27
-1546.86
-525.386
-3579.64
-3000.41
-2262.03
-1408.65
-479.217
-9536.9
-7947.61
-6560.72
-5908.44
-5811.35
-10887
-9401.12
-7613.45
-6070.18
-3579.99
-8326.7
-5857.92
-4414.74
-3074.34
-1328.65
-9910.55
-8191.49
-6422.22
-4705.34
-2263.74
-6667.8
-5348.6
-3946.84
-2465.49
-858.641
-8843.25
-6595.84
-4818.07
-3057.17
-1117
-5219.07
-4259.35
-3162.36
-1966.55
-675.075
-5429.41
-4417.27
-3274.15
-2036.21
-699.847
-4011.15
-3294.74
-2451.77
-1521.36
-519.316
-14437.6
-11564.2
-9624.27
-8496.98
-7726.09
-8789.01
-6735.33
-5120.82
-3514.16
-1536.98
-3750.94
-3061.34
-2280.66
-1428.8
-496.798
-6158.88
-5052.94
-3790.59
-2396.66
-844.053
-7820.95
-6325.99
-4774.35
-3113.44
-1175.56
-5511.65
-4516.24
-3397.97
-2164.61
-769.926
-6167.72
-5097.83
-3841.33
-2429.06
-849.362
-4700.91
-3898.08
-2929.83
-1835.85
-632.37
-2900.73
-2405.64
-1800.28
-1118.09
-380.79
-4222.87
-3528.19
-2653.95
-1651.45
-562.113
-4624.07
-3809.74
-2845.28
-1772.86
-608.226
-4766.28
-3948.77
-2962.64
-1851.73
-636.348
-13710.8
-11513.6
-9738.92
-8752.48
-7657.66
-9175.12
-6656.85
-5170.44
-3842.06
-1939.31
-9893.92
-8073.55
-6315.41
-4695.76
-2254.53
-7360.09
-5701.08
-4355.33
-2982.25
-1207.59
-7758.57
-6300.83
-4770.97
-3121.2
-1174.15
-7777.92
-6013.21
-4589.53
-3135.29
-1257.36
-4022.24
-3320.56
-2498.06
-1576.67
-550.261
-5162.46
-4307.72
-3241.75
-2021.64
-689.954
-6295.08
-5185.57
-3897.06
-2460.36
-859.071
-476.631
-1359.82
-2167.52
-2934.16
-3664.67
-4348.31
-2652.61
-7123.52
-6759.59
-2593.42
-9050.23
-7590.1
-9036.9
-9997.03
-2406.86
-1553.74
-5590.85
-3228.94
-10621.4
-7537.88
241.753
-2150.85
-5933.98
-5550.72
-2087.06
-7694.9
-6184.52
-7573.26
-8518.41
-1992.28
-915.562
-4803.94
-1681.8
-8793.64
-4507.85
1578.91
-1569.63
-4508.01
-4202.58
-1527.25
-6072.69
-3706.22
-6134.38
-6783.61
-1501.45
-833.884
-3399.89
-1750.72
-7010.6
-1783.52
1718.42
-1154.09
-3484.33
-3313.98
-1163.74
-4640.4
-2248.26
-5087.92
-5976.21
-1128.59
-876.758
-2486.99
-1771.08
-6161.61
-356.451
1292.27
-931.322
-2951.18
-2851.55
-979.956
-3723.02
-1861.06
-4557.85
-5794.87
-892.154
-955.856
-1786.05
-1702.58
-5371.76
-141.672
146.826
-821.762
-2630.85
-2616.57
-886.883
-3444.82
-2124.68
-4218.77
-5538.65
-688.075
-750.088
-1473.1
-1666.15
-5285.41
-954.242
-474.695
-1392.2
-3402.98
-4983.14
-1927.68
-5511.94
-9638.26
-7301.84
-10518.6
-1010.72
-713.856
-3890.58
-2400.46
-1162.49
-9233.2
-4828.5
-1296.75
-3176.6
-4383.33
-1676.88
-5102.24
-8725.99
-6598.87
-8969.37
-1034.95
-632.622
-4032.97
-2274.39
-342.702
-9074.75
-3639.29
-1143.2
-2810.05
-3599.81
-1350.51
-4656.98
-7825.26
-5628.85
-7911.09
-921.444
-727.032
-3460.1
-2373.11
-562.816
-7355.56
-3485.87
-992.22
-2541.58
-2997.08
-1100.6
-4358.91
-7128.95
-5025.2
-7203.49
-848.957
-735.56
-3211.46
-2472.05
-370.254
-6840.94
-3520.55
-899.676
-2293.06
-2668.51
-965.479
-3969.43
-6560.44
-4595.66
-6858.95
-797.66
-792.064
-2928.3
-2678.26
-515.998
-6580.35
-3593.77
-837.321
-2051.54
-2478.7
-889.954
-3670.84
-6482.18
-4275.66
-6640.07
-829.67
-918.77
-2614.9
-2551.48
-770.242
-6737.05
-3980.34
6081.77
7679.28
15916.5
23269.6
23689.1
40822.3
18189.7
46322.7
14821.8
32545.8
22191.8
33692.3
19887.4
26142.4
7513.94
8521.21
14935.9
17098.4
19279.7
19120
15172.5
18739.1
22358.7
20055.5
5018.65
3809.09
6158.13
4157.41
12615.2
10063.2
21585.6
15623.9
16660.3
17346.2
18516.9
17680.1
6506.53
5071.15
39486.7
52858.8
25505.7
31313.7
53092
68889.6
27454.7
31433
29279.3
41358.3
25546.7
33862.7
14962.9
24107.8
2710.94
929.562
2780.78
1014
8645.25
3488.94
11899.1
4378.48
8464.11
3244.88
8987.21
2881.82
15334.2
4879.91
19784.4
6676.38
24177.9
12009
22133.7
13116.5
22655.5
14652.2
19927
14976.3
17413.3
10345
17418.2
8881.02
22838.5
14593.9
22889.6
14727.4
21050.5
15850.6
21305.5
15919.5
18808.7
11942.2
19481
12234.8
17795
7712.34
8226.15
10028.5
17868.4
8433.88
7182.17
10170.9
18846.9
7675.08
9320.98
10098.1
19782.1
7859.69
10136.4
10546.9
3499.11
3780.3
1201.77
2306.45
10845.6
11476.4
4191.5
7457.15
13945.2
15489.8
6739.71
11470
12293.5
1040.98
13642.1
16858.6
9173.41
699.645
7430.79
12280.1
19804.5
13809
9957.33
12110.6
10607.9
9167.46
14392
3259.19
2655.21
1843.16
1851.82
10086.1
8493.69
6126.51
5806.37
12548.5
10600.4
7927.9
7107.86
5841.96
7445.75
12077.6
12526.3
14121.2
12843.3
15921.9
13845.9
10812.7
9102.06
9089.98
9551.9
12008.8
9448.06
10958.3
7948.69
9497.06
6525.06
11094.6
7262.57
10275.7
4761.34
8831.54
9550.82
12601.4
16413.1
13866.6
20172
7035.11
7794.22
9107.58
2868.52
7873.61
15158.9
7471.82
16260.4
13730.9
24906.9
13971.5
26442.6
5961.59
13038.4
5421.39
13902.8
8244.24
6214.75
11483.4
4534.76
8470.87
1638.03
10004.6
722.433
7926.19
9332.98
12032.5
5554.9
6560.4
11010.9
10651.7
7292.04
2074.57
1841.91
1669.45
1533.5
1416.09
1277.06
6936.47
5667.61
4888.56
4474.56
3580.62
3092.21
8451.18
7274.24
6712.28
5348.09
4352.23
4107.17
6533.16
5763.65
5616.01
10916.6
8273.39
6955.89
10307.9
7594.18
6146
10816
8516.12
7394.78
6752.9
4438.63
3455.25
15706.5
13554.3
11711.2
10114.4
8393.22
6947.84
9007.16
6977.32
5547.88
7582.61
5457.45
4173.49
7830.03
4349.55
2440.53
10378.2
14069.7
8206.16
10618.6
11207.9
16464.9
10014.2
14581.7
72.8873
629.484
-428.476
57.2723
2958.26
3415.42
1225.52
734.076
657.042
2365.39
9390.48
13708.2
6634.06
3650.08
9920.14
9852.35
15317.7
16877
-622.543
-4159.14
7566.4
7137.28
7196.42
5552.88
891.275
491.716
562.243
232.234
2025.1
195.721
-304.62
-850.39
9216.07
2373.04
6240.08
1616.73
9043.37
2753.74
10955.9
3523.58
8823.02
11922.7
8160.31
11629.2
14221.8
15048.5
13574.5
14249.6
5625.73
9396.06
6496.2
9334.31
8664.53
11203.6
9562.71
11320
14146.6
13996
14814.8
14054.8
5683.1
9093.74
6188.97
9263.28
-168.533
1320.17
7391.44
4619.78
-734.384
905.936
6847.09
4080.68
293.434
1581.4
7559.4
5037.43
750.019
1854.47
7600.59
5217.34
-667.408
-763.405
148.297
1.32104
-2928.07
-2960.88
-228.794
-390.056
-635.602
-2027.63
1654.25
992.878
-10272.7
-9598.83
-5595.2
-4308.23
-467.918
-10516.5
-10806.5
-4333.52
-6412.28
-868.485
10271.1
8042.75
7133.68
6691.88
4055.47
-784.175
-719.471
-62.4268
31.2832
-2564.73
-2513.22
-109.214
129.323
-2613.37
-3147.09
660.105
972.814
-5135.45
-2315.25
-8160.87
-5102.91
-3660.34
-2772.38
-4139.9
-3586.8
406.843
1337.84
3774.12
2380.94
1031.04
-1023.71
985.26
-774.271
1682.12
349.292
2067.18
2360.3
5212.65
4763.57
9926.78
5984.15
8121.56
8170.43
12331
9986.46
7816.82
4593.01
3889.94
3862.46
11707.4
5161.92
12880
5790.02
13755.1
10192.2
14680.5
10928.7
9491.21
3735.51
10635.8
4333.56
6159.53
4877.16
4743.03
7029.96
3976.43
4480.22
4051.06
6518.01
7114.36
4819.04
5361.97
8073.26
8656.99
5238.26
6730.88
8336.79
-731.555
-762.395
-854.547
-51.2266
-283.027
-312.212
-2767.46
-2943.04
-2942.7
-202.709
-807.899
-814.781
-3535.6
-3932.38
-4030.87
562.156
-799.376
-1079.51
-1232.68
-1050.38
-747.906
-3738.98
-3814.22
-3553.24
-3061.11
-3449.51
-3389.51
-3789.37
-4060.77
-3957.96
1302.56
-359.365
-483.641
3463.42
1975.55
1050.98
-997.383
-2105.05
-2696.39
-968.434
-2382.2
-2998.02
-437.663
-1967.16
-2407.06
2261.02
-503.032
-830.203
-24.83
-34.9247
-44.5549
-67.041
-248.848
-139.214
-115.422
-110.424
-14.2988
-77.2613
-178.469
-274.218
-431.502
-275.007
-309.613
-329.827
214.028
-31.305
-255.662
-488.34
-165.794
-226.059
-288.27
-325.542
-40.144
-135.713
-136.86
-133.489
209.202
6.27978
-116.967
-196.819
926.226
190.097
-90.2002
-290.184
1449.63
337.168
4.49346
-502.595
638.527
77.4857
-173.217
-433.655
1188.97
255.446
22.8375
-437.71
989.661
228.518
-118.301
-370.88
1627.83
402.075
7.13494
-592.245
1107.36
303.81
-109.566
-443.827
1755.79
461.067
28.2544
-619.218
-7.309
-20.141
-39.2605
-85.319
-36.8753
-29.0239
-22.7518
-77.7882
-76.5361
-79.7638
-136.083
-256.835
-167.408
-107.417
-80.1952
-234.048
388.741
46.1974
-147.387
-435.237
169.286
-31.5643
-105.327
-411.246
66.3866
-120.857
-220.921
-436.81
8.19328
-97.5678
-89.1365
-414.831
1019.19
194.084
-16.3516
-577.886
-84.0438
-42.2929
-29.4758
-59.4431
-153.102
-61.1105
-31.4517
-27.9328
-171.149
-105.18
-68.7478
-169.296
-409.022
-173.266
-85.4031
-79.301
-108.33
-119.635
-96.3003
-277.118
-522.93
-245.209
-129.518
-124.873
82.9629
-109.594
-121.495
-385.97
-413.505
-265.479
-153.881
-158.512
525.457
-16.6909
-57.5059
-367.724
-125.905
-229.238
-140.771
-161.594
1183.79
118.125
-42.4084
-423.923
377.428
-57.7568
-87.912
-149.177
910.754
32.1616
-53.3558
-394.472
218.874
-134.588
-118.69
-162.341
1435.13
223.424
-8.38983
-460.481
519.659
17.614
-56.7768
-139.342
1624.19
327.653
39.0009
-454.177
650.349
98.8238
-15.7468
-120.266
-29.9416
-13.1494
-6.71347
-3.90143
-2.79699
-39.3849
-20.046
-10.9106
-6.48335
-4.65447
-78.6492
-33.2927
-16.7789
-9.70844
-6.95571
-97.7923
-49.0047
-26.6024
-15.843
-11.396
-104.236
-41.7491
-20.7882
-12.0129
-8.62833
-131.495
-65.1308
-35.4708
-21.245
-15.3467
-68.8094
-33.3183
-18.0708
-10.843
-7.83644
-49.0219
-19.5973
-9.7083
-5.65213
-4.04153
-104.375
-42.6449
-21.6569
-12.6707
-9.07342
-49.851
-17.4667
-8.3412
-4.76795
-3.38425
-109.975
-49.507
-26.3117
-15.6339
-11.2594
-47.0939
-17.3665
-8.54877
-4.92628
-3.49117
-80.4396
-27.9109
-13.1144
-7.47488
-5.31587
-47.2856
-15.6183
-7.3143
-4.18168
-2.97673
-70.2345
-18.08
-6.82433
-3.53576
-2.41696
-38.8231
-8.56203
-2.9438
-1.46079
-0.978514
-24.8968
-9.88311
-4.85825
-2.76779
-1.96673
-17.8152
-7.73434
-3.96239
-2.27986
-1.6045
-67.1941
-27.0885
-13.4992
-7.70757
-5.46546
-51.3555
-22.5171
-11.6389
-6.70316
-4.74797
-94.0742
-33.4198
-15.958
-8.96333
-6.33691
-69.512
-31.0305
-16.2452
-9.39904
-6.72039
-84.4574
-38.0476
-20.3152
-12.0091
-8.65654
-47.1879
-23.5615
-12.7637
-7.47693
-5.39704
-43.7425
-20.9146
-11.4426
-6.84666
-4.94066
264.655
389.594
721.022
1112.64
702.627
1358.26
149.535
1076.38
-509.865
116.836
691.071
1196.41
-289.316
-206.703
1132.43
1810.72
1451.12
2079.29
558.373
129.049
29.0206
6.40481
1.6066
180.376
84.0366
11.4063
3.04437
1.38044
1976.8
458.572
103.817
22.8477
5.74436
510.898
138.635
33.7128
7.13804
1.91768
3275.03
760.079
172.473
38.0713
9.5514
793.115
229.047
55.5966
12.899
3.24211
4391.06
1021.99
232.836
51.5495
12.9477
919.513
287.303
71.9879
16.8923
4.23658
5477.56
1287.43
295.334
65.7134
16.5738
1011.9
348.277
89.8578
21.3627
5.4207
6473.69
1568.27
364.735
81.843
20.7349
1577.31
484.863
120.019
27.6145
6.92696
6033.7
1456.68
337.305
75.3743
19.0357
1220.02
410.112
104.704
24.5816
6.17522
6672.6
1618.73
377.174
84.7665
21.5084
1790.58
532.175
129.752
29.4336
7.36356
6951.32
1672.01
390.114
87.6328
22.2225
1858.88
554.106
136.292
28.7273
7.60328
507.443
6989.82
6375.68
2269.58
-1447.71
-2511.23
-7872.15
-11494.8
-1824.96
-8492.4
1632.03
-2622.75
-2527.17
-4986.92
-9429.36
-13338.2
-14126.1
-17741.9
-4991.82
-6472.33
19882.5
14361.7
4705.06
3663.97
2630.78
3752.03
3510.84
12212.2
11632.1
9946.67
10728.1
8831.65
6336.58
8278.23
5466.6
4630.9
5620.67
3859.34
19793.1
10270.2
3612.84
6169.14
8400.53
5856.69
6378.34
4740.96
2873.42
4061.59
4326.89
4680.77
19550
12809.8
12166.6
8782.7
8710.93
9164.8
3912.93
5153.44
6565.03
14142.9
12216.2
10245.2
9446.77
8094.2
9319.21
6377.59
4940.97
3782.58
1940.3
4148.51
3434.24
2568.62
1597.67
545.887
3269.22
2733.63
2054.18
1274.93
432.727
2334.39
1938.26
1445.35
891.092
301.199
3352.48
2804.92
2105.95
1304.25
441.675
3112.69
2584.67
1930.35
1193.35
404.412
7830.58
5981.32
4679
4328.86
4660.18
6341.9
4652.26
3308.84
2743.56
1915.45
6206.31
3726.58
2578.07
1792.27
858.57
5504.44
3701.01
2457.66
1786.31
1052.66
4122.02
2570.11
1598.28
1105.59
541.071
5008.72
3734.4
2574.35
1535.8
527.706
5631.57
3615.95
2361.36
1411.99
527.217
3587.93
2145.71
1286.08
696.536
234.961
3811.26
2936.81
2063.94
1232.62
415.414
4481.87
3341.07
2274.66
1323.5
439.226
3210.65
2494.76
1758.68
1046.48
349.448
13066.5
9937.48
8009.44
7105.01
6742.19
7551.16
5462.65
3989.01
2701.45
1212.32
3002.34
2344.94
1676.29
1020.53
351.264
5216.6
4159.22
3038.98
1888.05
661.509
6872.28
5383.55
3952.34
2537.15
958.523
4975.35
3999.28
2956.28
1861.04
659.307
5511.69
4491.97
3340.91
2094.05
729.951
4118.97
3360.51
2486.65
1540.59
527.949
2474.69
1990.87
1445
876.021
294.483
3571.64
2939.04
2177.01
1338.38
452.616
3675.87
2923.84
2110.64
1282.52
434.958
4047.63
3282.38
2412.24
1485
506.776
13569.4
11217.9
9346.66
8304.09
7208.18
8881.46
6350.26
4878.77
3607.56
1833.31
8958.26
7081.47
5378.88
3964.55
1921.63
6895.49
5221.41
3919.9
2660.86
1082.36
7253.09
5787
4311.74
2791.19
1046.96
7138.53
5363.82
4000.87
2703.58
1086.34
3352.83
2705.32
1993.01
1240.85
431.328
4535.38
3740.79
2782.94
1720.42
584.547
5640.15
4565.67
3375.26
2106.61
732.158
5215.39
10445.9
11973.1
32869.9
11807.1
43971.8
5928.85
14073.4
11771.7
9084.45
19536.1
16303.3
11730.8
11026.2
21909.3
17351.5
3847.25
2895.38
7327.03
5042.84
9296.27
6966.3
25055.5
18501
15275.2
11606.9
15723.9
9347.01
1194.98
3756.99
40785.2
53388
24642
31163.8
53879.5
69210.1
26507.5
31204.4
30400.8
41935.2
24758.8
33802.4
16455.4
24815
1909.67
522.67
3202.54
1104.54
6696.51
2993.75
13700
4946.53
2956.14
1680.16
7401.16
2326.91
15352
4824.07
19962.2
6725.36
16603.4
8603.66
19148.5
11373.8
15103.6
10805.4
16970.3
13134
15309.9
8957.64
12110.9
6259.57
21683.4
13808.6
22600.5
14512.5
19873
15049.9
20990.7
15701.5
18032.7
11300.4
19297.1
12057.4
16780
7416.9
7311.64
9663.34
15014.3
7584.33
5482.63
9503.87
18572.8
7598.9
8894.14
9918.75
19748.7
7852.68
10015.9
10494.6
1149
1024.46
304.954
1180.63
4553.47
4717.83
2872.37
5727.33
2599.95
3243.49
4515.72
8541.25
12139.4
9690
9433.61
11799.9
7801.81
7624.45
8182.12
6957.91
13669.9
11930.5
11602.9
9754.16
6804.85
5859.21
12866.2
1044.81
792.758
546.408
642.851
4294.67
3393.73
3694.43
3233.12
631.171
-509.336
4322.08
3396.85
10169.1
10797.3
9515.27
8711.5
7126.79
5176.51
9342.7
7435.88
8409.77
6587.57
11600.1
11779
9946.21
7744.01
7382.29
4985.1
6528.89
4111.66
9790
5942.95
9333.92
5050.29
8330.02
9471.05
13090.7
17392.6
13810.2
20160.6
6401.51
7583.64
7758.95
2851.08
7684.7
15027.9
7425.52
16208.6
13654
25014.4
13942.9
26425.9
5717.89
12876.9
5362
13851.9
7779.82
6094.75
11294.7
4554.11
7475.99
1768.52
9715.07
1201.71
7738.99
9234.8
11945.8
5545.39
6510.17
10977.6
10627.5
7280.98
780.641
747.284
518.654
615.612
2579.72
1872.78
2373.54
2149.04
-1075.1
-576.911
2772.93
3075.07
10678.2
10116.4
7722.84
6650.94
4117.7
3461.09
5834.89
4809.04
5540.69
4041.85
18310.3
15997.6
8012.6
6792.38
6110.29
4624.86
5071.56
3236.96
5430.96
2341.5
5613.43
9233.76
4918.98
9366.47
8376.25
10450.1
9411.77
12815
881.758
592.686
667.654
531.833
3672.14
2660.36
3019.84
1738.65
1371.39
1648
8338.72
8948.29
4681.78
4231.18
9379.91
9725.15
14465.2
16637.1
-386.585
-3971.44
7365.12
7148.88
7092.79
5596.94
923.788
873.238
1011.23
865.216
1764.23
1156.91
630.447
494.229
8121.56
3732.7
6905.95
3129.41
9319.58
3660.04
11074.5
3893.71
5378.63
10255.4
6993.92
10740.1
8699.14
11707.8
11442.4
12694.8
5210.33
9191.86
4708.02
9153.54
8186.93
10836.3
9421.69
11222.7
13248.8
13344.4
14558.5
13878.4
5584.93
9034.55
6172.57
9256.3
427.469
2139.32
7809.54
5270.8
406.329
2214.7
7739.01
5047.46
738.133
2157.94
7791.37
5435.91
933.264
2086.7
7669.94
5354.48
927.235
1008.71
909.591
971.789
2113.21
2165.21
1404.5
1520.96
8349.38
7658.07
3845.25
3857.87
3704.11
5188.22
4002.33
220.54
1749.81
1275.71
1375.87
3591.56
-2708.94
792.941
13841.3
11725.2
10563
9155.45
5665.07
993.002
863.326
1074.78
1336.79
2146.16
1703.85
1969.88
2617.56
7988.97
7857.84
4273.48
5514.53
5025.45
6698.24
3138.98
5066.23
4803.97
5236.61
1091.6
1466.93
2806.19
4205.21
9670.9
7932.78
7597.05
5570.25
6603.1
4705.39
5824.33
4221.1
4224.72
4633.38
8301.65
8190.01
11198.2
7216.6
10416.7
11167.3
13053.5
10979.2
9353.76
5785.74
6869.73
6848.32
12204.6
5928.29
13008.1
5975.62
13949.2
10835.1
14717.6
11066
10197.6
4483.22
10834.5
4532.12
7620.13
5956.02
6033.28
8240.44
6505.38
6883.25
5922.19
8499.36
7876.71
5523.9
6093.95
8843.95
8894.99
5459.41
6967.61
8556.79
636.3
544.738
945.867
692.272
1482.38
1738.82
1633.43
1213.75
7663.78
6712.2
3674.25
1643.77
7862.69
7454.33
6099.49
5482.43
5070.95
4353.42
1807.84
1874
4003.1
1818.99
8632.08
7394.02
4867.53
3876
3759.55
2401.82
2746.68
1235.42
4162.38
99.808
207.774
94.9405
33.6287
-17.9308
193.887
121.47
41.245
-12.8171
615.665
271.721
8.27391
-170.747
554.819
318.1
37.3874
-114.279
1008.81
402.744
-32.1897
-386.076
992.703
483.677
161.183
-18.8515
684.188
326.178
160.087
51.2538
526.58
215.547
18.4379
-109.924
1510.82
529.38
129.543
-131.822
1794.18
511.212
101.055
-482.39
1448.56
507.937
84.7232
-256.908
1628.83
459.901
128.827
-436.865
1413.47
488.024
41.6649
-278.154
1859.69
526.929
83.8304
-562.445
1281.11
413.939
-40.5388
-402.648
1840.52
508.693
57.938
-607.88
193
77.9973
12.1882
-61.3927
163.017
58.5881
25.7416
-58.2657
545.277
223.535
19.0635
-180.836
459.388
171.944
71.9722
-170.466
1077.93
374.758
10.626
-383.166
979.386
325.994
85.116
-348.495
1197.96
441.646
81.6382
-285.765
904.54
308.371
113.49
-388.488
1640.67
459.242
113.36
-611.829
114.182
43.5317
13.7463
-37.9759
51.4224
30.8104
14.2408
0.585428
401.747
142.127
62.5373
-102.923
205.902
102.425
54.4114
6.8807
703.404
234.841
94.9828
-182.694
408.825
178.47
84.9373
5.92148
1069.34
338.258
119.927
-277.557
712.846
262.92
112.986
1.08897
1407.81
406.306
190.382
-233.911
959.597
317.484
150.667
20.7702
1880.45
526.413
203.915
-291.064
949.384
295.064
124.258
-11.3172
1812.73
516.379
232.012
-240.776
1050.71
328.677
145.224
9.82323
1856.25
483.281
151.554
-376.599
850.64
238.204
77.7009
-55.7273
1762.17
415.353
93.6209
-425.446
753.843
170.511
28.4856
-92.9784
5.3714
8.65633
6.09282
3.96138
2.92699
23.448
17.0067
10.5965
6.6852
4.92738
9.31111
21.0132
15.1062
9.87029
7.29866
53.265
40.3447
25.3496
15.9942
11.7796
4.21481
25.4361
18.6192
12.1796
8.98598
70.5666
53.4026
33.2946
20.8783
15.3171
34.4116
26.8047
16.7746
10.5017
7.70317
3.90963
11.302
8.23292
5.35595
3.98891
14.9214
27.8128
19.2865
12.4185
9.19183
-5.27655
9.25765
7.22888
4.77657
3.56442
42.1215
38.6571
24.5942
15.5023
11.3962
0.433287
10.7496
7.76604
5.06288
3.77835
-11.7342
13.1138
10.8054
7.19998
5.37485
-8.46209
7.38925
6.05586
4.01378
2.99447
-38.7915
0.780207
4.22168
3.27494
2.57973
-25.8132
-0.701627
1.66587
1.38579
1.11622
0.10907
6.01406
4.49898
2.97593
2.2135
5.3008
5.9849
3.9683
2.56415
1.9168
6.58472
18.3707
13.0389
8.55031
6.36231
18.8332
18.4172
11.926
7.67849
5.7046
-9.75623
19.8851
15.2817
10.1959
7.60667
32.0686
27.0282
17.0317
10.8953
8.02808
38.947
32.2569
20.0258
12.6169
9.24994
36.6064
22.8143
13.649
8.61115
6.29193
27.677
18.7234
11.2001
6.96441
5.1014
33.5429
171.383
106.613
529.347
23.9406
707.889
-281.782
628.954
-559.867
64.9028
757.653
1262.15
-150.834
27.9302
1164.58
1832.02
1459.91
2083.81
532.233
125.098
28.2835
6.25556
1.57049
136.469
77.6904
10.4007
2.88563
1.34555
1896.77
445.831
101.367
22.3433
5.6206
395.997
121.157
31.0234
6.73102
1.84571
3152.74
739.534
168.47
37.248
9.35109
665.829
208.765
52.3475
12.3717
3.14517
4251.01
996.513
227.716
50.4867
12.6899
836.804
272.329
69.3374
16.4202
4.14425
5353.41
1261.48
289.773
64.5259
16.2828
1000.04
342.178
88.3241
21.0283
5.34648
6419.27
1553.25
361.046
80.9973
20.5195
1588.13
485.406
119.855
27.5401
6.90354
5952.91
1435.47
332.341
74.2732
18.762
1242.24
409.878
104.14
24.4072
6.1308
6641.21
1609.91
374.947
84.2454
21.3734
1793.27
532.156
129.644
29.3959
7.35223
6940.93
1669.1
389.367
87.4557
22.1764
1858.99
553.978
136.24
28.7176
7.59993
517.709
6907.33
6102.64
2205.57
1441.64
812.688
3724.7
2741.65
6480.39
6107.67
2826.84
2051.47
376.78
578.475
994.701
1617.42
2426.16
3346.37
272.444
586.588
1221.43
2128.88
3209.35
4311.04
286.258
131.932
492.601
336.845
908.673
753.71
1518.77
1409.49
2185.4
2100.69
2865.96
2586.56
4148.51
4687.45
5100.46
7604.92
8524.57
9398.41
5231.4
5754.35
5726.96
5227.86
4480.08
3920.74
340.328
288.255
218.885
136.626
46.4342
522.15
441.901
335.29
209.16
71.0636
897.126
758.544
575.043
358.503
121.769
1457.07
1230.42
931.716
580.434
197.085
2181.73
1838.89
1390.29
865.332
293.733
3000.33
2521.34
1902.06
1182.73
401.462
245.95
208.213
158.028
98.5998
33.5003
529.178
447.583
339.411
211.643
71.8905
1101.04
930.451
705.031
439.41
149.229
1916.77
1617.73
1224.49
762.678
258.956
2884.32
2429.76
1836.44
1143
388.028
3863.75
3246.07
2448.84
1523.17
517.181
258.683
219.17
166.474
103.939
35.3356
119.23
101.024
76.7371
47.9122
16.2889
444.837
376.626
285.873
178.386
60.6224
304.231
257.632
195.588
122.063
41.4836
819.957
693.658
526.099
328.095
111.462
680.271
575.638
436.685
272.37
92.535
1368.94
1156.62
876.198
545.971
185.399
1270.61
1073.67
813.39
506.814
172.091
1966.3
1658.1
1253.91
780.427
264.875
1890.17
1593.79
1204.98
749.707
254.376
2570.24
2159.89
1628.73
1012.08
343.33
2319.49
1948.35
1467.92
911.128
308.816
3700.99
3095.83
2328.88
1447.62
491.967
4144.83
3441.59
2580.43
1606.91
548.881
4436.32
3639.47
2720.35
1707.55
592.949
6405.31
5155.83
3859.37
2486.98
910.971
6781.89
5309.28
4006.31
2716.36
1116.15
7156.45
5497.25
4176.52
2940.85
1308.17
4669.3
3908.14
2941.89
1829.64
621.909
5104.09
4249.85
3191.75
1987.48
677.714
5030.07
4157.29
3115.69
1948.23
669.726
4513.74
3688.57
2761.72
1746.38
613.124
3739.55
2996.64
2247.79
1460.23
541.14
3153.32
2475.21
1862.29
1247.44
490.558
396.268
638.642
1100.45
1775.81
2646.96
3620.18
299.521
670.255
1366.77
2338.42
3472.96
4594.15
304.815
147.615
550.286
386.887
1011.94
847.3
1678.36
1560.98
2421.9
2368.29
3176.59
2995.12
4438.02
4961
5354.73
7764.73
8597.2
9421.03
5477.81
5908.24
5764.96
5168.34
4387.38
3877.66
358.038
303.367
230.45
143.891
48.9121
576.867
488.631
371.085
231.663
78.7428
993.423
840.93
638.269
398.314
135.365
1601.66
1354.51
1027.26
640.754
217.718
2384.05
2013.3
1525.2
950.835
323.044
3252.89
2740.78
2073.18
1291.91
439.033
270.562
229.21
174.092
108.689
36.9419
605.244
512.527
389.144
242.901
82.5553
1233.38
1043.67
791.914
494.114
167.911
2108.05
1781.89
1350.9
842.489
286.257
3125.92
2638.09
1997.66
1245.21
423.072
4124.89
3473.01
2625.86
1636.15
556.067
275.523
233.527
177.451
110.83
37.6847
133.46
113.146
85.9974
53.7216
18.2695
497.261
421.361
320.109
199.895
67.96
349.679
296.384
225.222
140.668
47.8279
913.943
774.011
587.719
366.871
124.701
765.427
648.421
492.483
307.474
104.518
1514.61
1281.61
972.411
606.701
206.169
1409.04
1192.61
905.073
564.751
191.919
2182.93
1844.76
1398.23
871.85
296.208
2135.4
1805.22
1368.55
853.374
289.916
2856.69
2408.74
1822.73
1135.79
385.878
2695.48
2274.17
1721.29
1072.38
364.213
3971.2
3333.8
2517
1569
534.022
4405.56
3676.5
2770.27
1731.68
592.651
4687.15
3873.13
2915.18
1839.11
640.121
6586.62
5343.75
4031.12
2612.97
960.027
6886.58
5429.05
4125.13
2812
1158.67
7194.87
5542.86
4223.39
2980.33
1326.72
4899.38
4110.92
3102.36
1933.27
657.837
5252.32
4384.99
3302.24
2060.78
703.565
5074.59
4205.32
3160.71
1981.25
682.144
4470.47
3661.97
2750.02
1744.46
614.079
3664.77
2940.84
2212.11
1442.95
537.277
3118.08
2448.18
1844.36
1238.39
488.446
19824
14418.5
5087.25
4073.3
3107.52
4345.64
4005.75
13007.1
14610
11551.1
13329
7884.11
11268.6
6023.67
6290.92
4589.6
20495.3
11298.8
4339.25
7099.06
9275.2
6376.71
7048.3
5335.02
3282.5
4741.41
5278.43
5410.59
19440.9
13010.8
12831.4
9183
9166.84
9707.75
4599.34
5808.42
7215.41
14160.2
12293.3
10361.9
9604.92
8242.67
9414.04
6475.79
5036.16
3862.02
1974.99
4514.83
3766.1
2838.03
1775.29
608.312
3650.35
3068.4
2318.04
1444.68
491.424
2782.08
2335.14
1760.84
1095.37
372.075
3903.21
3286.7
2484.16
1546.79
525.363
3579.49
3000.28
2261.93
1408.59
479.196
9536.49
7947.29
6560.47
5908.24
5811.14
10886.9
9400.94
7613.29
6070.04
3579.86
8326.46
5857.75
4414.61
3074.25
1328.6
9910.45
8191.36
6422.11
4705.27
2263.67
6667.64
5348.47
3946.74
2465.43
858.617
8843.06
6595.69
4817.96
3057.1
1116.97
5218.92
4259.23
3162.26
1966.49
675.054
5429.26
4417.15
3274.06
2036.14
699.826
4011.04
3294.64
2451.69
1521.31
519.299
14436.9
11563.6
9623.81
8496.59
7725.73
8788.67
6735.07
5120.61
3514.02
1536.92
3750.82
3061.24
2280.58
1428.76
496.781
6158.66
5052.75
3790.44
2396.56
844.019
7820.64
6325.73
4774.15
3113.31
1175.51
5511.42
4516.05
3397.82
2164.51
769.89
6167.46
5097.61
3841.15
2428.95
849.322
4700.72
3897.91
2929.7
1835.77
632.342
2900.64
2405.56
1800.22
1118.05
380.777
4222.71
3528.05
2653.85
1651.38
562.091
4623.92
3809.61
2845.18
1772.8
608.205
4766.1
3948.62
2962.53
1851.66
636.322
13710.1
11513
9738.32
8751.93
7657.2
9174.68
6656.47
5170.13
3841.82
1939.18
9893.48
8073.18
6315.11
4695.54
2254.43
7359.76
5700.81
4355.11
2982.09
1207.53
7758.23
6300.53
4770.73
3121.05
1174.09
7777.59
6012.93
4589.31
3135.14
1257.3
4022.09
3320.43
2497.97
1576.61
550.239
5162.25
4307.54
3241.6
2021.55
689.923
6294.82
5185.35
3896.89
2460.25
859.031
476.616
1359.78
2167.46
2934.08
3664.57
4348.2
2453.4
7130.04
6766.41
2397.69
9047.05
7586.15
9033.68
9993.65
2234.27
1498.35
5569.89
3146.04
10621.2
7534.33
-237.666
1985.2
5940.92
5557.67
1925.92
7694.77
6182.6
7572.85
8516.74
1848.77
902.078
4777.87
1588.63
8797.04
4507.47
-1570.64
1445.67
4513.06
4207.48
1406.88
6074.75
3706.68
6135.9
6783.72
1389.41
813.587
3377.94
1682.46
7014.51
1785.47
-1713.02
1062.17
3487.13
3316.39
1071.96
4642.43
2249.38
5089.35
5976.88
1046.96
848.7
2466.16
1706.48
6164.76
358.509
-1288.76
857.04
2952.91
2852.67
903.139
3724.67
1862.17
4558.86
5795.54
829.28
902.75
1766.45
1663.34
5374.34
143.526
-144.321
756.408
2631.95
2617.03
817.806
3446.11
2125.6
4219.45
5539.2
642.315
716.18
1453.58
1635.04
5287.61
955.851
476.847
1283.55
3407.26
4989.45
1778.53
5513.15
9637.93
7302.06
10517.1
907.137
600.483
3919.86
2470.43
1162.46
9232.95
4827.72
1195.52
3180.44
4388.94
1545.94
5103.25
8725.82
6599.8
8968.65
929.476
520.303
4060.27
2352.63
341.891
9074.12
3637.7
1053.95
2813.14
3603.69
1244.31
4657.72
7825.34
5630.24
7911.27
828.493
604.724
3481.45
2447.1
561.546
7354.87
3483.64
915.183
2543.62
2999.07
1014.48
4359.23
7129.04
5026.23
7203.91
763.162
619.804
3231.55
2531.72
368.823
6840.17
3518.2
830.346
2294.33
2669.42
890.552
3969.41
6560.44
4596.27
6859.31
716.916
682.281
2947.24
2719.93
514.338
6579.55
3591.31
772.944
2052.42
2479.05
821.308
3670.69
6482.12
4276
6640.35
744.207
803.871
2636.77
2587.29
768.953
6736.42
3978.89
)
;

boundaryField
{
    patch1
    {
        type            calculated;
        value           nonuniform List<scalar> 
2440
(
-6507.87
-6651.45
-9165.18
-3913.08
-5153.67
-6565.32
-9708.13
-4599.5
-5808.65
-7215.7
6506.53
6634.06
9164.8
3912.93
5153.44
6565.03
9707.75
4599.34
5808.42
7215.41
-6688.47
-15880.2
-23658
-18181.1
-14808.7
-22146.6
-19872.6
-8739.32
-134.29
1657.72
7856.32
1779.25
-1649.43
2511.9
9394.04
14203.7
5800.29
-19883.1
-14362.3
-4705.3
-3664.16
-2630.89
-3752.21
-3511
-12212.6
-11632.1
-9946.94
-10728
-8831.41
-6336.69
-8278.34
-5466.53
-4630.98
-5620.7
-3859.4
-19793.8
-10270.6
-3612.94
-6169.38
-8400.89
-5856.95
-6378.63
-4741.16
-2873.5
-4061.75
-4327.01
-4680.95
-19550.7
-12810.3
-12167.1
-8783.08
-8711.32
2.71608
-286.274
-131.94
-492.631
-336.865
-908.726
-753.755
-1518.86
-1409.57
-2185.52
-2100.8
-2866.11
-2586.69
-304.831
-147.623
-550.315
-386.906
-1011.99
-847.343
-1678.45
-1561.06
-2422.02
-2368.4
-3176.74
-2995.26
-19824.6
-14419
-5087.47
-4073.48
-3107.65
-4345.83
-4005.92
-13007.5
-14610.1
-11551.4
-13329.1
-7884.29
-11268.8
-6023.83
-6291.09
-4589.73
-20496
-11299.2
-4339.38
-7099.31
-9275.55
-6376.96
-7048.59
-5335.23
-3282.61
-4741.59
-5278.59
-5410.79
-19441.6
-13011.3
-12831.9
-9183.37
-9167.22
6081.77
15916.5
23689.1
18189.7
14821.8
22191.8
19887.4
7513.94
133.363
-1447.71
-7872.15
-1824.96
1632.03
-2527.17
-9429.36
-14126.1
-4991.82
19882.5
14361.7
4705.06
3663.97
2630.78
3752.03
3510.84
12212.2
11632.1
9946.67
10728.1
8831.65
6336.58
8278.23
5466.6
4630.9
5620.67
3859.34
19793.1
10270.2
3612.84
6169.14
8400.53
5856.69
6378.34
4740.96
2873.42
4061.59
4326.89
4680.77
19550
12809.8
12166.6
8782.7
8710.93
-2.93264
286.258
131.932
492.601
336.845
908.673
753.71
1518.77
1409.49
2185.4
2100.69
2865.96
2586.56
304.815
147.615
550.286
386.887
1011.94
847.3
1678.36
1560.98
2421.9
2368.29
3176.59
2995.12
19824
14418.5
5087.25
4073.3
3107.52
4345.64
4005.75
13007.1
14610
11551.1
13329
7884.11
11268.6
6023.67
6290.92
4589.6
20495.3
11298.8
4339.25
7099.06
9275.2
6376.71
7048.3
5335.02
3282.5
4741.41
5278.43
5410.59
19440.9
13010.8
12831.4
9183
9166.84
-17679.2
-13728.3
5.38956
4.9519
-6.29571
-5.08675
-4348.31
-954.242
-474.695
-6737.05
-3980.34
17680.1
13708.2
-5.39704
-4.94066
6.29193
5.1014
4348.2
955.851
476.847
6736.42
3978.89
-17341.6
651.892
187.753
353.388
1317.25
-646.609
-664.678
-530.548
-534.585
138.499
94.725
1955.35
2542.02
-512.672
-359.91
-336.824
-235.547
-1834.38
-1373
-4888.14
-3088.79
-6711.56
-4104.86
-5615.81
-6955.62
-6145.63
-7394
-3454.04
-11710.8
-6947.62
-5547.59
-4173.15
-2440.11
-2390.97
917.966
321.428
2952.91
823.915
4032.63
1079.84
748.021
3553.44
3389.84
3958.97
483.796
-1050.8
2696.63
2998.34
2407.48
830.276
65.8388
30.927
168.711
79.2405
277.301
124.862
386.14
158.559
367.855
161.647
424.004
149.204
394.577
162.383
460.551
139.36
454.244
120.284
2.9482
5.02403
6.93552
11.3932
8.60137
15.3289
7.84133
4.04518
9.08566
3.39201
11.3025
3.5063
5.32302
2.98174
2.4219
0.980998
2.07301
1.74862
5.46515
4.74651
6.34449
6.68267
8.68254
-1.87765
-1.47206
-5.73611
-1.61516
-9.68205
-2.83628
-13.1178
-3.70078
-16.7752
-4.78556
-20.8103
-6.5543
-19.1694
-5.51666
-21.5392
-7.2174
-22.2288
-7.57677
37.1087
14.2316
-1194.25
3041.24
10069.7
7091.01
3895.82
5885.97
12094.8
16430.7
7574.02
-71.7197
-162.109
211.554
976.105
-804.955
-708.983
-606.008
-558.758
59.8988
13.8988
1653.83
2088.9
-551.526
-390.784
-350.001
-244.834
-759.898
-645.725
-1907.33
-2154.94
576.732
-3074.53
-10116.1
-6650.42
-3460.56
-4808.9
-4041.61
-15997.5
-6792.18
-4624.66
-3236.86
-2341.39
-725.79
-796.84
-1664.26
-1165.33
-6709.14
-1642.95
-7454.17
-5482.42
-4353.48
-1873.23
-1819.1
-7393.91
-3875.92
-2401.73
-1235.18
-99.8482
42.9176
0.286566
101.485
-7.30851
182.847
-6.03047
277.723
-1.07879
234.058
-20.714
291.177
11.377
240.911
-9.7537
376.691
55.7696
425.521
93.0054
-3.25912
-5.38819
-7.35554
-11.8546
-9.00789
-15.3331
-7.69508
-3.98331
-9.17611
-3.55499
-11.3454
-3.76089
-5.36542
-2.98793
-2.57364
-1.11324
-2.48989
-2.11846
-6.38247
-5.71289
-7.59329
-8.06205
-9.21731
-1.83549
-1.43307
-5.61229
-1.54726
-9.47901
-2.7463
-12.8562
-3.61894
-16.4798
-4.72401
-20.5938
-6.53573
-18.8932
-5.48394
-21.4038
-7.20719
-22.1826
-7.57347
-0.170588
552.464
-1142.75
-254.582
-604.911
-1577.21
-844.377
-821.726
-2630.82
-2616.49
-886.797
-3444.82
-2124.68
-4218.77
-5538.65
-688.075
-750.088
-1473.1
-1666.15
-5285.41
-837.296
-2051.52
-2478.63
-889.878
-3670.84
-6482.18
-4275.66
-6640.07
-829.67
-918.77
-2614.9
-2551.48
-770.242
17346.2
-651.798
-187.788
-353.431
-1317.21
646.599
664.685
530.55
534.601
-138.512
-94.6954
-1955.33
-2541.93
512.688
359.937
336.84
235.564
1669.45
1277.06
4888.56
3092.21
6712.28
4107.17
5616.01
6955.89
6146
7394.78
3455.25
11711.2
6947.84
5547.88
4173.49
2440.53
2365.39
-854.547
-312.212
-2942.7
-814.781
-4030.87
-1079.51
-747.906
-3553.24
-3389.51
-3957.96
-483.641
1050.98
-2696.39
-2998.02
-2407.06
-830.203
-59.4431
-27.9328
-169.296
-79.301
-277.118
-124.873
-385.97
-158.512
-367.724
-161.594
-423.923
-149.177
-394.472
-162.341
-460.481
-139.342
-454.177
-120.266
-2.79699
-4.65447
-6.95571
-11.396
-8.62833
-15.3467
-7.83644
-4.04153
-9.07342
-3.38425
-11.2594
-3.49117
-5.31587
-2.97673
-2.41696
-0.978514
-1.96673
-1.6045
-5.46546
-4.74797
-6.33691
-6.72039
-8.65654
1.62997
1.3003
5.82101
1.66843
9.67774
2.8414
13.1166
3.70318
16.7748
4.78689
20.8109
6.55481
19.1696
5.5175
21.54
7.21779
22.2297
7.57713
-38.7989
-19.1673
1185.84
-2734.93
-10079.9
-7130.21
-3911.44
-5899.65
-12129.9
-16352.1
-6552.3
71.802
162.019
-211.654
-976.061
804.9
708.974
605.959
558.756
-59.962
-13.9235
-1653.84
-2088.94
551.499
390.777
350.001
244.839
747.317
615.652
1872.78
2149.04
-576.911
3075.07
10116.4
6650.94
3461.09
4809.04
4041.85
15997.6
6792.38
4624.86
3236.96
2341.5
544.755
692.283
1738.82
1213.75
6712.2
1643.77
7454.33
5482.43
4353.42
1874
1818.99
7394.02
3876
2401.82
1235.42
99.808
-37.9759
0.585428
-102.923
6.8807
-182.694
5.92148
-277.557
1.08897
-233.911
20.7702
-291.064
-11.3172
-240.776
9.82323
-376.599
-55.7273
-425.446
-92.9784
2.92699
4.92738
7.29866
11.7796
8.98598
15.3171
7.70317
3.98891
9.19183
3.56442
11.3962
3.77835
5.37485
2.99447
2.57973
1.11622
2.2135
1.9168
6.36231
5.7046
7.60667
8.02808
9.24994
1.59357
1.26642
5.69618
1.60005
9.47528
2.75155
12.8555
3.62135
16.48
4.72531
20.5946
6.53623
18.8938
5.48474
21.4048
7.20758
22.1836
7.57383
0.784152
-555.205
1143.47
198.262
645.835
1636.98
722.628
756.375
2631.93
2616.95
817.726
3446.11
2125.6
4219.45
5539.2
642.315
716.18
1453.58
1635.04
5287.61
772.922
2052.4
2478.99
821.238
3670.69
6482.12
4276
6640.35
744.207
803.871
2636.77
2587.29
768.953
-14734.7
5501.26
-4348.31
14734
-5501.19
4348.2
-14923.2
-17095.5
-15170.9
-18741.3
-5441.74
-4092.21
-12613.5
-10090.9
-4329.39
-4889.22
-11636.3
-12417.7
-12758.5
-13793.8
-10317.9
-3286.97
-15068.5
-3780.12
-3208.79
-9699.79
-8553.15
-10171.8
-8592.12
-2471.8
-2144.41
-1894.97
-6869.86
-5464.53
-4662.7
-6766.73
-5778.31
-5410.42
-10403.8
-14085.9
-11219.9
-16474
-33.3811
-723.543
-2958.84
-3341.9
1016.75
973.868
3496.77
3193.87
2035.89
2535.72
6070.95
2687.63
6619.62
900.402
798.916
2595.19
2448.84
2549.02
2721.06
933.215
962.359
1046.73
3039.6
3179.05
3107.54
3455.99
3851.08
3943.44
-194.083
-290.14
70.0018
916.779
1439.97
240.633
817.014
54.9707
5.67331
76.0752
323.576
705.64
1224.6
1384.12
196.805
715.02
33.7679
-0.888586
14935.9
17098.4
15172.5
18739.1
5018.65
3809.09
12615.2
10063.2
4056.49
4537.37
11595.8
12382.8
12754.4
13789.1
10317.9
3287.09
15068
3455.67
2904.05
9722.53
8573.61
10168.1
8590.87
2199.76
1923.34
1726.14
6897.14
5475.21
4663.59
6767.08
5779.22
5411.26
10378.2
14069.7
11207.9
16464.9
72.8873
629.484
2958.26
3415.42
-956.19
-913.949
-3475.71
-3171.69
-2034.63
-2534.73
-6071.17
-2687.76
-6619.55
-857.694
-756.186
-2570.61
-2426.89
-2548.18
-2719.87
-878.832
-891.503
-970.672
-3015.57
-3165.68
-3098.52
-3454.51
-3849.69
-3942.48
154.381
309.4
-65.8726
-915.508
-1439.61
-240.61
-816.921
-54.9612
-5.66944
-84.9617
-309.251
-703.382
-1224
-1384
-196.828
-715.023
-33.7848
0.883582
2650.47
6409.46
45.05
26.6195
15.158
9.16237
6.67586
67.6417
36.0013
20.3772
12.4297
9.01241
-2512.13
-348.394
3302.89
9800.63
1859.51
-19.3948
54.5273
26.9448
15.2025
9.30996
6.7364
59.2899
33.5528
19.2543
11.7344
8.55798
476.616
1359.78
2167.46
2934.08
3664.57
-3349.86
-3368.33
-9981.97
-9943.62
-14889.5
-13563.9
-3267.58
-2946.72
-2728.7
-9527.65
-8564.16
-7907.07
-11569.3
-10044.2
-9227.45
0
0
0
0
0
0
0
0
-2603.23
-1127.06
-651.012
-378.576
-449.403
-305.23
-286.508
-256.19
-203.273
-136.318
-97.986
-65.4292
-84.3686
-46.5661
-26.4067
-16.0329
-11.66
-34.1507
-19.8802
-11.504
-7.0385
-5.12621
-32.0597
-251.562
-685.793
-1382.85
-2163.55
-2654.8
-28.9941
-24.5956
-18.7062
-11.6909
-3.97597
-227.392
-192.775
-146.519
-91.5242
-31.1187
-619.607
-524.986
-398.801
-249.014
-84.6484
-1248.42
-1056.84
-802.167
-500.589
-170.12
-1951.05
-1649.61
-1250.73
-779.961
-264.98
-2389.78
-2016.74
-1526.72
-951.222
-323.065
-3534.56
-3129.82
-2599.62
-1946.05
-1207.3
-410.41
0
0
0
0
0
0
0
0
0
0
0
0
1421.82
-288.067
170.131
-163.647
-2605.4
-2529.31
-5980.57
-5352.12
-5649.81
-5377.39
-2393.97
-2237.33
-2120.59
-5003.79
-4882.81
-4758.96
-5603.46
-5704.77
-5692.02
-570.937
-354.148
-149.447
-33.4564
-208.535
-140.42
-84.9938
-54.532
-76.0038
-45.5758
-26.7626
-16.4942
-12.0141
-34.9161
-20.0998
-11.6452
-7.14784
-5.20502
2879.41
2482.95
1998.44
1449.01
876.275
293.719
18.9411
208.922
603.544
1243.89
1887.11
2237.11
17.0993
14.4727
10.9809
6.84934
2.3269
188.691
159.799
121.322
75.7157
25.7302
544.811
461.101
349.859
218.242
74.1475
1121.52
947.887
718.24
447.585
151.988
1698.24
1432.18
1082.93
673.813
228.628
2006.61
1685.93
1270.4
788.556
267.262
-3302.81
-9800.64
-1866.04
17.6885
-54.5058
-26.9358
-15.1972
-9.30825
-6.74233
-59.2131
-33.5024
-19.2156
-11.7036
-8.53314
-476.631
-1359.82
-2167.52
-2934.16
-3664.67
-2650.56
-6409.4
-45.0428
-26.622
-15.1611
-9.16641
-6.68595
-67.5932
-35.9683
-20.3501
-12.4068
-8.9935
2513.75
349.386
-8802.69
-11920.2
-19702.7
-22069.4
-21911.3
-24580.6
-10106.5
-10758.7
-1677.63
-1537.73
-1373
-4444.42
-3566.94
-3088.79
-5347.08
-4349.9
-4104.86
-6752.45
-4437.54
-3454.04
-7829.93
-4349.25
-2440.11
613.283
117.087
-439.702
392.74
-673.983
354.478
-89.6641
80.9162
1851.07
1583.47
404.125
199.91
134.773
107.528
728.452
366.407
297.195
264.35
212.129
78.4738
37.4076
25.6688
548.318
207.534
93.9928
63.4765
702.934
283.944
137.171
95.2198
619.401
293.602
159.24
115.681
389.905
251.119
152.105
113.15
168.11
139.46
96.1039
74.0905
210.058
184.969
127.987
99.0233
107.46
86.2745
59.7008
46.6731
37.4088
28.8991
20.7452
16.4839
40.8411
21.87
12.1227
7.23304
5.19482
77.7177
42.2034
23.6647
14.2448
10.2745
38.3334
23.7953
14.0976
8.7309
6.34466
53.0593
29.5281
16.915
10.3828
7.51444
31.6055
18.9528
11.1777
6.91998
5.03922
13.0158
7.45973
4.32627
2.65847
1.93219
18.0472
8.5785
4.49736
2.5927
1.83661
44.2229
21.7805
11.6612
6.79662
4.83959
58.8333
29.7033
16.1246
9.46213
6.79913
-179.425
-275.029
-5.25913
793.809
1814.83
92.6031
1097.55
-222.325
-276.275
-43.3232
-50.2076
-1.29449
-0.778116
-0.929414
13.5688
17.0139
4.84515
1.88267
0.400965
42.9286
17.8791
5.23914
1.25016
0.395291
161.631
33.0257
6.97612
1.48607
0.500968
315.367
49.0981
7.83865
1.24659
0.373884
-90.0082
-34.851
-9.70058
-2.3766
-0.423831
93.2217
-4.26622
-3.75122
-1.11773
-0.116835
-162.156
-46.6943
-11.8668
-2.74893
-0.487349
-175.361
-50.7719
-12.6717
-2.81777
-0.51773
8652.62
11944.5
16393.1
19794.8
20408.7
23682.5
7960.8
9827.23
-2414.33
-7229.82
-4955.8
-3343.02
-2143.95
-1781.25
-1328.58
-818.935
-276.714
-3341.89
-2069.05
-1241.45
-838.837
-410.843
-3224.72
-1893.7
-1104.28
-577.216
-188.916
-2795.97
-2182.43
-1542.48
-917.952
-306.017
-559.163
-645.681
-2367.74
-2154.94
-2772.96
-3074.53
-5540.64
-4041.61
-5430.86
-2341.39
-380.222
-376.171
-1314.12
-404.095
-1054.62
122.663
-923.809
-803.655
266.523
-27.0696
-152.314
-117.821
-54.6011
-10.944
-294.858
-228.237
-50.5121
47.3394
-17.3431
-27.1445
-16.4671
-10.1117
-71.2876
-79.6184
-56.4881
-36.5998
-193.251
-136.865
-85.3297
-53.7163
-370.445
-187.427
-99.1098
-59.2032
-484.57
-211.036
-112.821
-76.5842
-259.905
-148.269
-97.8457
-77.3726
-430.632
-197.014
-111.685
-83.2363
-131.594
-89.0799
-64.5193
-51.8407
-38.3036
-29.0752
-21.1402
-16.9764
-31.1617
-19.8671
-11.9789
-7.5034
-5.52419
-63.0687
-39.144
-23.288
-14.4686
-10.6159
-49.8958
-25.039
-13.7982
-8.29309
-6.04169
-50.9479
-27.8393
-15.8298
-9.58908
-7.01034
-36.9486
-19.6579
-10.9981
-6.64007
-4.83762
-13.1777
-7.4734
-4.2858
-2.61317
-1.90299
-9.53292
-7.24063
-4.58894
-2.9504
-2.19175
-30.1088
-19.9385
-12.1626
-7.71531
-5.7029
-46.3252
-28.538
-17.0449
-10.7368
-7.87528
32.0344
189.021
446.818
971.04
1612.74
25.6581
879.071
-247.717
-283.222
3.83285
-43.3264
-0.26374
-0.632611
-0.90014
118.547
32.7255
7.05472
2.15596
0.432586
146.697
33.5377
7.42808
1.52038
0.421534
208.692
40.3523
7.94654
1.58255
0.497157
291.238
46.3118
7.36716
1.13653
0.336216
-111.925
-39.499
-10.6341
-2.56588
-0.469913
53.0455
-10.3959
-4.80203
-1.31512
-0.167553
-171.797
-49.1272
-12.4114
-2.86886
-0.51814
-178.014
-51.4804
-12.8424
-2.85692
-0.528124
-31.4405
-354.712
-1009.95
-1956.93
-3104.12
-4281.94
-5244.63
-5704.27
-5358.31
-3973.46
-1900.29
-273.863
-28.3298
-23.9244
-18.112
-11.2782
-3.82806
-319.963
-270.583
-205.153
-127.908
-43.4454
-910.555
-769.607
-583.244
-363.545
-123.473
-1762.34
-1487.75
-1126.34
-701.636
-238.246
-2790.3
-2351.04
-1777.23
-1106.24
-375.56
-3838.02
-3224.73
-2432.89
-1513.27
-513.817
-4680.65
-3917.32
-2948.71
-1833.92
-623.39
-5058.71
-4211.63
-3163.25
-1970.15
-671.941
-4709.49
-3895.18
-2921.13
-1827.11
-627.941
-3452.55
-2834.61
-2125.31
-1339.61
-466.628
-1635.08
-1335.42
-1002.79
-637.541
-225.247
-236.641
-194.583
-147.276
-94.3145
-33.5167
-56.5627
-433.192
-1149.26
-2163.48
-3370.57
-4570.49
-5478.28
-5798.07
-5269.28
-3747.14
-1672.05
-179.376
-51.1301
-43.3517
-32.9567
-20.5913
-7.00205
-391.26
-331.398
-251.676
-157.126
-53.4102
-1037.31
-877.954
-666.314
-415.81
-141.315
-1950.79
-1649.35
-1250.67
-780.089
-265.072
-3034.38
-2561.38
-1939.91
-1209.32
-410.893
-4104.09
-3455.86
-2613.1
-1628.25
-553.384
-4899.03
-4110.03
-3101.38
-1932.62
-657.628
-5151.27
-4298.18
-3235.7
-2019.1
-689.397
-4634.33
-3836.79
-2881.26
-1804.92
-621.105
-3247.64
-2660.21
-1992.33
-1256.63
-438.603
-1423.85
-1151.17
-858.498
-545.117
-193.352
-148.237
-116.596
-85.4609
-54.2257
-19.5239
-2961.87
-13329.1
-4281.72
-2653.89
-2229.23
-1681.71
-1046.17
-355.296
-9910.55
-8191.49
-6422.22
-4705.34
-2263.74
-3751.81
-3087.93
-2299.43
-1425.69
-485.846
8812.97
11925.5
19739.8
22070.4
21925.1
24650.1
8661.54
9193.92
1533.5
1416.09
1277.06
4474.56
3580.62
3092.21
5348.09
4352.23
4107.17
6752.9
4438.63
3455.25
7830.03
4349.55
2440.53
-522.448
-135.711
438.283
-336.871
666.272
-356.286
41.9196
-85.516
-1807.82
-1571.97
-374.779
-185.014
-125.121
-99.6567
-725.396
-365.24
-296.279
-263.708
-200.433
-73.2492
-34.4212
-22.9972
-544.199
-206.354
-93.5343
-63.5692
-702.337
-283.677
-137.108
-95.2565
-619.139
-293.445
-159.178
-115.658
-389.803
-251.041
-152.061
-113.119
-168.141
-139.471
-96.1053
-74.0868
-210.052
-184.948
-127.968
-99.0036
-107.496
-86.2949
-59.7116
-46.6789
-37.425
-28.9097
-20.7518
-16.4884
-37.3636
-20.0862
-11.1754
-6.69132
-4.81525
-77.7155
-42.161
-23.6406
-14.2403
-10.2731
-38.3174
-23.7816
-14.0856
-8.72037
-6.33514
-53.0231
-29.5011
-16.8924
-10.3634
-7.49729
-31.6016
-18.9481
-11.173
-6.91562
-5.03521
-13.0178
-7.46042
-4.32641
-2.65838
-1.93204
-16.1841
-7.75418
-4.09941
-2.3851
-1.68734
-44.3741
-21.7942
-11.6684
-6.8094
-4.85497
-58.8756
-29.7437
-16.1598
-9.49568
-6.83971
140.126
296.544
8.33876
-792.689
-1814.4
-92.5533
-1097.39
222.351
276.293
23.739
41.599
-0.0262692
0.416538
0.787774
-0.386901
-13.0686
-3.92126
-1.64644
-0.344929
-41.6861
-17.4775
-5.13059
-1.22481
-0.388796
-161.155
-32.8725
-6.93189
-1.47491
-0.497941
-315.162
-49.0313
-7.8186
-1.24122
-0.372333
90.0437
34.8632
9.70425
2.3776
0.42413
-93.1319
4.29612
3.76021
1.1202
0.117567
162.173
46.7
11.8684
2.74935
0.487462
175.372
50.7752
12.6725
2.81796
0.51777
-8662.64
-11953.4
-16423
-19827.2
-20341.3
-23603.5
-6721
-8330.74
2414.24
7230.08
4955.89
3342.97
2143.86
1781.17
1328.52
818.895
276.7
3342.04
2069.19
1241.58
838.953
410.873
3224.8
1893.77
1104.34
577.262
188.931
2795.92
2182.39
1542.44
917.928
306.008
518.654
615.612
2373.54
2149.04
2772.93
3075.07
5540.69
4041.85
5430.96
2341.5
323.174
290.961
1349.91
465.735
1056.16
-121.712
805.365
734.313
-228.93
35.105
140.525
109.38
50.3487
10.1136
296.743
228.898
51.0284
-47.2566
10.5827
24.3914
15.5512
10.3577
75.9553
80.3431
56.5748
36.1375
193.994
137.07
85.2883
53.581
370.787
187.605
99.1487
59.1945
484.776
211.181
112.89
76.6243
260.009
148.35
97.9012
77.416
430.775
197.126
111.756
83.2891
131.656
89.1265
64.5512
51.8654
38.3227
29.0887
21.1492
16.9831
29.2701
18.4914
11.0874
6.91699
5.08218
62.6629
38.9913
23.2083
14.411
10.5723
49.9345
25.0651
13.8177
8.30858
6.05498
51.0085
27.8805
15.8616
9.61462
7.03218
36.9706
19.6723
11.0085
6.64813
4.84443
13.1829
7.47652
4.28785
2.61466
1.90419
9.10982
6.69582
4.18627
2.66571
1.98247
29.788
19.8843
12.1395
7.69333
5.68066
46.2785
28.5056
17.0176
10.7086
7.83835
-46.9404
-173.985
-445.188
-970.51
-1612.58
-25.6591
-879.034
247.718
283.233
-18.3753
35.5163
-0.935046
0.291219
0.763018
-106.041
-28.8344
-6.1369
-1.92167
-0.377163
-145.88
-33.194
-7.32583
-1.4956
-0.415086
-208.462
-40.2478
-7.91013
-1.57254
-0.494316
-291.16
-46.2761
-7.35332
-1.13226
-0.334882
111.937
39.5044
10.6361
2.56651
0.470117
-53.0128
10.4101
4.80745
1.31686
0.168124
171.805
49.13
12.4122
2.86911
0.518206
178.022
51.483
12.843
2.85706
0.528149
31.4378
354.69
1009.89
1956.81
3103.95
4281.71
5244.35
5703.97
5358.04
3973.27
1900.2
273.854
28.3273
23.9223
18.1103
11.2772
3.82771
319.943
270.566
205.14
127.9
43.4426
910.5
769.561
583.208
363.523
123.465
1762.24
1487.66
1126.27
701.594
238.231
2790.15
2350.9
1777.13
1106.17
375.537
3837.8
3224.54
2432.74
1513.18
513.786
4680.39
3917.1
2948.54
1833.81
623.351
5058.43
4211.39
3163.06
1970.02
671.899
4709.24
3894.96
2920.96
1826.99
627.9
3452.38
2834.45
2125.19
1339.53
466.598
1635
1335.35
1002.74
637.504
225.234
236.634
194.577
147.271
94.3115
33.5156
56.5605
433.171
1149.2
2163.37
3370.4
4570.27
5478.01
5797.78
5269.01
3746.95
1671.96
179.363
51.1282
43.3501
32.9554
20.5905
7.00178
391.241
331.382
251.664
157.118
53.4076
1037.26
877.91
666.28
415.789
141.307
1950.69
1649.27
1250.61
780.048
265.058
3034.23
2561.25
1939.81
1209.26
410.871
4103.88
3455.68
2612.97
1628.16
553.354
4898.79
4109.82
3101.22
1932.52
657.592
5151.01
4297.95
3235.53
2018.99
689.358
4634.09
3836.58
2881.09
1804.82
621.067
3247.46
2660.05
1992.21
1256.55
438.573
1423.76
1151.09
858.435
545.074
193.336
148.224
116.584
85.4508
54.2186
19.5212
2961.75
13329
4281.6
2653.79
2229.14
1681.64
1046.12
355.281
9910.45
8191.36
6422.11
4705.27
2263.67
3751.7
3087.84
2299.36
1425.64
485.83
0
0
0
0
0
0
0
0
0
0
0
0
-1426.03
287.3
-171.31
163.243
2605.36
2529.31
5980.68
5352.26
5649.88
5377.62
2393.98
2237.34
2120.59
5003.95
4882.98
4759.09
5603.83
5705.16
5692.35
570.878
354.126
149.432
33.4699
208.42
140.371
84.97
54.5242
76.0175
45.5888
26.7745
16.5045
12.021
34.9136
20.0994
11.6458
7.14872
5.20567
-2879.48
-2483.02
-1998.5
-1449.05
-876.306
-293.73
-18.9427
-208.935
-603.58
-1243.96
-1887.22
-2237.22
-17.1007
-14.4739
-10.9818
-6.84993
-2.3271
-188.703
-159.809
-121.33
-75.7207
-25.7319
-544.844
-461.129
-349.881
-218.255
-74.1521
-1121.58
-947.942
-718.282
-447.612
-151.997
-1698.33
-1432.26
-1082.99
-673.851
-228.642
-2006.72
-1686.02
-1270.47
-788.599
-267.277
3349.89
3368.33
9981.88
9943.54
14888.8
13563.4
3267.58
2946.76
2728.75
9527.71
8564.38
7907.36
11569.3
10044.6
9227.99
0
0
0
0
0
0
0
0
2605.06
1128.33
651.8
379.014
449.993
305.51
286.645
256.274
203.461
136.405
98.0299
65.4549
84.411
46.5964
26.4298
16.0507
11.6725
34.1642
19.8887
11.5099
7.04286
5.1295
32.0584
251.55
685.759
1382.78
2163.45
2654.68
28.9929
24.5946
18.7054
11.6904
3.97581
227.381
192.765
146.512
91.5196
31.1171
619.575
524.959
398.781
249.001
84.6441
1248.36
1056.79
802.127
500.564
170.112
1950.96
1649.53
1250.67
779.923
264.967
2389.67
2016.65
1526.65
951.178
323.05
3534.44
3129.72
2599.54
1945.98
1207.26
410.396
)
;
    }
    patch2
    {
        type            calculated;
        value           nonuniform List<scalar> 
348
(
-476.631
476.616
-1086.45
-431.357
-584.582
-732.211
-1257.36
-550.261
-689.954
-859.071
1086.34
431.328
584.547
732.158
1257.3
550.239
689.923
859.031
-8094.88
-1940.48
-545.923
-432.752
-301.215
-441.699
-404.435
-4660.7
-1915.63
-858.677
-1052.7
-541.048
-527.732
-527.25
-234.953
-415.43
-439.232
-349.459
-6742.92
-1212.44
-351.284
-661.556
-958.609
-659.358
-730.003
-527.983
-294.495
-452.64
-434.98
-506.806
-7208.88
-1833.49
-1921.84
-1082.47
-1047.05
-46.437
-71.0679
-121.776
-197.097
-293.75
-401.486
-33.5023
-71.895
-149.238
-258.972
-388.052
-517.213
-35.3377
-16.2899
-60.6262
-41.4862
-111.469
-92.5406
-185.41
-172.102
-264.891
-254.391
-343.351
-308.833
-491.997
-548.917
-592.991
-911.043
-1116.24
-1308.28
-621.948
-677.757
-669.77
-613.167
-541.181
-490.596
-48.9148
-78.747
-135.372
-217.729
-323.061
-439.056
-36.9439
-82.5595
-167.92
-286.272
-423.094
-556.096
-37.6868
-18.2704
-67.9636
-47.8304
-124.707
-104.523
-206.18
-191.928
-296.223
-289.93
-385.897
-364.23
-534.05
-592.682
-640.155
-960.083
-1158.74
-1326.81
-657.873
-703.604
-682.184
-614.117
-537.313
-488.482
-8243.27
-1975.15
-608.342
-491.448
-372.09
-525.386
-479.217
-5811.35
-3579.99
-1328.65
-2263.74
-858.641
-1117
-675.075
-699.847
-519.316
-7726.09
-1536.98
-496.798
-844.053
-1175.56
-769.926
-849.362
-632.37
-380.79
-562.113
-608.226
-636.348
-7657.66
-1939.31
-2254.53
-1207.59
-1174.15
8094.2
1940.3
545.887
432.727
301.199
441.675
404.412
4660.18
1915.45
858.57
1052.66
541.071
527.706
527.217
234.961
415.414
439.226
349.448
6742.19
1212.32
351.264
661.509
958.523
659.307
729.951
527.949
294.483
452.616
434.958
506.776
7208.18
1833.31
1921.63
1082.36
1046.96
46.4342
71.0636
121.769
197.085
293.733
401.462
33.5003
71.8905
149.229
258.956
388.028
517.181
35.3356
16.2889
60.6224
41.4836
111.462
92.535
185.399
172.091
264.875
254.376
343.33
308.816
491.967
548.881
592.949
910.971
1116.15
1308.17
621.909
677.714
669.726
613.124
541.14
490.558
48.9121
78.7428
135.365
217.718
323.044
439.033
36.9419
82.5553
167.911
286.257
423.072
556.067
37.6847
18.2695
67.96
47.8279
124.701
104.518
206.169
191.919
296.208
289.916
385.878
364.213
534.022
592.651
640.121
960.027
1158.67
1326.72
657.837
703.565
682.144
614.079
537.277
488.446
8242.67
1974.99
608.312
491.424
372.075
525.363
479.196
5811.14
3579.86
1328.6
2263.67
858.617
1116.97
675.054
699.826
519.299
7725.73
1536.92
496.781
844.019
1175.51
769.89
849.322
632.342
380.777
562.091
608.205
636.322
7657.2
1939.18
2254.43
1207.53
1174.09
28.0122
286.674
321.428
227.073
821.116
823.915
-563.245
799.826
1079.84
-1303.15
359.403
483.796
-2261.47
503.009
830.276
-1078.39
-796.829
-1576.1
-1165.33
-3676.1
-1642.95
-4003.76
-1819.1
-4162.62
-99.8482
-51.2266
-283.027
-312.212
-202.709
-807.899
-814.781
562.156
-799.376
-1079.51
1302.56
-359.365
-483.641
2261.02
-503.032
-830.203
945.867
692.272
1633.43
1213.75
3674.25
1643.77
4003.1
1818.99
4162.38
99.808
)
;
    }
    patch3
    {
        type            calculated;
        value           nonuniform List<scalar> 
96
(
-376.802
-578.51
-994.759
-1617.51
-2426.29
-3346.55
-272.46
-586.623
-1221.5
-2129
-3209.53
-4311.27
-4148.72
-4687.69
-5100.71
-7605.27
-8524.94
-9398.78
-5231.68
-5754.64
-5727.25
-5228.11
-4480.28
-3920.9
-396.29
-638.675
-1100.51
-1775.9
-2647.09
-3620.36
-299.537
-670.288
-1366.84
-2338.54
-3473.14
-4594.38
-4438.23
-4961.23
-5354.97
-7765.07
-8597.56
-9421.39
-5478.08
-5908.53
-5765.24
-5168.59
-4387.58
-3877.82
376.78
578.475
994.701
1617.42
2426.16
3346.37
272.444
586.588
1221.43
2128.88
3209.35
4311.04
4148.51
4687.45
5100.46
7604.92
8524.57
9398.41
5231.4
5754.35
5726.96
5227.86
4480.08
3920.74
396.268
638.642
1100.45
1775.81
2646.96
3620.18
299.521
670.255
1366.77
2338.42
3472.96
4594.15
4438.02
4961
5354.73
7764.73
8597.2
9421.03
5477.81
5908.24
5764.96
5168.34
4387.38
3877.66
)
;
    }
    patch4
    {
        type            calculated;
        value           nonuniform List<scalar> 
384
(
-10299.7
-28548.4
-48256.7
-66373.1
-54066.7
-42377.5
-30778.5
-11530
-13889.6
-39227.9
-58113
-21160.1
9206.1
28644.8
48265.9
66390.4
54085.6
42392.8
30870.9
9792.45
12578.2
39404.8
58329.3
19037.8
-45194.4
-65211.4
-72996.7
-99965.7
-47012.9
-66044.3
-74263.7
-100562
45202.3
65221.6
73008.1
99979.4
47027.8
66057.7
74277.7
100577
-20473.2
-33384.6
22324.7
34373.9
-17161.2
-6034.88
-22193.3
-8123.88
17907.6
6326.46
22666.2
8308.15
-22312
-34363.1
20480.2
33392.4
-8087.05
-5397.18
-25245.2
-17823.7
-31841.9
-46520.7
-3445.11
-1214.13
-12648.7
-4506.37
-9492.07
-6430.11
-28868.9
-20819.2
-33586
-47418.9
-3991.1
-1345.66
-14560.1
-5126.76
7320.71
4900.94
25325.5
17871.8
31848.7
46529.3
3148.38
1120.93
12670.1
4513.36
8604.96
5831.85
29018.8
20911.8
33599.1
47430.6
3641.06
1239.04
14596.3
5137.97
-17902
-6324.3
-22660.3
-8305.82
17165.1
6036.43
22198.2
8125.85
-13811.3
-14392.7
-11932
-12866.7
13809
14392
11930.5
12866.2
-968.93
-1090.78
-3502.53
-4377.44
-3248.05
-2886.7
-4879.9
-6675.44
-7713.53
-10028.6
-8435.04
-10171.2
-7675.05
-10098
-7859.17
-10546.6
-523.263
-1188.77
-3013.64
-4942.74
-1684.16
-2333.65
-4824.23
-6724.34
-7418.61
-9663.67
-7585.68
-9504.29
-7599
-9918.73
-7852.16
-10494.4
929.562
1014
3488.94
4378.48
3244.88
2881.82
4879.91
6676.38
7712.34
10028.5
8433.88
10170.9
7675.08
10098.1
7859.69
10546.9
522.67
1104.54
2993.75
4946.53
1680.16
2326.91
4824.07
6725.36
7416.9
9663.34
7584.33
9503.87
7598.9
9918.75
7852.68
10494.6
-1251.66
-2454.1
-4214.54
-7490.83
-6743.62
-11476.4
-9174.89
-277.259
-1225.07
-2904.93
-5773.54
-4518.98
-8546.45
-7802.83
1201.77
2306.45
4191.5
7457.15
6739.71
11470
9173.41
304.954
1180.63
2872.37
5727.33
4515.72
8541.25
7801.81
-930.185
-2852.7
-4802.3
-6479.33
-7971.05
-9777.74
-9033.99
-10154.9
-10375.6
-908.893
-2790.4
-4688.15
-6321.69
-7810.67
-9695.98
-8916.38
-10107
-10359.8
823.378
2878.87
4801.17
6479.34
7971.32
9778.22
9034.38
10155.5
10376.2
805.076
2816.72
4687.14
6321.85
7811.09
9696.55
8916.91
10107.6
10360.4
-195.16
-595.18
-999.879
-1344.43
-1663.1
-2101.96
-1921.15
-2194.01
-2241.29
-190.805
-582.303
-977.367
-1314.15
-1630.7
-2082.15
-1893.73
-2182.22
-2237.38
171.312
601.958
999.644
1344.41
1663.14
2102.05
1921.23
2194.12
2241.41
167.519
589.101
977.183
1314.17
1630.78
2082.27
1893.84
2182.34
2237.5
-43.4727
-132.557
-222.882
-300.236
-373.585
-478.832
-435.391
-500.856
-511.887
-42.5366
-129.781
-218.142
-293.913
-366.593
-474.042
-429.034
-497.942
-510.91
38.0548
134.122
222.829
300.227
373.589
478.851
435.404
500.88
511.913
37.2386
131.342
218.102
293.916
366.608
474.067
429.055
497.968
510.937
-9.64065
-29.4301
-49.5639
-66.8989
-83.5743
-108.029
-97.8806
-113.134
-115.571
-9.43582
-28.8213
-48.5401
-65.5445
-82.056
-106.92
-96.4522
-112.447
-115.338
8.42779
29.7788
49.5511
66.8954
83.5739
108.033
97.8826
113.139
115.577
8.24949
29.1675
48.5302
65.5439
82.0582
106.926
96.4563
112.452
115.344
-2.45903
-7.48642
-12.5836
-17.0009
-21.3018
-27.7786
-25.0449
-29.1769
-29.849
-2.40637
-7.33008
-12.3249
-16.6629
-20.9226
-27.4906
-24.6823
-28.9954
-29.7871
2.14913
7.57341
12.58
16.9996
21.3014
27.7793
25.0451
29.1779
29.8503
2.10335
7.41606
12.322
16.6623
20.9228
27.4918
24.683
28.9968
29.7885
)
;
    }
}


// ************************************************************************* //
