/*--------------------------------*- C++ -*----------------------------------*\
  =========                 |
  \\      /  F ield         | OpenFOAM: The Open Source CFD Toolbox
   \\    /   O peration     | Website:  https://openfoam.org
    \\  /    A nd           | Version:  11
     \\/     M anipulation  |
\*---------------------------------------------------------------------------*/
FoamFile
{
    format      ascii;
    class       volScalarField;
    location    "0.3";
    object      gradTz;
}
// * * * * * * * * * * * * * * * * * * * * * * * * * * * * * * * * * * * * * //

dimensions      [0 -1 0 1 0 0 0];

internalField   nonuniform List<scalar> 
5712
(
12634.5
40928
10290
41634.3
7404.52
41703.8
10806.6
59861.4
13071
81114.6
13497.3
61805
13534
52863.6
14143.8
48168.6
8395.81
5390.11
22794.2
13619.7
7843.99
4043.47
23156.5
11122.9
10211.3
8171.84
32350.8
24909.4
7720.91
6331.75
31548
25035.4
18144.7
7854.67
15592.9
7124.74
7932.64
17828.3
55863.3
14709.1
20253.2
6221.1
67345
17724.9
17522.8
5324.72
42645.4
13014.3
21707.6
7292.77
39428.6
12336.4
15313.1
7586.66
19367.4
7890.35
16513.3
8868.38
18684.3
7546.61
19571.5
11550.5
15731.1
7317.68
22195.5
8449.17
7516.84
2778.39
21137.5
14268.8
12637.7
8619.94
18953.8
14516.8
10314.7
7748.08
13959.5
9569.39
20937.9
14256
7981.05
5398.68
3559.67
2793.69
6352.18
4774.68
2702.26
2505.92
8945.51
5844.06
4224.45
2696.58
13956.6
8299.28
11355.4
15006
19811.4
15206.7
16856.5
25450.8
8891.72
4646.75
6489.46
8524.75
4164.77
1933.47
2622.01
3046.4
21529.6
36996.8
14304.1
41893.8
24287.7
35296.7
17229.4
43094.6
26200.1
30589.5
21476.4
40951.3
21161.6
19730.2
20257.7
21143.6
24200
18203
22248.1
27059.7
31826.2
49412.6
15488.9
15608.6
16490.1
20837.9
34978.7
41169.7
33521.6
47963.7
41711.4
36991.6
31196.2
46783.9
40347.6
30763.3
27466.3
42943.9
38159.3
12575.2
8918.46
16286.1
13232.2
21238.3
18438.2
26400.8
24029.4
38577.6
36030.7
11539.7
9425.71
14585.3
14155
18324.2
19274.6
23612
25287
33391.2
35063.2
11813.7
7886.64
7340.2
7272.18
12073.5
11414.1
7646.53
9646.1
7999
7951.39
12804
9025.73
2149.64
4451.83
522.172
1258.61
3558.76
6058.43
855.476
1772.99
2036.65
4715.72
455.72
1334.53
9423.26
7476.62
12367.8
6542.45
15530.5
10745.9
20401.8
12256.3
3250.86
3886.61
6210.58
2915.37
2512.52
2559.87
3593.56
2317.44
24324.6
13342.4
4035.04
27708
14413.6
4417.13
23050.5
12963.3
4161.76
26780.2
14155.4
4321.38
20320.2
11379.1
3500.84
25378.3
13682.1
4196.46
5729.11
3176.77
947.938
9815.91
5819.86
1818.75
14243.9
8484.66
2667.6
18679.9
10733.2
3290.84
24603.9
13563.4
4232.06
6561.51
3664.5
1214.57
10343.2
6670.59
2335.47
14435
9287.13
3161.61
19173.9
11820.6
3888.24
24889.4
13881.2
4481.5
412.607
1943.26
3083.08
4075.14
3191.15
3024.45
7604
6553.52
524.24
591.746
558.84
614.961
334.368
863.996
653.771
1169.44
2403.96
1198.78
3189.25
1866.95
1400.6
2366.25
3512.66
-48.7632
8093.01
1235.27
-2940.04
-875.716
985.565
55.3106
-12.2219
-531.701
5234.01
1673.26
1355.25
603.548
5427.78
1722.96
1748.26
741.872
5589.71
1835.13
2452.03
1092.89
1520.84
649.411
-48.5628
41.7225
11368.5
8939.7
5155.65
4547.38
15148.9
12749.1
7397.23
6319.75
3493.01
3080.49
7877.33
5607.55
2723.22
2532.48
950.358
1287.93
4244.14
3654.29
1732.53
1898.23
1649.87
1706.38
395.623
897.65
2291.4
938.135
1949.23
785.765
3957.85
1349.07
3152.26
1184
1010.3
530.472
1081.84
422.2
104.57
119.663
545.129
158.929
5630.55
2682.76
1921.91
1378.1
5792
2945.01
1920.24
1391.23
6500.19
3555.76
1981.15
1450.35
12116
16216.9
8748.4
4369.52
1418.44
14028.7
10332.3
7474.27
4607.27
1674.37
13404.8
9598.76
5967.88
3352.2
1166.77
1363.5
692.508
885.618
568.266
1634.72
822.403
972.202
628.909
2187.16
1157.26
1133.65
751.679
9553.6
5805.92
6921.98
3874.51
4122.06
2486.61
2765.09
1648.64
1185.84
867.547
8055
5939.09
5594.89
3894.35
3614.57
2481.3
2194.64
1537.64
883.893
805.733
5152.74
2932.01
3160.27
1728.77
8380.28
5337.35
5351.16
3726.25
1941.64
1025.95
3048.4
1780.07
2709.43
1173.24
641.824
292.755
3601.97
2315.14
835.839
624.484
1802.07
707.96
447.378
177.505
1022.76
677.879
419.45
443.14
1594.53
1039.37
579.979
571.09
1005.3
459.167
292.23
290.188
172.823
62.8565
-155.62
-25.6904
321.789
110.991
27.4924
279.217
72.5242
17.0171
401.067
144.1
37.6809
317.677
86.7113
20.9741
553.674
208.044
52.8146
388.473
109.927
25.9382
3270.31
1646.94
463.911
1966.43
884.706
245.822
1260.99
527.72
144.888
797.144
303.663
75.8405
462.208
130.565
28.2954
3832.09
1817.43
542.546
2342.79
988.038
273.392
1449.24
581.731
154.395
875.909
326.96
81.7594
510.948
134.713
30.8495
401.926
87.0949
15.873
2.14576
165.313
36.7364
7.01903
1.11604
411.997
90.3818
17.2435
2.78831
190.339
42.9175
10.7054
2.60048
424.405
93.7968
20.7769
4.46785
276.503
63.5248
10.3585
1.33687
128.843
32.6572
0.131498
-1.56014
30.6223
12.7875
1.3168
0.0707306
283.552
67.321
10.9949
0.212437
200.615
46.3636
11.1354
1.47495
378.479
85.8784
18.2785
3.07231
289.933
64.6366
15.5711
1.92089
171.95
43.2427
7.37463
0.544129
119.145
28.8936
7.53458
1.40181
58.1353
17.038
3.44459
0.777797
40.6041
11.157
3.3549
0.926709
469.906
102.957
19.8263
2.67732
388.995
88.4622
21.8484
3.54642
462.423
101.234
19.506
2.54075
380.239
85.7505
21.5346
3.39483
445.481
97.0257
21.3157
3.54313
366.297
80.9903
21.9432
3.80744
356.898
79.1419
20.2209
4.93342
397.37
86.7409
26.353
5.05652
288.493
63.6524
17.1651
2.97509
248.279
56.2771
16.1566
3.2991
87.2732
19.3645
5.00654
1.30797
265.461
59.215
16.6287
3.30628
94.6486
20.6882
5.37607
1.41727
285.873
61.9922
17.4447
3.40672
103.16
21.9211
5.64904
1.51166
269.94
57.6818
17.5541
3.39187
106.546
22.0962
6.12273
1.6119
246.234
52.9219
16.2651
3.17812
96.2677
20.5184
6.25972
1.61822
141.068
30.3904
7.6984
1.52339
67.9019
15.4181
4.02145
1.0537
188.502
39.9744
11.2771
2.25741
82.5331
18.1763
5.2367
1.38602
87.8608
19.3826
4.74804
1.03152
42.6558
10.0805
2.41264
0.678841
31.8214
7.68357
2.23523
0.605832
15.9393
4.26712
1.17193
0.362284
0.369848
0.0611825
0.0101774
0.00175624
0.000364462
0.167251
0.0281724
0.00481311
0.000853374
0.000181674
0.428188
0.0722551
0.0128802
0.0024128
0.000542151
0.247843
0.043231
0.00836627
0.00168276
0.000399428
0.451244
0.0790164
0.0152587
0.00306516
0.000727847
0.370538
0.0872499
0.0195495
0.00427267
0.00107074
0.246467
0.0722427
0.0174375
0.00396677
0.00102259
0.186312
0.0582647
0.0152612
0.00368188
0.00099255
0.320337
0.0726012
0.0158046
0.00340554
0.000848144
0.243367
0.0565849
0.0129125
0.00287768
0.000733478
0.405858
0.0756919
0.0152793
0.00316991
0.000770598
0.256734
0.0624531
0.0143861
0.00320306
0.000812412
0.267152
0.0647842
0.0147462
0.00327517
0.000835343
0.204819
0.0496341
0.011859
0.00274274
0.000720159
0.168685
0.0458058
0.0117428
0.00283673
0.000769149
0.143796
0.0369939
0.00938285
0.00227378
0.000620131
0.370575
0.0568341
0.00908535
0.00152239
0.000307786
0.166061
0.0235109
0.00365917
0.000606625
0.00012184
0.399316
0.0646242
0.0109708
0.00196581
0.000425363
0.176779
0.0266756
0.00441667
0.00077998
0.000166822
0.397178
0.064319
0.011614
0.00222928
0.000512772
0.213164
0.0354423
0.0066317
0.00130921
0.000307174
0.407588
0.0746421
0.0151399
0.00315328
0.000767664
0.269282
0.0483733
0.0097706
0.00203107
0.000493532
0.297861
0.070622
0.0160658
0.00355082
0.000895286
3468.93
8811.26
3554.8
8673.23
3854.18
8407.83
4204.19
8240.16
3918.17
7959.65
988.085
2412.28
2117.99
4447.96
361.045
1074.7
35.2796
307.246
28299.1
9791.54
4695.51
3069.88
2431.39
8015.2
3174.89
1637.64
1050.29
800.25
27847
9613.22
4622.79
3022.35
2398.74
8135.66
3393.34
1669.72
1074.92
836.142
26427.8
9138.25
4403.03
2881.08
2286.57
7838.63
3263.26
1606.76
1034.99
806.045
24162.7
8375.66
4049.61
2652.7
2104.53
7470.85
3077.69
1506.7
965.889
748.089
20470.6
7129.38
3466.05
2275.27
1805.69
6914.81
2816.77
1375.81
880.837
680.943
10261.1
3754.8
1852.59
1218.11
964.989
3349.29
1390.37
681.689
437.355
338.995
14881.7
5350.12
2621.42
1721.16
1364.68
4939.04
2035.8
1004.22
647.596
503.291
6129.88
2269.08
1125.24
741.39
587.316
1885.86
805.917
394.943
253.815
197.992
2109.76
780.756
388.763
256.848
203.716
699.807
272.08
128.28
84.8006
63.0359
-1415.67
-333.777
6486.73
-1293.75
909.836
972.243
2589.09
3399.18
2287.27
4378.75
4168.08
6416.6
5540.61
6824.06
2773.95
3667.42
2639.5
3140.65
1384.12
1437.58
1214.41
559.653
118.177
14.1038
9.39803
8.94934
49.6793
9442.25
3113.56
2789.58
2184.06
522.41
311.021
1451.22
205.94
186.079
170.065
46.2655
5009.37
2158.42
788.142
469.826
1199.77
624.331
206.495
306.331
15.1414
65.1787
316.393
247.717
5378.08
1744.73
2924.93
1077.96
1099.36
2491.98
386.623
49.186
407.329
632.415
364.95
222.287
132.593
62.5924
345.136
211.543
122.45
64.43
22.1774
92.3088
65.466
41.2344
22.0379
6.87606
11.5757
8.63897
5.69213
3.1398
0.99093
7.403
5.29518
3.36032
1.80521
0.562871
7.04517
5.04194
3.20641
1.72797
0.540893
39.4893
28.5759
18.3515
9.95399
3.12769
5317.41
3309.65
1945.2
1082.86
548.679
1959.59
1180.5
713.227
382.09
142.228
1760.35
1099.26
653.146
344.405
123.555
1309.48
743.98
427.743
222.041
73.1118
320.392
178.143
102.965
53.3712
17.2491
239
167.037
104.151
55.4912
17.4944
1007.9
651.396
381.32
196.114
63.4682
167.759
119.674
74.1877
39.4919
12.5991
141.084
97.7342
60.6525
32.2613
10.1535
135.612
97.1789
61.7194
33.3248
10.5734
32.5475
21.0187
12.3254
6.32034
1.96065
2876.06
1846.66
1108.59
624.582
314.682
1385.59
873.445
526.72
279.443
98.3712
588.47
403.216
248.189
131.434
41.793
350.333
239.57
147.128
77.7087
24.5526
855.053
564.652
337.825
175.883
56.3922
473.649
327.894
203.073
107.706
33.73
155.087
106.64
65.7935
34.8525
10.9572
235.567
164.7
102.574
54.4528
16.9891
11.8813
8.65966
5.71571
3.22212
1.05826
50.7179
35.8746
22.5833
12.0851
3.77966
240.169
166.011
102.482
54.1403
16.9371
190.374
133.153
83.0108
44.1231
13.7944
2848.23
1584.91
957.011
539.474
265.153
1092.98
672.037
390.598
204.671
70.6731
1751.44
1108.03
651.676
345.628
123.112
704.612
450.032
264.676
139.313
47.0953
793.938
529.686
320.023
167.88
53.301
1624.52
1004.97
599.639
314.915
104.135
294.301
203.976
126.226
66.7851
20.8579
38.2621
27.057
17.0274
9.10898
2.84645
307.558
212.1
130.973
69.3349
21.7548
-51346.9
-81127.2
-42900.6
-65556
-43079.3
-85352.9
-51320
-108418
-32956.7
-22755.5
-36002.5
-22990.7
-28813.2
-18317.3
-34602.4
-18799
-45420.7
-36618.6
-64121.6
-49136.3
-39118.1
-33400.3
-53255.5
-42488.9
-30700.3
-32307.9
-25294.2
-25164.4
-31740.7
-28824.8
-66620.7
-18333.6
-26532.7
-10096.3
-76718.1
-21515.9
-22817.4
-8978.09
-52646.6
-16562.5
-27846.1
-10900.3
-49202.3
-15134.6
-26311.5
-11018
-32256.1
-12044.8
-25143.8
-11618.2
-28019.5
-10531.5
-25671.1
-13528
-22163.7
-9336.77
-27758.2
-10271.4
-9702.07
-3559.71
-18690.1
-13083.7
-16269.4
-10093.7
-14768.7
-11562.5
-13086.2
-8772.23
-17937.6
-11114.5
-21345.7
-14696.6
-11275.9
-6898.61
-6259.75
-4183.95
-9109.31
-6028.7
-5088.24
-3745.32
-12289.6
-7271.39
-6860.25
-3977.89
-17067.9
-9442.74
-12590.1
-15615
-22098.6
-16303.8
-17948.2
-26206.1
-11440.1
-5550.39
-7556.31
-8989.09
-6144.23
-2654.53
-3554.2
-3429.47
-27542.3
-35408.1
-16448.5
-42626.2
-28453
-33402.2
-19011.8
-43511.7
-28256
-29391.8
-22744.7
-41135.4
-15538.1
-11585.3
-19127.1
-23283.4
-25586.2
-15025.4
-19801
-26017.4
-31795.8
-49865.3
-10747.1
-13127.2
-16169.4
-21544.3
-35674.6
-34143.7
-23127.9
-45295.2
-33704.6
-31231.3
-22335.9
-44535
-33499.5
-26774.7
-20618.3
-41320.5
-32974.3
-11889.3
-8960.91
-15177.3
-11951.1
-19098.8
-15548.8
-23659.8
-19991.2
-37495.7
-32737.1
-10134.1
-8757.23
-13071.1
-12453.3
-16931.8
-16911.9
-22621.9
-22734.8
-33190.4
-32701.4
-10708.8
-7466.3
-7499.61
-7344.73
-10161.2
-10486.3
-7381.7
-9253.91
-8456.01
-8280.38
-12537.5
-8969.67
-2753.68
-4777.98
-1232.73
-1667.49
-3954
-6119.22
-1439.13
-2026.8
-2696.06
-5140.61
-1167.27
-1770.8
-9945.62
-7852.21
-12800.5
-6827.62
-15772.6
-10885.2
-20818.5
-12359.1
-3809.88
-4273.75
-6588.38
-3185.42
-3087.11
-2936.88
-3948.74
-2571.74
-13875.5
-4704.12
-19423.9
-6478.64
-13999.4
-4891.34
-19716.7
-6884.34
-13508.4
-4639.79
-20207.4
-7393.81
-5447.56
-1769.14
-8012.65
-2853.61
-10659.4
-3908.04
-14203.8
-5082.28
-21078.4
-7929.35
-5952
-2083.22
-8549.68
-3564.25
-11793.2
-4824.86
-16169.5
-6378.54
-21982.5
-8030.4
-10049
-8824.99
-8244.68
-7656.4
-17714.5
-13030
-15010.8
-11984.6
-5974.91
-3936.44
-2578.34
-1513.91
-5827.02
-4353.98
-2624.71
-2097.06
-4897.47
-6493.79
-5450.53
-6708.7
-4852.1
-3803.18
-6239.23
-2488.39
-11931.7
-4397.52
744.75
-1504.47
-2928.93
-2071.14
-1346.44
-1235.8
-2135.17
-860.552
-877.009
-328.312
-2375.26
-945.477
-1327.75
-459.521
-2886.87
-1130.66
-2345.08
-852.023
-2023.94
-663.918
-885.362
-232.412
-6993.29
-6236.58
-5905.62
-4523.41
-10480.6
-9272.09
-9115.83
-6740.42
-3605.65
-2862.28
-4567.6
-3949.08
-4105.57
-3012.29
-2414.41
-1913.2
-6301.55
-4510.14
-3678.82
-2845.04
-2468.87
-1906.35
-1399.27
-1242.42
-1954.92
-744.624
-1724.64
-672.611
-2431.79
-922.128
-2345.44
-924.039
-1286.62
-526.644
-1132.98
-406.134
-616.51
-214.343
-705.195
-188.505
-2590.64
-2504.64
-1144.86
-1160.39
-2723.77
-2695.99
-1163.31
-1160.74
-3112.79
-2867.83
-1231.03
-1145.42
-4965.26
-7968.7
-3523.74
-2113.68
-846.741
-10701.4
-6985.72
-4991.32
-3191.21
-1294.38
-8237.81
-5755.96
-3724.05
-2295.47
-852.847
-2134.69
-1534.79
-1093.92
-1080.21
-2295.6
-1645.26
-1111.51
-1095.33
-2573.3
-1952.91
-1122.01
-1118.61
-9106.23
-6514.2
-6717.1
-4665.85
-4480.31
-3143.08
-2817.66
-2028.43
-1091.23
-1050.29
-6868.21
-5818.72
-4679.12
-3914.83
-3010.61
-2479.14
-1846.89
-1527.65
-686.625
-808.353
-3804.42
-2431.29
-2759.05
-1432.96
-6468.81
-4652.12
-4888.36
-3337.66
-1655.04
-818.796
-2261.89
-1452.92
-2757.3
-1123.94
-895.982
-362.992
-3779.7
-2291.41
-1249.7
-762.324
-1789.66
-659.442
-580.393
-207.938
-860.794
-559.949
-353.134
-391.954
-1215.26
-858.691
-446.626
-498.834
-976.1
-424.091
-272.745
-271.693
-223.037
-70.6179
145.533
25.0342
-919.068
-297.672
-646.216
-101.895
-1026.62
-354.826
-672.705
-114.524
-1178.74
-391.531
-665.874
-105.314
-3750
-1164.76
-2698.62
-852.455
-1963.65
-659.784
-1194.76
-369.922
-626.12
-118.818
-3869.87
-1148.08
-2522.8
-679.374
-1605.8
-425.83
-968.133
-234.042
-593.105
-112.383
-251.438
-60.2457
-10.9381
-1.1364
-101.999
-24.6218
-4.88587
-0.736932
-266.506
-63.3175
-12.1083
-1.73959
-118.87
-27.7114
-7.91954
-2.13355
-292.764
-67.9564
-15.5995
-3.42345
-196.552
-42.555
-5.24593
-0.0843155
-97.4905
-18.6758
4.31327
2.81344
-28.2189
-2.24703
2.86611
1.15486
-222.769
-51.1745
-6.70422
0.988693
-160.939
-34.717
-7.83761
-0.471285
-284.874
-65.4448
-13.6438
-1.95473
-219.367
-47.3262
-11.1801
-0.596084
-147.681
-32.8952
-4.04454
0.43763
-102.678
-21.9305
-5.13409
-0.601824
-55.2775
-10.2716
-0.60223
0.133622
-36.0374
-6.70535
-1.45042
-0.233048
-322.239
-75.6049
-14.1347
-1.30695
-318.255
-71.258
-18.5409
-2.34913
-318.841
-74.0498
-13.7121
-1.12235
-310.305
-68.8466
-18.2201
-2.18657
-310.91
-70.9031
-15.9786
-2.32328
-293.715
-64.3306
-18.8631
-2.67266
-237.377
-53.7526
-14.7235
-3.68106
-313.637
-67.6068
-22.5635
-3.69197
-208.44
-44.5682
-12.4243
-1.45577
-239.01
-48.432
-14.6187
-2.55577
-92.4662
-17.3037
-4.17414
-1.0473
-237.785
-47.9051
-14.4083
-2.44679
-93.0761
-17.3131
-4.28698
-1.10015
-228.168
-45.5509
-14.5132
-2.46684
-88.7006
-16.2787
-4.08353
-1.07292
-204.722
-41.1299
-14.7447
-2.51625
-81.5813
-15.0172
-4.35326
-1.10456
-178.069
-35.9619
-13.0648
-2.29706
-63.5052
-11.8026
-4.2245
-1.03493
-115.418
-22.6959
-5.4974
-0.765039
-42.8337
-7.72347
-1.95525
-0.423048
-147.56
-29.2985
-8.70433
-1.4333
-48.7817
-8.86325
-2.9352
-0.713926
-74.8315
-14.2523
-2.99777
-0.386218
-29.7033
-5.15923
-0.87372
-0.169538
-26.554
-4.21501
-0.845798
-0.0617299
-10.4931
-1.18291
-0.0354775
0.0457284
-0.202676
-0.0308857
-0.00441809
-0.000607692
-8.95797e-05
-0.0946563
-0.0138134
-0.00194098
-0.000263279
-3.78134e-05
-0.225462
-0.0302939
-0.00400645
-0.000507995
-6.30537e-05
-0.122466
-0.0136521
-0.00163853
-0.000177746
-1.13044e-05
-0.206155
-0.023658
-0.00279194
-0.000276473
-6.74175e-06
-0.0527785
-0.00720379
-0.000350501
0.000174823
0.000103725
0.0617973
0.0100638
0.00312525
0.000928684
0.000296125
0.16073
0.038156
0.00947534
0.00231445
0.000644226
-0.0574604
-0.00768447
-0.000251805
0.000211514
0.000112197
-0.0112966
0.000837432
0.000885284
0.000344329
0.000125627
-0.151157
-0.0170978
-0.00180936
-0.000113623
2.74671e-05
0.0131915
0.000399641
0.000232671
0.000138982
6.4413e-05
-0.0122013
0.00275733
0.00210508
0.000744754
0.000251071
0.0149747
0.00938529
0.00298909
0.000820812
0.000247648
0.0980543
0.0293276
0.00770407
0.00190885
0.0005334
0.0652092
0.0227149
0.00622123
0.00156021
0.000437903
-0.194709
-0.0291633
-0.00418676
-0.000582531
-8.80741e-05
-0.0857139
-0.012004
-0.00170104
-0.000237393
-3.63272e-05
-0.201731
-0.0295667
-0.00410104
-0.000551053
-7.84806e-05
-0.0883454
-0.0123612
-0.00172063
-0.00023529
-3.47971e-05
-0.193867
-0.0238465
-0.00302642
-0.000368326
-4.08252e-05
-0.092132
-0.011298
-0.00148507
-0.00019299
-2.46357e-05
-0.133505
-0.0153958
-0.00192581
-0.000208872
-8.87119e-06
-0.0906353
-0.0103857
-0.00136655
-0.000170426
-1.66627e-05
0.00544669
-0.00178709
-0.000336474
-1.64663e-06
2.58846e-05
-3566.15
-8039.88
-3731.14
-8057.33
-4140.38
-8053.78
-4463.74
-8070.58
-4092.35
-7843.71
-1220.68
-2593.13
-2332.02
-4559.33
-579.909
-1248.08
-239.51
-466.528
-28936.6
-9925.51
-4720.7
-3074.19
-2432.16
-8141.13
-3213.98
-1646.88
-1051.98
-800.526
-28437.1
-9736.34
-4645.96
-3026.33
-2399.51
-8273.13
-3437.77
-1679.21
-1076.67
-836.481
-26913.6
-9240.35
-4422.31
-2884.44
-2287.27
-7976.79
-3304.94
-1615.5
-1036.63
-806.406
-24520.6
-8451.77
-4064.11
-2655.26
-2105.11
-7595.61
-3113.59
-1514.13
-967.258
-748.388
-20704.9
-7179.05
-3475.49
-2276.93
-1806.07
-7012.77
-2844.8
-1381.6
-881.914
-681.194
-10345.6
-3770.74
-1855.49
-1218.64
-965.132
-3413.36
-1404.7
-684.428
-437.846
-339.124
-15023.3
-5378.66
-2626.72
-1722.09
-1364.91
-5011.32
-2054.67
-1008.02
-648.279
-503.462
-6179.99
-2278.02
-1126.85
-741.722
-587.428
-1940.24
-817.094
-396.976
-254.171
-198.071
-2143.28
-786.32
-389.708
-257.012
-203.761
-747.555
-281.556
-129.996
-85.1575
-63.1605
-1915.05
-3673.51
-10840.9
-1742.45
-10750
-4861.73
-10313.9
-5064.25
-19925.8
-10737.1
-22294.9
-11779.3
-0.381518
-1.25434
-2.32432
-3.0125
-0.284998
17.3496
-1.03162
-3.54553
-7.19771
-11.4233
-11.795
4.86574
-0.190019
-0.140143
-0.608559
-0.507357
-0.937336
-1.02532
-0.0467437
-1.08239
3.15623
-0.734215
13.5587
3.26396
84.8718
241.589
543.911
403.668
323.214
96.2738
64.1928
199.256
412.865
571.05
499.31
194.01
-0.317645
-0.241813
-0.162865
-0.0915193
-0.0292393
-1.04237
-0.791738
-0.532039
-0.298429
-0.09525
-1.92427
-1.45494
-0.973094
-0.543711
-0.173156
-2.48438
-1.87015
-1.24532
-0.693384
-0.220387
-0.262439
-0.223594
-0.166981
-0.101153
-0.0335809
13.8941
10.0992
6.49192
3.51473
1.10051
-0.854461
-0.646276
-0.432277
-0.241495
-0.0768932
-2.9288
-2.20814
-1.47222
-0.820364
-0.260845
-5.91505
-4.43187
-2.936
-1.62757
-0.516024
-9.3256
-6.93264
-4.55669
-2.51022
-0.793177
-9.55738
-7.04491
-4.59279
-2.51433
-0.791938
3.86676
2.78316
1.77075
0.950725
0.296349
-0.158887
-0.12164
-0.0824349
-0.0465684
-0.014922
-0.117593
-0.090432
-0.0615873
-0.0349386
-0.0112228
-0.507954
-0.388046
-0.262398
-0.147966
-0.0473649
-0.424654
-0.325532
-0.220938
-0.124974
-0.0400762
-0.780802
-0.595077
-0.401404
-0.225885
-0.0722151
-0.854798
-0.651969
-0.440055
-0.247739
-0.0792241
-0.0526874
-0.053213
-0.0450207
-0.0295034
-0.0101441
-0.902434
-0.688153
-0.464201
-0.261126
-0.0834542
2.5385
1.85252
1.1942
0.647407
0.202774
-0.623501
-0.484575
-0.332231
-0.188938
-0.060691
10.8693
7.91227
5.09448
2.76197
0.86547
2.5923
1.86674
1.18927
0.639539
0.199575
67.1606
48.238
30.6999
16.5134
5.1591
187.416
132.07
82.7592
44.091
13.7467
408.803
280.477
172.393
90.9596
28.4461
294.564
197.633
120.478
63.6662
19.9303
255.688
175.177
106.61
55.651
16.0477
86.1193
61.0257
37.6737
19.6858
5.2686
50.7473
36.3951
23.1262
12.4239
3.87859
155.332
109.876
69.0302
36.8203
11.4709
316.324
220.221
136.687
72.414
22.545
430.243
295.206
181.445
95.6868
29.8076
377.502
258.568
158.381
83.2571
25.7406
147.834
101.541
62.3069
32.7978
10.1015
0.378906
1.25312
2.33216
3.05944
0.472854
-16.6608
1.02214
3.53096
7.17456
11.395
11.8035
-4.64142
0.189678
0.140587
0.61121
0.511723
0.953927
1.04683
0.119874
1.1487
-2.86569
0.58729
-12.3056
-2.794
-82.9052
-237.537
-536.078
-404.253
-339.363
-121.926
-63.3487
-197.349
-409.995
-570.88
-506.51
-206.988
0.315984
0.241094
0.162829
0.0917381
0.0293573
1.04237
0.792797
0.533602
0.299757
0.0957639
1.93311
1.46402
0.981074
0.549162
0.17509
2.52848
1.9087
1.27512
0.712093
0.226752
0.428366
0.358961
0.264913
0.159572
0.0529239
-13.3114
-9.64788
-6.18255
-3.33822
-1.04346
0.847886
0.642661
0.430974
0.241364
0.0769719
2.91923
2.20352
1.47124
0.82094
0.261252
5.90126
4.42698
2.93713
1.6305
0.517411
9.31224
6.93271
4.56467
2.51876
0.796701
9.57866
7.07505
4.62365
2.537
0.800219
-3.67179
-2.62721
-1.66023
-0.885913
-0.275087
0.158857
0.121886
0.0828206
0.0469033
0.0150528
0.11813
0.0910179
0.0621274
0.0353201
0.0113604
0.510716
0.390727
0.264668
0.149487
0.0478995
0.428753
0.329137
0.223756
0.126763
0.0406886
0.795872
0.607828
0.410999
0.231799
0.0742081
0.873971
0.667863
0.451787
0.254866
0.0816072
0.11546
0.102873
0.0799129
0.0498522
0.0167927
0.959903
0.734179
0.496978
0.280463
0.0898159
-2.29253
-1.66144
-1.06261
-0.571984
-0.178365
0.510772
0.407872
0.287243
0.166913
0.0542846
-9.82186
-7.11201
-4.55334
-2.45663
-0.767483
-2.19357
-1.55663
-0.975595
-0.51707
-0.159911
-65.5552
-47.046
-29.919
-16.0855
-5.02439
-184.18
-129.724
-81.2606
-43.2881
-13.4977
-402.428
-275.71
-169.238
-89.2179
-27.8968
-292.938
-194.781
-117.539
-61.5669
-19.1625
-265.465
-179.94
-108.122
-55.714
-15.9149
-103.537
-71.2768
-42.644
-21.5761
-5.70737
-50.0667
-35.8987
-22.808
-12.2531
-3.82541
-153.821
-108.795
-68.3509
-36.463
-11.3614
-313.962
-218.437
-135.499
-71.7539
-22.3352
-429.623
-294.321
-180.573
-95.0708
-29.584
-382.259
-261.167
-159.449
-83.5361
-25.7671
-156.968
-107.105
-65.109
-33.9236
-10.3812
-1323.84
-610.895
-112.597
-11.0071
-3.28452
-0.969889
-40.7517
-8771.35
-2577.06
-2480.94
-1277.83
-205.733
-1354.3
-85.2027
173.202
5.06679
-4732.42
-1986.3
-658.709
-419.16
-1151.71
-579.48
-195.924
-286.602
41.4005
-35.6643
-265.647
-213.492
-5330.91
-1749.7
-2858.33
-1062.95
-1068.78
-2370.61
-367.918
-30.633
-371.599
-696.009
-396.706
-235.439
-136.115
-63.1487
-378.271
-230.174
-130.928
-67.3127
-22.748
-87.7413
-62.0551
-38.9825
-20.7946
-6.48336
-8.90745
-6.52718
-4.21492
-2.28464
-0.713166
-2.33843
-1.46403
-0.796151
-0.371275
-0.105758
-0.476665
-0.104124
0.0808744
0.103584
0.0418046
-31.9528
-22.7559
-14.3842
-7.70771
-2.40796
-5023.23
-3167.98
-1884.68
-1068.17
-563.586
-1593.57
-934.983
-567.174
-309.5
-119.661
-1562.8
-972.935
-580.286
-308.759
-113.746
-781.979
-450.272
-269.823
-144.52
-48.5372
-154.105
-105.601
-65.047
-34.5404
-10.9829
-953.135
-627.753
-373.527
-194.458
-63.4401
-61.1894
-40.6044
-24.5029
-12.8787
-4.09396
128.861
87.1002
52.4878
27.0615
8.23539
6.67249
6.30796
4.65598
2.67106
0.826107
-2652.39
-1691.9
-1014.94
-578.942
-303.686
-1252.04
-776.124
-464.402
-246.562
-88.5221
-486.318
-330.106
-202.006
-106.931
-34.2743
-310.595
-211.2
-129.208
-68.1832
-21.6237
-825.47
-549.016
-331.073
-173.6
-55.9805
-434.412
-296.923
-181.819
-95.7213
-29.906
-146.141
-99.6759
-61.0048
-32.1256
-10.0823
-219.762
-153.209
-95.2103
-50.4957
-15.761
33.5604
24.5414
15.7669
8.47938
2.61943
-26.853
-18.316
-11.15
-5.82951
-1.80925
-200.515
-138.068
-85.1125
-45.0097
-14.1327
-163.052
-113.364
-70.3517
-37.3137
-11.6762
-2805.93
-1551.2
-931.708
-524.796
-260.772
-1093.51
-669.517
-387.015
-201.817
-69.5751
-1673.34
-1039.9
-602.015
-316.712
-112.519
-687.471
-433.606
-251.751
-131.326
-44.3884
-768.572
-510.464
-307.268
-160.877
-51.1085
-1528.83
-934.112
-553.549
-290.181
-96.6562
-279.388
-193.154
-119.288
-63.0553
-19.7013
-23.0837
-15.7385
-9.56066
-4.98269
-1.54047
-278.229
-190.167
-116.522
-61.398
-19.2615
-8.97004
-28.2816
-55.8343
-97.809
-159.737
-247.494
-37589.7
-33292.8
-29715.3
-33933.6
-27487.9
-21435.8
-23066.1
-16966.9
-35254.4
-32834.7
-32477.8
-32168.6
-28545.8
-24119.4
-30882.2
-31601.3
-28281.1
-24231.2
-27415.1
-23606.6
-19476.9
-19509.5
-15047.5
-32247
-30801.1
-29680.6
-28855.2
-25583
-23156.8
-26092.5
-25267.9
-23086.4
-19181
-21171.7
-19779.5
-16619.5
-16121.3
-13091
-27320.2
-27313.9
-25289.6
-25340
-21790.7
-19571.5
-22524
-17860.2
-16664.1
-13338.1
-14362.9
-14658.5
-12749.1
-11679.9
-9930.05
-20324
-21592.5
-18990.3
-20219.4
-16718.1
-14824.5
-17730.8
-11357.8
-10730.3
-8371.17
-8896.65
-9614.83
-8427.45
-7494.35
-6480.43
-13326.7
-14094.2
-12540.6
-13199.6
-11218.2
-9925.49
-11697.7
-4050.56
-3852.7
-2970.72
-3136.3
-3494.73
-3127.03
-2693.54
-2365.71
-4838.42
-5214.32
-4541.79
-4739.14
-4123.19
-3679.41
-4291.72
-11917.7
-11441.5
-19095.5
-20843
-10569.8
-8983.66
-16305.9
-12608
-7555.39
-4591.01
-7505.98
-4792.87
-7297.76
-7019.96
-5150.59
-11568.7
-10767.1
-16919.3
-18671.6
-9677.03
-8351.51
-14300.8
-11540
-7455.94
-3776.43
-7283.73
-4049.77
-6488.97
-6286.84
-4532.84
-10063.5
-9362.97
-13984.3
-15253.6
-8425.34
-7351.14
-12044.5
-9916.71
-5935.77
-3308.77
-5813.4
-3604.26
-5159.35
-5116.89
-3931.34
-7468.59
-6981.82
-9971.54
-10714.1
-6310.86
-5515.66
-8803.7
-7439.07
-4759.54
-2515.22
-4610.62
-2726.6
-4100.09
-4003.68
-2962.62
-4749.23
-4462.95
-6261.92
-6663.49
-4001.44
-3448.62
-5618.85
-4786.71
-3009.16
-1598.89
-2919.78
-1747.55
-2609.19
-2514.39
-1881.52
-1682.33
-1585.35
-2214.52
-2344.6
-1423.2
-1226.74
-2005.15
-1726.39
-1015.16
-563.3
-1012.28
-613.603
-926.418
-886.153
-658.577
12585.4
40128.3
10238.9
41637
7378.9
41709.1
10799.2
59871.4
13062.3
81127.4
13470.5
61798
13479.5
52837
14116.4
47205.1
8384.18
5387.41
22796.3
13620.1
7840.87
4042.91
23160.3
11124.1
10152.1
8118.72
31727.1
24456.6
7685.85
6315.9
31579.7
25073
18157.8
7844.01
15594.6
7120.95
7925.09
17845.4
55878.7
14710.7
20256.5
6220.63
67358.5
17727
17525.4
5324.66
42669.4
13018.6
21714.4
7293.72
39461.9
12342.3
15190.9
7524.5
19047.7
7765.88
16513.8
8870.03
18714.9
7558.61
19569.8
11551.1
15741.5
7322.7
22214.6
8456.6
7521.47
2780.26
21135.8
14268
12637.4
8619.71
18951.5
14515.1
10314.6
7747.71
13960.1
9569.59
20936.6
14255.8
7981.53
5398.63
3558.59
2793.08
6352.62
4774.59
2701.55
2505.43
8947.19
5844.3
4223.91
2696.14
13958.7
8300.57
11356
15006.6
19811.2
15207.4
16857
25451.7
8894.71
4648.07
6489.96
8525.15
4165.13
1933.73
2621.83
3046.42
21441.7
37027.6
14233.6
41909.8
24290.8
35287.5
17238.1
43088.3
26199.9
30587
21478.4
40950.1
21160.2
19727.3
20257.1
21144.6
24202
18200.4
22246.3
27058.2
31825.4
49413
15486.8
15607.5
16489.7
20838.3
34979.8
41274.6
33643.3
48034.9
41722.6
36974.9
31186
46764.9
40338.7
30757.3
27459.1
42941.7
38156.8
12573.4
8917.2
16284.5
13230.6
21236.3
18435.8
26397.6
24025.9
38576.6
36029.5
11538.2
9424.49
14584.1
14153.6
18323.1
19273.1
23611.1
25285.7
33391.6
35062.9
11812.9
7886.34
7339.92
7272.16
12072.1
11413
7645.9
9645.44
7999.05
7951.68
12803.7
9025.74
2149.49
4451.85
521.89
1258.49
3558.46
6058.08
855.222
1772.8
2036.64
4715.93
455.504
1334.48
9423.59
7477.02
12368.4
6542.82
15530.7
10746.2
20402.5
12256.7
3251.03
3886.87
6210.88
2915.6
2512.52
2559.96
3593.67
2317.52
24409.1
13388.6
4057.6
27753.9
14450.2
4429.08
23044.9
12963.2
4162.23
26776.3
14154.1
4321.8
20316
11377.8
3500.69
25376.2
13680.9
4196.27
5728.26
3176.29
947.794
9814.63
5819.09
1818.51
14242
8483.57
2667.3
18677.2
10731.9
3290.52
24602.6
13562.4
4231.76
6560.58
3663.96
1214.39
10342
6669.75
2335.17
14433.6
9286.11
3161.26
19172.5
11819.5
3887.87
24888.6
13880.3
4481.17
418.872
1945.59
3100.31
4080.23
3193.55
3025.55
7613.44
6556.33
508.224
583.811
540.958
604.658
338.384
863.215
658.104
1168.43
2417.98
1204.23
3194.39
1868.21
1403.66
2375.07
3517.92
-44.8205
8096.01
1236.81
-2925.87
-866.353
992.067
60.8651
-0.861256
-522.986
5240.04
1674.96
1350.66
602.717
5419.15
1721.81
1746.13
741.294
5584.02
1833.67
2453.78
1092.59
1525.63
650.191
-43.0963
43.5412
11364
8937.18
5156.57
4547.27
15145.4
12746.7
7397.6
6319.51
3494.04
3080.39
7873.01
5605.52
2725.42
2532.88
951.834
1288.18
4245.31
3654.42
1732.81
1898.09
1652.47
1706.83
397.827
898.087
2291.76
938.09
1949.09
785.678
3955.18
1348.27
3150.95
1183.47
1012.21
531.004
1082.19
422.376
106.677
120.545
545.564
159.221
5643.31
2680.77
1924.23
1378.08
5783.66
2943.14
1918.51
1390.37
6491.95
3552.15
1979.19
1449.06
12110
16212.4
8742.53
4365.84
1417.33
14025.1
10327.7
7469.55
4603.59
1673.01
13401.7
9595.4
5965.13
3350.37
1166.1
1359.8
689.554
885.478
567.717
1633.83
822.369
971.266
628.523
2185.39
1156.55
1132.75
751.178
9551.38
5804.69
6919.26
3873.19
4119.59
2485.37
2763.03
1647.61
1184.91
866.935
8053.14
5937.83
5592.75
3893.03
3612.65
2480.13
2193.22
1536.74
883.265
805.194
5150.91
2931.02
3159.63
1728.32
8378.5
5336.3
5350.44
3725.72
1941.14
1025.62
3046.97
1779.29
2709.23
1173.05
641.87
292.743
3601.69
2314.89
835.726
624.394
1801.95
707.842
447.513
177.536
1022.46
677.625
419.314
442.964
1593.63
1038.83
579.62
570.762
1005.24
459.082
292.249
290.134
172.998
62.9125
-155.444
-25.6302
320.363
110.498
27.4032
279.019
72.6106
17.0224
401.072
144.156
37.7002
317.5
86.6382
20.9704
553.416
207.977
52.8027
388.238
109.859
25.9245
3269.65
1646.62
463.822
1965.83
884.467
245.76
1260.45
527.527
144.84
796.719
303.531
75.8116
461.907
130.486
28.2792
3831.31
1817.06
542.438
2342.08
987.758
273.319
1448.63
581.511
154.341
875.444
326.806
81.7243
510.628
134.636
30.8335
401.103
86.8387
15.819
2.13331
164.135
36.4305
6.9657
1.10499
411.903
90.365
17.2401
2.78759
190.238
42.8973
10.696
2.59754
424.183
93.7575
20.769
4.46594
276.351
63.4902
10.3521
1.33536
128.934
32.6686
0.137117
-1.55831
31.0015
12.8667
1.33419
0.0743413
283.504
67.3104
10.9956
0.213772
200.608
46.3663
11.137
1.47631
378.278
85.8387
18.2717
3.07139
289.817
64.6157
15.5672
1.92136
172.059
43.2671
7.38197
0.546264
119.212
28.9143
7.54057
1.40364
58.3748
17.0963
3.45903
0.781012
40.7188
11.1908
3.36473
0.929377
470.073
102.975
19.8063
2.6636
389.373
88.5783
21.8669
3.53927
462.136
101.175
19.4959
2.53969
380.035
85.7048
21.5264
3.39298
445.155
96.9642
21.3043
3.54179
366.026
80.9363
21.9306
3.80542
356.647
79.0901
20.2086
4.93057
397.075
86.6826
26.3367
5.05399
288.337
63.6218
17.1571
2.97373
249.067
56.5009
16.2214
3.30733
87.677
19.4743
5.03543
1.31549
265.02
59.106
16.6025
3.30092
94.4829
20.6468
5.36473
1.41498
285.629
61.9346
17.4307
3.4039
103.062
21.8971
5.64245
1.50984
269.735
57.6385
17.542
3.38976
106.46
22.0771
6.1174
1.6104
246.078
52.8912
16.2559
3.17665
96.2076
20.5062
6.25584
1.61718
141.045
30.3909
7.69911
1.52417
67.9095
15.4242
4.02317
1.05429
188.413
39.9597
11.2732
2.25712
82.5076
18.173
5.23549
1.38573
87.8911
19.3962
4.7524
1.03311
42.6907
10.0945
2.41682
0.680119
31.8843
7.70562
2.24187
0.607983
15.9875
4.28535
1.17733
0.363931
0.36586
0.0603484
0.00999785
0.00171654
0.000354274
0.164255
0.0275717
0.00468735
0.000826184
0.000174817
0.427781
0.0721274
0.012851
0.00240663
0.000540645
0.247542
0.0431501
0.00834745
0.00167862
0.000398376
0.450914
0.0789225
0.015236
0.00306009
0.000726565
0.370024
0.087122
0.0195193
0.00426575
0.00106892
0.246531
0.0722515
0.0174387
0.00396681
0.00102253
0.187076
0.0584433
0.0153014
0.00369059
0.000994673
0.320319
0.0725796
0.0157978
0.00340382
0.000847661
0.243559
0.0566092
0.0129153
0.00287793
0.000733478
0.405599
0.0756166
0.0152605
0.00316561
0.000769484
0.256583
0.0623887
0.0143685
0.00319885
0.000811295
0.267472
0.0648501
0.01476
0.00327797
0.000835992
0.205227
0.0497223
0.0118775
0.00274655
0.000721052
0.16944
0.0459866
0.011784
0.00284571
0.000771361
0.144478
0.0371613
0.0094213
0.00228222
0.000622217
0.369051
0.0564859
0.00900108
0.00150226
0.000302358
0.165644
0.0234135
0.00363192
0.000599618
0.000119883
0.398588
0.0644559
0.0109365
0.00195897
0.000423752
0.176304
0.0265835
0.00439936
0.000776637
0.00016605
0.396821
0.0642237
0.0115924
0.00222472
0.000511676
0.21283
0.0353607
0.00661385
0.00130546
0.000306267
0.407126
0.0745174
0.0151102
0.00314669
0.000766009
0.268832
0.0482606
0.00974495
0.00202549
0.000492144
0.297373
0.0704803
0.0160312
0.003543
0.000893287
3403.7
8778.34
3553.59
8669.56
3853.1
8406.96
4203.6
8239.51
3918.04
7959.43
988.288
2412.46
2118.13
4448.05
361.195
1074.84
35.3058
307.277
28328.1
9786.44
4691.88
3067.47
2429.53
8076.88
3196.78
1647.1
1056.22
804.807
27833.4
9606.27
4618.74
3019.41
2396.27
8119.57
3386.21
1665.92
1072.2
833.872
26428.7
9137.71
4402.31
2880.41
2285.96
7835.79
3261.68
1605.76
1034.25
805.421
24162.7
8375.28
4049.17
2652.28
2104.15
7470.01
3077.1
1506.26
965.536
747.789
20470.7
7129.24
3465.85
2275.07
1805.52
6914.56
2816.53
1375.6
880.657
680.786
10261.3
3754.82
1852.58
1218.09
964.973
3349.34
1390.36
681.66
437.325
338.967
14881.9
5350.11
2621.37
1721.09
1364.62
4939.02
2035.73
1004.14
647.52
503.224
6129.99
2269.11
1125.24
741.388
587.313
1885.91
805.922
394.936
253.805
197.982
2109.8
780.764
388.765
256.848
203.716
699.826
272.083
128.279
84.799
63.0341
-1407.08
-329.638
6496.17
-1277.66
864.931
923.889
2591.65
3402.36
2296.68
4390.13
4170.24
6419.75
5538.95
6822.54
2775.25
3669.48
2637.57
3138.69
1304.83
1354.3
1214.28
559.57
118.162
14.103
9.39755
8.94916
49.6743
9441.18
3113.13
2789.22
2183.72
522.32
310.975
1451
205.9
186.052
170.036
46.2596
5008.92
2158.18
788.033
469.763
1199.6
624.264
206.473
306.29
15.142
65.1711
316.345
247.682
5377.65
1744.56
2924.72
1077.87
1099.23
2491.73
386.573
49.1809
407.28
632.325
364.901
222.265
132.584
62.5867
345.077
211.506
122.431
64.4224
22.1757
92.2956
65.4555
41.2269
22.0334
6.87457
11.575
8.63841
5.69172
3.13955
0.99085
7.40255
5.29478
3.36
1.805
0.562799
7.04497
5.04174
3.20623
1.72785
0.540848
39.4849
28.5723
18.3489
9.95239
3.12715
5316.45
3308.8
1944.52
1082.37
548.384
1959.22
1180.19
712.984
381.93
142.158
1760.03
1099
652.944
344.274
123.499
1309.23
743.787
427.6
221.95
73.0766
320.325
178.096
102.931
53.35
17.2413
238.959
167.004
104.126
55.4758
17.489
1007.71
651.244
381.209
196.044
63.4423
167.724
119.644
74.1658
39.4782
12.5942
141.06
97.7146
60.638
32.2522
10.1504
135.586
97.1577
61.7035
33.3148
10.5699
32.5426
21.0149
12.3226
6.31858
1.96002
2875.64
1846.29
1108.3
624.366
314.545
1385.38
873.273
526.587
279.357
98.3352
588.375
403.137
248.13
131.397
41.7801
350.279
239.526
147.096
77.6885
24.5455
854.91
564.537
337.74
175.83
56.3731
473.59
327.846
203.038
107.684
33.7227
155.068
106.625
65.7824
34.8458
10.9549
235.532
164.671
102.554
54.4404
16.9849
11.8815
8.65935
5.71518
3.22165
1.05807
50.7112
35.8691
22.5792
12.0826
3.7788
240.128
165.978
102.458
54.1257
16.9321
190.344
133.129
82.9932
44.1124
13.7907
2847.86
1584.63
956.797
539.324
265.06
1092.85
671.931
390.524
204.626
70.6555
1751.26
1107.88
651.566
345.556
123.083
704.538
449.973
264.634
139.287
47.0852
793.831
529.6
319.961
167.842
53.2876
1624.31
1004.8
599.505
314.829
104.101
294.258
203.942
126.201
66.77
20.8528
38.2576
27.0532
17.0246
9.10728
2.84587
307.515
212.066
130.948
69.3193
21.7494
-51524.3
-80624.6
-42823.4
-65641.6
-42993.1
-85439
-51602.7
-107999
-32932.4
-22746.3
-36036.1
-22996.6
-28792.7
-18310.7
-34631.7
-18802.7
-45526
-36688.3
-63686.3
-48798.3
-39051.7
-33353.4
-53327.5
-42542.8
-30727.4
-32285
-25300.1
-25151.7
-31717.8
-28851.8
-66682.1
-18348.3
-26546.7
-10103.8
-76766.8
-21528.4
-22825.9
-8983.13
-52699.9
-16577.2
-27863.6
-10909.2
-49261.4
-15147.9
-26318.9
-10987.2
-32019.7
-11944.4
-25131.3
-11616.7
-28054.9
-10545.4
-25659.9
-13526
-22176.1
-9342.48
-27786.5
-10281.5
-9710.7
-3562.83
-18685.3
-13081.6
-16270.5
-10094
-14764.7
-11560.3
-13086.7
-8772.17
-17939.3
-11115
-21340.9
-14695.1
-11280.7
-6900.11
-6262.83
-4185.04
-9112.46
-6029.71
-5090.2
-3746.05
-12295.3
-7272.91
-6863.73
-3978.94
-17070.1
-9444.04
-12590.7
-15615.7
-22095.2
-16303.5
-17947.4
-26206.6
-11445.6
-5552.42
-7557.57
-8989.77
-6147.15
-2655.61
-3554.96
-3429.82
-27548.6
-35431.5
-16402.6
-42661.5
-28444.4
-33393.5
-19018.2
-43505.3
-28246.7
-29387.5
-22744.4
-41134.1
-15533.1
-11581.2
-19121.7
-23279.7
-25586.7
-15020
-19794.6
-26010.9
-31791.7
-49865
-10744.3
-13124.2
-16166.9
-21542.9
-35675.1
-34190.5
-23174.2
-45384.7
-33697.3
-31225.3
-22326.1
-44518.6
-33492.6
-26771.6
-20614.6
-41319
-32972.5
-11885.3
-8958.58
-15172.5
-11948.3
-19094.5
-15546.1
-23656.7
-19988.7
-37494.7
-32736.2
-10131.5
-8755.17
-13068.3
-12450.9
-16929.4
-16909.8
-22620.4
-22733.4
-33190.6
-32701.1
-10707
-7465.58
-7499.26
-7344.7
-10159.3
-10484.8
-7381.04
-9253.15
-8455.98
-8280.68
-12536.3
-8969.33
-2754.09
-4778.27
-1233.25
-1667.8
-3954.13
-6119.02
-1439.48
-2026.91
-2696.52
-5141.08
-1167.77
-1771.14
-9945.91
-7852.62
-12801.1
-6828
-15772.1
-10885.3
-20819
-12359.4
-3810.34
-4274.18
-6588.84
-3185.74
-3087.59
-2937.24
-3949.09
-2571.97
-13898.6
-4710.15
-19428.8
-6482.2
-13994
-4889.64
-19713.1
-6882.19
-13505.9
-4638.88
-20205.9
-7392.96
-5446.43
-1768.81
-8011.27
-2853.18
-10657.9
-3907.51
-14202.1
-5081.64
-21077.6
-7928.91
-5950.68
-2082.76
-8548.15
-3563.68
-11791.7
-4824.3
-16168.4
-6378.08
-21982
-8030.08
-10045.9
-8822.45
-8240.71
-7655.08
-17705.8
-13025.8
-15012.5
-11984.9
-5969.96
-3932.69
-2567.11
-1505.79
-5827.8
-4352.53
-2622.76
-2093.43
-4893.95
-6492.66
-5448.86
-6707.22
-4851.44
-3799.61
-6238.86
-2487.02
-11934.4
-4399.12
747.288
-1499.87
-2927.3
-2068.04
-1342.65
-1230.76
-2132.98
-860.797
-873.944
-327.866
-2375.03
-945.876
-1325.93
-459.416
-2886.57
-1130.62
-2342.57
-850.954
-2020.52
-662.32
-881.257
-230.544
-6991.54
-6235.16
-5904.67
-4522.72
-10477.9
-9270.19
-9115.44
-6739.97
-3604.54
-2861.54
-4566.49
-3948.07
-4105.11
-3011.97
-2413.48
-1912.79
-6302.66
-4510.41
-3679.29
-2845.17
-2467.64
-1905.75
-1397.56
-1241.75
-1953.87
-744.046
-1724
-672.247
-2431.26
-921.865
-2344.76
-923.718
-1285.11
-525.792
-1132.37
-405.758
-614.627
-213.379
-704.532
-188.126
-2592.87
-2509.1
-1145.7
-1160.07
-2725.31
-2697.79
-1163.58
-1161.24
-3112.96
-2867.82
-1231.1
-1145.53
-4963.58
-7965.88
-3522.65
-2113.19
-846.536
-10697.6
-6983.46
-4990
-3190.66
-1294.28
-8235.55
-5754.37
-3723.02
-2294.85
-852.596
-2139.47
-1536.83
-1092.48
-1079.99
-2295.84
-1646.85
-1111.24
-1095.35
-2573.21
-1952.89
-1122.09
-1118.71
-9103.31
-6512.44
-6715.22
-4664.67
-4479.37
-3142.42
-2817.32
-2028.17
-1091.18
-1050.24
-6866.34
-5817.21
-4677.92
-3913.84
-3009.93
-2478.57
-1846.56
-1527.36
-686.51
-808.231
-3803.52
-2430.69
-2758.56
-1432.68
-6467.34
-4651.11
-4887.72
-3337.19
-1654.67
-818.613
-2261.37
-1452.57
-2756.96
-1123.77
-895.879
-362.949
-3779.54
-2291.24
-1249.81
-762.355
-1789.27
-659.296
-580.173
-207.862
-860.546
-559.801
-352.986
-391.831
-1214.99
-858.49
-446.517
-498.715
-975.783
-423.959
-272.567
-271.579
-222.833
-70.5464
145.645
25.0935
-921.304
-298.887
-647.346
-102.32
-1026.57
-354.799
-672.46
-114.353
-1178.69
-391.486
-665.898
-105.292
-3749.16
-1164.51
-2698.05
-852.289
-1963.31
-659.677
-1194.62
-369.872
-626.083
-118.805
-3868.91
-1147.76
-2522.17
-679.174
-1605.43
-425.715
-967.942
-233.983
-593.016
-112.365
-250.728
-60.081
-10.917
-1.13385
-101.173
-24.4244
-4.86222
-0.733273
-266.618
-63.3335
-12.109
-1.73909
-118.866
-27.7089
-7.9137
-2.13118
-292.732
-67.9408
-15.5935
-3.42128
-196.261
-42.4864
-5.22929
-0.0801273
-97.0672
-18.5762
4.33469
2.81783
-27.7305
-2.13294
2.89058
1.15992
-222.573
-51.121
-6.69039
0.991896
-160.807
-34.6777
-7.82602
-0.468378
-284.774
-65.4144
-13.6348
-1.9521
-219.26
-47.2936
-11.1698
-0.593158
-147.405
-32.8224
-4.02715
0.441338
-102.535
-21.8879
-5.12141
-0.59849
-54.9806
-10.1954
-0.583722
0.137876
-35.8981
-6.66414
-1.4381
-0.229621
-322.325
-75.6445
-14.1245
-1.29471
-318.734
-71.3956
-18.5693
-2.34046
-318.864
-74.043
-13.7103
-1.12195
-310.312
-68.8339
-18.2195
-2.18543
-310.894
-70.8901
-15.9742
-2.32195
-293.712
-64.32
-18.86
-2.67123
-237.299
-53.7281
-14.7156
-3.67835
-313.603
-67.5918
-22.5578
-3.68972
-208.355
-44.5421
-12.4151
-1.45245
-239.767
-48.6504
-14.6917
-2.5635
-92.9056
-17.4129
-4.2014
-1.05463
-237.502
-47.8346
-14.3919
-2.44293
-92.9642
-17.2859
-4.27852
-1.0987
-228.122
-45.5311
-14.509
-2.46529
-88.6752
-16.2685
-4.08023
-1.07194
-204.68
-41.1139
-14.7402
-2.51475
-81.5589
-15.0092
-4.35062
-1.10361
-178.011
-35.9429
-13.0589
-2.2953
-63.4769
-11.7932
-4.22135
-1.03384
-115.347
-22.6738
-5.49053
-0.762883
-42.7893
-7.70761
-1.95035
-0.421472
-147.504
-29.281
-8.6986
-1.43145
-48.7446
-8.85052
-2.93114
-0.712577
-74.7515
-14.2266
-2.98993
-0.383778
-29.6547
-5.14129
-0.868258
-0.167808
-26.4755
-4.18904
-0.837827
-0.059214
-10.442
-1.16381
-0.0297204
0.0475106
-0.20112
-0.0306937
-0.0043985
-0.000605713
-8.94045e-05
-0.0933721
-0.0136555
-0.00192312
-0.000261184
-3.75684e-05
-0.22512
-0.0301744
-0.00397768
-0.000501689
-6.14643e-05
-0.122156
-0.0135643
-0.00161753
-0.000173025
-1.00857e-05
-0.205545
-0.0234938
-0.00275287
-0.000267762
-4.53918e-06
-0.051688
-0.0069451
-0.000291084
0.000188111
0.000107118
0.0629545
0.0103418
0.00318921
0.000942949
0.000299736
0.16198
0.0384604
0.00954556
0.00233002
0.000648126
-0.0566054
-0.00746997
-0.000201483
0.000222785
0.00011505
-0.0105362
0.00103463
0.000932428
0.000354978
0.000128327
-0.150432
-0.0169146
-0.00176633
-0.000104008
2.99047e-05
0.0140046
0.000605236
0.000280939
0.00014978
6.7146e-05
-0.011268
0.00299163
0.00216022
0.000757132
0.000254199
0.0158124
0.00960035
0.0030404
0.000832413
0.00025059
0.0990752
0.0295805
0.00776312
0.00192201
0.000536702
0.0660537
0.0229292
0.00627196
0.0015716
0.000440774
-0.194153
-0.0291266
-0.00418656
-0.000582909
-8.81703e-05
-0.0854952
-0.0120086
-0.00170357
-0.000237797
-3.63758e-05
-0.201276
-0.0294545
-0.00407756
-0.000546306
-7.73504e-05
-0.0880583
-0.0123074
-0.00171085
-0.000233458
-3.43823e-05
-0.193441
-0.0237329
-0.00300021
-0.000362671
-3.9441e-05
-0.0918509
-0.0112288
-0.00146984
-0.000189778
-2.38548e-05
-0.132792
-0.0152178
-0.00188468
-0.000199824
-6.61013e-06
-0.0901701
-0.0102723
-0.00134099
-0.000164875
-1.52825e-05
0.00632103
-0.00157161
-0.000286874
9.3003e-06
2.86397e-05
-3513.63
-8010.16
-3730.11
-8054.03
-4139.56
-8053.07
-4463.29
-8070.07
-4092.27
-7843.53
-1220.91
-2593.32
-2332.17
-4559.41
-580.126
-1248.27
-239.626
-466.626
-28971.3
-9920.98
-4717.14
-3071.79
-2430.3
-8204.8
-3236.33
-1656.44
-1057.92
-805.085
-28424.4
-9729.48
-4641.92
-3023.39
-2397.04
-8257.18
-3430.62
-1675.4
-1073.96
-834.21
-26915.1
-9239.92
-4421.61
-2883.77
-2286.66
-7974.23
-3303.4
-1614.51
-1035.89
-805.782
-24520.9
-8451.46
-4063.68
-2654.85
-2104.74
-7594.93
-3113.04
-1513.7
-966.906
-748.088
-20705.1
-7178.92
-3475.29
-2276.74
-1805.9
-7012.6
-2844.59
-1381.4
-881.735
-681.037
-10345.8
-3770.77
-1855.48
-1218.62
-965.117
-3413.42
-1404.69
-684.4
-437.816
-339.096
-15023.5
-5378.66
-2626.67
-1722.02
-1364.85
-5011.32
-2054.6
-1007.94
-648.204
-503.394
-6180.11
-2278.04
-1126.86
-741.72
-587.425
-1940.31
-817.101
-396.969
-254.161
-198.062
-2143.33
-786.328
-389.709
-257.012
-203.761
-747.588
-281.561
-129.995
-85.1559
-63.1588
-1912.74
-3677.22
-10849.7
-1741.7
-10765.1
-4856.21
-10311.6
-5061.73
-19907.5
-10724.2
-22364.5
-11783.7
-0.381478
-1.25414
-2.32394
-3.01197
-0.284773
17.3474
-1.03151
-3.54498
-7.19657
-11.4215
-11.7931
4.86522
-0.189998
-0.140126
-0.60846
-0.507272
-0.93717
-1.02514
-0.0466864
-1.08218
3.1559
-0.733976
13.5571
3.26369
84.8602
241.556
543.843
403.626
323.171
96.2396
64.1839
199.229
412.811
570.976
499.24
193.97
-0.317611
-0.241786
-0.162846
-0.0915078
-0.0292355
-1.0422
-0.791604
-0.531944
-0.298374
-0.0952317
-1.92394
-1.45467
-0.972908
-0.543601
-0.17312
-2.48392
-1.86978
-1.24506
-0.693234
-0.220338
-0.262247
-0.223443
-0.166876
-0.101092
-0.0335608
13.8922
10.0977
6.49086
3.5141
1.1003
-0.854362
-0.646197
-0.432221
-0.241462
-0.0768823
-2.92833
-2.20777
-1.47195
-0.82021
-0.260794
-5.91407
-4.43109
-2.93546
-1.62725
-0.515918
-9.32405
-6.93141
-4.55582
-2.50971
-0.79301
-9.55575
-7.04363
-4.59188
-2.5138
-0.791763
3.86631
2.78281
1.7705
0.950579
0.296301
-0.158869
-0.121626
-0.0824248
-0.0465625
-0.01492
-0.117578
-0.0904202
-0.0615789
-0.0349336
-0.0112212
-0.507869
-0.387979
-0.26235
-0.147938
-0.0473557
-0.424581
-0.325474
-0.220897
-0.12495
-0.0400683
-0.78066
-0.594964
-0.401324
-0.225838
-0.0721997
-0.854643
-0.651845
-0.439968
-0.247687
-0.0792072
-0.0526384
-0.0531745
-0.0449937
-0.0294877
-0.010139
-0.90225
-0.688007
-0.464099
-0.261066
-0.0834345
2.53822
1.8523
1.19404
0.647311
0.202742
-0.623299
-0.484416
-0.332121
-0.188874
-0.0606701
10.8679
7.91114
5.09367
2.76149
0.865313
2.59206
1.86655
1.18912
0.639453
0.199546
67.1507
48.2302
30.6944
16.5101
5.15801
187.388
132.048
82.7438
44.0818
13.7437
408.745
280.432
172.361
90.9404
28.4396
294.53
197.607
120.461
63.6561
19.9271
255.654
175.153
106.596
55.6444
16.0465
86.0941
61.0102
37.6664
19.6838
5.26888
50.7398
36.3891
23.1219
12.4214
3.87777
155.309
109.858
69.0173
36.8127
11.4684
316.278
220.185
136.662
72.3989
22.54
430.181
295.158
181.411
95.667
29.8011
377.444
258.524
158.351
83.2401
25.7351
147.802
101.518
62.2922
32.7902
10.0993
0.378796
1.25282
2.33159
3.05862
0.472288
-16.6587
1.02187
3.53016
7.17299
11.3926
11.8009
-4.6411
0.189621
0.140545
0.611054
0.51159
0.953668
1.04655
0.119717
1.14834
-2.8655
0.586902
-12.3042
-2.79396
-82.8923
-237.501
-536.008
-404.23
-339.361
-121.947
-63.3388
-197.319
-409.94
-570.813
-506.463
-206.983
0.315889
0.241019
0.162776
0.091707
0.0293471
1.04211
0.79259
0.533457
0.299672
0.0957361
1.93262
1.46364
0.980804
0.549005
0.175038
2.52778
1.90815
1.27474
0.711869
0.226679
0.427884
0.358584
0.264651
0.159421
0.0528749
-13.3096
-9.64646
-6.18157
-3.33765
-1.04328
0.847649
0.642473
0.430842
0.241287
0.0769467
2.91855
2.20298
1.47086
0.820719
0.26118
5.89991
4.42592
2.93639
1.63007
0.51727
9.31015
6.93107
4.56352
2.5181
0.796485
9.57647
7.07333
4.62246
2.53631
0.799994
-3.67152
-2.627
-1.66009
-0.885825
-0.275058
0.158808
0.121847
0.0827929
0.0468871
0.0150475
0.118094
0.0909894
0.0621072
0.0353082
0.0113565
0.510582
0.39062
0.264593
0.149443
0.047885
0.428639
0.329046
0.223692
0.126725
0.0406762
0.795649
0.607652
0.410875
0.231727
0.0741844
0.87373
0.667672
0.451652
0.254787
0.0815815
0.115325
0.102766
0.0798374
0.049808
0.0167783
0.959596
0.733936
0.496807
0.280364
0.0897835
-2.29237
-1.66132
-1.06253
-0.571933
-0.178348
0.51044
0.407611
0.287061
0.166808
0.0542503
-9.82068
-7.11109
-4.55269
-2.45626
-0.767361
-2.19353
-1.55661
-0.975579
-0.51706
-0.159908
-65.5443
-47.0375
-29.9131
-16.0821
-5.02328
-184.15
-129.701
-81.2446
-43.2789
-13.4946
-402.37
-275.665
-169.207
-89.1995
-27.8907
-292.918
-194.764
-117.525
-61.558
-19.1592
-265.459
-179.932
-108.113
-55.7071
-15.9125
-103.55
-71.2822
-42.644
-21.5741
-5.70636
-50.0583
-35.8921
-22.8035
-12.2504
-3.82455
-153.796
-108.775
-68.3374
-36.4552
-11.3588
-313.915
-218.401
-135.473
-71.739
-22.3303
-429.567
-294.277
-180.542
-95.0523
-29.5778
-382.218
-261.134
-159.425
-83.521
-25.762
-156.961
-107.098
-65.1023
-33.9187
-10.3793
-1323.88
-610.905
-112.581
-11.0083
-3.28599
-0.972543
-40.7488
-8769.92
-2576.51
-2480.48
-1277.59
-205.693
-1354.04
-85.1904
173.164
5.06068
-4731.87
-1986.01
-658.583
-419.088
-1151.5
-579.41
-195.904
-286.554
41.3855
-35.6626
-265.594
-213.454
-5330.51
-1749.57
-2858.13
-1062.89
-1068.64
-2370.32
-367.861
-30.6322
-371.546
-696.007
-396.676
-235.395
-136.072
-63.1207
-378.27
-230.163
-130.911
-67.2971
-22.7404
-87.7275
-62.0444
-38.9752
-20.7903
-6.48197
-8.90838
-6.52783
-4.21531
-2.28483
-0.713222
-2.33967
-1.465
-0.796807
-0.371647
-0.105877
-0.478899
-0.105845
0.0797039
0.102923
0.0415931
-31.9503
-22.7538
-14.3827
-7.7068
-2.40766
-5022.16
-3167.25
-1884.23
-1067.92
-563.465
-1593.16
-934.714
-567.007
-309.411
-119.629
-1562.45
-972.694
-580.135
-308.677
-113.718
-781.805
-450.163
-269.757
-144.486
-48.5267
-154.072
-105.576
-65.0303
-34.531
-10.9798
-952.926
-627.604
-373.432
-194.408
-63.4236
-61.1796
-40.5971
-24.4981
-12.8759
-4.09307
128.83
87.0782
52.4738
27.054
8.23307
6.66718
6.30378
4.65309
2.66941
0.825582
-2651.94
-1691.57
-1014.71
-578.799
-303.609
-1251.82
-775.961
-464.293
-246.5
-88.4993
-486.215
-330.029
-201.954
-106.902
-34.2647
-310.536
-211.155
-129.178
-68.1662
-21.6181
-825.303
-548.893
-330.992
-173.555
-55.9658
-434.352
-296.876
-181.786
-95.7013
-29.8992
-146.124
-99.6628
-60.9956
-32.1202
-10.0804
-219.722
-153.178
-95.1895
-50.4838
-15.7572
33.548
24.532
15.7606
8.47588
2.61833
-26.8516
-18.3149
-11.1493
-5.82907
-1.8091
-200.472
-138.036
-85.0909
-44.9976
-14.1288
-163.021
-113.34
-70.3357
-37.3046
-11.6733
-2805.61
-1550.96
-931.528
-524.672
-260.699
-1093.4
-669.43
-386.95
-201.774
-69.5579
-1673.18
-1039.75
-601.907
-316.641
-112.488
-687.417
-433.56
-251.716
-131.303
-44.379
-768.459
-510.377
-307.208
-160.842
-51.0964
-1528.59
-933.946
-553.436
-290.115
-96.6326
-279.341
-193.118
-119.264
-63.0411
-19.6967
-23.0832
-15.738
-9.56034
-4.9825
-1.5404
-278.185
-190.133
-116.498
-61.3845
-19.257
-8.96857
-28.277
-55.8254
-97.7941
-159.714
-247.463
-37739.3
-33253.6
-29678.3
-34094.6
-27468
-21425.5
-23049.6
-16959.2
-35359.2
-32913.5
-32441.2
-32138.5
-28527.3
-24107.3
-30865.2
-31731.4
-28258.3
-24210.7
-27543.3
-23591.9
-19468
-19497.2
-15040.7
-32331.9
-30847
-29661.8
-28843.9
-25570.6
-23147.4
-26084.9
-25360.1
-23076
-19171.9
-21257.6
-19770.8
-16613.3
-16113.8
-13085.9
-27393.7
-27356.2
-25283.5
-25342.5
-21784.6
-19566
-22520.9
-17913.4
-16661.6
-13336.1
-14409.4
-14655
-12745.9
-11676.8
-9927.32
-20375.4
-21612.9
-18989.2
-20212.8
-16715.5
-14821.8
-17728.9
-11386.1
-10729.9
-8370.96
-8920.85
-9613.53
-8426
-7493.25
-6479.13
-13357.5
-14108.6
-12540.2
-13198.3
-11216.8
-9924.07
-11696.1
-4059.58
-3852.64
-2970.76
-3143.98
-3494.37
-3126.59
-2693.27
-2365.32
-4857.65
-5228.14
-4541.52
-4738.18
-4122.68
-3678.92
-4291
-11952.4
-11440.2
-19084.5
-20920
-10566.7
-8980.79
-16297.5
-12603
-7568.42
-4597.16
-7507.2
-4794.21
-7296.68
-7018.3
-5150.38
-11604
-10764.9
-16911
-18746
-9673.96
-8348.74
-14293.9
-11535.3
-7477.13
-3784.44
-7283.13
-4051.33
-6487.68
-6285.28
-4532.34
-10094.8
-9361.51
-13980.1
-15310
-8423.07
-7348.9
-12039.9
-9913.16
-5951.56
-3318.31
-5812.64
-3604.36
-5158.36
-5115.67
-3930.87
-7490.77
-6981.38
-9970.57
-10748.1
-6309.71
-5514.34
-8801.66
-7437.04
-4771.06
-2522.65
-4610.17
-2728.11
-4099.5
-4002.92
-2962.38
-4762.35
-4462.95
-6261.89
-6682.07
-4000.98
-3448
-5618.07
-4785.74
-3015.95
-1602.77
-2919.65
-1747.58
-2608.92
-2514.03
-1881.4
-1686.76
-1585.38
-2214.59
-2350.63
-1423.08
-1226.56
-2004.96
-1726.1
-1018.25
-564.551
-1012.22
-613.475
-926.333
-886.042
-658.511
)
;

boundaryField
{
    patch1
    {
        type            calculated;
        value           nonuniform List<scalar> 
2440
(
0
0
2491.98
386.623
49.186
407.329
-2370.61
-367.918
-30.633
-371.599
0
0
2491.73
386.573
49.1809
407.28
-2370.32
-367.861
-30.6322
-371.546
0
0
0
0
0
0
0
0
-2564.86
0
0
0
0
0
0
0
0
1214.41
559.653
118.177
14.1038
9.39803
8.94934
49.6793
9442.25
3113.56
2789.58
2184.06
522.41
311.021
1451.22
205.94
186.079
170.065
46.2655
5009.37
2158.42
788.142
469.826
1199.77
624.331
206.495
306.331
15.1414
65.1787
316.393
247.717
5378.08
1744.73
2924.93
1077.96
1099.36
-1333.85
-0.190019
-0.140143
-0.608559
-0.507357
-0.937336
-1.02532
-0.0467437
-1.08239
3.15623
-0.734215
13.5587
3.26396
0.189678
0.140587
0.61121
0.511723
0.953927
1.04683
0.119874
1.1487
-2.86569
0.58729
-12.3056
-2.794
-1323.84
-610.895
-112.597
-11.0071
-3.28452
-0.969889
-40.7517
-8771.35
-2577.06
-2480.94
-1277.83
-205.733
-1354.3
-85.2027
173.202
5.06679
-4732.42
-1986.3
-658.709
-419.16
-1151.71
-579.48
-195.924
-286.602
41.4005
-35.6643
-265.647
-213.492
-5330.91
-1749.7
-2858.33
-1062.95
-1068.78
0
0
0
0
0
0
0
0
-2560.59
0
0
0
0
0
0
0
0
1214.28
559.57
118.162
14.103
9.39755
8.94916
49.6743
9441.18
3113.13
2789.22
2183.72
522.32
310.975
1451
205.9
186.052
170.036
46.2596
5008.92
2158.18
788.033
469.763
1199.6
624.264
206.473
306.29
15.142
65.1711
316.345
247.682
5377.65
1744.56
2924.72
1077.87
1099.23
-1337.62
-0.189998
-0.140126
-0.60846
-0.507272
-0.93717
-1.02514
-0.0466864
-1.08218
3.1559
-0.733976
13.5571
3.26369
0.189621
0.140545
0.611054
0.51159
0.953668
1.04655
0.119717
1.14834
-2.8655
0.586902
-12.3042
-2.79396
-1323.88
-610.905
-112.581
-11.0083
-3.28599
-0.972543
-40.7488
-8769.92
-2576.51
-2480.48
-1277.59
-205.693
-1354.04
-85.1904
173.164
5.06068
-4731.87
-1986.01
-658.583
-419.088
-1151.5
-579.41
-195.904
-286.554
41.3855
-35.6626
-265.594
-213.454
-5330.51
-1749.57
-2858.13
-1062.89
-1068.64
0
0
0.000493532
0.000895286
-1.66627e-05
2.58846e-05
-247.494
0
0
0
0
0
0
0.000492144
0.000893287
-1.52825e-05
2.86397e-05
-247.463
0
0
0
0
0
2946.48
1941.91
2233.5
3932.87
257.541
-155.55
192.284
-176.841
1573.14
938.304
4990.48
5785.34
-321.716
-502.31
1011
958.904
0
0
0
0
0
0
0
0
0
0
0
0
0
0
0
0
0
0
0
0
0
0
0
0
0
0
0
0
0
0
0
0
0
3.2991
1.30797
3.30628
1.41727
3.40672
1.51166
3.39187
1.6119
3.17812
1.61822
1.52339
1.0537
2.25741
1.38602
1.03152
0.678841
0.605832
0.362284
0.000364462
0.000181674
0.000542151
0.000399428
0.000727847
0.00107074
0.00102259
0.00099255
0.000848144
0.000733478
0.000770598
0.000812412
0.000835343
0.000720159
0.000769149
0.000620131
0.000307786
0.00012184
0.000425363
0.000166822
0.000512772
0.000307174
0.000767664
2432.15
789.92
2399.43
826.089
2287.21
796.487
2105.08
739.294
1806.08
673.327
965.561
337.835
1365.38
499.151
587.615
197.999
203.795
63.1437
-1655.41
-341.074
-2438.22
-265.507
5988.99
5889.33
2513.85
3190.02
6551.15
7561.28
782.67
-2910.93
-2251.08
-2730.87
-4205.55
-665.004
-261.267
-665.712
-263.993
-2020.64
-1213.97
-5268.64
-5783.88
-85.0737
235.282
-1389.5
-1211.78
-0.216147
0.00437665
0
0
0
0
0
0
0
0
0
0
0
0
0
0
0.0402791
-0.0137477
0
0
0
0
0
0
0
0
0
0
0
0
0
0
-2.55577
-1.0473
-2.44679
-1.10015
-2.46684
-1.07292
-2.51625
-1.10456
-2.29706
-1.03493
-0.765039
-0.423048
-1.4333
-0.713926
-0.386218
-0.169538
-0.0617299
0.0457284
-8.95797e-05
-3.78134e-05
-6.30537e-05
-1.13044e-05
-6.74175e-06
0.000103725
0.000296125
0.000644226
0.000112197
0.000125627
2.74671e-05
6.4413e-05
0.000251071
0.000247648
0.0005334
0.000437903
-8.80741e-05
-3.63272e-05
-7.84806e-05
-3.47971e-05
-4.08252e-05
-2.46357e-05
-8.87119e-06
-2432.94
-790.147
-2400.21
-826.385
-2287.92
-796.815
-2105.67
-739.57
-1806.46
-673.561
-965.705
-337.963
-1365.61
-499.316
-587.727
-198.079
-203.839
-63.2683
-1586.74
-2976.68
87.6719
192.853
-392.098
526.692
610.695
-0.377306
-0.0890651
-0.0673902
-0.332213
0
0
0
0
0
0
0
0
0
0.201325
0.0652986
0.141105
0.298009
0
0
0
0
0
0
0
0
0
0
2946.66
1942.28
2234.01
3933.24
257.78
-155.596
192.586
-176.858
1573.62
938.588
4990.94
5785.58
-321.434
-502.125
1011.08
958.967
0
0
0
0
0
0
0
0
0
0
0
0
0
0
0
0
0
0
0
0
0
0
0
0
0
0
0
0
0
0
0
0
0
3.30733
1.31549
3.30092
1.41498
3.4039
1.50984
3.38976
1.6104
3.17665
1.61718
1.52417
1.05429
2.25712
1.38573
1.03311
0.680119
0.607983
0.363931
0.000354274
0.000174817
0.000540645
0.000398376
0.000726565
0.00106892
0.00102253
0.000994673
0.000847661
0.000733478
0.000769484
0.000811295
0.000835992
0.000721052
0.000771361
0.000622217
0.000302358
0.000119883
0.000423752
0.00016605
0.000511676
0.000306267
0.000766009
2430.27
794.486
2396.96
823.824
2286.6
795.865
2104.7
738.994
1805.9
673.17
965.546
337.808
1365.32
499.084
587.613
197.99
203.794
63.1419
-1646.68
-332.686
-2423.96
-466.566
6000.22
5926.01
2528.72
3198.58
6570.56
7528.42
412.906
-2910.93
-2251.61
-2731.48
-4205.66
-665.596
-261.657
-666.301
-264.367
-2021.13
-1214.24
-5268.86
-5784.04
-85.5284
235.019
-1389.85
-1211.99
-0.211413
0.00846474
0
0
0
0
0
0
0
0
0
0
0
0
0
0
0.0406101
-0.0136864
0
0
0
0
0
0
0
0
0
0
0
0
0
0
-2.5635
-1.05463
-2.44293
-1.0987
-2.46529
-1.07194
-2.51475
-1.10361
-2.2953
-1.03384
-0.762883
-0.421472
-1.43145
-0.712577
-0.383778
-0.167808
-0.059214
0.0475106
-8.94045e-05
-3.75684e-05
-6.14643e-05
-1.00857e-05
-4.53918e-06
0.000107118
0.000299736
0.000648126
0.00011505
0.000128327
2.99047e-05
6.7146e-05
0.000254199
0.00025059
0.000536702
0.000440774
-8.81703e-05
-3.63758e-05
-7.73504e-05
-3.43823e-05
-3.9441e-05
-2.38548e-05
-6.61013e-06
-2431.06
-794.716
-2397.75
-824.12
-2287.31
-796.194
-2105.29
-739.27
-1806.29
-673.405
-965.69
-337.935
-1365.55
-499.248
-587.724
-198.07
-203.839
-63.2666
-1584.66
-2984.08
88.1644
207.987
-352.347
590.795
603.022
-0.379638
-0.0890555
-0.0673414
-0.33638
0
0
0
0
0
0
0
0
0
0.200959
0.0653177
0.141162
0.295708
0
0
0
0
0
0
0
0
0
27049
7475.85
0
27047.5
7471.13
0
0
0
0
0
0
0
0
0
21529.6
37052.9
24287.7
35409.2
26203.8
30568.6
21161.6
19730.2
20251.8
41169.6
33459.6
36991.6
31187.1
30763.4
27456.4
24324.6
13342.4
4036.45
23050.5
12963.3
4162.58
20318.9
11378.3
3500.35
0
0
0
0
0
0
0
0
5630.55
2681.02
5792
2941.06
6502.05
3552.84
12116
16216.9
8750.82
1363.51
693.133
1634.72
822.122
2187.16
1157.61
321.789
110.991
27.4268
401.067
144.1
37.6836
553.716
208.06
52.8238
8.78522
150.09
615.601
1621.29
2623.58
459.257
1780.91
-32.4751
-127.745
-27.695
-291.207
-917.174
-1981.05
-2901.1
-705.277
-2015.01
-190.313
-76.7149
0
0
0
0
0
0
0
0
21441.7
37079.2
24290.8
35400.6
26203.6
30566.2
21160.2
19727.3
20251.2
41274.4
33576
36974.9
31177.1
30757.4
27449.2
24409.1
13388.6
4059.2
23044.9
12963.2
4163.06
20314.8
11377
3500.19
0
0
0
0
0
0
0
0
5643.31
2679.17
5783.66
2939.13
6493.81
3549.23
12110
16212.4
8744.95
1359.81
690.201
1633.83
822.095
2185.39
1156.9
320.363
110.498
27.3316
401.072
144.156
37.7034
553.458
207.994
52.8119
10.9066
140.187
611.632
1619.59
2623.07
459.426
1780.93
-32.3411
-127.726
-26.0686
-282.82
-914.139
-1979.75
-2900.68
-705.462
-2015.02
-190.508
-76.8236
14028.7
10332.3
0.210195
0.0402235
0.00829416
0.0017407
0.00042506
0.215222
0.0522498
0.0119707
0.00265404
0.000670266
1738.37
-254.75
18200.4
22246.3
-3006.07
-1484.12
-0.0619732
-0.00777011
-0.00107072
-0.000141603
-1.60393e-05
0.0114253
-0.000653509
-0.00017636
5.78226e-06
1.94854e-05
0
0
0
0
0
12575.2
8914.23
16286.1
13238.5
21238.3
18436.9
5729.11
3176.77
947.938
9815.91
5819.86
1818.75
14243.3
8484.83
2667.93
-8549.68
-3564.25
-11793.2
-4824.86
-16169.5
-6378.54
-21982.5
-8030.4
1881.03
381.667
925.66
195.608
-24.926
-3.30365
5.42918
2.57113
-6.42943
2.24826
3.20982
1.08238
0.0862897
0.0126991
0.00307975
0.000815654
0.000247961
0.167256
0.0390142
0.00948314
0.00228588
0.00063172
0.159564
0.644768
1.66664
3.59468
7.173
15.8898
0.134056
0.103268
0.0704717
0.0400551
0.0128818
0.539821
0.413988
0.28113
0.159116
0.0510459
1.38825
1.05774
0.713247
0.401276
0.128291
2.97523
2.24871
1.50337
0.839736
0.267391
5.89607
4.41818
2.92734
1.62308
0.51475
12.9414
9.59175
6.28494
3.45367
1.08989
87.4759
67.9076
47.8263
29.9089
15.8794
4.93088
10342
6669.75
2335.17
14433.6
9286.11
3161.26
19172.5
11819.5
3887.87
24888.6
13880.3
4481.17
-2622.06
-464.324
-1891.17
-392.781
9551.38
5803.95
6919.25
3873.75
4119.6
2484.43
3269.65
1646.62
463.822
1965.83
884.467
245.76
1260.08
527.362
144.749
51.3084
15.7519
-1.44359
-1.46036
9.1845
8.3234
0.966139
0.138147
0.184931
0.0594783
0.0149135
0.00345983
0.00090163
0.17831
0.0568986
0.0151059
0.00367161
0.000993751
-66.2066
-49.9681
-34.017
-20.527
-10.5764
-3.2298
-0.159114
-0.640269
-1.64232
-3.50825
-7.25286
-15.4382
-0.133509
-0.102668
-0.069917
-0.0396626
-0.0127401
-0.535524
-0.410141
-0.278077
-0.157156
-0.0503713
-1.36619
-1.03909
-0.699219
-0.392628
-0.125377
-2.89795
-2.1846
-1.45608
-0.811045
-0.2578
-5.9441
-4.43711
-2.92689
-1.61622
-0.511224
-12.5161
-9.22064
-6.00041
-3.27704
-1.03031
18203
22248.1
-3016.6
-1492.97
-0.0623736
-0.00786654
-0.00109204
-0.000146187
-1.71819e-05
0.0107714
-0.000813661
-0.000213059
-2.29426e-06
1.74561e-05
0
0
0
0
0
14025.1
10327.7
0.209696
0.0401022
0.0082671
0.00173487
0.000423608
0.214823
0.0521365
0.0119433
0.00264789
0.000668697
1740.77
-250.072
13071
81193.5
13497.2
61791.6
13534.1
52855.8
14144
48170.8
27708
14413.6
4417.13
26780.2
14155.4
4321.38
25378.3
13682.1
4196.46
24603.9
13563.4
4232.06
24889.4
13881.2
4481.5
199.633
42.4004
-356.826
66.0945
-2011.16
-113.5
-80.6169
-48.2837
286.752
262.965
13.3403
3.0359
0.847005
0.239443
75.0834
16.5926
6.63571
2.16558
1.58684
0.385062
0.0854034
0.0207941
13.192
3.14969
0.648565
0.158198
31.5581
7.41573
1.53837
0.375599
43.8064
10.7332
2.34877
0.575505
40.6138
11.4341
2.66809
0.687508
20.656
7.20632
1.85821
0.529897
25.0433
8.73225
2.32922
0.65636
12.9959
4.83631
1.18034
0.373458
5.77374
2.44325
0.757177
0.259445
0.0354252
0.0074188
0.00160073
0.000344757
8.55198e-05
0.188804
0.0395483
0.0088435
0.00195178
0.000492134
0.172143
0.046214
0.0111705
0.00255717
0.000661109
0.170858
0.0470505
0.0113165
0.00256954
0.000658493
0.169511
0.0447384
0.0111282
0.00262322
0.000695557
0.133933
0.0357523
0.00923059
0.00225612
0.000618061
0.00715651
0.00168486
0.000362712
7.56035e-05
1.80923e-05
0.0618785
0.0131925
0.00274187
0.000566035
0.000135414
0.146408
0.0297807
0.00618448
0.00129327
0.00031403
888.459
1045.64
1433.58
1789.42
3318.55
973.505
2884.39
109.828
-22.0309
614.269
183.636
56.1147
18.9801
5.54511
679.144
208.803
61.4909
23.5609
9.63085
734.718
209.353
60.8482
23.1144
10.5415
849.962
223.351
63.5435
25.7462
13.8882
1107.7
255.465
64.9256
20.6447
5.38135
74.829
-69.9126
-69.664
-57.4813
-50.2146
525.447
52.0958
-17.7677
-25.2962
-26.144
-109.52
-79.9069
-61.0299
-47.3448
-39.706
44.5244
-21.2756
-24.1487
-14.6273
-16.2109
5540.61
6851.21
2773.75
3661.59
2639.2
3123.49
1383.84
1432
-32.1102
-388.458
-198.182
-102.194
-25.3734
-18.1564
-11.4848
-6.1352
-1.9073
-129.293
-59.549
-23.9126
-8.9564
-2.77156
-102.773
-49.1928
-22.9179
-9.6507
-2.71366
-74.252
-48.7383
-28.4893
-14.3419
-4.33228
-19423.9
-6478.64
-19716.7
-6884.34
-20207.4
-7393.81
-21078.4
-7929.35
-21982.5
-8030.4
-85.0459
-64.5892
249.248
-361.644
311.597
-2198.89
79.5689
60.0449
-244.843
-147.705
-5.38472
-1.04235
-0.403005
-0.148362
-32.6898
-5.6918
-4.33661
-1.72257
-0.259513
-0.0444723
-0.0123755
-0.00325479
-1.88284
-0.315983
-0.0262525
-0.0103359
-1.26429
-0.224001
-0.0179803
-0.0199993
5.98676
0.734125
-0.010505
-0.0317443
14.3025
1.84778
0.158091
0.00737848
7.53311
1.44112
0.409911
0.134175
18.6336
3.03835
0.429697
0.086234
0.624822
0.356935
0.420411
0.145866
-0.298752
0.660308
0.384382
0.149527
-0.0119782
-0.00148824
-0.000193628
-2.4099e-05
-2.36055e-06
-0.0527297
-0.00450009
-0.000431149
-1.58997e-05
1.43977e-05
0.0361311
0.00547896
0.00125776
0.00034222
0.000110671
0.0452985
0.00368044
0.000514233
0.000134797
5.01038e-05
0.0431837
0.0122607
0.00318743
0.000807776
0.000235113
0.0742136
0.0236857
0.00629804
0.0015585
0.000434448
-0.00138463
-0.00038897
-7.62566e-05
-1.32349e-05
-2.45296e-06
-0.0171847
-0.00328286
-0.000556711
-8.93791e-05
-1.54039e-05
-0.0412762
-0.00631617
-0.000962869
-0.000143144
-2.16689e-05
-911.25
-1123.15
-1580.19
-1950.14
-3395.51
-1149.71
-2962.96
-282.346
-137.139
-631.944
-188.464
-57.3648
-19.1972
-5.57861
-715
-217.688
-63.2811
-23.8606
-9.64906
-792.49
-222.996
-63.4459
-23.535
-10.5531
-916.729
-239.428
-66.6327
-26.2861
-14.0093
-1169.08
-271.929
-68.2337
-21.1812
-5.46727
-130.273
57.9424
67.419
57.0947
50.0981
-577.321
-65.5665
15.0778
24.8175
26.0427
57.8919
69.4583
59.1214
47.0102
39.6381
-91.9505
11.9006
22.4597
14.2789
16.0929
-1.11044
-3.97822
-8.75012
-15.9625
-22.8013
-16.8114
33.8046
181.956
468.21
795.814
841.08
365.833
-0.920061
-0.6962
-0.465895
-0.260385
-0.0829281
-3.28673
-2.47847
-1.65278
-0.921129
-0.29291
-7.19031
-5.3868
-3.56814
-1.97773
-0.626981
-13.0261
-9.67844
-6.35747
-3.50025
-1.10561
-18.4508
-13.5759
-8.83252
-4.82679
-1.51867
-13.4656
-9.7954
-6.30456
-3.41766
-1.0711
26.7407
19.195
12.2075
6.56205
2.04921
141.719
100.163
62.8743
33.5125
10.4382
357.645
248.281
153.705
81.2792
25.3023
593.916
404.381
247.019
129.813
40.5233
615.394
412.53
249.478
130.595
40.9184
264.95
176.341
106.255
55.6172
17.4802
1.10081
3.96179
8.71857
15.9014
22.7048
16.7251
-33.5833
-180.698
-464.969
-792.428
-844.078
-378.022
0.913376
0.692521
0.464565
0.260248
0.0830064
3.27585
2.47309
1.65148
0.921621
0.29331
7.1705
5.37834
3.56765
1.98016
0.628292
12.9885
9.6631
6.35748
3.50555
1.10834
18.3916
13.5516
8.83204
4.83452
1.52269
13.4107
9.77004
6.29969
3.42098
1.07332
-26.5929
-19.1166
-12.1793
-6.55822
-2.05027
-140.864
-99.6844
-62.6735
-33.4577
-10.4317
-355.375
-246.913
-153.029
-81.014
-25.2389
-591.44
-402.748
-246.077
-129.355
-40.389
-617.373
-413.556
-249.829
-130.63
-40.8968
-273.545
-181.58
-108.893
-56.6754
-17.7429
36.1322
0
150.647
28.8591
20.9337
13.4407
7.27374
2.27827
0
0
0
0
0
114.747
79.3827
48.9157
25.7093
7.94948
13062.2
81206.3
13470.4
61784.6
13479.6
52829.1
14116.7
47208.1
27753.9
14450.2
4429.08
26776.3
14154.1
4321.8
25376.2
13680.9
4196.27
24602.6
13562.4
4231.76
24888.6
13880.3
4481.17
166.991
46.2401
-350.598
39.8468
-1998.49
-104.119
-64.1727
-40.1652
269.5
258.994
11.1952
2.5401
0.716994
0.204045
74.3561
16.4416
6.57872
2.14644
1.39717
0.337485
0.0748579
0.0182403
13.0611
3.11634
0.640002
0.155894
31.4994
7.39622
1.53297
0.373916
43.763
10.7186
2.34461
0.574153
40.597
11.4275
2.66597
0.686737
20.6965
7.21857
1.86136
0.530743
25.0619
8.73625
2.32982
0.65639
13.0484
4.85379
1.18529
0.374888
5.82683
2.46243
0.762794
0.26114
0.0295884
0.00613877
0.00131776
0.000282959
7.00503e-05
0.186783
0.0391908
0.00877059
0.00193628
0.000488267
0.172238
0.0462161
0.0111685
0.00255641
0.000660859
0.170651
0.0469788
0.011298
0.00256521
0.00065736
0.169877
0.0448147
0.0111439
0.00262639
0.000696289
0.134606
0.0359171
0.00926838
0.00226441
0.000620107
0.00597693
0.00138838
0.00029568
6.1133e-05
1.45402e-05
0.0610428
0.0130428
0.00271261
0.000559923
0.000133886
0.14577
0.0296371
0.00615384
0.00128675
0.000312402
888.69
1034.85
1430.95
1788.15
3318.06
973.631
2884.32
109.947
-22.0068
617.763
186.261
56.8868
19.5733
6.05947
669.675
204.678
59.4803
22.1968
8.5416
733.426
208.625
60.4108
22.7986
10.2807
849.364
222.97
63.2712
25.5328
13.7071
1107.4
255.249
64.7514
20.5009
5.2583
74.831
-69.9425
-69.6991
-57.5145
-50.2444
525.34
51.9951
-17.8588
-25.3757
-26.2136
-109.493
-79.9096
-61.0397
-47.3556
-39.7162
44.5359
-21.2743
-24.1501
-14.6293
-16.213
5538.95
6849.66
2775.05
3663.66
2637.27
3121.5
1304.55
1347.67
-32.1038
-388.438
-198.156
-102.175
-25.368
-18.1522
-11.4819
-6.1335
-1.90674
-129.283
-59.5419
-23.9089
-8.95464
-2.77068
-102.757
-49.1829
-22.912
-9.64762
-2.71263
-74.2364
-48.7266
-28.4814
-14.3374
-4.3308
-19428.8
-6482.2
-19713.1
-6882.19
-20205.9
-7392.96
-21077.6
-7928.91
-21982
-8030.08
-90.8008
-72.0405
277.935
-326.093
313.88
-2194.4
60.8354
49.428
-228.196
-144.925
-4.65405
-0.894911
-0.350863
-0.129208
-32.2705
-5.60241
-4.29333
-1.70661
-0.279282
-0.0492257
-0.0131189
-0.00345617
-1.74398
-0.29286
-0.0212526
-0.00912212
-1.21859
-0.211625
-0.0151679
-0.0191696
6.03004
0.747522
-0.00725617
-0.0307744
14.3436
1.86187
0.16185
0.00852418
7.57111
1.45653
0.414626
0.135676
18.6709
3.05268
0.433917
0.0875658
0.665969
0.373712
0.425585
0.14751
-0.251277
0.678718
0.389977
0.151269
-0.010245
-0.00124223
-0.000155655
-1.80042e-05
-1.28208e-06
-0.0515514
-0.00433415
-0.000400077
-9.45197e-06
1.60005e-05
0.0368268
0.00565685
0.00129993
0.000351713
0.000113077
0.0459643
0.00384605
0.000552719
0.000143368
5.22708e-05
0.0439958
0.0124689
0.00323702
0.000818978
0.000237954
0.0750561
0.0238997
0.00634873
0.00156989
0.000437319
-0.0012743
-0.000338736
-6.44785e-05
-1.08733e-05
-1.93887e-06
-0.0168293
-0.00323249
-0.000548404
-8.77106e-05
-1.49632e-05
-0.0409415
-0.00624207
-0.000947492
-0.000139892
-2.08412e-05
-910.236
-1114.21
-1578.15
-1949.16
-3395.1
-1149.84
-2962.9
-282.504
-137.231
-635.217
-191.074
-58.1276
-19.7889
-6.09289
-705.567
-213.527
-61.2607
-22.4945
-8.55953
-791.383
-222.292
-63.0103
-23.2194
-10.2924
-916.264
-239.072
-66.3642
-26.0732
-13.8282
-1168.85
-271.731
-68.0629
-21.0379
-5.34431
-130.282
57.9694
67.4534
57.1277
50.1279
-577.239
-65.4746
15.167
24.8967
26.1123
57.856
69.4595
59.1309
47.0209
39.6482
-91.9753
11.8976
22.4609
14.2808
16.0949
-1.11031
-3.9776
-8.74874
-15.96
-22.7977
-16.8088
33.7996
181.93
468.146
795.71
840.969
365.773
-0.91995
-0.696112
-0.465832
-0.260348
-0.0829159
-3.2862
-2.47805
-1.65248
-0.920954
-0.292853
-7.18913
-5.38586
-3.56747
-1.97734
-0.626853
-13.024
-9.67673
-6.35627
-3.49955
-1.10538
-18.4478
-13.5735
-8.83083
-4.8258
-1.51834
-13.4634
-9.79367
-6.30334
-3.41695
-1.07086
26.7365
19.1916
12.2051
6.56065
2.04875
141.697
100.145
62.862
33.5052
10.4358
357.591
248.238
153.675
81.2612
25.2963
593.828
404.313
246.971
129.784
40.5135
615.302
412.458
249.428
130.566
40.9086
264.901
176.304
106.232
55.604
17.476
1.10051
3.9609
8.71667
15.898
22.7002
16.7218
-33.5771
-180.667
-464.898
-792.322
-843.982
-377.996
0.913124
0.692323
0.464426
0.260166
0.0829798
3.27508
2.47248
1.65106
0.921374
0.29323
7.16888
5.37706
3.56676
1.97964
0.628123
12.9856
9.66086
6.35591
3.50464
1.10804
18.3877
13.5486
8.8299
4.83328
1.52229
13.408
9.76789
6.2982
3.42012
1.07304
-26.5877
-19.1125
-12.1766
-6.55661
-2.04975
-140.838
-99.6644
-62.6597
-33.4498
-10.4291
-355.315
-246.867
-152.997
-80.9956
-25.2328
-591.351
-402.679
-246.029
-129.327
-40.3796
-617.292
-413.493
-249.785
-130.603
-40.8876
-273.521
-181.56
-108.877
-56.6649
-17.7391
36.122
0
150.612
28.8506
20.9272
13.4363
7.27123
2.27747
0
0
0
0
0
114.718
79.3615
48.9018
25.7016
7.94705
10343.2
6670.59
2335.47
14435
9287.13
3161.61
19173.9
11820.6
3888.24
24889.4
13881.2
4481.5
-2629.08
-465.822
-1897.29
-394.799
9553.6
5805.18
6921.97
3875.07
4122.08
2485.67
3270.31
1646.94
463.911
1966.43
884.706
245.822
1260.62
527.555
144.796
51.1939
15.7383
-1.448
-1.46161
8.79971
8.24406
0.949138
0.134703
0.184962
0.0594923
0.0149175
0.00346092
0.000901976
0.177575
0.0567273
0.0150675
0.00366331
0.000991732
-66.2199
-49.979
-34.0252
-20.5326
-10.5797
-3.23087
-0.159135
-0.640375
-1.64261
-3.50887
-7.25419
-15.4411
-0.133527
-0.102682
-0.069927
-0.0396685
-0.012742
-0.535615
-0.410214
-0.278129
-0.157186
-0.0503813
-1.36644
-1.03928
-0.699356
-0.392709
-0.125403
-2.89849
-2.18502
-1.45638
-0.81122
-0.257858
-5.94524
-4.43801
-2.92752
-1.61659
-0.511345
-12.5185
-9.22259
-6.00177
-3.27783
-1.03057
12573.4
8912.96
16284.5
13236.9
21236.3
18434.5
5728.26
3176.29
947.794
9814.63
5819.09
1818.51
14241.3
8483.74
2667.63
-8548.15
-3563.68
-11791.7
-4824.3
-16168.4
-6378.08
-21982
-8030.08
1883.38
382.956
929.26
197.333
-24.5498
-3.21522
5.44849
2.57513
-5.95035
2.36076
3.23423
1.0875
0.087322
0.0129451
0.00313609
0.0008282
0.000251139
0.16851
0.0393196
0.0095536
0.00230151
0.000635638
0.159518
0.644604
1.66621
3.59373
7.17106
15.8854
0.134017
0.103236
0.0704495
0.040042
0.0128775
0.53968
0.413876
0.281051
0.159069
0.0510307
1.38788
1.05745
0.713042
0.401157
0.128252
2.97442
2.24808
1.50292
0.839477
0.267306
5.89442
4.41689
2.92644
1.62256
0.51458
12.9377
9.58888
6.28296
3.45253
1.08952
87.4535
67.8892
47.8125
29.8997
15.8743
4.92925
)
;
    }
    patch2
    {
        type            calculated;
        value           nonuniform List<scalar> 
348
(
-8.97004
-8.96857
104.135
20.8579
2.84645
21.7548
-96.6562
-19.7013
-1.54047
-19.2615
104.101
20.8528
2.84587
21.7494
-96.6326
-19.6967
-1.5404
-19.257
62.5924
22.1774
6.87606
0.99093
0.562871
0.540893
3.12769
548.679
142.228
123.555
73.1118
17.2491
17.4944
63.4682
12.5991
10.1535
10.5734
1.96065
314.682
98.3712
41.793
24.5526
56.3922
33.73
10.9572
16.9891
1.05826
3.77966
16.9371
13.7944
265.153
70.6731
123.112
47.0953
53.301
-0.0292393
-0.09525
-0.173156
-0.220387
-0.0335809
1.10051
-0.0768932
-0.260845
-0.516024
-0.793177
-0.791938
0.296349
-0.014922
-0.0112228
-0.0473649
-0.0400762
-0.0722151
-0.0792241
-0.0101441
-0.0834542
0.202774
-0.060691
0.86547
0.199575
5.1591
13.7467
28.4461
19.9303
16.0477
5.2686
3.87859
11.4709
22.545
29.8076
25.7406
10.1015
0.0293573
0.0957639
0.17509
0.226752
0.0529239
-1.04346
0.0769719
0.261252
0.517411
0.796701
0.800219
-0.275087
0.0150528
0.0113604
0.0478995
0.0406886
0.0742081
0.0816072
0.0167927
0.0898159
-0.178365
0.0542846
-0.767483
-0.159911
-5.02439
-13.4977
-27.8968
-19.1625
-15.9149
-5.70737
-3.82541
-11.3614
-22.3352
-29.584
-25.7671
-10.3812
-63.1487
-22.748
-6.48336
-0.713166
-0.105758
0.0418046
-2.40796
-563.586
-119.661
-113.746
-48.5372
-10.9829
-63.4401
-4.09396
8.23539
0.826107
-303.686
-88.5221
-34.2743
-21.6237
-55.9805
-29.906
-10.0823
-15.761
2.61943
-1.80925
-14.1327
-11.6762
-260.772
-69.5751
-112.519
-44.3884
-51.1085
62.5867
22.1757
6.87457
0.99085
0.562799
0.540848
3.12715
548.384
142.158
123.499
73.0766
17.2413
17.489
63.4423
12.5942
10.1504
10.5699
1.96002
314.545
98.3352
41.7801
24.5455
56.3731
33.7227
10.9549
16.9849
1.05807
3.7788
16.9321
13.7907
265.06
70.6555
123.083
47.0852
53.2876
-0.0292355
-0.0952317
-0.17312
-0.220338
-0.0335608
1.1003
-0.0768823
-0.260794
-0.515918
-0.79301
-0.791763
0.296301
-0.01492
-0.0112212
-0.0473557
-0.0400683
-0.0721997
-0.0792072
-0.010139
-0.0834345
0.202742
-0.0606701
0.865313
0.199546
5.15801
13.7437
28.4396
19.9271
16.0465
5.26888
3.87777
11.4684
22.54
29.8011
25.7351
10.0993
0.0293471
0.0957361
0.175038
0.226679
0.0528749
-1.04328
0.0769467
0.26118
0.51727
0.796485
0.799994
-0.275058
0.0150475
0.0113565
0.047885
0.0406762
0.0741844
0.0815815
0.0167783
0.0897835
-0.178348
0.0542503
-0.767361
-0.159908
-5.02328
-13.4946
-27.8907
-19.1592
-15.9125
-5.70636
-3.82455
-11.3588
-22.3303
-29.5778
-25.762
-10.3793
-63.1207
-22.7404
-6.48197
-0.713222
-0.105877
0.0415931
-2.40766
-563.465
-119.629
-113.718
-48.5267
-10.9798
-63.4236
-4.09307
8.23307
0.825582
-303.609
-88.4993
-34.2647
-21.6181
-55.9658
-29.8992
-10.0804
-15.7572
2.61833
-1.8091
-14.1288
-11.6733
-260.699
-69.5579
-112.488
-44.379
-51.0964
279.217
72.5242
17.0171
317.677
86.7113
20.9741
388.473
109.927
25.9382
462.208
130.565
28.2954
510.948
134.713
30.8495
-646.216
-101.895
-672.705
-114.524
-665.874
-105.314
-626.12
-118.818
-593.105
-112.383
279.019
72.6106
17.0224
317.5
86.6382
20.9704
388.238
109.859
25.9245
461.907
130.486
28.2792
510.628
134.636
30.8335
-647.346
-102.32
-672.46
-114.353
-665.898
-105.292
-626.083
-118.805
-593.016
-112.365
)
;
    }
    patch3
    {
        type            calculated;
        value           nonuniform List<scalar> 
96
(
-0.381518
-1.25434
-2.32432
-3.0125
-0.284998
17.3496
-1.03162
-3.54553
-7.19771
-11.4233
-11.795
4.86574
84.8718
241.589
543.911
403.668
323.214
96.2738
64.1928
199.256
412.865
571.05
499.31
194.01
0.378906
1.25312
2.33216
3.05944
0.472854
-16.6608
1.02214
3.53096
7.17456
11.395
11.8035
-4.64142
-82.9052
-237.537
-536.078
-404.253
-339.363
-121.926
-63.3487
-197.349
-409.995
-570.88
-506.51
-206.988
-0.381478
-1.25414
-2.32394
-3.01197
-0.284773
17.3474
-1.03151
-3.54498
-7.19657
-11.4215
-11.7931
4.86522
84.8602
241.556
543.843
403.626
323.171
96.2396
64.1839
199.229
412.811
570.976
499.24
193.97
0.378796
1.25282
2.33159
3.05862
0.472288
-16.6587
1.02187
3.53016
7.17299
11.3926
11.8009
-4.6411
-82.8923
-237.501
-536.008
-404.23
-339.361
-121.947
-63.3388
-197.319
-409.94
-570.813
-506.463
-206.983
)
;
    }
    patch4
    {
        type            calculated;
        value           nonuniform List<scalar> 
384
(
55825.8
57178.1
57147.1
97329.3
140444
90919.9
73372.4
67270.3
-99749.4
-81685.4
-119748
-151738
54548.5
57239
57205.6
97365.7
140491
90956.7
73383.2
65724.1
-98633
-81901.4
-119958
-150606
62207.9
18836.6
88167
27431.6
-73763.5
-22608.8
-98515.5
-31392.7
62226
18839.4
88184.9
27435.4
-73832.2
-22625.3
-98571.7
-31407.4
46439.1
15926
-56864.4
-18873.5
24643.2
10021.5
8506.65
3381.63
-31292.1
-12336.5
-10829.4
-4222.92
-56801.5
-18858.9
46474.1
15932.9
42968.5
32383.6
41178.3
31404.7
45916.6
14929.8
23051.8
8956.11
20646.6
7762.22
-76007.5
-57164.8
-63620.5
-49360
-56814.4
-18622.7
-36933.5
-13486.8
-30494.7
-10951.2
41977.7
31680
41291.4
31513.9
45944.3
14935.1
22572.2
8771.17
20726.4
7792.26
-75042.2
-56425.6
-63801.7
-49504.7
-56875.5
-18638.8
-36445.7
-13295.4
-30592.6
-10987.8
-31256.3
-12323.2
-10819.6
-4219.26
24666.7
10031.1
8512.17
3383.95
49412.6
34978.7
-49865.3
-35674.6
49413
34979.8
-49865
-35675.1
7586.66
7890.35
8868.38
7546.61
11550.5
7317.68
8449.17
2778.39
8299.28
15006
15206.7
25450.8
4646.75
8524.75
1933.47
3046.4
-11018
-12044.8
-11618.2
-10531.5
-13528
-9336.77
-10271.4
-3559.71
-9442.74
-15615
-16303.8
-26206.1
-5550.39
-8989.09
-2654.53
-3429.47
7524.5
7765.88
8870.03
7558.61
11551.1
7322.7
8456.6
2780.26
8300.57
15006.6
15207.4
25451.7
4648.07
8525.15
1933.73
3046.42
-10987.2
-11944.4
-11616.7
-10545.4
-13526
-9342.48
-10281.5
-3562.83
-9444.04
-15615.7
-16303.5
-26206.6
-5552.42
-8989.77
-2655.61
-3429.82
14304.1
41893.8
17229.4
43094.6
21476.4
40951.3
24200
-16448.5
-42626.2
-19011.8
-43511.7
-22744.7
-41135.4
-25586.2
14233.6
41909.8
17238.1
43088.3
21478.4
40950.1
24202
-16402.6
-42661.5
-19018.2
-43505.3
-22744.4
-41134.1
-25586.7
40904.9
39851.4
37655
34079.1
28395.3
14953.8
21344.5
9003.34
3046.15
-41995.6
-40832.4
-38438.3
-34633.6
-28741.3
-15065.3
-21546
-9062.67
-3080.47
40770.4
39851.9
37659.3
34079.8
28395.6
14954.1
21344.8
9003.5
3046.2
-41864.8
-40834.6
-38443.7
-34634.7
-28741.8
-15065.6
-21546.4
-9062.84
-3080.53
12791.7
12451.2
11793.4
10717.4
8984.38
4951.35
6924.69
3019.09
1026.59
-12974.7
-12617.4
-11929
-10816.1
-9046.51
-4970.24
-6959.69
-3029.1
-1032.22
12730.2
12448.7
11794.1
10717.2
8984.27
4951.38
6924.7
3019.12
1026.6
-12913.1
-12615.2
-11929.9
-10816
-9046.43
-4970.28
-6959.7
-3029.13
-1032.23
6126.44
5967.73
5664.12
5165.3
4354.19
2439.4
3385.69
1495.23
510.046
-6158.84
-5997.33
-5688.43
-5183.27
-4365.5
-2442.74
-3391.93
-1497.03
-510.987
6095.41
5965.61
5663.86
5164.88
4353.98
2439.39
3385.63
1495.24
510.048
-6127.76
-5995.23
-5688.19
-5182.87
-4365.3
-2442.73
-3391.88
-1497.04
-510.989
4061.51
3957.81
3758.47
3429.98
2895.59
1629.19
2255.86
1001.05
342.193
-4066.91
-3962.82
-3762.59
-3433.1
-2897.56
-1629.8
-2256.95
-1001.43
-342.347
4040.86
3956
3758.02
3429.54
2895.38
1629.18
2255.8
1001.05
342.194
-4046.24
-3961.01
-3762.14
-3432.67
-2897.35
-1629.79
-2256.88
-1001.43
-342.347
3252.76
3170.87
3010.77
2746.4
2318.26
1309.44
1809
806.295
276.063
-3253.68
-3171.81
-3011.56
-2747.07
-2318.69
-1309.61
-1809.27
-806.434
-276.096
3236.15
3169.24
3010.31
2746
2318.06
1309.43
1808.94
806.292
276.063
-3237.06
-3170.17
-3011.09
-2746.67
-2318.49
-1309.6
-1809.2
-806.431
-276.096
)
;
    }
}


// ************************************************************************* //
