/*--------------------------------*- C++ -*----------------------------------*\
  =========                 |
  \\      /  F ield         | OpenFOAM: The Open Source CFD Toolbox
   \\    /   O peration     | Website:  https://openfoam.org
    \\  /    A nd           | Version:  11
     \\/     M anipulation  |
\*---------------------------------------------------------------------------*/
FoamFile
{
    format      ascii;
    class       volScalarField;
    location    "7";
    object      nut;
}
// * * * * * * * * * * * * * * * * * * * * * * * * * * * * * * * * * * * * * //

dimensions      [0 2 -1 0 0 0 0];

internalField   nonuniform List<scalar> 
4000
(
0.00259906
0.00252106
0.00252091
0.00252091
0.00252091
0.00252091
0.00252091
0.00252091
0.00252091
0.00252091
0.00252091
0.00252091
0.00252091
0.00252091
0.00252091
0.00252091
0.00252091
0.00252091
0.00252106
0.00259906
0.00917753
0.000202079
0.000191246
0.000191245
0.000191245
0.000191245
0.000191245
0.000191245
0.000191245
0.000191245
0.000191245
0.000191245
0.000191245
0.000191245
0.000191245
0.000191245
0.000191245
0.000191246
0.000202081
0.00917751
0.0159224
0.000156311
0.000137678
0.000137677
0.000137677
0.000137677
0.000137677
0.000137677
0.000137677
0.000137677
0.000137677
0.000137677
0.000137677
0.000137677
0.000137677
0.000137677
0.000137677
0.000137678
0.000156313
0.0159224
0.0160106
0.000156379
0.00013757
0.000137569
0.000137569
0.000137569
0.000137569
0.000137569
0.000137569
0.000137569
0.000137569
0.000137569
0.000137569
0.000137569
0.000137569
0.000137569
0.000137569
0.00013757
0.000156381
0.0160105
0.0160225
0.000156398
0.00013757
0.000137569
0.000137569
0.000137569
0.000137569
0.000137569
0.000137569
0.000137569
0.000137569
0.000137569
0.000137569
0.000137569
0.000137569
0.000137569
0.000137569
0.00013757
0.0001564
0.0160225
0.0160238
0.0001564
0.00013757
0.000137569
0.000137569
0.000137569
0.000137569
0.000137569
0.000137569
0.000137569
0.000137569
0.000137569
0.000137569
0.000137569
0.000137569
0.000137569
0.000137569
0.00013757
0.000156402
0.0160237
0.0160239
0.0001564
0.00013757
0.000137569
0.000137569
0.000137569
0.000137569
0.000137569
0.000137569
0.000137569
0.000137569
0.000137569
0.000137569
0.000137569
0.000137569
0.000137569
0.000137569
0.00013757
0.000156402
0.0160238
0.0160239
0.0001564
0.00013757
0.000137569
0.000137569
0.000137569
0.000137569
0.000137569
0.000137569
0.000137569
0.000137569
0.000137569
0.000137569
0.000137569
0.000137569
0.000137569
0.000137569
0.00013757
0.000156402
0.0160239
0.0160239
0.0001564
0.00013757
0.000137569
0.000137569
0.000137569
0.000137569
0.000137569
0.000137569
0.000137569
0.000137569
0.000137569
0.000137569
0.000137569
0.000137569
0.000137569
0.000137569
0.00013757
0.000156402
0.0160239
0.0160239
0.0001564
0.00013757
0.000137569
0.000137569
0.000137569
0.000137569
0.000137569
0.000137569
0.000137569
0.000137569
0.000137569
0.000137569
0.000137569
0.000137569
0.000137569
0.000137569
0.00013757
0.000156402
0.0160239
0.0160239
0.0001564
0.00013757
0.000137569
0.000137569
0.000137569
0.000137569
0.000137569
0.000137569
0.000137569
0.000137569
0.000137569
0.000137569
0.000137569
0.000137569
0.000137569
0.000137569
0.00013757
0.000156402
0.0160239
0.0160239
0.0001564
0.00013757
0.000137569
0.000137569
0.000137569
0.000137569
0.000137569
0.000137569
0.000137569
0.000137569
0.000137569
0.000137569
0.000137569
0.000137569
0.000137569
0.000137569
0.00013757
0.000156402
0.0160239
0.0160239
0.0001564
0.00013757
0.000137569
0.000137569
0.000137569
0.000137569
0.000137569
0.000137569
0.000137569
0.000137569
0.000137569
0.000137569
0.000137569
0.000137569
0.000137569
0.000137569
0.00013757
0.000156402
0.0160239
0.0160239
0.0001564
0.00013757
0.000137569
0.000137569
0.000137569
0.000137569
0.000137569
0.000137569
0.000137569
0.000137569
0.000137569
0.000137569
0.000137569
0.000137569
0.000137569
0.000137569
0.00013757
0.000156402
0.0160238
0.0160238
0.0001564
0.00013757
0.000137569
0.000137569
0.000137569
0.000137569
0.000137569
0.000137569
0.000137569
0.000137569
0.000137569
0.000137569
0.000137569
0.000137569
0.000137569
0.000137569
0.00013757
0.000156402
0.0160237
0.0160227
0.000156398
0.00013757
0.000137569
0.000137569
0.000137569
0.000137569
0.000137569
0.000137569
0.000137569
0.000137569
0.000137569
0.000137569
0.000137569
0.000137569
0.000137569
0.000137569
0.00013757
0.0001564
0.0160227
0.0160129
0.000156383
0.00013757
0.000137569
0.000137569
0.000137569
0.000137569
0.000137569
0.000137569
0.000137569
0.000137569
0.000137569
0.000137569
0.000137569
0.000137569
0.000137569
0.000137569
0.00013757
0.000156385
0.0160129
0.0159437
0.000156458
0.000137784
0.000137783
0.000137783
0.000137783
0.000137783
0.000137783
0.000137783
0.000137783
0.000137783
0.000137783
0.000137783
0.000137783
0.000137783
0.000137783
0.000137783
0.000137784
0.00015646
0.0159436
0.00929539
0.000264592
0.000252998
0.000252997
0.000252997
0.000252997
0.000252997
0.000252997
0.000252997
0.000252997
0.000252997
0.000252997
0.000252997
0.000252997
0.000252997
0.000252997
0.000252997
0.000252998
0.000264594
0.00929537
0.00313122
0.00373261
0.00373362
0.00373362
0.00373362
0.00373362
0.00373362
0.00373362
0.00373362
0.00373362
0.00373362
0.00373362
0.00373362
0.00373362
0.00373362
0.00373362
0.00373362
0.00373362
0.00373261
0.00313122
0.000137569
0.000137569
0.000137569
0.000137569
0.000137569
0.000137569
0.000137569
0.000137569
0.000137569
0.000137569
0.000137569
0.000137569
0.000137569
0.000137569
0.000137569
0.000137569
0.000137569
0.000137569
0.000137569
0.000137569
0.000137569
0.000137569
0.000137569
0.000137569
0.000137569
0.000137569
0.000137569
0.000137569
0.000137569
0.000137569
0.000137569
0.000137569
0.000137569
0.000137569
0.000137569
0.000137569
0.000137569
0.000137569
0.000137569
0.000137569
0.000137569
0.000137569
0.000137569
0.000137569
0.000137569
0.000137569
0.000137569
0.000137569
0.000137569
0.000137569
0.000137569
0.000137569
0.000137569
0.000137569
0.000137569
0.000137569
0.000137569
0.000137569
0.000137569
0.000137569
0.000137569
0.000137569
0.000137569
0.000137569
0.000137569
0.000137569
0.000137569
0.000137569
0.000137569
0.000137569
0.000137569
0.000137569
0.000137569
0.000137569
0.000137569
0.000137569
0.000137569
0.000137569
0.000137569
0.000137569
0.000137569
0.000137569
0.000137569
0.000137569
0.000137569
0.000137569
0.000137569
0.000137569
0.000137569
0.000137569
0.000137569
0.000137569
0.000137569
0.000137569
0.000137569
0.000137569
0.000137569
0.000137569
0.000137569
0.000137569
0.000137569
0.000137569
0.000137569
0.000137569
0.000137569
0.000137569
0.000137569
0.000137569
0.000137569
0.000137569
0.000137569
0.000137569
0.000137569
0.000137569
0.000137569
0.000137569
0.000137569
0.000137569
0.000137569
0.000137569
0.000137569
0.000137569
0.000137569
0.000137569
0.000137569
0.000137569
0.000137569
0.000137569
0.000137569
0.000137569
0.000137569
0.000137569
0.000137569
0.000137569
0.000137569
0.000137569
0.000137569
0.000137569
0.000137569
0.000137569
0.000137569
0.000137569
0.000137569
0.000137569
0.000137569
0.000137569
0.000137569
0.000137569
0.000137569
0.000137569
0.000137569
0.000137569
0.000137569
0.000137569
0.000137569
0.000137569
0.000137569
0.000137569
0.000137569
0.000137569
0.000137569
0.000137569
0.000137569
0.000137569
0.000137569
0.000137569
0.000137569
0.000137569
0.000137569
0.000137569
0.000137569
0.000137569
0.000137569
0.000137569
0.000137569
0.000137569
0.000137569
0.000137569
0.000137569
0.000137569
0.000137569
0.000137569
0.000137569
0.000137569
0.000137569
0.000137569
0.000137569
0.000137569
0.000137569
0.000137569
0.000137569
0.000137569
0.000137569
0.000137569
0.000137569
0.000137569
0.000137569
0.000137569
0.000137569
0.000137569
0.000137569
0.000137569
0.000137569
0.000137569
0.000137569
0.000137569
0.000137569
0.000137569
0.000137569
0.000137569
0.000137569
0.000137569
0.000137569
0.000137569
0.000137569
0.000137569
0.000137569
0.000137569
0.000137569
0.000137569
0.000137569
0.000137569
0.000137569
0.000137569
0.000137569
0.000137569
0.000137569
0.000137569
0.000137569
0.000137569
0.000137569
0.000137569
0.000137569
0.000137569
0.000137569
0.000137569
0.000137569
0.000137569
0.000137569
0.000137569
0.000137569
0.000137569
0.000137569
0.000137569
0.000137569
0.000137569
0.000137569
0.000137569
0.000137569
0.000137569
0.000137569
0.000137569
0.000137569
0.000137569
0.000137569
0.000137569
0.000137569
0.000137569
0.000137569
0.000137569
0.000137569
0.000137569
0.000137569
0.000137569
0.000137569
0.000137569
0.000137569
0.000137569
0.000137569
0.000137569
0.000137569
0.000137569
0.000137569
0.000137569
0.000137569
0.000137569
0.000137569
0.000137569
0.000137569
0.000137569
0.000137569
0.000137569
0.000137569
0.000137569
0.000137569
0.000137569
0.000137569
0.000137569
0.000137569
0.000137569
0.000137569
0.000137569
0.000137569
0.000137569
0.000137569
0.000137569
0.000137569
0.000137569
0.000137569
0.000137569
0.000137569
0.000137569
0.000137569
0.000137569
0.000137569
0.000137569
0.000137569
0.000137569
0.000137569
0.000137569
0.000137569
0.000137569
0.000137569
0.000137569
0.000137569
0.000137569
0.000137569
0.000137569
0.000137569
0.000137569
0.000137569
0.000137569
0.000137569
0.000137569
0.000137569
0.000137569
0.000137569
0.000137569
0.000137569
0.000137569
0.000137569
0.000137569
0.000137569
0.000137569
0.000137569
0.000137569
0.000137569
0.000137569
0.000137569
0.000137569
0.000137569
0.000137569
0.000137569
0.000137569
0.000137569
0.000137569
0.000137569
0.000137569
0.000137569
0.000137569
0.000137569
0.000137569
0.000137569
0.000137569
0.000137569
0.000137569
0.000137569
0.000137569
0.000137569
0.000137569
0.000137569
0.000137569
0.000137569
0.000137569
0.000137569
0.000137569
0.000137569
0.000137569
0.000137569
0.000137569
0.000137569
0.000137569
0.000137569
0.000137569
0.000137569
0.000137569
0.000137569
0.000137569
0.000137569
0.000137569
0.000137569
0.000137569
0.000137569
0.000137569
0.000137569
0.000137569
0.000137569
0.000137569
0.000137569
0.000137569
0.000137569
0.000137569
0.000137569
0.000137569
0.000137569
0.000137569
0.000137569
0.000137569
0.000137569
0.000137568
0.000137569
0.000137569
0.000137569
0.000137569
0.000137569
0.000137569
0.000137569
0.000137569
0.000137569
0.000137569
0.000137569
0.000137569
0.000137569
0.000137569
0.000137569
0.000137569
0.000137569
0.000137569
0.000137569
0.000137569
0.000137569
0.000137569
0.000137569
0.000137569
0.000137569
0.000137569
0.000137569
0.000137569
0.000137569
0.000137569
0.000137569
0.000137569
0.000137569
0.000137569
0.000137569
0.000137569
0.000137569
0.000137569
0.000137569
0.000137569
0.000137569
0.000137569
0.000137569
0.000137569
0.000137569
0.000137569
0.000137569
0.000137569
0.000137569
0.000137569
0.000137569
0.000137569
0.000137569
0.000137569
0.000137569
0.000137569
0.000137569
0.000137569
0.000137569
0.000137569
0.000137569
0.000137569
0.000137569
0.000137569
0.000137569
0.000137569
0.000137569
0.000137569
0.000137569
0.000137569
0.000137569
0.000137569
0.000137569
0.000137569
0.000137569
0.000137569
0.000137569
0.000137569
0.000137569
0.000137569
0.000137569
0.000137569
0.000137569
0.000137569
0.000137569
0.000137569
0.000137569
0.000137569
0.000137569
0.000137569
0.000137569
0.000137569
0.000137569
0.000137569
0.000137569
0.000137569
0.000137569
0.000137569
0.000137569
0.000137569
0.000137569
0.000137569
0.000137569
0.000137569
0.000137569
0.000137569
0.000137569
0.000137569
0.000137569
0.000137569
0.000137569
0.000137569
0.000137569
0.000137569
0.000137569
0.000137569
0.000137569
0.000137569
0.000137569
0.000137569
0.000137569
0.000137569
0.000137569
0.000137569
0.000137569
0.000137569
0.000137569
0.000137569
0.000137569
0.000137569
0.000137569
0.000137569
0.000137569
0.000137569
0.000137569
0.000137569
0.000137569
0.000137569
0.000137569
0.000137569
0.000137569
0.000137569
0.000137569
0.000137569
0.000137569
0.000137569
0.000137569
0.000137569
0.000137569
0.000137569
0.000137569
0.000137569
0.000137569
0.000137569
0.000137569
0.000137569
0.000137569
0.000137569
0.000137569
0.000137569
0.000137569
0.000137569
0.000137569
0.000137569
0.000137569
0.000137569
0.000137569
0.000137569
0.000137569
0.000137569
0.000137569
0.000137569
0.000137569
0.000137569
0.000137569
0.000137569
0.000137569
0.000137569
0.000137569
0.000137569
0.000137569
0.000137569
0.000137569
0.000137569
0.000137569
0.000137569
0.000137569
0.000137569
0.000137569
0.000137569
0.000137569
0.000137569
0.000137569
0.000137569
0.000137569
0.000137569
0.000137569
0.000137569
0.000137569
0.000137569
0.000137569
0.000137569
0.000137569
0.000137569
0.000137569
0.000137569
0.000137569
0.000137569
0.000137569
0.000137569
0.000137569
0.000137569
0.000137569
0.000137569
0.000137569
0.000137569
0.000137569
0.000137569
0.000137569
0.000137569
0.000137569
0.000137569
0.000137569
0.000137569
0.000137569
0.000137569
0.000137569
0.000137569
0.000137569
0.000137569
0.000137569
0.000137569
0.000137569
0.000137569
0.000137569
0.000137569
0.000137569
0.000137569
0.000137569
0.000137569
0.000137569
0.000137569
0.000137569
0.000137569
0.000137569
0.000137569
0.000137569
0.000137569
0.000137569
0.000137569
0.000137569
0.000137569
0.000137569
0.000137569
0.000137569
0.000137569
0.000137569
0.000137569
0.000137569
0.000137569
0.000137569
0.000137569
0.000137569
0.000137569
0.000137569
0.000137569
0.000137569
0.000137569
0.000137569
0.000137569
0.000137569
0.000137569
0.000137569
0.000137569
0.000137569
0.000137569
0.000137569
0.000137569
0.000137569
0.000137569
0.000137569
0.000137569
0.000137569
0.000137569
0.000137569
0.000137569
0.000137569
0.000137569
0.000137569
0.000137569
0.000137569
0.000137569
0.000137569
0.000137569
0.000137569
0.000137569
0.000137569
0.000137569
0.000137569
0.000137569
0.000137569
0.000137569
0.000137569
0.000137569
0.000137569
0.000137569
0.000137569
0.000137569
0.000137569
0.000137569
0.000137569
0.000137569
0.000137569
0.000137569
0.000137569
0.000137569
0.000137569
0.000137569
0.000137569
0.000137569
0.000137569
0.000137569
0.000137569
0.000137569
0.000137569
0.000137569
0.000137569
0.000137569
0.000137569
0.000137569
0.000137569
0.000137569
0.000137569
0.000137569
0.000137569
0.000137569
0.000137569
0.000137569
0.000137569
0.000137569
0.000137569
0.000137569
0.000137569
0.000137569
0.000137569
0.000137569
0.000137569
0.000137569
0.000137569
0.000137569
0.000137569
0.000137569
0.000137569
0.000137569
0.000137569
0.000137569
0.000137569
0.000137569
0.000137569
0.000137569
0.000137569
0.000137569
0.000137569
0.000137569
0.000137569
0.000137569
0.000137569
0.000137569
0.000137569
0.000137569
0.000137569
0.000137569
0.000137569
0.000137569
0.000137569
0.000137569
0.000137569
0.000137569
0.000137569
0.000137569
0.000137569
0.000137569
0.000137569
0.000137569
0.000137569
0.000137569
0.000137569
0.000137569
0.000137569
0.000137569
0.000137569
0.000137569
0.000137569
0.000137569
0.000137569
0.000137569
0.000137569
0.000137569
0.000137569
0.000137568
0.000137569
0.000137569
0.000137569
0.000137569
0.000137569
0.000137569
0.000137569
0.000137569
0.000137569
0.000137569
0.000137569
0.000137569
0.000137569
0.000137569
0.000137569
0.000137569
0.000137569
0.000137569
0.000137569
0.000137569
0.000137569
0.000137569
0.000137569
0.000137569
0.000137569
0.000137569
0.000137569
0.000137569
0.000137569
0.000137569
0.000137569
0.000137569
0.000137569
0.000137569
0.000137569
0.000137569
0.000137569
0.000137569
0.000137569
0.000137569
0.000137569
0.000137569
0.000137569
0.000137569
0.000137569
0.000137569
0.000137569
0.000137569
0.000137569
0.000137569
0.000137569
0.000137569
0.000137569
0.000137569
0.000137569
0.000137569
0.000137569
0.000137569
0.000137569
0.000137569
0.000137569
0.000137569
0.000137569
0.000137569
0.000137569
0.000137569
0.000137569
0.000137569
0.000137569
0.000137569
0.000137569
0.000137569
0.000137569
0.000137569
0.000137569
0.000137569
0.000137569
0.000137569
0.000137569
0.000137569
0.000137569
0.000137569
0.000137569
0.000137569
0.000137569
0.000137569
0.000137569
0.000137569
0.000137569
0.000137569
0.000137569
0.000137569
0.000137569
0.000137569
0.000137569
0.000137569
0.000137569
0.000137569
0.000137569
0.000137569
0.000137569
0.000137569
0.000137569
0.000137569
0.000137569
0.000137569
0.000137569
0.000137569
0.000137569
0.000137569
0.000137569
0.000137569
0.000137569
0.000137569
0.000137569
0.000137569
0.000137569
0.000137569
0.000137569
0.000137569
0.000137569
0.000137569
0.000137569
0.000137569
0.000137569
0.000137569
0.000137569
0.000137569
0.000137569
0.000137569
0.000137569
0.000137569
0.000137569
0.000137569
0.000137569
0.000137569
0.000137569
0.000137569
0.000137569
0.000137569
0.000137569
0.000137569
0.000137569
0.000137569
0.000137569
0.000137569
0.000137569
0.000137569
0.000137569
0.000137569
0.000137569
0.000137569
0.000137569
0.000137569
0.000137569
0.000137569
0.000137569
0.000137569
0.000137569
0.000137569
0.000137569
0.000137569
0.000137569
0.000137569
0.000137569
0.000137569
0.000137569
0.000137569
0.000137569
0.000137569
0.000137569
0.000137569
0.000137569
0.000137569
0.000137569
0.000137569
0.000137569
0.000137569
0.000137569
0.000137569
0.000137569
0.000137569
0.000137569
0.000137569
0.000137569
0.000137569
0.000137569
0.000137569
0.000137569
0.000137569
0.000137569
0.000137569
0.000137569
0.000137569
0.000137569
0.000137569
0.000137569
0.000137569
0.000137569
0.000137569
0.000137569
0.000137569
0.000137569
0.000137569
0.000137569
0.000137569
0.000137569
0.000137569
0.000137569
0.000137569
0.000137569
0.000137569
0.000137569
0.000137569
0.000137569
0.000137569
0.000137569
0.000137569
0.000137569
0.000137569
0.000137569
0.000137569
0.000137569
0.000137569
0.000137569
0.000137569
0.000137569
0.000137569
0.000137569
0.000137569
0.000137569
0.000137569
0.000137569
0.000137569
0.000137569
0.000137569
0.000137569
0.000137569
0.000137569
0.000137569
0.000137569
0.000137569
0.000137569
0.000137569
0.000137569
0.000137569
0.000137569
0.000137569
0.000137569
0.000137569
0.000137569
0.000137569
0.000137569
0.000137569
0.000137569
0.000137569
0.000137569
0.000137569
0.000137569
0.000137569
0.000137569
0.000137569
0.000137569
0.000137569
0.000137569
0.000137569
0.000137569
0.000137569
0.000137569
0.000137569
0.000137569
0.000137569
0.000137569
0.000137569
0.000137569
0.000137569
0.000137569
0.000137569
0.000137569
0.000137569
0.000137569
0.000137569
0.000137569
0.000137569
0.000137569
0.000137569
0.000137569
0.000137569
0.000137569
0.000137569
0.000137569
0.000137569
0.000137569
0.000137569
0.000137569
0.000137569
0.000137569
0.000137569
0.000137569
0.000137569
0.000137569
0.000137569
0.000137569
0.000137569
0.000137569
0.000137569
0.000137569
0.000137569
0.000137569
0.000137569
0.000137569
0.000137569
0.000137569
0.000137569
0.000137569
0.000137569
0.000137569
0.000137569
0.000137569
0.000137569
0.000137569
0.000137569
0.000137569
0.000137569
0.000137569
0.000137569
0.000137569
0.000137569
0.000137569
0.000137569
0.000137569
0.000137569
0.000137569
0.000137569
0.000137569
0.000137569
0.000137569
0.000137569
0.000137569
0.000137569
0.000137569
0.000137569
0.000137569
0.000137569
0.000137569
0.000137569
0.000137569
0.000137569
0.000137569
0.000137569
0.000137569
0.000137569
0.000137569
0.000137569
0.000137569
0.000137569
0.000137569
0.000137569
0.000137569
0.000137569
0.000137569
0.000137569
0.000137569
0.000137569
0.000137569
0.000137569
0.000137569
0.000137569
0.000137569
0.000137569
0.000137569
0.000137569
0.000137569
0.000137569
0.000137569
0.000137569
0.000137569
0.000137569
0.000137569
0.000137569
0.000137569
0.000137569
0.000137569
0.000137569
0.000137569
0.000137569
0.000137569
0.000137569
0.000137569
0.000137569
0.000137569
0.000137569
0.000137569
0.000137569
0.000137569
0.000137569
0.000137569
0.000137569
0.000137569
0.000137568
0.000137569
0.000137569
0.000137569
0.000137569
0.000137569
0.000137569
0.000137569
0.000137569
0.000137569
0.000137569
0.000137569
0.000137569
0.000137569
0.000137569
0.000137569
0.000137569
0.000137569
0.000137569
0.000137569
0.000137569
0.000137569
0.000137569
0.000137569
0.000137569
0.000137569
0.000137569
0.000137569
0.000137569
0.000137569
0.000137569
0.000137569
0.000137569
0.000137569
0.000137569
0.000137569
0.000137569
0.000137569
0.000137569
0.000137569
0.000137569
0.000137569
0.000137569
0.000137569
0.000137569
0.000137569
0.000137569
0.000137569
0.000137569
0.000137569
0.000137569
0.000137569
0.000137569
0.000137569
0.000137569
0.000137569
0.000137569
0.000137569
0.000137569
0.000137569
0.000137569
0.000137569
0.000137569
0.000137569
0.000137569
0.000137569
0.000137569
0.000137569
0.000137569
0.000137569
0.000137569
0.000137569
0.000137569
0.000137569
0.000137569
0.000137569
0.000137569
0.000137569
0.000137569
0.000137569
0.000137569
0.000137569
0.000137569
0.000137569
0.000137569
0.000137569
0.000137569
0.000137569
0.000137569
0.000137569
0.000137569
0.000137569
0.000137569
0.000137569
0.000137569
0.000137569
0.000137569
0.000137569
0.000137569
0.000137569
0.000137569
0.000137569
0.000137569
0.000137569
0.000137569
0.000137569
0.000137569
0.000137569
0.000137569
0.000137569
0.000137569
0.000137569
0.000137569
0.000137569
0.000137569
0.000137569
0.000137569
0.000137569
0.000137569
0.000137569
0.000137569
0.000137569
0.000137569
0.000137569
0.000137569
0.000137569
0.000137569
0.000137569
0.000137569
0.000137569
0.000137569
0.000137569
0.000137569
0.000137569
0.000137569
0.000137569
0.000137569
0.000137569
0.000137569
0.000137569
0.000137569
0.000137569
0.000137569
0.000137569
0.000137569
0.000137569
0.000137569
0.000137569
0.000137569
0.000137569
0.000137569
0.000137569
0.000137569
0.000137569
0.000137569
0.000137569
0.000137569
0.000137569
0.000137569
0.000137569
0.000137569
0.000137569
0.000137569
0.000137569
0.000137569
0.000137569
0.000137569
0.000137569
0.000137569
0.000137569
0.000137569
0.000137569
0.000137569
0.000137569
0.000137569
0.000137569
0.000137569
0.000137569
0.000137569
0.000137569
0.000137569
0.000137569
0.000137569
0.000137569
0.000137569
0.000137569
0.000137569
0.000137569
0.000137569
0.000137569
0.000137569
0.000137569
0.000137569
0.000137569
0.000137569
0.000137569
0.000137569
0.000137569
0.000137569
0.000137569
0.000137569
0.000137569
0.000137569
0.000137569
0.000137569
0.000137569
0.000137569
0.000137569
0.000137569
0.000137569
0.000137569
0.000137569
0.000137569
0.000137569
0.000137569
0.000137569
0.000137569
0.000137569
0.000137569
0.000137569
0.000137569
0.000137569
0.000137569
0.000137569
0.000137569
0.000137569
0.000137569
0.000137569
0.000137569
0.000137569
0.000137569
0.000137569
0.000137569
0.000137569
0.000137569
0.000137569
0.000137569
0.000137569
0.000137569
0.000137569
0.000137569
0.000137569
0.000137569
0.000137569
0.000137569
0.000137569
0.000137569
0.000137569
0.000137569
0.000137569
0.000137569
0.000137569
0.000137569
0.000137569
0.000137569
0.000137569
0.000137569
0.000137569
0.000137569
0.000137569
0.000137569
0.000137569
0.000137569
0.000137569
0.000137569
0.000137569
0.000137569
0.000137569
0.000137569
0.000137569
0.000137569
0.000137569
0.000137569
0.000137569
0.000137569
0.000137569
0.000137569
0.000137569
0.000137569
0.000137569
0.000137569
0.000137569
0.000137569
0.000137569
0.000137569
0.000137569
0.000137569
0.000137569
0.000137569
0.000137569
0.000137569
0.000137569
0.000137569
0.000137569
0.000137569
0.000137569
0.000137569
0.000137569
0.000137569
0.000137569
0.000137569
0.000137569
0.000137569
0.000137569
0.000137569
0.000137569
0.000137569
0.000137569
0.000137569
0.000137569
0.000137569
0.000137569
0.000137569
0.000137569
0.000137569
0.000137569
0.000137569
0.000137569
0.000137569
0.000137569
0.000137569
0.000137569
0.000137569
0.000137569
0.000137569
0.000137569
0.000137569
0.000137569
0.000137569
0.000137569
0.000137569
0.000137569
0.000137569
0.000137569
0.000137569
0.000137569
0.000137569
0.000137569
0.000137569
0.000137569
0.000137569
0.000137569
0.000137569
0.000137569
0.000137569
0.000137569
0.000137569
0.000137569
0.000137569
0.000137569
0.000137569
0.000137569
0.000137569
0.000137569
0.000137569
0.000137569
0.000137569
0.000137569
0.000137569
0.000137569
0.000137569
0.000137569
0.000137569
0.000137569
0.000137569
0.000137569
0.000137569
0.000137569
0.000137569
0.000137569
0.000137569
0.000137569
0.000137569
0.000137569
0.000137569
0.000137569
0.000137569
0.000137569
0.000137569
0.000137569
0.000137569
0.000137568
0.000137568
0.000137568
0.000137568
0.000137568
0.000137568
0.000137568
0.000137568
0.000137568
0.000137568
0.000137568
0.000137568
0.000137568
0.000137568
0.000137568
0.000137568
0.000137568
0.000137568
0.000137568
0.000137568
0.000137568
0.000137568
0.000137568
0.000137568
0.000137568
0.000137568
0.000137568
0.000137568
0.000137568
0.000137568
0.000137568
0.000137568
0.000137568
0.000137568
0.000137568
0.000137568
0.000137568
0.000137568
0.000137568
0.000137568
0.000137568
0.000137568
0.000137568
0.000137568
0.000137568
0.000137568
0.000137568
0.000137568
0.000137568
0.000137568
0.000137568
0.000137568
0.000137568
0.000137568
0.000137568
0.000137568
0.000137568
0.000137568
0.000137568
0.000137568
0.000137568
0.000137568
0.000137568
0.000137568
0.000137568
0.000137568
0.000137568
0.000137568
0.000137568
0.000137568
0.000137568
0.000137568
0.000137568
0.000137568
0.000137568
0.000137568
0.000137568
0.000137568
0.000137568
0.000137568
0.000137568
0.000137568
0.000137568
0.000137568
0.000137568
0.000137568
0.000137568
0.000137568
0.000137568
0.000137568
0.000137568
0.000137568
0.000137568
0.000137568
0.000137568
0.000137568
0.000137568
0.000137568
0.000137568
0.000137568
0.000137568
0.000137568
0.000137568
0.000137568
0.000137568
0.000137568
0.000137568
0.000137568
0.000137568
0.000137568
0.000137568
0.000137568
0.000137568
0.000137568
0.000137568
0.000137568
0.000137568
0.000137568
0.000137568
0.000137568
0.000137568
0.000137568
0.000137568
0.000137568
0.000137568
0.000137568
0.000137568
0.000137568
0.000137568
0.000137568
0.000137568
0.000137568
0.000137568
0.000137568
0.000137568
0.000137568
0.000137568
0.000137568
0.000137568
0.000137568
0.000137568
0.000137568
0.000137568
0.000137568
0.000137568
0.000137568
0.000137568
0.000137568
0.000137568
0.000137568
0.000137568
0.000137568
0.000137568
0.000137568
0.000137568
0.000137568
0.000137568
0.000137568
0.000137568
0.000137568
0.000137568
0.000137568
0.000137568
0.000137568
0.000137568
0.000137568
0.000137568
0.000137568
0.000137568
0.000137568
0.000137568
0.000137568
0.000137568
0.000137568
0.000137568
0.000137568
0.000137568
0.000137568
0.000137568
0.000137568
0.000137568
0.000137568
0.000137568
0.000137568
0.000137568
0.000137568
0.000137568
0.000137568
0.000137568
0.000137568
0.000137568
0.000137568
0.000137568
0.000137568
0.000137568
0.000137568
0.000137568
0.000137568
0.000137568
0.000137568
0.000137568
0.000137568
0.000137568
0.000137568
0.000137568
0.000137568
0.000137568
0.000137568
0.000137568
0.000137568
0.000137568
0.000137568
0.000137568
0.000137568
0.000137568
0.000137568
0.000137568
0.000137568
0.000137568
0.000137568
0.000137568
0.000137568
0.000137568
0.000137568
0.000137568
0.000137568
0.000137568
0.000137568
0.000137568
0.000137568
0.000137568
0.000137568
0.000137568
0.000137568
0.000137568
0.000137568
0.000137568
0.000137568
0.000137568
0.000137568
0.000137568
0.000137568
0.000137568
0.000137568
0.000137568
0.000137568
0.000137568
0.000137568
0.000137568
0.000137568
0.000137568
0.000137568
0.000137568
0.000137568
0.000137568
0.000137568
0.000137568
0.000137568
0.000137568
0.000137568
0.000137568
0.000137568
0.000137568
0.000137568
0.000137568
0.000137568
0.000137568
0.000137568
0.000137568
0.000137568
0.000137568
0.000137568
0.000137568
0.000137568
0.000137568
0.000137568
0.000137568
0.000137568
0.000137568
0.000137568
0.000137568
0.000137568
0.000137568
0.000137568
0.000137568
0.000137568
0.000137568
0.000137568
0.000137568
0.000137568
0.000137568
0.000137568
0.000137568
0.000137568
0.000137568
0.000137568
0.000137568
0.000137568
0.000137568
0.000137568
0.000137568
0.000137568
0.000137568
0.000137568
0.000137568
0.000137568
0.000137568
0.000137568
0.000137568
0.000137568
0.000137568
0.000137568
0.000137568
0.000137568
0.000137568
0.000137568
0.000137568
0.000137568
0.000137568
0.000137568
0.000137568
0.000137568
0.000137568
0.000137568
0.000137568
0.000137568
0.000137568
0.000137568
0.000137568
0.000137568
0.000137568
0.000137568
0.000137568
0.000137568
0.000137568
0.000137568
0.000137568
0.000137568
0.000137568
0.000137568
0.000137568
0.000137568
0.000137568
0.000137568
0.000137568
0.000137568
0.000137568
0.000137568
0.000137568
0.000137568
0.000137568
0.000137568
0.000137568
0.000137568
0.000137568
0.000137568
0.000137568
0.000137568
0.000137568
0.000137568
0.000137568
0.000137568
0.000137568
0.000137568
0.000137568
0.000137568
0.000137568
0.000137568
0.000137568
0.000137568
0.000137568
0.000137568
0.000137568
0.000137568
0.000137568
0.000137568
0.000137568
0.000137568
0.000137568
0.000137568
0.000137568
0.000137568
0.000137568
0.000137568
0.000137568
0.000137568
0.000137568
0.000137568
0.000137568
0.000137568
0.000137568
0.000137568
0.000137568
0.000137568
0.000137568
0.000137568
0.000137568
0.000137568
0.000137568
0.000137568
0.000137568
0.000137568
0.000137568
0.000137568
0.000137568
0.000137568
0.000137568
0.000137568
0.000137568
0.000137568
0.000137568
0.000137568
0.000137568
0.000137568
0.000137568
0.000137568
0.000137568
0.000137568
0.000137568
0.000137568
0.000137569
0.000137569
0.000137569
0.000137569
0.000137569
0.000137569
0.000137569
0.000137569
0.000137569
0.000137569
0.000137569
0.000137569
0.000137569
0.000137569
0.000137569
0.000137569
0.000137569
0.000137569
0.000137569
0.000137568
0.000137569
0.000137569
0.000137569
0.000137569
0.000137569
0.000137569
0.000137569
0.000137569
0.000137569
0.000137569
0.000137569
0.000137569
0.000137569
0.000137569
0.000137569
0.000137569
0.000137569
0.000137569
0.000137569
0.000137568
0.000137569
0.000137569
0.000137569
0.000137569
0.000137569
0.000137569
0.000137569
0.000137569
0.000137569
0.000137569
0.000137569
0.000137569
0.000137569
0.000137569
0.000137569
0.000137569
0.000137569
0.000137569
0.000137569
0.000137568
0.000137569
0.000137569
0.000137569
0.000137569
0.000137569
0.000137569
0.000137569
0.000137569
0.000137569
0.000137569
0.000137569
0.000137569
0.000137569
0.000137569
0.000137569
0.000137569
0.000137569
0.000137569
0.000137569
0.000137568
0.000137569
0.000137569
0.000137569
0.000137569
0.000137569
0.000137569
0.000137569
0.000137569
0.000137569
0.000137569
0.000137569
0.000137569
0.000137569
0.000137569
0.000137569
0.000137569
0.000137569
0.000137569
0.000137569
0.000137568
0.000137569
0.000137569
0.000137569
0.000137569
0.000137569
0.000137569
0.000137569
0.000137569
0.000137569
0.000137569
0.000137569
0.000137569
0.000137569
0.000137569
0.000137569
0.000137569
0.000137569
0.000137569
0.000137569
0.000137568
0.000137569
0.000137569
0.000137569
0.000137569
0.000137569
0.000137569
0.000137569
0.000137569
0.000137569
0.000137569
0.000137569
0.000137569
0.000137569
0.000137569
0.000137569
0.000137569
0.000137569
0.000137569
0.000137569
0.000137568
0.000137569
0.000137569
0.000137569
0.000137569
0.000137569
0.000137569
0.000137569
0.000137569
0.000137569
0.000137569
0.000137569
0.000137569
0.000137569
0.000137569
0.000137569
0.000137569
0.000137569
0.000137569
0.000137569
0.000137568
0.000137569
0.000137569
0.000137569
0.000137569
0.000137569
0.000137569
0.000137569
0.000137569
0.000137569
0.000137569
0.000137569
0.000137569
0.000137569
0.000137569
0.000137569
0.000137569
0.000137569
0.000137569
0.000137569
0.000137568
0.000137569
0.000137569
0.000137569
0.000137569
0.000137569
0.000137569
0.000137569
0.000137569
0.000137569
0.000137569
0.000137569
0.000137569
0.000137569
0.000137569
0.000137569
0.000137569
0.000137569
0.000137569
0.000137569
0.000137568
0.000137569
0.000137569
0.000137569
0.000137569
0.000137569
0.000137569
0.000137569
0.000137569
0.000137569
0.000137569
0.000137569
0.000137569
0.000137569
0.000137569
0.000137569
0.000137569
0.000137569
0.000137569
0.000137569
0.000137568
0.000137569
0.000137569
0.000137569
0.000137569
0.000137569
0.000137569
0.000137569
0.000137569
0.000137569
0.000137569
0.000137569
0.000137569
0.000137569
0.000137569
0.000137569
0.000137569
0.000137569
0.000137569
0.000137569
0.000137568
0.000137569
0.000137569
0.000137569
0.000137569
0.000137569
0.000137569
0.000137569
0.000137569
0.000137569
0.000137569
0.000137569
0.000137569
0.000137569
0.000137569
0.000137569
0.000137569
0.000137569
0.000137569
0.000137569
0.000137568
0.000137569
0.000137569
0.000137569
0.000137569
0.000137569
0.000137569
0.000137569
0.000137569
0.000137569
0.000137569
0.000137569
0.000137569
0.000137569
0.000137569
0.000137569
0.000137569
0.000137569
0.000137569
0.000137569
0.000137568
0.000137569
0.000137569
0.000137569
0.000137569
0.000137569
0.000137569
0.000137569
0.000137569
0.000137569
0.000137569
0.000137569
0.000137569
0.000137569
0.000137569
0.000137569
0.000137569
0.000137569
0.000137569
0.000137569
0.000137568
0.000137569
0.000137569
0.000137569
0.000137569
0.000137569
0.000137569
0.000137569
0.000137569
0.000137569
0.000137569
0.000137569
0.000137569
0.000137569
0.000137569
0.000137569
0.000137569
0.000137569
0.000137569
0.000137569
0.000137568
0.000137569
0.000137569
0.000137569
0.000137569
0.000137569
0.000137569
0.000137569
0.000137569
0.000137569
0.000137569
0.000137569
0.000137569
0.000137569
0.000137569
0.000137569
0.000137569
0.000137569
0.000137569
0.000137569
0.000137568
0.000137569
0.000137569
0.000137569
0.000137569
0.000137569
0.000137569
0.000137569
0.000137569
0.000137569
0.000137569
0.000137569
0.000137569
0.000137569
0.000137569
0.000137569
0.000137569
0.000137569
0.000137569
0.000137569
0.000137568
0.000137569
0.000137569
0.000137569
0.000137569
0.000137569
0.000137569
0.000137569
0.000137569
0.000137569
0.000137569
0.000137569
0.000137569
0.000137569
0.000137569
0.000137569
0.000137569
0.000137569
0.000137569
0.000137569
0.000137568
0.000137569
0.000137569
0.000137569
0.000137569
0.000137569
0.000137569
0.000137569
0.000137569
0.000137569
0.000137569
0.000137569
0.000137569
0.000137569
0.000137569
0.000137569
0.000137569
0.000137569
0.000137569
0.000137569
0.000137568
0.000137569
0.000137569
0.000137569
0.000137569
0.000137569
0.000137569
0.000137569
0.000137569
0.000137569
0.000137569
0.000137569
0.000137569
0.000137569
0.000137569
0.000137569
0.000137569
0.000137569
0.000137569
0.000137569
0.000137568
0.000137569
0.000137569
0.000137569
0.000137569
0.000137569
0.000137569
0.000137569
0.000137569
0.000137569
0.000137569
0.000137569
0.000137569
0.000137569
0.000137569
0.000137569
0.000137569
0.000137569
0.000137569
0.000137569
0.000137568
0.000137569
0.000137569
0.000137569
0.000137569
0.000137569
0.000137569
0.000137569
0.000137569
0.000137569
0.000137569
0.000137569
0.000137569
0.000137569
0.000137569
0.000137569
0.000137569
0.000137569
0.000137569
0.000137569
0.000137568
0.000137569
0.000137569
0.000137569
0.000137569
0.000137569
0.000137569
0.000137569
0.000137569
0.000137569
0.000137569
0.000137569
0.000137569
0.000137569
0.000137569
0.000137569
0.000137569
0.000137569
0.000137569
0.000137569
0.000137568
0.000137569
0.000137569
0.000137569
0.000137569
0.000137569
0.000137569
0.000137569
0.000137569
0.000137569
0.000137569
0.000137569
0.000137569
0.000137569
0.000137569
0.000137569
0.000137569
0.000137569
0.000137569
0.000137569
0.000137568
0.000137569
0.000137569
0.000137569
0.000137569
0.000137569
0.000137569
0.000137569
0.000137569
0.000137569
0.000137569
0.000137569
0.000137569
0.000137569
0.000137569
0.000137569
0.000137569
0.000137569
0.000137569
0.000137569
0.000137568
0.000137569
0.000137569
0.000137569
0.000137569
0.000137569
0.000137569
0.000137569
0.000137569
0.000137569
0.000137569
0.000137569
0.000137569
0.000137569
0.000137569
0.000137569
0.000137569
0.000137569
0.000137569
0.000137569
0.000137568
0.000137569
0.000137569
0.000137569
0.000137569
0.000137569
0.000137569
0.000137569
0.000137569
0.000137569
0.000137569
0.000137569
0.000137569
0.000137569
0.000137569
0.000137569
0.000137569
0.000137569
0.000137569
0.000137569
0.000137568
0.000137569
0.000137569
0.000137569
0.000137569
0.000137569
0.000137569
0.000137569
0.000137569
0.000137569
0.000137569
0.000137569
0.000137569
0.000137569
0.000137569
0.000137569
0.000137569
0.000137569
0.000137569
0.000137569
0.000137568
0.000137569
0.000137569
0.000137569
0.000137569
0.000137569
0.000137569
0.000137569
0.000137569
0.000137569
0.000137569
0.000137569
0.000137569
0.000137569
0.000137569
0.000137569
0.000137569
0.000137569
0.000137569
0.000137569
0.000137568
0.000137569
0.000137569
0.000137569
0.000137569
0.000137569
0.000137569
0.000137569
0.000137569
0.000137569
0.000137569
0.000137569
0.000137569
0.000137569
0.000137569
0.000137569
0.000137569
0.000137569
0.000137569
0.000137569
0.000137568
0.000137569
0.000137569
0.000137569
0.000137569
0.000137569
0.000137569
0.000137569
0.000137569
0.000137569
0.000137569
0.000137569
0.000137569
0.000137569
0.000137569
0.000137569
0.000137569
0.000137569
0.000137569
0.000137569
0.000137568
0.000137569
0.000137569
0.000137569
0.000137569
0.000137569
0.000137569
0.000137569
0.000137569
0.000137569
0.000137569
0.000137569
0.000137569
0.000137569
0.000137569
0.000137569
0.000137569
0.000137569
0.000137569
0.000137569
0.000137568
0.000137569
0.000137569
0.000137569
0.000137569
0.000137569
0.000137569
0.000137569
0.000137569
0.000137569
0.000137569
0.000137569
0.000137569
0.000137569
0.000137569
0.000137569
0.000137569
0.000137569
0.000137569
0.000137569
0.000137568
0.000137569
0.000137569
0.000137569
0.000137569
0.000137569
0.000137569
0.000137569
0.000137569
0.000137569
0.000137569
0.000137569
0.000137569
0.000137569
0.000137569
0.000137569
0.000137569
0.000137569
0.000137569
0.000137569
0.000137568
0.000137569
0.000137569
0.000137569
0.000137569
0.000137569
0.000137569
0.000137569
0.000137569
0.000137569
0.000137569
0.000137569
0.000137569
0.000137569
0.000137569
0.000137569
0.000137569
0.000137569
0.000137569
0.000137569
0.000137568
0.000137569
0.000137569
0.000137569
0.000137569
0.000137569
0.000137569
0.000137569
0.000137569
0.000137569
0.000137569
0.000137569
0.000137569
0.000137569
0.000137569
0.000137569
0.000137569
0.000137569
0.000137569
0.000137569
0.000137568
0.000137569
0.000137569
0.000137569
0.000137569
0.000137569
0.000137569
0.000137569
0.000137569
0.000137569
0.000137569
0.000137569
0.000137569
0.000137569
0.000137569
0.000137569
0.000137569
0.000137569
0.000137569
0.000137569
0.000137568
0.000137569
0.000137569
0.000137569
0.000137569
0.000137569
0.000137569
0.000137569
0.000137569
0.000137569
0.000137569
0.000137569
0.000137569
0.000137569
0.000137569
0.000137569
0.000137569
0.000137569
0.000137569
0.000137569
0.000137568
0.000137569
0.000137569
0.000137569
0.000137569
0.000137569
0.000137569
0.000137569
0.000137569
0.000137569
0.000137569
0.000137569
0.000137569
0.000137569
0.000137569
0.000137569
0.000137569
0.000137569
0.000137569
0.000137569
0.000137568
0.000137569
0.000137569
0.000137569
0.000137569
0.000137569
0.000137569
0.000137569
0.000137569
0.000137569
0.000137569
0.000137569
0.000137569
0.000137569
0.000137569
0.000137569
0.000137569
0.000137569
0.000137569
0.000137569
0.000137568
0.000137569
0.000137569
0.000137569
0.000137569
0.000137569
0.000137569
0.000137569
0.000137569
0.000137569
0.000137569
0.000137569
0.000137569
0.000137569
0.000137569
0.000137569
0.000137569
0.000137569
0.000137569
0.000137569
0.000137568
0.000137569
0.000137569
0.000137569
0.000137569
0.000137569
0.000137569
0.000137569
0.000137569
0.000137569
0.000137569
0.000137569
0.000137569
0.000137569
0.000137569
0.000137569
0.000137569
0.000137569
0.000137569
0.000137569
0.000137568
0.000137569
0.000137569
0.000137569
0.000137569
0.000137569
0.000137569
0.000137569
0.000137569
0.000137569
0.000137569
0.000137569
0.000137569
0.000137569
0.000137569
0.000137569
0.000137569
0.000137569
0.000137569
0.000137569
0.000137568
0.000137569
0.000137569
0.000137569
0.000137569
0.000137569
0.000137569
0.000137569
0.000137569
0.000137569
0.000137569
0.000137569
0.000137569
0.000137569
0.000137569
0.000137569
0.000137569
0.000137569
0.000137569
0.000137569
0.000137568
0.000137569
0.000137569
0.000137569
0.000137569
0.000137569
0.000137569
0.000137569
0.000137569
0.000137569
0.000137569
0.000137569
0.000137569
0.000137569
0.000137569
0.000137569
0.000137569
0.000137569
0.000137569
0.000137569
0.000137568
0.000137569
0.000137569
0.000137569
0.000137569
0.000137569
0.000137569
0.000137569
0.000137569
0.000137569
0.000137569
0.000137569
0.000137569
0.000137569
0.000137569
0.000137569
0.000137569
0.000137569
0.000137569
0.000137569
0.000137568
0.000137569
0.000137569
0.000137569
0.000137569
0.000137569
0.000137569
0.000137569
0.000137569
0.000137569
0.000137569
0.000137569
0.000137569
0.000137569
0.000137569
0.000137569
0.000137569
0.000137569
0.000137569
0.000137569
0.000137568
0.000137569
0.000137569
0.000137569
0.000137569
0.000137569
0.000137569
0.000137569
0.000137569
0.000137569
0.000137569
0.000137569
0.000137569
0.000137569
0.000137569
0.000137569
0.000137569
0.000137569
0.000137569
0.000137569
0.000137568
0.000137569
0.000137569
0.000137569
0.000137569
0.000137569
0.000137569
0.000137569
0.000137569
0.000137569
0.000137569
0.000137569
0.000137569
0.000137569
0.000137569
0.000137569
0.000137569
0.000137569
0.000137569
0.000137569
0.000137568
0.000137569
0.000137569
0.000137569
0.000137569
0.000137569
0.000137569
0.000137569
0.000137569
0.000137569
0.000137569
0.000137569
0.000137569
0.000137569
0.000137569
0.000137569
0.000137569
0.000137569
0.000137569
0.000137569
0.000137568
0.000137569
0.000137569
0.000137569
0.000137569
0.000137569
0.000137569
0.000137569
0.000137569
0.000137569
0.000137569
0.000137569
0.000137569
0.000137569
0.000137569
0.000137569
0.000137569
0.000137569
0.000137569
0.000137569
0.000137568
0.000137569
0.000137569
0.000137569
0.000137569
0.000137569
0.000137569
0.000137569
0.000137569
0.000137569
0.000137569
0.000137569
0.000137569
0.000137569
0.000137569
0.000137569
0.000137569
0.000137569
0.000137569
0.000137569
0.000137568
0.000137569
0.000137569
0.000137569
0.000137569
0.000137569
0.000137569
0.000137569
0.000137569
0.000137569
0.000137569
0.000137569
0.000137569
0.000137569
0.000137569
0.000137569
0.000137569
0.000137569
0.000137569
0.000137569
0.000137568
0.000137569
0.000137569
0.000137569
0.000137569
0.000137569
0.000137569
0.000137569
0.000137569
0.000137569
0.000137569
0.000137569
0.000137569
0.000137569
0.000137569
0.000137569
0.000137569
0.000137569
0.000137569
0.000137569
0.000137568
0.000137569
0.000137569
0.000137569
0.000137569
0.000137569
0.000137569
0.000137569
0.000137569
0.000137569
0.000137569
0.000137569
0.000137569
0.000137569
0.000137569
0.000137569
0.000137569
0.000137569
0.000137569
0.000137569
0.000137568
0.000137569
0.000137569
0.000137569
0.000137569
0.000137569
0.000137569
0.000137569
0.000137569
0.000137569
0.000137569
0.000137569
0.000137569
0.000137569
0.000137569
0.000137569
0.000137569
0.000137569
0.000137569
0.000137569
0.000137568
0.000137569
0.000137569
0.000137569
0.000137569
0.000137569
0.000137569
0.000137569
0.000137569
0.000137569
0.000137569
0.000137569
0.000137569
0.000137569
0.000137569
0.000137569
0.000137569
0.000137569
0.000137569
0.000137569
0.000137568
0.000137569
0.000137569
0.000137569
0.000137569
0.000137569
0.000137569
0.000137569
0.000137569
0.000137569
0.000137569
0.000137569
0.000137569
0.000137569
0.000137569
0.000137569
0.000137569
0.000137569
0.000137569
0.000137569
0.000137568
0.000137569
0.000137569
0.000137569
0.000137569
0.000137569
0.000137569
0.000137569
0.000137569
0.000137569
0.000137569
0.000137569
0.000137569
0.000137569
0.000137569
0.000137569
0.000137569
0.000137569
0.000137569
0.000137569
0.000137568
0.000137569
0.000137569
0.000137569
0.000137569
0.000137569
0.000137569
0.000137569
0.000137569
0.000137569
0.000137569
0.000137569
0.000137569
0.000137569
0.000137569
0.000137569
0.000137569
0.000137569
0.000137569
0.000137569
0.000137568
0.000137569
0.000137569
0.000137569
0.000137569
0.000137569
0.000137569
0.000137569
0.000137569
0.000137569
0.000137569
0.000137569
0.000137569
0.000137569
0.000137569
0.000137569
0.000137569
0.000137569
0.000137569
0.000137569
0.000137568
0.000137569
0.000137569
0.000137569
0.000137569
0.000137569
0.000137569
0.000137569
0.000137569
0.000137569
0.000137569
0.000137569
0.000137569
0.000137569
0.000137569
0.000137569
0.000137569
0.000137569
0.000137569
0.000137569
0.000137568
0.000137569
0.000137569
0.000137569
0.000137569
0.000137569
0.000137569
0.000137569
0.000137569
0.000137569
0.000137569
0.000137569
0.000137569
0.000137569
0.000137569
0.000137569
0.000137569
0.000137569
0.000137569
0.000137569
0.000137568
0.000137569
0.000137569
0.000137569
0.000137569
0.000137569
0.000137569
0.000137569
0.000137569
0.000137569
0.000137569
0.000137569
0.000137569
0.000137569
0.000137569
0.000137569
0.000137569
0.000137569
0.000137569
0.000137569
0.000137568
0.000137569
0.000137569
0.000137569
0.000137569
0.000137569
0.000137569
0.000137569
0.000137569
0.000137569
0.000137569
0.000137569
0.000137569
0.000137569
0.000137569
0.000137569
0.000137569
0.000137569
0.000137569
0.000137569
0.000137568
0.000137569
0.000137569
0.000137569
0.000137569
0.000137569
0.000137569
0.000137569
0.000137569
0.000137569
0.000137569
0.000137569
0.000137569
0.000137569
0.000137569
0.000137569
0.000137569
0.000137569
0.000137569
0.000137569
0.000137568
0.000137569
0.000137569
0.000137569
0.000137569
0.000137569
0.000137569
0.000137569
0.000137569
0.000137569
0.000137569
0.000137569
0.000137569
0.000137569
0.000137569
0.000137569
0.000137569
0.000137569
0.000137569
0.000137569
0.000137568
0.000137569
0.000137569
0.000137569
0.000137569
0.000137569
0.000137569
0.000137569
0.000137569
0.000137569
0.000137569
0.000137569
0.000137569
0.000137569
0.000137569
0.000137569
0.000137569
0.000137569
0.000137569
0.000137569
0.000137568
0.000137569
0.000137569
0.000137569
0.000137569
0.000137569
0.000137569
0.000137569
0.000137569
0.000137569
0.000137569
0.000137569
0.000137569
0.000137569
0.000137569
0.000137569
0.000137569
0.000137569
0.000137569
0.000137569
0.000137568
0.000137569
0.000137569
0.000137569
0.000137569
0.000137569
0.000137569
0.000137569
0.000137569
0.000137569
0.000137569
0.000137569
0.000137569
0.000137569
0.000137569
0.000137569
0.000137569
0.000137569
0.000137569
0.000137569
0.000137568
0.000137569
0.000137569
0.000137569
0.000137569
0.000137569
0.000137569
0.000137569
0.000137569
0.000137569
0.000137569
0.000137569
0.000137569
0.000137569
0.000137569
0.000137569
0.000137569
0.000137569
0.000137569
0.000137569
0.000137568
0.000137569
0.000137569
0.000137569
0.000137569
0.000137569
0.000137569
0.000137569
0.000137569
0.000137569
0.000137569
0.000137569
0.000137569
0.000137569
0.000137569
0.000137569
0.000137569
0.000137569
0.000137569
0.000137569
0.000137568
0.000137569
0.000137569
0.000137569
0.000137569
0.000137569
0.000137569
0.000137569
0.000137569
0.000137569
0.000137569
0.000137569
0.000137569
0.000137569
0.000137569
0.000137569
0.000137569
0.000137569
0.000137569
0.000137569
0.000137568
0.000137569
0.000137569
0.000137569
0.000137569
0.000137569
0.000137569
0.000137569
0.000137569
0.000137569
0.000137569
0.000137569
0.000137569
0.000137569
0.000137569
0.000137569
0.000137569
0.000137569
0.000137569
0.000137569
0.000137568
0.000137569
0.000137569
0.000137569
0.000137569
0.000137569
0.000137569
0.000137569
0.000137569
0.000137569
0.000137569
0.000137569
0.000137569
0.000137569
0.000137569
0.000137569
0.000137569
0.000137569
0.000137569
0.000137569
0.000137568
0.000137569
0.000137569
0.000137569
0.000137569
0.000137569
0.000137569
0.000137569
0.000137569
0.000137569
0.000137569
0.000137569
0.000137569
0.000137569
0.000137569
0.000137569
0.000137569
0.000137569
0.000137569
0.000137569
0.000137568
0.000137569
0.000137569
0.000137569
0.000137569
0.000137569
0.000137569
0.000137569
0.000137569
0.000137569
0.000137569
0.000137569
0.000137569
0.000137569
0.000137569
0.000137569
0.000137569
0.000137569
0.000137569
0.000137569
0.000137568
0.000137569
0.000137569
0.000137569
0.000137569
0.000137569
0.000137569
0.000137569
0.000137569
0.000137569
0.000137569
0.000137569
0.000137569
0.000137569
0.000137569
0.000137569
0.000137569
0.000137569
0.000137569
0.000137569
0.000137568
0.000137569
0.000137569
0.000137569
0.000137569
0.000137569
0.000137569
0.000137569
0.000137569
0.000137569
0.000137569
0.000137569
0.000137569
0.000137569
0.000137569
0.000137569
0.000137569
0.000137569
0.000137569
0.000137569
0.000137568
)
;

boundaryField
{
    movingWall
    {
        type            nutkWallFunction;
        Cmu             0.09;
        kappa           0.41;
        E               9.8;
        value           nonuniform List<scalar> 
20
(
0.000341064
0.000400297
0.000400395
0.000400395
0.000400395
0.000400395
0.000400395
0.000400395
0.000400395
0.000400395
0.000400395
0.000400395
0.000400395
0.000400395
0.000400395
0.000400395
0.000400395
0.000400395
0.000400297
0.000341064
)
;
    }
    fixedWalls
    {
        type            nutkWallFunction;
        Cmu             0.09;
        kappa           0.41;
        E               9.8;
        value           nonuniform List<scalar> 
60
(
0.000287698
0.000908328
0.00149991
0.00150745
0.00150847
0.00150858
0.00150859
0.00150859
0.00150859
0.00150859
0.00150859
0.00150859
0.00150859
0.00150859
0.00150858
0.00150849
0.00150765
0.00150173
0.000918901
0.000341064
0.000287698
0.000908326
0.00149991
0.00150745
0.00150847
0.00150857
0.00150858
0.00150858
0.00150859
0.00150859
0.00150859
0.00150859
0.00150858
0.00150858
0.00150858
0.00150848
0.00150765
0.00150172
0.000918899
0.000341064
0.000287698
0.000279797
0.000279781
0.000279781
0.000279781
0.000279781
0.000279781
0.000279781
0.000279781
0.000279781
0.000279781
0.000279781
0.000279781
0.000279781
0.000279781
0.000279781
0.000279781
0.000279781
0.000279797
0.000287698
)
;
    }
    frontAndBack
    {
        type            empty;
    }
    defaultFaces
    {
        type            empty;
    }
}


// ************************************************************************* //
