/*--------------------------------*- C++ -*----------------------------------*\
  =========                 |
  \\      /  F ield         | OpenFOAM: The Open Source CFD Toolbox
   \\    /   O peration     | Website:  https://openfoam.org
    \\  /    A nd           | Version:  11
     \\/     M anipulation  |
\*---------------------------------------------------------------------------*/
FoamFile
{
    format      ascii;
    class       volScalarField;
    location    "7";
    object      epsilon;
}
// * * * * * * * * * * * * * * * * * * * * * * * * * * * * * * * * * * * * * //

dimensions      [0 2 -3 0 0 0 0];

internalField   nonuniform List<scalar> 
4000
(
0.000159369
0.000145496
0.00014547
0.00014547
0.00014547
0.00014547
0.00014547
0.00014547
0.00014547
0.00014547
0.00014547
0.00014547
0.00014547
0.00014547
0.00014547
0.00014547
0.00014547
0.00014547
0.000145496
0.000159369
8.65397e-05
3.76504e-05
3.69052e-05
3.69051e-05
3.69051e-05
3.69051e-05
3.69051e-05
3.69051e-05
3.69051e-05
3.69051e-05
3.69051e-05
3.69051e-05
3.69051e-05
3.69051e-05
3.69051e-05
3.69051e-05
3.69051e-05
3.69052e-05
3.76506e-05
8.65392e-05
5.85526e-05
3.30201e-05
3.16434e-05
3.16433e-05
3.16433e-05
3.16433e-05
3.16433e-05
3.16433e-05
3.16433e-05
3.16433e-05
3.16433e-05
3.16433e-05
3.16433e-05
3.16433e-05
3.16433e-05
3.16433e-05
3.16433e-05
3.16434e-05
3.30203e-05
5.85521e-05
5.95263e-05
3.30185e-05
3.16317e-05
3.16316e-05
3.16316e-05
3.16316e-05
3.16316e-05
3.16316e-05
3.16316e-05
3.16316e-05
3.16316e-05
3.16316e-05
3.16316e-05
3.16316e-05
3.16316e-05
3.16316e-05
3.16316e-05
3.16317e-05
3.30186e-05
5.95257e-05
5.96583e-05
3.30194e-05
3.16317e-05
3.16316e-05
3.16316e-05
3.16316e-05
3.16316e-05
3.16316e-05
3.16316e-05
3.16316e-05
3.16316e-05
3.16316e-05
3.16316e-05
3.16316e-05
3.16316e-05
3.16316e-05
3.16316e-05
3.16317e-05
3.30195e-05
5.96578e-05
5.96724e-05
3.30194e-05
3.16317e-05
3.16316e-05
3.16316e-05
3.16316e-05
3.16316e-05
3.16316e-05
3.16316e-05
3.16316e-05
3.16316e-05
3.16316e-05
3.16316e-05
3.16316e-05
3.16316e-05
3.16316e-05
3.16316e-05
3.16317e-05
3.30196e-05
5.96719e-05
5.96737e-05
3.30194e-05
3.16317e-05
3.16316e-05
3.16316e-05
3.16316e-05
3.16316e-05
3.16316e-05
3.16316e-05
3.16316e-05
3.16316e-05
3.16316e-05
3.16316e-05
3.16316e-05
3.16316e-05
3.16316e-05
3.16316e-05
3.16317e-05
3.30196e-05
5.96731e-05
5.96738e-05
3.30194e-05
3.16317e-05
3.16316e-05
3.16316e-05
3.16316e-05
3.16316e-05
3.16316e-05
3.16316e-05
3.16316e-05
3.16316e-05
3.16316e-05
3.16316e-05
3.16316e-05
3.16316e-05
3.16316e-05
3.16316e-05
3.16317e-05
3.30196e-05
5.96732e-05
5.96738e-05
3.30194e-05
3.16317e-05
3.16316e-05
3.16316e-05
3.16316e-05
3.16316e-05
3.16316e-05
3.16316e-05
3.16316e-05
3.16316e-05
3.16316e-05
3.16316e-05
3.16316e-05
3.16316e-05
3.16316e-05
3.16316e-05
3.16317e-05
3.30196e-05
5.96732e-05
5.96738e-05
3.30194e-05
3.16317e-05
3.16316e-05
3.16316e-05
3.16316e-05
3.16316e-05
3.16316e-05
3.16316e-05
3.16316e-05
3.16316e-05
3.16316e-05
3.16316e-05
3.16316e-05
3.16316e-05
3.16316e-05
3.16316e-05
3.16317e-05
3.30196e-05
5.96732e-05
5.96738e-05
3.30194e-05
3.16317e-05
3.16316e-05
3.16316e-05
3.16316e-05
3.16316e-05
3.16316e-05
3.16316e-05
3.16316e-05
3.16316e-05
3.16316e-05
3.16316e-05
3.16316e-05
3.16316e-05
3.16316e-05
3.16316e-05
3.16317e-05
3.30196e-05
5.96732e-05
5.96738e-05
3.30194e-05
3.16317e-05
3.16316e-05
3.16316e-05
3.16316e-05
3.16316e-05
3.16316e-05
3.16316e-05
3.16316e-05
3.16316e-05
3.16316e-05
3.16316e-05
3.16316e-05
3.16316e-05
3.16316e-05
3.16316e-05
3.16317e-05
3.30196e-05
5.96732e-05
5.96738e-05
3.30194e-05
3.16317e-05
3.16316e-05
3.16316e-05
3.16316e-05
3.16316e-05
3.16316e-05
3.16316e-05
3.16316e-05
3.16316e-05
3.16316e-05
3.16316e-05
3.16316e-05
3.16316e-05
3.16316e-05
3.16316e-05
3.16317e-05
3.30196e-05
5.96732e-05
5.96737e-05
3.30194e-05
3.16317e-05
3.16316e-05
3.16316e-05
3.16316e-05
3.16316e-05
3.16316e-05
3.16316e-05
3.16316e-05
3.16316e-05
3.16316e-05
3.16316e-05
3.16316e-05
3.16316e-05
3.16316e-05
3.16316e-05
3.16317e-05
3.30196e-05
5.96731e-05
5.96726e-05
3.30194e-05
3.16317e-05
3.16316e-05
3.16316e-05
3.16316e-05
3.16316e-05
3.16316e-05
3.16316e-05
3.16316e-05
3.16316e-05
3.16316e-05
3.16316e-05
3.16316e-05
3.16316e-05
3.16316e-05
3.16316e-05
3.16317e-05
3.30196e-05
5.96721e-05
5.96607e-05
3.30194e-05
3.16317e-05
3.16316e-05
3.16316e-05
3.16316e-05
3.16316e-05
3.16316e-05
3.16316e-05
3.16316e-05
3.16316e-05
3.16316e-05
3.16316e-05
3.16316e-05
3.16316e-05
3.16316e-05
3.16316e-05
3.16317e-05
3.30195e-05
5.96601e-05
5.9552e-05
3.30187e-05
3.16317e-05
3.16316e-05
3.16316e-05
3.16316e-05
3.16316e-05
3.16316e-05
3.16316e-05
3.16316e-05
3.16316e-05
3.16316e-05
3.16316e-05
3.16316e-05
3.16316e-05
3.16316e-05
3.16316e-05
3.16317e-05
3.30188e-05
5.95515e-05
5.87859e-05
3.30328e-05
3.16543e-05
3.16542e-05
3.16542e-05
3.16542e-05
3.16542e-05
3.16542e-05
3.16542e-05
3.16542e-05
3.16542e-05
3.16542e-05
3.16542e-05
3.16542e-05
3.16542e-05
3.16542e-05
3.16542e-05
3.16543e-05
3.30329e-05
5.87854e-05
8.9902e-05
4.42842e-05
4.35623e-05
4.35623e-05
4.35623e-05
4.35623e-05
4.35623e-05
4.35623e-05
4.35623e-05
4.35623e-05
4.35623e-05
4.35623e-05
4.35623e-05
4.35623e-05
4.35623e-05
4.35623e-05
4.35623e-05
4.35623e-05
4.42843e-05
8.99015e-05
0.000278317
0.000470881
0.000471261
0.000471261
0.000471261
0.000471261
0.000471261
0.000471261
0.000471261
0.000471261
0.000471261
0.000471261
0.000471261
0.000471261
0.000471261
0.000471261
0.000471261
0.000471261
0.000470882
0.000278317
3.16318e-05
3.16318e-05
3.16318e-05
3.16318e-05
3.16318e-05
3.16318e-05
3.16318e-05
3.16318e-05
3.16318e-05
3.16318e-05
3.16318e-05
3.16318e-05
3.16318e-05
3.16318e-05
3.16318e-05
3.16318e-05
3.16318e-05
3.16318e-05
3.16318e-05
3.16316e-05
3.16318e-05
3.16318e-05
3.16318e-05
3.16318e-05
3.16318e-05
3.16318e-05
3.16318e-05
3.16318e-05
3.16318e-05
3.16318e-05
3.16318e-05
3.16318e-05
3.16318e-05
3.16318e-05
3.16318e-05
3.16318e-05
3.16318e-05
3.16318e-05
3.16318e-05
3.16316e-05
3.16318e-05
3.16318e-05
3.16318e-05
3.16318e-05
3.16318e-05
3.16318e-05
3.16318e-05
3.16318e-05
3.16318e-05
3.16318e-05
3.16318e-05
3.16318e-05
3.16318e-05
3.16318e-05
3.16318e-05
3.16318e-05
3.16318e-05
3.16318e-05
3.16318e-05
3.16316e-05
3.16318e-05
3.16318e-05
3.16318e-05
3.16318e-05
3.16318e-05
3.16318e-05
3.16318e-05
3.16318e-05
3.16318e-05
3.16318e-05
3.16318e-05
3.16318e-05
3.16318e-05
3.16318e-05
3.16318e-05
3.16318e-05
3.16318e-05
3.16318e-05
3.16318e-05
3.16316e-05
3.16318e-05
3.16318e-05
3.16318e-05
3.16318e-05
3.16318e-05
3.16318e-05
3.16318e-05
3.16318e-05
3.16318e-05
3.16318e-05
3.16318e-05
3.16318e-05
3.16318e-05
3.16318e-05
3.16318e-05
3.16318e-05
3.16318e-05
3.16318e-05
3.16318e-05
3.16316e-05
3.16318e-05
3.16318e-05
3.16318e-05
3.16318e-05
3.16318e-05
3.16318e-05
3.16318e-05
3.16318e-05
3.16318e-05
3.16318e-05
3.16318e-05
3.16318e-05
3.16318e-05
3.16318e-05
3.16318e-05
3.16318e-05
3.16318e-05
3.16318e-05
3.16318e-05
3.16316e-05
3.16318e-05
3.16318e-05
3.16318e-05
3.16318e-05
3.16318e-05
3.16318e-05
3.16318e-05
3.16318e-05
3.16318e-05
3.16318e-05
3.16318e-05
3.16318e-05
3.16318e-05
3.16318e-05
3.16318e-05
3.16318e-05
3.16318e-05
3.16318e-05
3.16318e-05
3.16316e-05
3.16318e-05
3.16318e-05
3.16318e-05
3.16318e-05
3.16318e-05
3.16318e-05
3.16318e-05
3.16318e-05
3.16318e-05
3.16318e-05
3.16318e-05
3.16318e-05
3.16318e-05
3.16318e-05
3.16318e-05
3.16318e-05
3.16318e-05
3.16318e-05
3.16318e-05
3.16316e-05
3.16318e-05
3.16318e-05
3.16318e-05
3.16318e-05
3.16318e-05
3.16318e-05
3.16318e-05
3.16318e-05
3.16318e-05
3.16318e-05
3.16318e-05
3.16318e-05
3.16318e-05
3.16318e-05
3.16318e-05
3.16318e-05
3.16318e-05
3.16318e-05
3.16318e-05
3.16316e-05
3.16318e-05
3.16318e-05
3.16318e-05
3.16318e-05
3.16318e-05
3.16318e-05
3.16318e-05
3.16318e-05
3.16318e-05
3.16318e-05
3.16318e-05
3.16318e-05
3.16318e-05
3.16318e-05
3.16318e-05
3.16318e-05
3.16318e-05
3.16318e-05
3.16318e-05
3.16316e-05
3.16318e-05
3.16318e-05
3.16318e-05
3.16318e-05
3.16318e-05
3.16318e-05
3.16318e-05
3.16318e-05
3.16318e-05
3.16318e-05
3.16318e-05
3.16318e-05
3.16318e-05
3.16318e-05
3.16318e-05
3.16318e-05
3.16318e-05
3.16318e-05
3.16318e-05
3.16316e-05
3.16318e-05
3.16318e-05
3.16318e-05
3.16318e-05
3.16318e-05
3.16318e-05
3.16318e-05
3.16318e-05
3.16318e-05
3.16318e-05
3.16318e-05
3.16318e-05
3.16318e-05
3.16318e-05
3.16318e-05
3.16318e-05
3.16318e-05
3.16318e-05
3.16318e-05
3.16316e-05
3.16318e-05
3.16318e-05
3.16318e-05
3.16318e-05
3.16318e-05
3.16318e-05
3.16318e-05
3.16318e-05
3.16318e-05
3.16318e-05
3.16318e-05
3.16318e-05
3.16318e-05
3.16318e-05
3.16318e-05
3.16318e-05
3.16318e-05
3.16318e-05
3.16318e-05
3.16316e-05
3.16318e-05
3.16318e-05
3.16318e-05
3.16318e-05
3.16318e-05
3.16318e-05
3.16318e-05
3.16318e-05
3.16318e-05
3.16318e-05
3.16318e-05
3.16318e-05
3.16318e-05
3.16318e-05
3.16318e-05
3.16318e-05
3.16318e-05
3.16318e-05
3.16318e-05
3.16316e-05
3.16318e-05
3.16318e-05
3.16318e-05
3.16318e-05
3.16318e-05
3.16318e-05
3.16318e-05
3.16318e-05
3.16318e-05
3.16318e-05
3.16318e-05
3.16318e-05
3.16318e-05
3.16318e-05
3.16318e-05
3.16318e-05
3.16318e-05
3.16318e-05
3.16318e-05
3.16316e-05
3.16318e-05
3.16318e-05
3.16318e-05
3.16318e-05
3.16318e-05
3.16318e-05
3.16318e-05
3.16318e-05
3.16318e-05
3.16318e-05
3.16318e-05
3.16318e-05
3.16318e-05
3.16318e-05
3.16318e-05
3.16318e-05
3.16318e-05
3.16318e-05
3.16318e-05
3.16316e-05
3.16318e-05
3.16318e-05
3.16318e-05
3.16318e-05
3.16318e-05
3.16318e-05
3.16318e-05
3.16318e-05
3.16318e-05
3.16318e-05
3.16318e-05
3.16318e-05
3.16318e-05
3.16318e-05
3.16318e-05
3.16318e-05
3.16318e-05
3.16318e-05
3.16318e-05
3.16316e-05
3.16318e-05
3.16318e-05
3.16318e-05
3.16318e-05
3.16318e-05
3.16318e-05
3.16318e-05
3.16318e-05
3.16318e-05
3.16318e-05
3.16318e-05
3.16318e-05
3.16318e-05
3.16318e-05
3.16318e-05
3.16318e-05
3.16318e-05
3.16318e-05
3.16318e-05
3.16316e-05
3.16318e-05
3.16318e-05
3.16318e-05
3.16318e-05
3.16318e-05
3.16318e-05
3.16318e-05
3.16318e-05
3.16318e-05
3.16318e-05
3.16318e-05
3.16318e-05
3.16318e-05
3.16318e-05
3.16318e-05
3.16318e-05
3.16318e-05
3.16318e-05
3.16318e-05
3.16316e-05
3.16316e-05
3.16316e-05
3.16316e-05
3.16316e-05
3.16316e-05
3.16316e-05
3.16316e-05
3.16316e-05
3.16316e-05
3.16316e-05
3.16316e-05
3.16316e-05
3.16316e-05
3.16316e-05
3.16316e-05
3.16316e-05
3.16316e-05
3.16316e-05
3.16316e-05
3.16314e-05
3.16318e-05
3.16318e-05
3.16318e-05
3.16318e-05
3.16318e-05
3.16318e-05
3.16318e-05
3.16318e-05
3.16318e-05
3.16318e-05
3.16318e-05
3.16318e-05
3.16318e-05
3.16318e-05
3.16318e-05
3.16318e-05
3.16318e-05
3.16318e-05
3.16318e-05
3.16316e-05
3.16318e-05
3.16318e-05
3.16318e-05
3.16318e-05
3.16318e-05
3.16318e-05
3.16318e-05
3.16318e-05
3.16318e-05
3.16318e-05
3.16318e-05
3.16318e-05
3.16318e-05
3.16318e-05
3.16318e-05
3.16318e-05
3.16318e-05
3.16318e-05
3.16318e-05
3.16316e-05
3.16318e-05
3.16318e-05
3.16318e-05
3.16318e-05
3.16318e-05
3.16318e-05
3.16318e-05
3.16318e-05
3.16318e-05
3.16318e-05
3.16318e-05
3.16318e-05
3.16318e-05
3.16318e-05
3.16318e-05
3.16318e-05
3.16318e-05
3.16318e-05
3.16318e-05
3.16316e-05
3.16318e-05
3.16318e-05
3.16318e-05
3.16318e-05
3.16318e-05
3.16318e-05
3.16318e-05
3.16318e-05
3.16318e-05
3.16318e-05
3.16318e-05
3.16318e-05
3.16318e-05
3.16318e-05
3.16318e-05
3.16318e-05
3.16318e-05
3.16318e-05
3.16318e-05
3.16316e-05
3.16318e-05
3.16318e-05
3.16318e-05
3.16318e-05
3.16318e-05
3.16318e-05
3.16318e-05
3.16318e-05
3.16318e-05
3.16318e-05
3.16318e-05
3.16318e-05
3.16318e-05
3.16318e-05
3.16318e-05
3.16318e-05
3.16318e-05
3.16318e-05
3.16318e-05
3.16316e-05
3.16318e-05
3.16318e-05
3.16318e-05
3.16318e-05
3.16318e-05
3.16318e-05
3.16318e-05
3.16318e-05
3.16318e-05
3.16318e-05
3.16318e-05
3.16318e-05
3.16318e-05
3.16318e-05
3.16318e-05
3.16318e-05
3.16318e-05
3.16318e-05
3.16318e-05
3.16316e-05
3.16318e-05
3.16318e-05
3.16318e-05
3.16318e-05
3.16318e-05
3.16318e-05
3.16318e-05
3.16318e-05
3.16318e-05
3.16318e-05
3.16318e-05
3.16318e-05
3.16318e-05
3.16318e-05
3.16318e-05
3.16318e-05
3.16318e-05
3.16318e-05
3.16318e-05
3.16316e-05
3.16318e-05
3.16318e-05
3.16318e-05
3.16318e-05
3.16318e-05
3.16318e-05
3.16318e-05
3.16318e-05
3.16318e-05
3.16318e-05
3.16318e-05
3.16318e-05
3.16318e-05
3.16318e-05
3.16318e-05
3.16318e-05
3.16318e-05
3.16318e-05
3.16318e-05
3.16316e-05
3.16318e-05
3.16318e-05
3.16318e-05
3.16318e-05
3.16318e-05
3.16318e-05
3.16318e-05
3.16318e-05
3.16318e-05
3.16318e-05
3.16318e-05
3.16318e-05
3.16318e-05
3.16318e-05
3.16318e-05
3.16318e-05
3.16318e-05
3.16318e-05
3.16318e-05
3.16316e-05
3.16318e-05
3.16318e-05
3.16318e-05
3.16318e-05
3.16318e-05
3.16318e-05
3.16318e-05
3.16318e-05
3.16318e-05
3.16318e-05
3.16318e-05
3.16318e-05
3.16318e-05
3.16318e-05
3.16318e-05
3.16318e-05
3.16318e-05
3.16318e-05
3.16318e-05
3.16316e-05
3.16318e-05
3.16318e-05
3.16318e-05
3.16318e-05
3.16318e-05
3.16318e-05
3.16318e-05
3.16318e-05
3.16318e-05
3.16318e-05
3.16318e-05
3.16318e-05
3.16318e-05
3.16318e-05
3.16318e-05
3.16318e-05
3.16318e-05
3.16318e-05
3.16318e-05
3.16316e-05
3.16318e-05
3.16318e-05
3.16318e-05
3.16318e-05
3.16318e-05
3.16318e-05
3.16318e-05
3.16318e-05
3.16318e-05
3.16318e-05
3.16318e-05
3.16318e-05
3.16318e-05
3.16318e-05
3.16318e-05
3.16318e-05
3.16318e-05
3.16318e-05
3.16318e-05
3.16316e-05
3.16318e-05
3.16318e-05
3.16318e-05
3.16318e-05
3.16318e-05
3.16318e-05
3.16318e-05
3.16318e-05
3.16318e-05
3.16318e-05
3.16318e-05
3.16318e-05
3.16318e-05
3.16318e-05
3.16318e-05
3.16318e-05
3.16318e-05
3.16318e-05
3.16318e-05
3.16316e-05
3.16318e-05
3.16318e-05
3.16318e-05
3.16318e-05
3.16318e-05
3.16318e-05
3.16318e-05
3.16318e-05
3.16318e-05
3.16318e-05
3.16318e-05
3.16318e-05
3.16318e-05
3.16318e-05
3.16318e-05
3.16318e-05
3.16318e-05
3.16318e-05
3.16318e-05
3.16316e-05
3.16318e-05
3.16318e-05
3.16318e-05
3.16318e-05
3.16318e-05
3.16318e-05
3.16318e-05
3.16318e-05
3.16318e-05
3.16318e-05
3.16318e-05
3.16318e-05
3.16318e-05
3.16318e-05
3.16318e-05
3.16318e-05
3.16318e-05
3.16318e-05
3.16318e-05
3.16316e-05
3.16318e-05
3.16318e-05
3.16318e-05
3.16318e-05
3.16318e-05
3.16318e-05
3.16318e-05
3.16318e-05
3.16318e-05
3.16318e-05
3.16318e-05
3.16318e-05
3.16318e-05
3.16318e-05
3.16318e-05
3.16318e-05
3.16318e-05
3.16318e-05
3.16318e-05
3.16316e-05
3.16318e-05
3.16318e-05
3.16318e-05
3.16318e-05
3.16318e-05
3.16318e-05
3.16318e-05
3.16318e-05
3.16318e-05
3.16318e-05
3.16318e-05
3.16318e-05
3.16318e-05
3.16318e-05
3.16318e-05
3.16318e-05
3.16318e-05
3.16318e-05
3.16318e-05
3.16316e-05
3.16318e-05
3.16318e-05
3.16318e-05
3.16318e-05
3.16318e-05
3.16318e-05
3.16318e-05
3.16318e-05
3.16318e-05
3.16318e-05
3.16318e-05
3.16318e-05
3.16318e-05
3.16318e-05
3.16318e-05
3.16318e-05
3.16318e-05
3.16318e-05
3.16318e-05
3.16316e-05
3.16318e-05
3.16318e-05
3.16318e-05
3.16318e-05
3.16318e-05
3.16318e-05
3.16318e-05
3.16318e-05
3.16318e-05
3.16318e-05
3.16318e-05
3.16318e-05
3.16318e-05
3.16318e-05
3.16318e-05
3.16318e-05
3.16318e-05
3.16318e-05
3.16318e-05
3.16316e-05
3.16316e-05
3.16316e-05
3.16316e-05
3.16316e-05
3.16316e-05
3.16316e-05
3.16316e-05
3.16316e-05
3.16316e-05
3.16316e-05
3.16316e-05
3.16316e-05
3.16316e-05
3.16316e-05
3.16316e-05
3.16316e-05
3.16316e-05
3.16316e-05
3.16316e-05
3.16314e-05
3.16318e-05
3.16318e-05
3.16318e-05
3.16318e-05
3.16318e-05
3.16318e-05
3.16318e-05
3.16318e-05
3.16318e-05
3.16318e-05
3.16318e-05
3.16318e-05
3.16318e-05
3.16318e-05
3.16318e-05
3.16318e-05
3.16318e-05
3.16318e-05
3.16318e-05
3.16316e-05
3.16318e-05
3.16318e-05
3.16318e-05
3.16318e-05
3.16318e-05
3.16318e-05
3.16318e-05
3.16318e-05
3.16318e-05
3.16318e-05
3.16318e-05
3.16318e-05
3.16318e-05
3.16318e-05
3.16318e-05
3.16318e-05
3.16318e-05
3.16318e-05
3.16318e-05
3.16316e-05
3.16318e-05
3.16318e-05
3.16318e-05
3.16318e-05
3.16318e-05
3.16318e-05
3.16318e-05
3.16318e-05
3.16318e-05
3.16318e-05
3.16318e-05
3.16318e-05
3.16318e-05
3.16318e-05
3.16318e-05
3.16318e-05
3.16318e-05
3.16318e-05
3.16318e-05
3.16316e-05
3.16318e-05
3.16318e-05
3.16318e-05
3.16318e-05
3.16318e-05
3.16318e-05
3.16318e-05
3.16318e-05
3.16318e-05
3.16318e-05
3.16318e-05
3.16318e-05
3.16318e-05
3.16318e-05
3.16318e-05
3.16318e-05
3.16318e-05
3.16318e-05
3.16318e-05
3.16316e-05
3.16318e-05
3.16318e-05
3.16318e-05
3.16318e-05
3.16318e-05
3.16318e-05
3.16318e-05
3.16318e-05
3.16318e-05
3.16318e-05
3.16318e-05
3.16318e-05
3.16318e-05
3.16318e-05
3.16318e-05
3.16318e-05
3.16318e-05
3.16318e-05
3.16318e-05
3.16316e-05
3.16318e-05
3.16318e-05
3.16318e-05
3.16318e-05
3.16318e-05
3.16318e-05
3.16318e-05
3.16318e-05
3.16318e-05
3.16318e-05
3.16318e-05
3.16318e-05
3.16318e-05
3.16318e-05
3.16318e-05
3.16318e-05
3.16318e-05
3.16318e-05
3.16318e-05
3.16316e-05
3.16318e-05
3.16318e-05
3.16318e-05
3.16318e-05
3.16318e-05
3.16318e-05
3.16318e-05
3.16318e-05
3.16318e-05
3.16318e-05
3.16318e-05
3.16318e-05
3.16318e-05
3.16318e-05
3.16318e-05
3.16318e-05
3.16318e-05
3.16318e-05
3.16318e-05
3.16316e-05
3.16318e-05
3.16318e-05
3.16318e-05
3.16318e-05
3.16318e-05
3.16318e-05
3.16318e-05
3.16318e-05
3.16318e-05
3.16318e-05
3.16318e-05
3.16318e-05
3.16318e-05
3.16318e-05
3.16318e-05
3.16318e-05
3.16318e-05
3.16318e-05
3.16318e-05
3.16316e-05
3.16318e-05
3.16318e-05
3.16318e-05
3.16318e-05
3.16318e-05
3.16318e-05
3.16318e-05
3.16318e-05
3.16318e-05
3.16318e-05
3.16318e-05
3.16318e-05
3.16318e-05
3.16318e-05
3.16318e-05
3.16318e-05
3.16318e-05
3.16318e-05
3.16318e-05
3.16316e-05
3.16318e-05
3.16318e-05
3.16318e-05
3.16318e-05
3.16318e-05
3.16318e-05
3.16318e-05
3.16318e-05
3.16318e-05
3.16318e-05
3.16318e-05
3.16318e-05
3.16318e-05
3.16318e-05
3.16318e-05
3.16318e-05
3.16318e-05
3.16318e-05
3.16318e-05
3.16316e-05
3.16318e-05
3.16318e-05
3.16318e-05
3.16318e-05
3.16318e-05
3.16318e-05
3.16318e-05
3.16318e-05
3.16318e-05
3.16318e-05
3.16318e-05
3.16318e-05
3.16318e-05
3.16318e-05
3.16318e-05
3.16318e-05
3.16318e-05
3.16318e-05
3.16318e-05
3.16316e-05
3.16318e-05
3.16318e-05
3.16318e-05
3.16318e-05
3.16318e-05
3.16318e-05
3.16318e-05
3.16318e-05
3.16318e-05
3.16318e-05
3.16318e-05
3.16318e-05
3.16318e-05
3.16318e-05
3.16318e-05
3.16318e-05
3.16318e-05
3.16318e-05
3.16318e-05
3.16316e-05
3.16318e-05
3.16318e-05
3.16318e-05
3.16318e-05
3.16318e-05
3.16318e-05
3.16318e-05
3.16318e-05
3.16318e-05
3.16318e-05
3.16318e-05
3.16318e-05
3.16318e-05
3.16318e-05
3.16318e-05
3.16318e-05
3.16318e-05
3.16318e-05
3.16318e-05
3.16316e-05
3.16318e-05
3.16318e-05
3.16318e-05
3.16318e-05
3.16318e-05
3.16318e-05
3.16318e-05
3.16318e-05
3.16318e-05
3.16318e-05
3.16318e-05
3.16318e-05
3.16318e-05
3.16318e-05
3.16318e-05
3.16318e-05
3.16318e-05
3.16318e-05
3.16318e-05
3.16316e-05
3.16318e-05
3.16318e-05
3.16318e-05
3.16318e-05
3.16318e-05
3.16318e-05
3.16318e-05
3.16318e-05
3.16318e-05
3.16318e-05
3.16318e-05
3.16318e-05
3.16318e-05
3.16318e-05
3.16318e-05
3.16318e-05
3.16318e-05
3.16318e-05
3.16318e-05
3.16316e-05
3.16318e-05
3.16318e-05
3.16318e-05
3.16318e-05
3.16318e-05
3.16318e-05
3.16318e-05
3.16318e-05
3.16318e-05
3.16318e-05
3.16318e-05
3.16318e-05
3.16318e-05
3.16318e-05
3.16318e-05
3.16318e-05
3.16318e-05
3.16318e-05
3.16318e-05
3.16316e-05
3.16318e-05
3.16318e-05
3.16318e-05
3.16318e-05
3.16318e-05
3.16318e-05
3.16318e-05
3.16318e-05
3.16318e-05
3.16318e-05
3.16318e-05
3.16318e-05
3.16318e-05
3.16318e-05
3.16318e-05
3.16318e-05
3.16318e-05
3.16318e-05
3.16318e-05
3.16316e-05
3.16318e-05
3.16318e-05
3.16318e-05
3.16318e-05
3.16318e-05
3.16318e-05
3.16318e-05
3.16318e-05
3.16318e-05
3.16318e-05
3.16318e-05
3.16318e-05
3.16318e-05
3.16318e-05
3.16318e-05
3.16318e-05
3.16318e-05
3.16318e-05
3.16318e-05
3.16316e-05
3.16318e-05
3.16318e-05
3.16318e-05
3.16318e-05
3.16318e-05
3.16318e-05
3.16318e-05
3.16318e-05
3.16318e-05
3.16318e-05
3.16318e-05
3.16318e-05
3.16318e-05
3.16318e-05
3.16318e-05
3.16318e-05
3.16318e-05
3.16318e-05
3.16318e-05
3.16316e-05
3.16316e-05
3.16316e-05
3.16316e-05
3.16316e-05
3.16316e-05
3.16316e-05
3.16316e-05
3.16316e-05
3.16316e-05
3.16316e-05
3.16316e-05
3.16316e-05
3.16316e-05
3.16316e-05
3.16316e-05
3.16316e-05
3.16316e-05
3.16316e-05
3.16316e-05
3.16314e-05
3.16316e-05
3.16316e-05
3.16316e-05
3.16316e-05
3.16316e-05
3.16316e-05
3.16316e-05
3.16316e-05
3.16316e-05
3.16316e-05
3.16316e-05
3.16316e-05
3.16316e-05
3.16316e-05
3.16316e-05
3.16316e-05
3.16316e-05
3.16316e-05
3.16316e-05
3.16316e-05
3.16316e-05
3.16316e-05
3.16316e-05
3.16316e-05
3.16316e-05
3.16316e-05
3.16316e-05
3.16316e-05
3.16316e-05
3.16316e-05
3.16316e-05
3.16316e-05
3.16316e-05
3.16316e-05
3.16316e-05
3.16316e-05
3.16316e-05
3.16316e-05
3.16316e-05
3.16316e-05
3.16316e-05
3.16316e-05
3.16316e-05
3.16316e-05
3.16316e-05
3.16316e-05
3.16316e-05
3.16316e-05
3.16316e-05
3.16316e-05
3.16316e-05
3.16316e-05
3.16316e-05
3.16316e-05
3.16316e-05
3.16316e-05
3.16316e-05
3.16316e-05
3.16316e-05
3.16316e-05
3.16316e-05
3.16316e-05
3.16316e-05
3.16316e-05
3.16316e-05
3.16316e-05
3.16316e-05
3.16316e-05
3.16316e-05
3.16316e-05
3.16316e-05
3.16316e-05
3.16316e-05
3.16316e-05
3.16316e-05
3.16316e-05
3.16316e-05
3.16316e-05
3.16316e-05
3.16316e-05
3.16316e-05
3.16316e-05
3.16316e-05
3.16316e-05
3.16316e-05
3.16316e-05
3.16316e-05
3.16316e-05
3.16316e-05
3.16316e-05
3.16316e-05
3.16316e-05
3.16316e-05
3.16316e-05
3.16316e-05
3.16316e-05
3.16316e-05
3.16316e-05
3.16316e-05
3.16316e-05
3.16316e-05
3.16316e-05
3.16316e-05
3.16316e-05
3.16316e-05
3.16316e-05
3.16316e-05
3.16316e-05
3.16316e-05
3.16316e-05
3.16316e-05
3.16316e-05
3.16316e-05
3.16316e-05
3.16316e-05
3.16316e-05
3.16316e-05
3.16316e-05
3.16316e-05
3.16316e-05
3.16316e-05
3.16316e-05
3.16316e-05
3.16316e-05
3.16316e-05
3.16316e-05
3.16316e-05
3.16316e-05
3.16316e-05
3.16316e-05
3.16316e-05
3.16316e-05
3.16316e-05
3.16316e-05
3.16316e-05
3.16316e-05
3.16316e-05
3.16316e-05
3.16316e-05
3.16316e-05
3.16316e-05
3.16316e-05
3.16316e-05
3.16316e-05
3.16316e-05
3.16316e-05
3.16316e-05
3.16316e-05
3.16316e-05
3.16316e-05
3.16316e-05
3.16316e-05
3.16316e-05
3.16316e-05
3.16316e-05
3.16316e-05
3.16316e-05
3.16316e-05
3.16316e-05
3.16316e-05
3.16316e-05
3.16316e-05
3.16316e-05
3.16316e-05
3.16316e-05
3.16316e-05
3.16316e-05
3.16316e-05
3.16316e-05
3.16316e-05
3.16316e-05
3.16316e-05
3.16316e-05
3.16316e-05
3.16316e-05
3.16316e-05
3.16316e-05
3.16316e-05
3.16316e-05
3.16316e-05
3.16316e-05
3.16316e-05
3.16316e-05
3.16316e-05
3.16316e-05
3.16316e-05
3.16316e-05
3.16316e-05
3.16316e-05
3.16316e-05
3.16316e-05
3.16316e-05
3.16316e-05
3.16316e-05
3.16316e-05
3.16316e-05
3.16316e-05
3.16316e-05
3.16316e-05
3.16316e-05
3.16316e-05
3.16316e-05
3.16316e-05
3.16316e-05
3.16316e-05
3.16316e-05
3.16316e-05
3.16316e-05
3.16316e-05
3.16316e-05
3.16316e-05
3.16316e-05
3.16316e-05
3.16316e-05
3.16316e-05
3.16316e-05
3.16316e-05
3.16316e-05
3.16316e-05
3.16316e-05
3.16316e-05
3.16316e-05
3.16316e-05
3.16316e-05
3.16316e-05
3.16316e-05
3.16316e-05
3.16316e-05
3.16316e-05
3.16316e-05
3.16316e-05
3.16316e-05
3.16316e-05
3.16316e-05
3.16316e-05
3.16316e-05
3.16316e-05
3.16316e-05
3.16316e-05
3.16316e-05
3.16316e-05
3.16316e-05
3.16316e-05
3.16316e-05
3.16316e-05
3.16316e-05
3.16316e-05
3.16316e-05
3.16316e-05
3.16316e-05
3.16316e-05
3.16316e-05
3.16316e-05
3.16316e-05
3.16316e-05
3.16316e-05
3.16316e-05
3.16316e-05
3.16316e-05
3.16316e-05
3.16316e-05
3.16316e-05
3.16316e-05
3.16316e-05
3.16316e-05
3.16316e-05
3.16316e-05
3.16316e-05
3.16316e-05
3.16316e-05
3.16316e-05
3.16316e-05
3.16316e-05
3.16316e-05
3.16316e-05
3.16316e-05
3.16316e-05
3.16316e-05
3.16316e-05
3.16316e-05
3.16316e-05
3.16316e-05
3.16316e-05
3.16316e-05
3.16316e-05
3.16316e-05
3.16316e-05
3.16316e-05
3.16316e-05
3.16316e-05
3.16316e-05
3.16316e-05
3.16316e-05
3.16316e-05
3.16316e-05
3.16316e-05
3.16316e-05
3.16316e-05
3.16316e-05
3.16316e-05
3.16316e-05
3.16316e-05
3.16316e-05
3.16316e-05
3.16316e-05
3.16316e-05
3.16316e-05
3.16316e-05
3.16316e-05
3.16316e-05
3.16316e-05
3.16316e-05
3.16316e-05
3.16316e-05
3.16316e-05
3.16316e-05
3.16316e-05
3.16316e-05
3.16316e-05
3.16316e-05
3.16316e-05
3.16316e-05
3.16316e-05
3.16316e-05
3.16316e-05
3.16316e-05
3.16316e-05
3.16316e-05
3.16316e-05
3.16316e-05
3.16316e-05
3.16316e-05
3.16316e-05
3.16316e-05
3.16316e-05
3.16316e-05
3.16316e-05
3.16316e-05
3.16316e-05
3.16316e-05
3.16316e-05
3.16316e-05
3.16316e-05
3.16316e-05
3.16316e-05
3.16316e-05
3.16316e-05
3.16316e-05
3.16316e-05
3.16316e-05
3.16316e-05
3.16316e-05
3.16316e-05
3.16316e-05
3.16316e-05
3.16316e-05
3.16316e-05
3.16316e-05
3.16316e-05
3.16316e-05
3.16316e-05
3.16316e-05
3.16316e-05
3.16316e-05
3.16316e-05
3.16316e-05
3.16316e-05
3.16316e-05
3.16316e-05
3.16316e-05
3.16316e-05
3.16316e-05
3.16316e-05
3.16316e-05
3.16316e-05
3.16316e-05
3.16316e-05
3.16316e-05
3.16316e-05
3.16316e-05
3.16314e-05
3.16314e-05
3.16314e-05
3.16314e-05
3.16314e-05
3.16314e-05
3.16314e-05
3.16314e-05
3.16314e-05
3.16314e-05
3.16314e-05
3.16314e-05
3.16314e-05
3.16314e-05
3.16314e-05
3.16314e-05
3.16314e-05
3.16314e-05
3.16314e-05
3.16314e-05
3.16314e-05
3.16314e-05
3.16314e-05
3.16314e-05
3.16314e-05
3.16314e-05
3.16314e-05
3.16314e-05
3.16314e-05
3.16314e-05
3.16314e-05
3.16314e-05
3.16314e-05
3.16314e-05
3.16314e-05
3.16314e-05
3.16314e-05
3.16314e-05
3.16314e-05
3.16314e-05
3.16314e-05
3.16314e-05
3.16314e-05
3.16314e-05
3.16314e-05
3.16314e-05
3.16314e-05
3.16314e-05
3.16314e-05
3.16314e-05
3.16314e-05
3.16314e-05
3.16314e-05
3.16314e-05
3.16314e-05
3.16314e-05
3.16314e-05
3.16314e-05
3.16314e-05
3.16314e-05
3.16314e-05
3.16314e-05
3.16314e-05
3.16314e-05
3.16314e-05
3.16314e-05
3.16314e-05
3.16314e-05
3.16314e-05
3.16314e-05
3.16314e-05
3.16314e-05
3.16314e-05
3.16314e-05
3.16314e-05
3.16314e-05
3.16314e-05
3.16314e-05
3.16314e-05
3.16314e-05
3.16314e-05
3.16314e-05
3.16314e-05
3.16314e-05
3.16314e-05
3.16314e-05
3.16314e-05
3.16314e-05
3.16314e-05
3.16314e-05
3.16314e-05
3.16314e-05
3.16314e-05
3.16314e-05
3.16314e-05
3.16314e-05
3.16314e-05
3.16314e-05
3.16314e-05
3.16314e-05
3.16314e-05
3.16314e-05
3.16314e-05
3.16314e-05
3.16314e-05
3.16314e-05
3.16314e-05
3.16314e-05
3.16314e-05
3.16314e-05
3.16314e-05
3.16314e-05
3.16314e-05
3.16314e-05
3.16314e-05
3.16314e-05
3.16314e-05
3.16314e-05
3.16314e-05
3.16314e-05
3.16314e-05
3.16314e-05
3.16314e-05
3.16314e-05
3.16314e-05
3.16314e-05
3.16314e-05
3.16314e-05
3.16314e-05
3.16314e-05
3.16314e-05
3.16314e-05
3.16314e-05
3.16314e-05
3.16314e-05
3.16314e-05
3.16314e-05
3.16314e-05
3.16314e-05
3.16314e-05
3.16314e-05
3.16314e-05
3.16314e-05
3.16314e-05
3.16314e-05
3.16314e-05
3.16314e-05
3.16314e-05
3.16314e-05
3.16314e-05
3.16314e-05
3.16314e-05
3.16314e-05
3.16314e-05
3.16314e-05
3.16314e-05
3.16314e-05
3.16314e-05
3.16314e-05
3.16314e-05
3.16314e-05
3.16314e-05
3.16314e-05
3.16314e-05
3.16314e-05
3.16314e-05
3.16314e-05
3.16314e-05
3.16314e-05
3.16314e-05
3.16314e-05
3.16314e-05
3.16314e-05
3.16314e-05
3.16314e-05
3.16314e-05
3.16314e-05
3.16314e-05
3.16314e-05
3.16314e-05
3.16314e-05
3.16314e-05
3.16314e-05
3.16314e-05
3.16314e-05
3.16314e-05
3.16314e-05
3.16314e-05
3.16314e-05
3.16314e-05
3.16314e-05
3.16314e-05
3.16314e-05
3.16314e-05
3.16314e-05
3.16314e-05
3.16314e-05
3.16314e-05
3.16314e-05
3.16314e-05
3.16314e-05
3.16314e-05
3.16314e-05
3.16314e-05
3.16314e-05
3.16314e-05
3.16314e-05
3.16314e-05
3.16314e-05
3.16314e-05
3.16314e-05
3.16314e-05
3.16314e-05
3.16314e-05
3.16314e-05
3.16314e-05
3.16314e-05
3.16314e-05
3.16314e-05
3.16314e-05
3.16314e-05
3.16314e-05
3.16314e-05
3.16314e-05
3.16314e-05
3.16314e-05
3.16314e-05
3.16314e-05
3.16314e-05
3.16314e-05
3.16314e-05
3.16314e-05
3.16314e-05
3.16314e-05
3.16314e-05
3.16314e-05
3.16314e-05
3.16314e-05
3.16314e-05
3.16314e-05
3.16314e-05
3.16314e-05
3.16314e-05
3.16314e-05
3.16314e-05
3.16314e-05
3.16314e-05
3.16314e-05
3.16314e-05
3.16314e-05
3.16314e-05
3.16314e-05
3.16314e-05
3.16314e-05
3.16314e-05
3.16314e-05
3.16314e-05
3.16314e-05
3.16314e-05
3.16314e-05
3.16314e-05
3.16314e-05
3.16314e-05
3.16314e-05
3.16314e-05
3.16314e-05
3.16314e-05
3.16314e-05
3.16314e-05
3.16314e-05
3.16314e-05
3.16314e-05
3.16314e-05
3.16314e-05
3.16314e-05
3.16314e-05
3.16314e-05
3.16314e-05
3.16314e-05
3.16314e-05
3.16314e-05
3.16314e-05
3.16314e-05
3.16314e-05
3.16314e-05
3.16314e-05
3.16314e-05
3.16314e-05
3.16314e-05
3.16314e-05
3.16314e-05
3.16314e-05
3.16314e-05
3.16314e-05
3.16314e-05
3.16314e-05
3.16314e-05
3.16314e-05
3.16314e-05
3.16314e-05
3.16314e-05
3.16314e-05
3.16314e-05
3.16314e-05
3.16314e-05
3.16314e-05
3.16314e-05
3.16314e-05
3.16314e-05
3.16314e-05
3.16314e-05
3.16314e-05
3.16314e-05
3.16314e-05
3.16314e-05
3.16314e-05
3.16314e-05
3.16314e-05
3.16314e-05
3.16314e-05
3.16314e-05
3.16314e-05
3.16314e-05
3.16314e-05
3.16314e-05
3.16314e-05
3.16314e-05
3.16314e-05
3.16314e-05
3.16314e-05
3.16314e-05
3.16314e-05
3.16314e-05
3.16314e-05
3.16314e-05
3.16314e-05
3.16314e-05
3.16314e-05
3.16314e-05
3.16314e-05
3.16314e-05
3.16314e-05
3.16314e-05
3.16314e-05
3.16314e-05
3.16314e-05
3.16314e-05
3.16314e-05
3.16314e-05
3.16314e-05
3.16314e-05
3.16314e-05
3.16314e-05
3.16314e-05
3.16314e-05
3.16314e-05
3.16314e-05
3.16314e-05
3.16314e-05
3.16314e-05
3.16314e-05
3.16314e-05
3.16314e-05
3.16314e-05
3.16314e-05
3.16314e-05
3.16314e-05
3.16314e-05
3.16314e-05
3.16314e-05
3.16314e-05
3.16314e-05
3.16314e-05
3.16314e-05
3.16314e-05
3.16314e-05
3.16314e-05
3.16314e-05
3.16314e-05
3.16314e-05
3.16314e-05
3.16314e-05
3.16314e-05
3.16314e-05
3.16314e-05
3.16314e-05
3.16314e-05
3.16314e-05
3.16314e-05
3.16314e-05
3.16314e-05
3.16314e-05
3.16314e-05
3.16314e-05
3.16314e-05
3.16314e-05
3.16314e-05
3.16314e-05
3.16314e-05
3.16314e-05
3.16314e-05
3.16314e-05
3.16314e-05
3.16314e-05
3.16314e-05
3.16314e-05
3.16314e-05
3.16314e-05
3.16314e-05
3.16314e-05
3.16314e-05
3.16314e-05
3.16314e-05
3.16314e-05
3.16314e-05
3.16314e-05
3.16314e-05
3.16314e-05
3.16314e-05
3.16314e-05
3.16316e-05
3.16316e-05
3.16316e-05
3.16316e-05
3.16316e-05
3.16316e-05
3.16316e-05
3.16316e-05
3.16316e-05
3.16316e-05
3.16316e-05
3.16316e-05
3.16316e-05
3.16316e-05
3.16316e-05
3.16316e-05
3.16316e-05
3.16316e-05
3.16316e-05
3.16314e-05
3.16316e-05
3.16316e-05
3.16316e-05
3.16316e-05
3.16316e-05
3.16316e-05
3.16316e-05
3.16316e-05
3.16316e-05
3.16316e-05
3.16316e-05
3.16316e-05
3.16316e-05
3.16316e-05
3.16316e-05
3.16316e-05
3.16316e-05
3.16316e-05
3.16316e-05
3.16314e-05
3.16316e-05
3.16316e-05
3.16316e-05
3.16316e-05
3.16316e-05
3.16316e-05
3.16316e-05
3.16316e-05
3.16316e-05
3.16316e-05
3.16316e-05
3.16316e-05
3.16316e-05
3.16316e-05
3.16316e-05
3.16316e-05
3.16316e-05
3.16316e-05
3.16316e-05
3.16314e-05
3.16316e-05
3.16316e-05
3.16316e-05
3.16316e-05
3.16316e-05
3.16316e-05
3.16316e-05
3.16316e-05
3.16316e-05
3.16316e-05
3.16316e-05
3.16316e-05
3.16316e-05
3.16316e-05
3.16316e-05
3.16316e-05
3.16316e-05
3.16316e-05
3.16316e-05
3.16314e-05
3.16316e-05
3.16316e-05
3.16316e-05
3.16316e-05
3.16316e-05
3.16316e-05
3.16316e-05
3.16316e-05
3.16316e-05
3.16316e-05
3.16316e-05
3.16316e-05
3.16316e-05
3.16316e-05
3.16316e-05
3.16316e-05
3.16316e-05
3.16316e-05
3.16316e-05
3.16314e-05
3.16316e-05
3.16316e-05
3.16316e-05
3.16316e-05
3.16316e-05
3.16316e-05
3.16316e-05
3.16316e-05
3.16316e-05
3.16316e-05
3.16316e-05
3.16316e-05
3.16316e-05
3.16316e-05
3.16316e-05
3.16316e-05
3.16316e-05
3.16316e-05
3.16316e-05
3.16314e-05
3.16316e-05
3.16316e-05
3.16316e-05
3.16316e-05
3.16316e-05
3.16316e-05
3.16316e-05
3.16316e-05
3.16316e-05
3.16316e-05
3.16316e-05
3.16316e-05
3.16316e-05
3.16316e-05
3.16316e-05
3.16316e-05
3.16316e-05
3.16316e-05
3.16316e-05
3.16314e-05
3.16316e-05
3.16316e-05
3.16316e-05
3.16316e-05
3.16316e-05
3.16316e-05
3.16316e-05
3.16316e-05
3.16316e-05
3.16316e-05
3.16316e-05
3.16316e-05
3.16316e-05
3.16316e-05
3.16316e-05
3.16316e-05
3.16316e-05
3.16316e-05
3.16316e-05
3.16314e-05
3.16316e-05
3.16316e-05
3.16316e-05
3.16316e-05
3.16316e-05
3.16316e-05
3.16316e-05
3.16316e-05
3.16316e-05
3.16316e-05
3.16316e-05
3.16316e-05
3.16316e-05
3.16316e-05
3.16316e-05
3.16316e-05
3.16316e-05
3.16316e-05
3.16316e-05
3.16314e-05
3.16316e-05
3.16316e-05
3.16316e-05
3.16316e-05
3.16316e-05
3.16316e-05
3.16316e-05
3.16316e-05
3.16316e-05
3.16316e-05
3.16316e-05
3.16316e-05
3.16316e-05
3.16316e-05
3.16316e-05
3.16316e-05
3.16316e-05
3.16316e-05
3.16316e-05
3.16314e-05
3.16316e-05
3.16316e-05
3.16316e-05
3.16316e-05
3.16316e-05
3.16316e-05
3.16316e-05
3.16316e-05
3.16316e-05
3.16316e-05
3.16316e-05
3.16316e-05
3.16316e-05
3.16316e-05
3.16316e-05
3.16316e-05
3.16316e-05
3.16316e-05
3.16316e-05
3.16314e-05
3.16316e-05
3.16316e-05
3.16316e-05
3.16316e-05
3.16316e-05
3.16316e-05
3.16316e-05
3.16316e-05
3.16316e-05
3.16316e-05
3.16316e-05
3.16316e-05
3.16316e-05
3.16316e-05
3.16316e-05
3.16316e-05
3.16316e-05
3.16316e-05
3.16316e-05
3.16314e-05
3.16316e-05
3.16316e-05
3.16316e-05
3.16316e-05
3.16316e-05
3.16316e-05
3.16316e-05
3.16316e-05
3.16316e-05
3.16316e-05
3.16316e-05
3.16316e-05
3.16316e-05
3.16316e-05
3.16316e-05
3.16316e-05
3.16316e-05
3.16316e-05
3.16316e-05
3.16314e-05
3.16316e-05
3.16316e-05
3.16316e-05
3.16316e-05
3.16316e-05
3.16316e-05
3.16316e-05
3.16316e-05
3.16316e-05
3.16316e-05
3.16316e-05
3.16316e-05
3.16316e-05
3.16316e-05
3.16316e-05
3.16316e-05
3.16316e-05
3.16316e-05
3.16316e-05
3.16314e-05
3.16316e-05
3.16316e-05
3.16316e-05
3.16316e-05
3.16316e-05
3.16316e-05
3.16316e-05
3.16316e-05
3.16316e-05
3.16316e-05
3.16316e-05
3.16316e-05
3.16316e-05
3.16316e-05
3.16316e-05
3.16316e-05
3.16316e-05
3.16316e-05
3.16316e-05
3.16314e-05
3.16316e-05
3.16316e-05
3.16316e-05
3.16316e-05
3.16316e-05
3.16316e-05
3.16316e-05
3.16316e-05
3.16316e-05
3.16316e-05
3.16316e-05
3.16316e-05
3.16316e-05
3.16316e-05
3.16316e-05
3.16316e-05
3.16316e-05
3.16316e-05
3.16316e-05
3.16314e-05
3.16316e-05
3.16316e-05
3.16316e-05
3.16316e-05
3.16316e-05
3.16316e-05
3.16316e-05
3.16316e-05
3.16316e-05
3.16316e-05
3.16316e-05
3.16316e-05
3.16316e-05
3.16316e-05
3.16316e-05
3.16316e-05
3.16316e-05
3.16316e-05
3.16316e-05
3.16314e-05
3.16316e-05
3.16316e-05
3.16316e-05
3.16316e-05
3.16316e-05
3.16316e-05
3.16316e-05
3.16316e-05
3.16316e-05
3.16316e-05
3.16316e-05
3.16316e-05
3.16316e-05
3.16316e-05
3.16316e-05
3.16316e-05
3.16316e-05
3.16316e-05
3.16316e-05
3.16314e-05
3.16316e-05
3.16316e-05
3.16316e-05
3.16316e-05
3.16316e-05
3.16316e-05
3.16316e-05
3.16316e-05
3.16316e-05
3.16316e-05
3.16316e-05
3.16316e-05
3.16316e-05
3.16316e-05
3.16316e-05
3.16316e-05
3.16316e-05
3.16316e-05
3.16316e-05
3.16314e-05
3.16316e-05
3.16316e-05
3.16316e-05
3.16316e-05
3.16316e-05
3.16316e-05
3.16316e-05
3.16316e-05
3.16316e-05
3.16316e-05
3.16316e-05
3.16316e-05
3.16316e-05
3.16316e-05
3.16316e-05
3.16316e-05
3.16316e-05
3.16316e-05
3.16316e-05
3.16314e-05
3.16316e-05
3.16316e-05
3.16316e-05
3.16316e-05
3.16316e-05
3.16316e-05
3.16316e-05
3.16316e-05
3.16316e-05
3.16316e-05
3.16316e-05
3.16316e-05
3.16316e-05
3.16316e-05
3.16316e-05
3.16316e-05
3.16316e-05
3.16316e-05
3.16316e-05
3.16314e-05
3.16316e-05
3.16316e-05
3.16316e-05
3.16316e-05
3.16316e-05
3.16316e-05
3.16316e-05
3.16316e-05
3.16316e-05
3.16316e-05
3.16316e-05
3.16316e-05
3.16316e-05
3.16316e-05
3.16316e-05
3.16316e-05
3.16316e-05
3.16316e-05
3.16316e-05
3.16314e-05
3.16316e-05
3.16316e-05
3.16316e-05
3.16316e-05
3.16316e-05
3.16316e-05
3.16316e-05
3.16316e-05
3.16316e-05
3.16316e-05
3.16316e-05
3.16316e-05
3.16316e-05
3.16316e-05
3.16316e-05
3.16316e-05
3.16316e-05
3.16316e-05
3.16316e-05
3.16314e-05
3.16316e-05
3.16316e-05
3.16316e-05
3.16316e-05
3.16316e-05
3.16316e-05
3.16316e-05
3.16316e-05
3.16316e-05
3.16316e-05
3.16316e-05
3.16316e-05
3.16316e-05
3.16316e-05
3.16316e-05
3.16316e-05
3.16316e-05
3.16316e-05
3.16316e-05
3.16314e-05
3.16316e-05
3.16316e-05
3.16316e-05
3.16316e-05
3.16316e-05
3.16316e-05
3.16316e-05
3.16316e-05
3.16316e-05
3.16316e-05
3.16316e-05
3.16316e-05
3.16316e-05
3.16316e-05
3.16316e-05
3.16316e-05
3.16316e-05
3.16316e-05
3.16316e-05
3.16314e-05
3.16316e-05
3.16316e-05
3.16316e-05
3.16316e-05
3.16316e-05
3.16316e-05
3.16316e-05
3.16316e-05
3.16316e-05
3.16316e-05
3.16316e-05
3.16316e-05
3.16316e-05
3.16316e-05
3.16316e-05
3.16316e-05
3.16316e-05
3.16316e-05
3.16316e-05
3.16314e-05
3.16316e-05
3.16316e-05
3.16316e-05
3.16316e-05
3.16316e-05
3.16316e-05
3.16316e-05
3.16316e-05
3.16316e-05
3.16316e-05
3.16316e-05
3.16316e-05
3.16316e-05
3.16316e-05
3.16316e-05
3.16316e-05
3.16316e-05
3.16316e-05
3.16316e-05
3.16314e-05
3.16316e-05
3.16316e-05
3.16316e-05
3.16316e-05
3.16316e-05
3.16316e-05
3.16316e-05
3.16316e-05
3.16316e-05
3.16316e-05
3.16316e-05
3.16316e-05
3.16316e-05
3.16316e-05
3.16316e-05
3.16316e-05
3.16316e-05
3.16316e-05
3.16316e-05
3.16314e-05
3.16316e-05
3.16316e-05
3.16316e-05
3.16316e-05
3.16316e-05
3.16316e-05
3.16316e-05
3.16316e-05
3.16316e-05
3.16316e-05
3.16316e-05
3.16316e-05
3.16316e-05
3.16316e-05
3.16316e-05
3.16316e-05
3.16316e-05
3.16316e-05
3.16316e-05
3.16314e-05
3.16316e-05
3.16316e-05
3.16316e-05
3.16316e-05
3.16316e-05
3.16316e-05
3.16316e-05
3.16316e-05
3.16316e-05
3.16316e-05
3.16316e-05
3.16316e-05
3.16316e-05
3.16316e-05
3.16316e-05
3.16316e-05
3.16316e-05
3.16316e-05
3.16316e-05
3.16314e-05
3.16316e-05
3.16316e-05
3.16316e-05
3.16316e-05
3.16316e-05
3.16316e-05
3.16316e-05
3.16316e-05
3.16316e-05
3.16316e-05
3.16316e-05
3.16316e-05
3.16316e-05
3.16316e-05
3.16316e-05
3.16316e-05
3.16316e-05
3.16316e-05
3.16316e-05
3.16314e-05
3.16316e-05
3.16316e-05
3.16316e-05
3.16316e-05
3.16316e-05
3.16316e-05
3.16316e-05
3.16316e-05
3.16316e-05
3.16316e-05
3.16316e-05
3.16316e-05
3.16316e-05
3.16316e-05
3.16316e-05
3.16316e-05
3.16316e-05
3.16316e-05
3.16316e-05
3.16314e-05
3.16316e-05
3.16316e-05
3.16316e-05
3.16316e-05
3.16316e-05
3.16316e-05
3.16316e-05
3.16316e-05
3.16316e-05
3.16316e-05
3.16316e-05
3.16316e-05
3.16316e-05
3.16316e-05
3.16316e-05
3.16316e-05
3.16316e-05
3.16316e-05
3.16316e-05
3.16314e-05
3.16316e-05
3.16316e-05
3.16316e-05
3.16316e-05
3.16316e-05
3.16316e-05
3.16316e-05
3.16316e-05
3.16316e-05
3.16316e-05
3.16316e-05
3.16316e-05
3.16316e-05
3.16316e-05
3.16316e-05
3.16316e-05
3.16316e-05
3.16316e-05
3.16316e-05
3.16314e-05
3.16316e-05
3.16316e-05
3.16316e-05
3.16316e-05
3.16316e-05
3.16316e-05
3.16316e-05
3.16316e-05
3.16316e-05
3.16316e-05
3.16316e-05
3.16316e-05
3.16316e-05
3.16316e-05
3.16316e-05
3.16316e-05
3.16316e-05
3.16316e-05
3.16316e-05
3.16314e-05
3.16316e-05
3.16316e-05
3.16316e-05
3.16316e-05
3.16316e-05
3.16316e-05
3.16316e-05
3.16316e-05
3.16316e-05
3.16316e-05
3.16316e-05
3.16316e-05
3.16316e-05
3.16316e-05
3.16316e-05
3.16316e-05
3.16316e-05
3.16316e-05
3.16316e-05
3.16314e-05
3.16316e-05
3.16316e-05
3.16316e-05
3.16316e-05
3.16316e-05
3.16316e-05
3.16316e-05
3.16316e-05
3.16316e-05
3.16316e-05
3.16316e-05
3.16316e-05
3.16316e-05
3.16316e-05
3.16316e-05
3.16316e-05
3.16316e-05
3.16316e-05
3.16316e-05
3.16314e-05
3.16316e-05
3.16316e-05
3.16316e-05
3.16316e-05
3.16316e-05
3.16316e-05
3.16316e-05
3.16316e-05
3.16316e-05
3.16316e-05
3.16316e-05
3.16316e-05
3.16316e-05
3.16316e-05
3.16316e-05
3.16316e-05
3.16316e-05
3.16316e-05
3.16316e-05
3.16314e-05
3.16316e-05
3.16316e-05
3.16316e-05
3.16316e-05
3.16316e-05
3.16316e-05
3.16316e-05
3.16316e-05
3.16316e-05
3.16316e-05
3.16316e-05
3.16316e-05
3.16316e-05
3.16316e-05
3.16316e-05
3.16316e-05
3.16316e-05
3.16316e-05
3.16316e-05
3.16314e-05
3.16316e-05
3.16316e-05
3.16316e-05
3.16316e-05
3.16316e-05
3.16316e-05
3.16316e-05
3.16316e-05
3.16316e-05
3.16316e-05
3.16316e-05
3.16316e-05
3.16316e-05
3.16316e-05
3.16316e-05
3.16316e-05
3.16316e-05
3.16316e-05
3.16316e-05
3.16314e-05
3.16316e-05
3.16316e-05
3.16316e-05
3.16316e-05
3.16316e-05
3.16316e-05
3.16316e-05
3.16316e-05
3.16316e-05
3.16316e-05
3.16316e-05
3.16316e-05
3.16316e-05
3.16316e-05
3.16316e-05
3.16316e-05
3.16316e-05
3.16316e-05
3.16316e-05
3.16314e-05
3.16316e-05
3.16316e-05
3.16316e-05
3.16316e-05
3.16316e-05
3.16316e-05
3.16316e-05
3.16316e-05
3.16316e-05
3.16316e-05
3.16316e-05
3.16316e-05
3.16316e-05
3.16316e-05
3.16316e-05
3.16316e-05
3.16316e-05
3.16316e-05
3.16316e-05
3.16314e-05
3.16316e-05
3.16316e-05
3.16316e-05
3.16316e-05
3.16316e-05
3.16316e-05
3.16316e-05
3.16316e-05
3.16316e-05
3.16316e-05
3.16316e-05
3.16316e-05
3.16316e-05
3.16316e-05
3.16316e-05
3.16316e-05
3.16316e-05
3.16316e-05
3.16316e-05
3.16314e-05
3.16316e-05
3.16316e-05
3.16316e-05
3.16316e-05
3.16316e-05
3.16316e-05
3.16316e-05
3.16316e-05
3.16316e-05
3.16316e-05
3.16316e-05
3.16316e-05
3.16316e-05
3.16316e-05
3.16316e-05
3.16316e-05
3.16316e-05
3.16316e-05
3.16316e-05
3.16314e-05
3.16316e-05
3.16316e-05
3.16316e-05
3.16316e-05
3.16316e-05
3.16316e-05
3.16316e-05
3.16316e-05
3.16316e-05
3.16316e-05
3.16316e-05
3.16316e-05
3.16316e-05
3.16316e-05
3.16316e-05
3.16316e-05
3.16316e-05
3.16316e-05
3.16316e-05
3.16314e-05
3.16316e-05
3.16316e-05
3.16316e-05
3.16316e-05
3.16316e-05
3.16316e-05
3.16316e-05
3.16316e-05
3.16316e-05
3.16316e-05
3.16316e-05
3.16316e-05
3.16316e-05
3.16316e-05
3.16316e-05
3.16316e-05
3.16316e-05
3.16316e-05
3.16316e-05
3.16314e-05
3.16316e-05
3.16316e-05
3.16316e-05
3.16316e-05
3.16316e-05
3.16316e-05
3.16316e-05
3.16316e-05
3.16316e-05
3.16316e-05
3.16316e-05
3.16316e-05
3.16316e-05
3.16316e-05
3.16316e-05
3.16316e-05
3.16316e-05
3.16316e-05
3.16316e-05
3.16314e-05
3.16316e-05
3.16316e-05
3.16316e-05
3.16316e-05
3.16316e-05
3.16316e-05
3.16316e-05
3.16316e-05
3.16316e-05
3.16316e-05
3.16316e-05
3.16316e-05
3.16316e-05
3.16316e-05
3.16316e-05
3.16316e-05
3.16316e-05
3.16316e-05
3.16316e-05
3.16314e-05
3.16316e-05
3.16316e-05
3.16316e-05
3.16316e-05
3.16316e-05
3.16316e-05
3.16316e-05
3.16316e-05
3.16316e-05
3.16316e-05
3.16316e-05
3.16316e-05
3.16316e-05
3.16316e-05
3.16316e-05
3.16316e-05
3.16316e-05
3.16316e-05
3.16316e-05
3.16314e-05
3.16316e-05
3.16316e-05
3.16316e-05
3.16316e-05
3.16316e-05
3.16316e-05
3.16316e-05
3.16316e-05
3.16316e-05
3.16316e-05
3.16316e-05
3.16316e-05
3.16316e-05
3.16316e-05
3.16316e-05
3.16316e-05
3.16316e-05
3.16316e-05
3.16316e-05
3.16314e-05
3.16316e-05
3.16316e-05
3.16316e-05
3.16316e-05
3.16316e-05
3.16316e-05
3.16316e-05
3.16316e-05
3.16316e-05
3.16316e-05
3.16316e-05
3.16316e-05
3.16316e-05
3.16316e-05
3.16316e-05
3.16316e-05
3.16316e-05
3.16316e-05
3.16316e-05
3.16314e-05
3.16316e-05
3.16316e-05
3.16316e-05
3.16316e-05
3.16316e-05
3.16316e-05
3.16316e-05
3.16316e-05
3.16316e-05
3.16316e-05
3.16316e-05
3.16316e-05
3.16316e-05
3.16316e-05
3.16316e-05
3.16316e-05
3.16316e-05
3.16316e-05
3.16316e-05
3.16314e-05
3.16316e-05
3.16316e-05
3.16316e-05
3.16316e-05
3.16316e-05
3.16316e-05
3.16316e-05
3.16316e-05
3.16316e-05
3.16316e-05
3.16316e-05
3.16316e-05
3.16316e-05
3.16316e-05
3.16316e-05
3.16316e-05
3.16316e-05
3.16316e-05
3.16316e-05
3.16314e-05
3.16316e-05
3.16316e-05
3.16316e-05
3.16316e-05
3.16316e-05
3.16316e-05
3.16316e-05
3.16316e-05
3.16316e-05
3.16316e-05
3.16316e-05
3.16316e-05
3.16316e-05
3.16316e-05
3.16316e-05
3.16316e-05
3.16316e-05
3.16316e-05
3.16316e-05
3.16314e-05
3.16316e-05
3.16316e-05
3.16316e-05
3.16316e-05
3.16316e-05
3.16316e-05
3.16316e-05
3.16316e-05
3.16316e-05
3.16316e-05
3.16316e-05
3.16316e-05
3.16316e-05
3.16316e-05
3.16316e-05
3.16316e-05
3.16316e-05
3.16316e-05
3.16316e-05
3.16314e-05
3.16316e-05
3.16316e-05
3.16316e-05
3.16316e-05
3.16316e-05
3.16316e-05
3.16316e-05
3.16316e-05
3.16316e-05
3.16316e-05
3.16316e-05
3.16316e-05
3.16316e-05
3.16316e-05
3.16316e-05
3.16316e-05
3.16316e-05
3.16316e-05
3.16316e-05
3.16314e-05
3.16316e-05
3.16316e-05
3.16316e-05
3.16316e-05
3.16316e-05
3.16316e-05
3.16316e-05
3.16316e-05
3.16316e-05
3.16316e-05
3.16316e-05
3.16316e-05
3.16316e-05
3.16316e-05
3.16316e-05
3.16316e-05
3.16316e-05
3.16316e-05
3.16316e-05
3.16314e-05
3.16316e-05
3.16316e-05
3.16316e-05
3.16316e-05
3.16316e-05
3.16316e-05
3.16316e-05
3.16316e-05
3.16316e-05
3.16316e-05
3.16316e-05
3.16316e-05
3.16316e-05
3.16316e-05
3.16316e-05
3.16316e-05
3.16316e-05
3.16316e-05
3.16316e-05
3.16314e-05
3.16316e-05
3.16316e-05
3.16316e-05
3.16316e-05
3.16316e-05
3.16316e-05
3.16316e-05
3.16316e-05
3.16316e-05
3.16316e-05
3.16316e-05
3.16316e-05
3.16316e-05
3.16316e-05
3.16316e-05
3.16316e-05
3.16316e-05
3.16316e-05
3.16316e-05
3.16314e-05
3.16316e-05
3.16316e-05
3.16316e-05
3.16316e-05
3.16316e-05
3.16316e-05
3.16316e-05
3.16316e-05
3.16316e-05
3.16316e-05
3.16316e-05
3.16316e-05
3.16316e-05
3.16316e-05
3.16316e-05
3.16316e-05
3.16316e-05
3.16316e-05
3.16316e-05
3.16314e-05
3.16316e-05
3.16316e-05
3.16316e-05
3.16316e-05
3.16316e-05
3.16316e-05
3.16316e-05
3.16316e-05
3.16316e-05
3.16316e-05
3.16316e-05
3.16316e-05
3.16316e-05
3.16316e-05
3.16316e-05
3.16316e-05
3.16316e-05
3.16316e-05
3.16316e-05
3.16314e-05
3.16316e-05
3.16316e-05
3.16316e-05
3.16316e-05
3.16316e-05
3.16316e-05
3.16316e-05
3.16316e-05
3.16316e-05
3.16316e-05
3.16316e-05
3.16316e-05
3.16316e-05
3.16316e-05
3.16316e-05
3.16316e-05
3.16316e-05
3.16316e-05
3.16316e-05
3.16314e-05
3.16316e-05
3.16316e-05
3.16316e-05
3.16316e-05
3.16316e-05
3.16316e-05
3.16316e-05
3.16316e-05
3.16316e-05
3.16316e-05
3.16316e-05
3.16316e-05
3.16316e-05
3.16316e-05
3.16316e-05
3.16316e-05
3.16316e-05
3.16316e-05
3.16316e-05
3.16314e-05
3.16316e-05
3.16316e-05
3.16316e-05
3.16316e-05
3.16316e-05
3.16316e-05
3.16316e-05
3.16316e-05
3.16316e-05
3.16316e-05
3.16316e-05
3.16316e-05
3.16316e-05
3.16316e-05
3.16316e-05
3.16316e-05
3.16316e-05
3.16316e-05
3.16316e-05
3.16314e-05
3.16316e-05
3.16316e-05
3.16316e-05
3.16316e-05
3.16316e-05
3.16316e-05
3.16316e-05
3.16316e-05
3.16316e-05
3.16316e-05
3.16316e-05
3.16316e-05
3.16316e-05
3.16316e-05
3.16316e-05
3.16316e-05
3.16316e-05
3.16316e-05
3.16316e-05
3.16314e-05
3.16316e-05
3.16316e-05
3.16316e-05
3.16316e-05
3.16316e-05
3.16316e-05
3.16316e-05
3.16316e-05
3.16316e-05
3.16316e-05
3.16316e-05
3.16316e-05
3.16316e-05
3.16316e-05
3.16316e-05
3.16316e-05
3.16316e-05
3.16316e-05
3.16316e-05
3.16314e-05
3.16316e-05
3.16316e-05
3.16316e-05
3.16316e-05
3.16316e-05
3.16316e-05
3.16316e-05
3.16316e-05
3.16316e-05
3.16316e-05
3.16316e-05
3.16316e-05
3.16316e-05
3.16316e-05
3.16316e-05
3.16316e-05
3.16316e-05
3.16316e-05
3.16316e-05
3.16314e-05
3.16316e-05
3.16316e-05
3.16316e-05
3.16316e-05
3.16316e-05
3.16316e-05
3.16316e-05
3.16316e-05
3.16316e-05
3.16316e-05
3.16316e-05
3.16316e-05
3.16316e-05
3.16316e-05
3.16316e-05
3.16316e-05
3.16316e-05
3.16316e-05
3.16316e-05
3.16314e-05
3.16316e-05
3.16316e-05
3.16316e-05
3.16316e-05
3.16316e-05
3.16316e-05
3.16316e-05
3.16316e-05
3.16316e-05
3.16316e-05
3.16316e-05
3.16316e-05
3.16316e-05
3.16316e-05
3.16316e-05
3.16316e-05
3.16316e-05
3.16316e-05
3.16316e-05
3.16314e-05
3.16316e-05
3.16316e-05
3.16316e-05
3.16316e-05
3.16316e-05
3.16316e-05
3.16316e-05
3.16316e-05
3.16316e-05
3.16316e-05
3.16316e-05
3.16316e-05
3.16316e-05
3.16316e-05
3.16316e-05
3.16316e-05
3.16316e-05
3.16316e-05
3.16316e-05
3.16314e-05
3.16316e-05
3.16316e-05
3.16316e-05
3.16316e-05
3.16316e-05
3.16316e-05
3.16316e-05
3.16316e-05
3.16316e-05
3.16316e-05
3.16316e-05
3.16316e-05
3.16316e-05
3.16316e-05
3.16316e-05
3.16316e-05
3.16316e-05
3.16316e-05
3.16316e-05
3.16314e-05
3.16316e-05
3.16316e-05
3.16316e-05
3.16316e-05
3.16316e-05
3.16316e-05
3.16316e-05
3.16316e-05
3.16316e-05
3.16316e-05
3.16316e-05
3.16316e-05
3.16316e-05
3.16316e-05
3.16316e-05
3.16316e-05
3.16316e-05
3.16316e-05
3.16316e-05
3.16314e-05
3.16316e-05
3.16316e-05
3.16316e-05
3.16316e-05
3.16316e-05
3.16316e-05
3.16316e-05
3.16316e-05
3.16316e-05
3.16316e-05
3.16316e-05
3.16316e-05
3.16316e-05
3.16316e-05
3.16316e-05
3.16316e-05
3.16316e-05
3.16316e-05
3.16316e-05
3.16314e-05
3.16316e-05
3.16316e-05
3.16316e-05
3.16316e-05
3.16316e-05
3.16316e-05
3.16316e-05
3.16316e-05
3.16316e-05
3.16316e-05
3.16316e-05
3.16316e-05
3.16316e-05
3.16316e-05
3.16316e-05
3.16316e-05
3.16316e-05
3.16316e-05
3.16316e-05
3.16314e-05
3.16316e-05
3.16316e-05
3.16316e-05
3.16316e-05
3.16316e-05
3.16316e-05
3.16316e-05
3.16316e-05
3.16316e-05
3.16316e-05
3.16316e-05
3.16316e-05
3.16316e-05
3.16316e-05
3.16316e-05
3.16316e-05
3.16316e-05
3.16316e-05
3.16316e-05
3.16314e-05
3.16316e-05
3.16316e-05
3.16316e-05
3.16316e-05
3.16316e-05
3.16316e-05
3.16316e-05
3.16316e-05
3.16316e-05
3.16316e-05
3.16316e-05
3.16316e-05
3.16316e-05
3.16316e-05
3.16316e-05
3.16316e-05
3.16316e-05
3.16316e-05
3.16316e-05
3.16314e-05
3.16316e-05
3.16316e-05
3.16316e-05
3.16316e-05
3.16316e-05
3.16316e-05
3.16316e-05
3.16316e-05
3.16316e-05
3.16316e-05
3.16316e-05
3.16316e-05
3.16316e-05
3.16316e-05
3.16316e-05
3.16316e-05
3.16316e-05
3.16316e-05
3.16316e-05
3.16314e-05
3.16316e-05
3.16316e-05
3.16316e-05
3.16316e-05
3.16316e-05
3.16316e-05
3.16316e-05
3.16316e-05
3.16316e-05
3.16316e-05
3.16316e-05
3.16316e-05
3.16316e-05
3.16316e-05
3.16316e-05
3.16316e-05
3.16316e-05
3.16316e-05
3.16316e-05
3.16314e-05
3.16316e-05
3.16316e-05
3.16316e-05
3.16316e-05
3.16316e-05
3.16316e-05
3.16316e-05
3.16316e-05
3.16316e-05
3.16316e-05
3.16316e-05
3.16316e-05
3.16316e-05
3.16316e-05
3.16316e-05
3.16316e-05
3.16316e-05
3.16316e-05
3.16316e-05
3.16314e-05
3.16316e-05
3.16316e-05
3.16316e-05
3.16316e-05
3.16316e-05
3.16316e-05
3.16316e-05
3.16316e-05
3.16316e-05
3.16316e-05
3.16316e-05
3.16316e-05
3.16316e-05
3.16316e-05
3.16316e-05
3.16316e-05
3.16316e-05
3.16316e-05
3.16316e-05
3.16314e-05
)
;

boundaryField
{
    movingWall
    {
        type            epsilonWallFunction;
        value           nonuniform List<scalar> 
20
(
0.000278317
0.000470881
0.000471261
0.000471261
0.000471261
0.000471261
0.000471261
0.000471261
0.000471261
0.000471261
0.000471261
0.000471261
0.000471261
0.000471261
0.000471261
0.000471261
0.000471261
0.000471261
0.000470882
0.000278317
)
;
    }
    fixedWalls
    {
        type            epsilonWallFunction;
        value           nonuniform List<scalar> 
60
(
0.000159369
8.65397e-05
5.85526e-05
5.95263e-05
5.96583e-05
5.96724e-05
5.96737e-05
5.96738e-05
5.96738e-05
5.96738e-05
5.96738e-05
5.96738e-05
5.96738e-05
5.96737e-05
5.96726e-05
5.96607e-05
5.9552e-05
5.87859e-05
8.9902e-05
0.000278317
0.000159369
8.65392e-05
5.85521e-05
5.95257e-05
5.96578e-05
5.96719e-05
5.96731e-05
5.96732e-05
5.96732e-05
5.96732e-05
5.96732e-05
5.96732e-05
5.96732e-05
5.96731e-05
5.96721e-05
5.96601e-05
5.95515e-05
5.87854e-05
8.99015e-05
0.000278317
0.000159369
0.000145496
0.00014547
0.00014547
0.00014547
0.00014547
0.00014547
0.00014547
0.00014547
0.00014547
0.00014547
0.00014547
0.00014547
0.00014547
0.00014547
0.00014547
0.00014547
0.00014547
0.000145496
0.000159369
)
;
    }
    frontAndBack
    {
        type            empty;
    }
    defaultFaces
    {
        type            empty;
    }
}


// ************************************************************************* //
