/*--------------------------------*- C++ -*----------------------------------*\
  =========                 |
  \\      /  F ield         | OpenFOAM: The Open Source CFD Toolbox
   \\    /   O peration     | Website:  https://openfoam.org
    \\  /    A nd           | Version:  11
     \\/     M anipulation  |
\*---------------------------------------------------------------------------*/
FoamFile
{
    format      ascii;
    class       volScalarField;
    location    "2.7";
    object      gradTy;
}
// * * * * * * * * * * * * * * * * * * * * * * * * * * * * * * * * * * * * * //

dimensions      [0 -1 0 1 0 0 0];

internalField   nonuniform List<scalar> 
5712
(
11449.6
6601.58
18580.8
12168.9
20258.6
14988.9
31829.2
39396.2
41819.9
51123.2
27034.4
23475.1
17178.5
13602.6
8618.27
5827.53
19274.1
19770.7
16577.6
19506
26031.1
23308.8
29978.1
24323.3
8103.32
5858.25
4546.36
3375.32
9716.23
7924.83
5879.33
4741.11
17541.7
18264.8
17970.9
15262
14075.9
10939.9
10984.2
12459.9
17715.8
17612
37062
38298.5
26330.2
27096.9
14943.6
12604.1
16326.6
11651.3
7594.92
7782.45
6166.51
8466.58
3221.97
3838.22
8465.66
11402
5027.45
5819.79
9420.16
15549.5
6511.18
10561.6
2490.54
6297.74
2070.8
4708.31
17479.8
21570.5
17966.4
21437.2
21407.1
21653.4
21728.3
21328.8
15244.8
20625.6
15731.8
20400.1
17664.2
21264.4
17639.4
21200.5
21864.2
21026.2
21766.4
20810.2
14063.7
20697.5
13564.9
20763.3
17034.6
19843.9
21519.4
29808.1
18025.3
22805.1
21310.7
32234.3
16161.3
17519.9
21618.6
28729.7
15993.7
16419.6
21857.9
28547.2
4935.58
6401.34
12542.1
21655.7
6167.81
6969.84
16258.7
24810.3
7754.91
7818.72
20765.5
27988.8
24028.4
25971.2
20170.8
19333.4
27595
26209
24627.4
20618
17776.6
31369.7
23849.7
23436.5
20750.5
20410.1
36112.1
1935.8
2314.69
4101.56
9140.13
2762.73
3101.43
5730.67
10370.8
4161.63
3515.98
7871.9
12068.7
26094.8
26042
23433.8
23299.9
19894.7
18455.5
14991.1
13367.8
10439.6
14311.6
23687.5
23090.3
23756.7
23568.7
20517
19375.2
16839
15167.3
11167.5
14556.9
23437.2
26461.9
23338.5
27062.9
22759.9
23676.8
22179.2
23777
21181.8
21578.9
21018.8
20973.1
23140.4
27157.2
23018.9
27114.1
21508.5
24034.6
21314.5
23959.9
21263.1
21531.4
21248.3
21511.4
17734.4
16871.4
11401.4
12631.5
17597.8
16407
11214
12617.8
17994
16836.5
11658.4
12713.8
18069
16671.6
12025.1
12736
1606.67
1117.27
791.005
949.303
674.923
633.423
2223.19
1380.57
1066.63
1888.7
1549.51
1358.65
2632.92
2273.84
2315.6
3338.81
2786.76
2530.85
25255
23187.6
21679.2
23123
21767.5
20605.9
16526.5
15584.1
15074
11116.2
9842.74
9314.26
5075.69
3840.99
3297.07
22755.3
21441.2
20221.2
23207.3
21524.4
20137.1
17084.5
14981
13769.5
11078.5
9077.8
8267.59
5408.7
3832.58
3118.71
26497
26040
28779.2
25923.4
29620.1
25951.2
35660.9
27247.1
20591.1
21008
20300.2
18888.1
23109.9
21860.5
22635
19385.9
22381.8
22299.4
20685.7
22229
27717.2
24764.5
27247.2
27631.7
29523.2
30498.4
22673.5
23509.7
20350.2
19742.2
24753.8
25362.2
16213.1
8555.92
15090.9
9498.08
16445.7
8629.8
15027.7
9426.13
16253.6
8681.03
15013.2
9837.72
14575.4
10302.2
14737.1
10215.2
20925.5
17997.8
20722.7
17922.5
23055.2
20910.2
23201.3
20649.7
20321.6
15003.1
21291
14850.1
21126.4
17806.7
21365.9
17594.4
23740.3
20446
23728.9
20169.7
20068.2
15022.7
19982.8
14923
13307.9
8705.72
11852.4
7328.19
12441.5
7778.45
11416.2
6823.91
13607.6
9267.86
12026.4
7558.72
13610.2
9619.47
11987.7
7610.73
2481.48
1254.06
4401.31
2131.17
2661.56
1576.55
4702.15
2641.98
3313.69
2455.69
5247.17
3622.05
13131.6
20275.2
9423.8
9010.83
6146.55
19934.2
13951.5
8156.66
8184.8
4993.07
20637.8
16332.3
13018.5
10083.8
5936.04
631.981
480.714
1016.15
651.392
963.45
660.992
1644.06
1257.53
1770.96
1430.97
2622.17
2094.5
20385.4
20021.2
13931.7
13624.8
9084.91
9423.81
7629.19
7259.03
4217.85
3447.49
19045.6
17581.8
14886.6
13350
11656.9
10650.6
8820.67
8252.23
5236.38
5431.41
15174
12582
15219.5
12217.9
18083.9
15245.7
17982.7
14945.3
12846
10730.8
12492.5
10821.3
15192.2
11989.7
15089.2
11960.7
17881.1
15178.9
17695.1
15117.6
13058.6
10533.5
13032.5
10674.6
9985.86
8749.79
6288.36
6985.04
9641.02
8595.06
5976.96
6638.83
10410.3
8915.49
6452.32
7427.42
10670.5
8922.34
6725.43
7540.97
2069.63
1838.45
1528.37
9205.09
4887.35
3992.72
1989.17
1989.51
1775.17
9891.71
5740.52
4871.02
2707.49
3076.76
3171.61
10791
7130.36
6371.27
19238.3
18316.3
17579.2
13423
13284.8
13154.4
9988.33
10079.7
10170.1
8796.42
8660.07
8514.67
12150.7
8756.22
7952
16347.7
15393.9
14700.5
12454.3
11871.5
11512.1
10609.5
10082.2
9741.06
10488.5
9474.71
8845.48
14725.4
9864.68
8919.5
4549.7
2857.57
2153.57
2028.43
5198.97
3150.24
2289.95
2076.83
4564.43
2846.42
2156.2
2045.02
5316.18
3217.41
2331.73
2093.36
4528.95
2795.3
2139.35
2016.96
5418.48
3250.96
2363.95
2067.04
5869.24
3470.56
2445.35
2184.14
6057.71
3619.52
2540.48
2282.57
4851.05
2991.75
2221.59
2032.84
3766.49
2515.65
1990.95
1954.29
4162.3
2653.36
2041.61
1869.18
3400.97
2340.92
1898.52
1866.85
5308.5
3245.44
2352.24
2142.7
3981.61
2642.97
2051.15
2024.8
5563.89
3415.35
2441.82
2215.43
4070.33
2732.29
2097.91
2058.86
3267.87
2368.97
1922.4
1913.29
1817.23
1772.07
1637.72
1793.07
3263.1
2346.89
1914.18
1906.3
1917.91
1798.75
1647.72
1803.23
3333.09
2331.31
1911.08
1906.88
2250.95
1895.7
1685.03
1850.37
3243.82
2239.42
1854.17
1937.65
2530.26
1957.83
1727.23
1829.59
2907.22
2135.45
1790.86
1834.5
272.766
1278.04
1247.43
371.964
-1549.81
994.654
1078.01
404.805
531.796
1362.04
1278.65
394.528
-1209.23
1089.93
1106.22
414.278
1014.14
1509.83
1330.65
393.984
-639.574
1249.24
1150.23
420.408
1594.69
1681.52
1396.83
430.3
-51.3714
1421.61
1209.28
440.104
1955.62
1832.54
1477.33
509.623
53.8295
1544.6
1263.29
457.168
2092.1
1988.8
1518.82
480.792
-390.881
1656.33
1359.16
486.331
2038.85
1919.55
1488.08
481.466
-411.383
1603.89
1311.83
469.201
2096.51
2037.74
1550.42
445.175
-480.044
1702.7
1394.55
490.171
2148.97
2091.59
1599.08
457.25
-373.133
1758.64
1436.9
503.928
2019.23
1609.94
1148.52
685
227.387
1995.56
1606.63
1149.34
685.869
227.689
2043.63
1622.16
1154.68
687.935
228.254
2024.39
1622.3
1157.62
689.901
228.895
2088.56
1639.68
1162.7
691.657
229.346
2059.41
1641.18
1167.42
694.684
230.335
2093.14
1663.09
1180.45
701.405
232.402
2143.06
1694.92
1199.18
711.056
235.37
2135.69
1660.93
1174.33
697.479
231.121
2281.89
1687.28
1181.94
700.379
231.927
2145.12
1655.44
1168.68
694.228
230.081
2278.22
1677.76
1175.69
697.087
230.897
2156.56
1680.3
1186.04
703.559
233.001
2323.53
1706.05
1192.6
705.866
233.626
2204.53
1711.12
1203.65
712.56
235.77
2374.44
1733.5
1207.85
713.648
236.03
2076.37
1617.92
1148.46
684.3
227.121
2185.3
1626.79
1148.7
683.896
226.961
2099.06
1627.55
1153.04
686.428
227.739
2203.21
1634.02
1152.18
685.53
227.44
2144.9
1643.71
1160.27
689.771
228.712
2242.64
1647.18
1158.41
688.468
228.298
2221.4
1662.45
1167.61
693.051
229.658
2289.83
1661.39
1165.56
691.878
229.282
2294.58
1672.15
1171.78
695.01
230.237
8989.63
13754.2
9471.77
14079.1
10194.7
14520.5
10728.5
14844
10383
14373.1
9750.68
10961.7
9715.7
11405.5
9833.02
10912.9
10018.3
11068.3
7925.87
1353.83
288.332
64.4521
11.3819
8803.47
2501
605.593
136.969
24.181
8034.23
1346.94
284.655
63.3688
11.1584
8912.51
2497.52
602.171
135.508
23.7134
8159.23
1348.2
282.321
62.5462
10.9871
9027.2
2500.13
599.167
134.272
23.4555
8148.42
1316.9
273.135
60.3291
10.5874
8985.47
2463.67
587.958
131.481
22.9377
7793.89
1227.85
254.038
56.2617
9.89343
8572.71
2353.92
563.404
126.312
22.0644
7037.97
1153.05
246.309
55.4267
9.81922
7198.78
2071.59
508.701
115.884
20.4295
7248.57
1168.31
246.601
55.1439
9.73776
7576.32
2175.89
529.641
119.71
20.9945
6965.29
1152.35
247.358
55.803
9.89594
7085.84
2028.15
498.58
113.946
20.1444
6952.29
1145.72
245.793
55.4813
9.83137
7109.98
2021.15
495.694
113.571
20.0473
32792.2
46374.6
45340.1
31847.9
18824
19790.6
27759.4
28952.2
21670.5
24248.2
34412.1
46842.2
43459.2
57475.8
28406.4
32333.6
22329.2
23823.2
12132.1
13289.9
4949.18
3315.1
967.481
765.015
854.684
757.731
905.028
4894.86
4897.63
2989.78
4221.02
4090.37
1809.57
2460.06
2261.89
1517.84
1738.99
1442.35
4399.14
2459.13
1628.22
1449.36
1807.34
1578.67
1259.1
1202.43
1143.77
1013.87
1344.09
1219.9
4574.64
2829.24
3230.31
2106.22
1762.26
2428.05
1286.08
1035.36
1405.1
10136
10383.2
10771.4
12324.9
20746.6
7400.27
8617.79
9583.31
10933.9
12881.9
2551.75
3663.18
4523
5118.06
5428.74
2031.53
2944.07
3660.15
4154.25
4407.8
2266.45
3276.2
4061.13
4596.96
4869.42
2013.65
2920.54
3631.63
4120.18
4369.41
2395.02
3452.64
4272.56
4834.31
5122.17
10362.1
10816.8
10854.8
11730.3
18740.4
10336.1
10603.3
10449.9
10866.1
12537.1
6918.12
8304.44
9092.75
9846.62
10712.7
9192.75
9776.22
9663
9708.25
10025.3
8897.49
9535.25
9378.06
9244.02
9303.33
4533.98
6048.15
7045.27
7703.98
8075.92
5883.44
7359.19
8193.63
8766.21
9169.64
5475.73
6946.97
7762.38
8237.52
8493.6
3884.36
5332.31
6335.53
6986.82
7324.27
4373.72
5856.13
6817.42
7416.41
7723.42
3712.28
5134.07
6128.21
6766.83
7088.39
9498.93
10264.6
10612.3
11761.1
19018.1
5888.78
7435.15
8463.44
9382.95
10286.7
4140.65
5643.66
6693.9
7414.65
7827.58
3727.12
5163.78
6208.42
6936.09
7346.89
4531.69
6075.39
7160.79
7972.57
8522.29
4028.81
5533.01
6634.47
7442.29
7937.13
3273.2
4609.75
5622.71
6342.98
6745.15
3140.88
4446.43
5429.86
6107.83
6468.08
2998.77
4261.5
5204.55
5833.57
6152.12
2672.63
3829.51
4711.85
5308.84
5612.81
3482.24
4866.89
5870.83
6541.06
6891.04
3183.02
4496.32
5474.8
6139.19
6487.17
9611.41
10143.2
10577.6
12009.7
19941.5
6525.61
7921.64
8976.6
10206.1
11722.6
7558.52
8984.46
9823.11
11087.6
13653.9
5169.53
6776.01
7958.19
8997.19
9861.61
4440.23
6006.02
7156.59
8058.43
8675.54
5825.28
7398.15
8499.14
9538.96
10576.9
3340.76
4696.99
5715.74
6432.11
6827.96
2724.7
3896.83
4792.49
5404.94
5721.77
3623.81
5043.93
6092.26
6832.22
7252.11
17960.2
11912.7
18514.3
13204.8
24028.5
34218
25092
34034.1
19053
20190.3
16330.5
19481.9
21691.6
20669.9
27536
22637.4
13811.6
12855.7
6766.12
5751.9
15064.4
13718.8
7777.73
6327.51
18610.2
20137.1
19112.7
17471.3
19439.8
12808.9
10767.5
12415.3
17593.8
17569.7
36480.2
38164.5
25573.3
26887.1
15493.8
12718.9
16954.7
11758.1
8210.17
7929.6
13461.8
14857.7
5636.41
6132.66
14833.2
16870.8
7038.7
7752.82
14182
19735
8240.53
12662
2887.78
7017.59
2149.67
4848.64
17791.3
20370.4
17726
20732.6
19476
19785.2
20491
20277.3
16128.2
20423.4
18289
20134.7
17434
20885.7
17552.2
21077.6
21223.2
20486.3
21576.6
20642.5
14307.2
20562.3
13597.3
20712.1
17882.9
21076.4
21731.9
30163.5
19467.5
24912.9
21785.8
33002.9
16541
18105.2
21690.8
28879.4
16089.6
16580.6
21868.2
28585.4
18448.9
19943.7
23060.1
34132.3
18589.4
19044.3
24697.5
34603.1
18361.7
18060.8
26611.1
34385.9
18005.7
18949.9
19151.9
20280.5
30307.4
18231.9
16970.6
20465.3
18569.9
34597.2
19019.4
19762.3
19518.3
21042.2
37474
11185.1
10268.2
10296.8
13252.6
12238.9
11251.8
10676.3
13633.9
13461.1
11718.9
11180.3
13958.7
17726.9
17129.5
16571.3
16190.8
19027.4
17873.2
15665.8
14152.4
11722.9
14583.2
18727.8
18603.2
19759.8
19963.7
18875.1
17820.8
17047.6
15172.3
11557.6
14123.1
21494.6
24239.8
22345
25862.3
20401.9
21364.7
21034
22628.7
20627.6
20872
20080.4
19839
22650.8
26570.5
22869.5
26938.5
20969.2
23474.8
21154
23795.8
20960.5
21165.8
21152.1
21401.1
17578
16584.5
11424.1
12546
17475.9
16083
11378
12559.9
17879.3
16664.5
11644.1
12649.9
18027.4
16615.6
12015
12711.3
9425.84
9567.71
4038.03
3726.37
10515.2
10184.3
4525.36
4337
10255.9
9632.49
5158.72
4987.56
16960.7
16511
16463.2
16576.5
16341.1
15889.6
12238.7
10992.4
6077.75
5035.3
19008.8
18307.3
20193.9
19472
15957
14853.2
11418.9
9857.19
5596.4
4235.37
21712.2
20704.8
26530
23250.2
24107.9
21552.2
32899.6
24901.1
19858.4
16404.2
21581.5
17172.2
19753.6
16695.3
21677.4
17398.9
20233.4
17997.5
18377
17158.1
20915.8
22098.5
25893.9
27218
28370.1
30161
21318.5
23028.4
19315.1
19445.9
23229.3
24848.3
13364.9
9768.22
13767.7
9992.79
13650.8
9677.13
13947.4
9836.89
13612.6
9533.66
13926.5
10030.9
13951.1
10337.6
14535.3
10220
17071.6
16659.3
18795.7
17094
19516.9
18761.5
21310.2
19448.6
18517.5
14692.4
17661
14549.6
20166.5
17365
21079.8
17460.1
22812.8
19837.9
23458.8
19985.3
19174.8
14827.6
19722.8
14862.1
12899.6
9118.42
12055.4
7700.46
12387.6
8843.77
12017.7
7619.51
13288.9
9419.37
12089
7731.25
13497.3
9655.14
12003.3
7666.98
12937.3
13259.3
9154.48
8402.63
13096.7
13381.8
9006.7
8330.53
13084.1
12856.1
8773.26
8232.83
15193.3
17852.5
16028.9
11917.2
8526.88
16589.5
15601.4
17507.6
12022.7
8229.31
18286.5
16303.6
14535
12181.1
7548.01
14069.5
15551.8
8425.55
9268.66
13904.3
15093
8339.2
9121.8
12948.8
13685.4
7944.69
8189.42
16482.8
15741.3
15004.1
14599.3
15677.3
16344.5
12268.7
13315.9
7686.46
7600.04
16694.3
15443.4
15164.6
14048.3
13737.1
13380.4
11617.4
11888.8
7048.49
7787.69
14835.5
12918.8
14894.1
12323.6
16646.1
14286.5
17158.4
14447.9
13002.6
11291.5
13096.8
12093.8
14988.5
12034.5
15025.8
11972.7
17467.2
14934.6
17571.3
15047.9
13072.2
10777.5
13022.6
10736.2
10484.4
9551.57
6772.7
7722.88
10781.3
10269.2
6939.47
8126.22
10608.3
9274.05
6676.23
7824.2
10726.9
9027.68
6801.99
7666.3
18939.6
18935
26621.3
22240
18098.2
18249.1
25496.3
21232.6
15840.4
16611.7
23360.3
19719.4
15375.8
14938.6
14329.3
14234.4
16769.4
17359.6
15779.6
15867.5
21418.5
18076.5
14588.8
13988.2
13605.3
13544.9
14094.1
14566
15360.7
15098.4
21039.4
16676.1
6040.27
3862.01
2773.31
2479.3
6306
4013.06
2864.58
2499.72
5913.71
3779.39
2721.26
2455.6
6240.67
3964.26
2826.81
2459.39
5680.41
3614.89
2629.39
2371.68
6135.31
3851.64
2776.3
2373.15
6288.04
3848.16
2727.88
2404.94
6197.85
3750.71
2635.57
2359.36
5452.31
3463.05
2558.91
2304.73
4163.98
2847.96
2224.84
2157.69
5106.9
3323.06
2475.81
2196.93
4051.77
2854.55
2207.09
2105.78
5640.82
3526.65
2565.05
2318.01
4195.75
2829.75
2199.05
2164.71
5666.68
3509.54
2515.25
2276.98
4137.68
2793.03
2148.64
2106.98
5481.56
3574.36
2598.55
2393.11
4535.16
3148.37
2368.75
2302.81
5312.77
3487.93
2546.49
2353.03
4418.51
3100.22
2342.56
2290.92
5074.69
3347.8
2475.74
2310.2
4333.41
3038.72
2308.93
2289.48
4576.17
3090.98
2335.34
2288.73
4145.27
2934.35
2250.91
2181.02
3874.22
2831.79
2172.19
2099
3117.18
2713.93
1922.83
528.322
897.122
2431.4
1763.9
600.831
3163.97
2713.98
1920.83
547.05
1090.71
2437.81
1760.6
602.809
3245.47
2695.76
1898.16
518.673
1359.24
2428.74
1736.79
587.977
3215.79
2642.45
1896.55
547.26
1407.5
2383.05
1714.69
586.676
2933.76
2529.51
1880.68
626.358
843.408
2265.62
1675.05
582.065
2381.96
2280.47
1768.85
574.563
-270.975
1964.82
1578.6
563.064
2579.2
2386.65
1823.24
590.286
-77.9389
2093.85
1621.56
568.784
2238.59
2196.72
1703.36
505.871
-446.295
1869.77
1523.77
537.661
2189.23
2142.13
1649.74
477.928
-370.16
1810.78
1478.8
519.642
2381.35
1832.81
1275.54
749.25
246.937
2326.13
1818.2
1271.37
747.828
246.562
2380.16
1825.6
1270.45
746.489
246.071
2316.37
1807.15
1264.11
743.972
245.366
2396.06
1819.35
1264.46
743.072
244.99
2305.85
1794.5
1255.55
739.414
243.961
2262.94
1769.58
1241.89
732.645
241.925
2205.51
1735.09
1222.47
722.926
238.994
2362.33
1799.67
1253.14
737.353
243.259
2498.46
1810.92
1251.22
735.319
242.557
2433.49
1820.13
1261.22
740.901
244.276
2557.7
1826.21
1258.28
738.653
243.534
2306.37
1775.58
1240.54
731.194
241.42
2463.82
1789.93
1239.92
729.793
240.913
2256.46
1744.15
1222.64
722.217
238.721
2422.66
1762.73
1224.41
722.053
238.602
2487.47
1854.02
1280.47
750.722
247.305
2662.51
1873.1
1283.91
751.656
247.533
2492.43
1849.52
1276.9
748.732
246.672
2664.03
1869.1
1281.09
750.12
247.049
2511.84
1843.34
1271.25
745.574
245.67
2671.58
1861.32
1275.71
747.255
246.148
2566.43
1840.85
1266.18
742.572
244.705
2682.9
1850.02
1269.07
743.806
245.055
2624.7
1836.63
1262.71
740.703
244.123
11142.7
14650.2
11207.7
14666.2
11348.4
14682.2
11180.8
14522.3
10473.6
13831.9
9752.24
10908.4
9765.96
11318
9822.58
10877
10012.8
11055.4
8546.44
1419.88
297.83
66.0453
11.6132
9202.11
2597.76
624.377
140.37
24.6833
8515.87
1397.47
292.012
64.6294
11.3445
9167.81
2567.17
616.443
138.174
24.1123
8417.41
1374.2
286.286
63.2761
11.1005
9073.19
2529.85
606.696
135.84
23.7044
8194.06
1320.08
273.847
60.5261
10.6249
8857.31
2458.04
589.17
131.968
23.0333
7745.04
1220.35
252.949
56.1125
9.87632
8395.2
2332.58
561.032
126.083
22.0491
7014.21
1148.38
245.27
55.2059
9.78304
7162.3
2060.72
506.187
115.369
20.3478
7218.08
1161.75
245.254
54.8869
9.69876
7510.94
2159.28
526.47
119.161
20.9176
6949.54
1149.49
246.715
55.6604
9.87174
7064.34
2021.86
497.035
113.609
20.0881
6946.71
1144.74
245.572
55.4318
9.82282
7102.55
2019.09
495.181
113.455
20.0276
32337.5
46063.6
44267.2
30485.1
23860
28362.2
23079.9
28257.5
26679.1
42198.3
28262.1
43193.7
277.447
295.079
334.39
397.888
489.882
615.312
292.359
310.416
350.507
414.665
505.761
627.125
266.169
260.601
284.936
281.281
326.9
327.687
395.206
404.573
493.024
513.53
619.992
643.793
779.834
989.398
1260.89
1620.46
2034.77
2332.67
781.94
972.24
1199.25
1453.76
1697.11
1854.89
742.93
1090.18
1370.29
1566.63
1667.75
789.918
1158.64
1455.74
1663.81
1770.9
894.703
1311.3
1646.3
1880.53
2000.98
1063.7
1556.95
1952.34
2228.16
2369.83
1307.81
1910.25
2390.89
2725.21
2896.74
1638.86
2385.64
2977.39
3387.77
3598.43
782.704
1148.23
1442.89
1649.33
1755.61
830.768
1218.11
1529.96
1748.22
1860.51
937.48
1373.25
1723.27
1967.83
2093.54
1107.95
1620.44
2030.64
2316.6
2463.48
1349.19
1968.62
2461.98
2805.09
2981.29
1668.83
2426.34
3025.77
3441.9
3656.03
712.784
1046.1
1315.1
1503.72
1600.88
697.886
1024.3
1287.78
1472.57
1567.76
762.852
1119.16
1406.41
1607.66
1711.26
753.084
1104.89
1388.58
1587.36
1689.69
874.795
1282.44
1610.44
1839.86
1957.85
876.912
1285.59
1614.47
1844.51
1962.81
1056.75
1547.25
1940.68
2215.2
2356.18
1081.75
1583.79
1986.4
2267.23
2411.39
1316.56
1923.73
2408.37
2745.36
2918.12
1371.13
2003.01
2506.94
2856.96
3036.24
1652.09
2406.29
3004
3417.85
3629.77
1715.38
2497.92
3117.19
3545
3763.56
2068.72
2994.24
3720.6
4223.88
4483.79
2606.38
3736.83
4613.2
5224.73
5547.52
3280.89
4628.87
5658.49
6396.23
6809.27
4126.78
5667.35
6827.23
7716.91
8285.9
5025.04
6645.07
7855.62
8896.94
9709.72
5642.52
7273.52
8494.55
9640.82
10650.1
2072.88
2997.74
3723.54
4227.72
4489.06
2562.43
3676.64
4542.42
5147.71
5467.2
3133.68
4445.73
5454.12
6171.29
6564.2
3754.25
5246.43
6381.34
7215.23
7701.98
4325.17
5945.17
7168.2
8106.79
8699.69
4687.12
6375.49
7647.43
8655.11
9325.57
280.46
304.224
350.139
420.972
521.238
655.941
295.437
319.744
366.446
437.701
536.3
665.095
269.224
263.773
294.271
291.016
343.107
344.716
419.283
430.201
526.101
548.452
664.417
691.866
829.056
1043
1311.65
1658.34
2054.77
2338.28
825.915
1018.73
1242.9
1488.44
1718.58
1862.03
751.02
1102.14
1385.44
1584.08
1686.39
814.547
1195.12
1502.05
1717.17
1827.97
937.166
1374.32
1726.46
1973.08
2100.04
1126.08
1649.87
2070.98
2365.55
2517.13
1392.87
2037.73
2554.65
2915.77
3101.61
1749.74
2553.39
3194.88
3642.7
3873.6
790.986
1160.49
1458.47
1667.3
1774.83
855.918
1255.43
1577.42
1803
1919.15
980.508
1437.24
1804.83
2062.15
2194.59
1170.27
1713.48
2149.67
2454.66
2611.64
1432.11
2093.09
2622.12
2991.69
3182.04
1772.46
2583.18
3229.2
3680.45
3913.59
720.991
1058.22
1330.44
1521.37
1619.73
706.405
1036.87
1303.69
1490.86
1587.29
787.972
1156.32
1453.52
1661.89
1769.22
779.271
1143.61
1437.64
1643.81
1750.01
918.463
1347.18
1692.7
1934.75
2059.36
922.787
1353.59
1700.84
1944.12
2069.35
1121.78
1644.05
2064.19
2358.12
2509.36
1151
1686.92
2118.04
2419.64
2574.79
1406.31
2058.31
2581.32
2946.67
3134.59
1466.06
2145.78
2690.95
3071.64
3267.37
1773.46
2590.23
3242.85
3698.14
3932.5
1847.05
2698.28
3378.41
3852.51
4096.26
2204.36
3202.52
3994.46
4548.41
4836.2
2756.45
3972.65
4929.77
5605.82
5965.04
3427.27
4867.98
5989.91
6804.84
7263.25
4242.8
5869.79
7121.26
8092.27
8712.73
5093.63
6776.14
8055.33
9161.48
10020.1
5664.24
7318.19
8564.78
9736.16
10764.4
2193.82
3182.94
3966.46
4515.1
4800.87
2691.73
3877.96
4810.55
5468.68
5817.8
3257.19
4642.6
5721.73
6496.7
6922.9
3854.87
5411.9
6611.94
7501.05
8020.88
4389.48
6054.57
7324.3
8303.86
8922.5
4708.98
6413.54
7702.53
8725.48
9405.81
4930
3313.82
1031.19
820.201
928.944
818.931
975.178
4550.92
4408.06
2917.65
3669.84
1865.48
2422.39
1593.8
1753.64
1502.25
4245.01
2475.21
1703.87
1529.14
1871.54
1646.39
1322.28
1279.88
1239.7
1103.9
1431.96
1305.42
4518.42
2834.7
3196.69
2137.93
1815.3
2449.71
1357.44
1112.44
1480.65
10133.3
10438
10878.3
12500.7
21071.6
7414.65
8667.82
9673.03
11067.4
13057.2
2730.95
3946.64
4905.65
5580.33
5935.96
2183.83
3178.54
3969.2
4521.06
4806.4
2473.12
3598.4
4490.85
5111.65
5431.5
2182.69
3181.1
3975.48
4528.71
4813.57
2591.49
3761.6
4687.45
5333.43
5668.38
10125.7
11449.8
12322.2
13998.8
22342.9
10024
11574.9
12656.2
14165.3
16695.7
7010.04
8965.17
10424
11791.8
13073.7
8851.89
10836.7
12018.7
13238.9
14294.6
4796.5
6665.76
8074.51
9098.25
9689.38
6037.17
8061.88
9543.76
10696.6
11452.9
4160.87
5895.49
7222.88
8158.16
8663.95
4550.21
6394.35
7789.95
8777.58
9319.43
3940.79
5618.17
6908.54
7809.51
8287.15
9400.39
10648.7
11531.6
13207.9
21432.9
6062.89
7950.45
9386.11
10687.3
11857.8
4410.51
6185.22
7542.16
8533.18
9108.65
3981.52
5628.12
6900.88
7826.72
8355.98
4771.17
6571.23
7949.58
9025.25
9741.81
4246.92
5934.94
7238.24
8224.53
8829.07
3458.73
4919.79
6059.82
6887.63
7353.32
3368.63
4827.88
5968.21
6777.73
7214.27
3279.94
4730.87
5865.94
6655.92
7067.59
2928.32
4239.47
5271.72
5990.68
6363.96
3759.52
5368.03
6613.41
7490.97
7962.37
3438.38
4931.66
6096.53
6917.95
7356.98
9604.41
10314.8
10917.5
12557
20949.2
6581.24
8074.73
9240.32
10585.4
12203.4
7605.23
9291.08
10433.2
12014.1
14913.5
5291.1
7029.43
8363.14
9547.21
10514.5
4617.34
6342.68
7671.84
8736.23
9458.06
5972.6
7795.98
9199.9
10532.1
11782.7
3553.34
5058.3
6231.14
7078.46
7551.53
2945.26
4253.82
5283.29
6004.99
6383.95
3857.55
5457.99
6699.13
7605.81
8125.29
10245.3
9634.5
8573.56
7106.66
5139.47
2005.93
18303.4
18652.9
21205.9
21857.3
17985.1
19106.6
20311.5
19720.1
14989.6
18352
15648.4
18915.9
17966.8
16218
24985.5
17630.2
17844.9
20054.2
20472.9
17059.4
18162.9
19456.4
19055.9
14941.5
22159.7
15518.2
22079.1
18151.3
19679
26813.6
16889.1
16979.7
18600.4
18783.8
16391.1
17879.1
18321.9
18400.7
17155.1
19665.5
17911.6
19696.7
19728.2
21659.4
24203.9
16204.8
16313.9
17314.8
17345.9
16028.5
17750.5
17201.1
17545.8
16131.3
17254.2
16863.6
16844.9
18104.8
19562.5
21010.3
15481.2
15623
16459.5
16409.6
15791
17669.5
16488
17014.7
15324.1
14313.2
16084.1
13774.7
16717.4
16593.6
17452.1
15176.9
15359.6
15901.6
15821
15461.4
17029.7
16039.5
16487.2
14674.3
12367.5
15249.4
12145.6
15612.3
14674.4
15872.8
21191.4
20400.2
22188.7
23278.9
19711.5
19737.7
20717.8
19831.1
18778.6
13945.4
18759.7
14037.2
16681.7
15183.2
18236.6
20055.3
19489.2
20559.8
21269.5
19089.9
19274.9
19593.4
18853
17496.5
13564
17502.6
13671.9
15373.1
13727
16964.5
18583.9
18258
18624.9
18959.9
18043.6
18240.5
18156.3
17723.6
16724.2
13422.2
16544.1
13170.8
14865
12622.7
16805.3
17239.7
17062.5
17186.4
17326.9
16931.9
17071.3
17041.5
16706.9
15952.1
14039.1
15864.1
13724.1
14426.1
12820.4
17343
16601.3
16490.1
16427
16484.4
16218.6
16351.1
16414
16215.3
15894.9
15310.7
15841
15172.3
14661.9
13462.3
18130.9
16146.6
16042.2
16008.2
16038.9
15813.9
16122.9
15968.6
15900.9
15901.7
16113.8
15907.7
16034.2
14853.1
14083.1
18966.2
11262.6
6390.31
18573.8
12175.9
20279.5
14976.7
31856.7
39409.8
41869.4
51147.8
27082.8
23475.7
17185.9
13628
8359.19
5561.42
19277.2
19773
16576.4
19507
26044
23314.4
29986.4
24327.6
7937.04
5742.42
4393.3
3273.9
9689.44
7915.36
5877.92
4754.32
17537.1
18260.3
17969.5
15262.4
14071.8
10942.8
10985.1
12461.3
17717.4
17613.7
37068.8
38303.2
26333.4
27099.2
14944.4
12605.6
16328.1
11652.6
7596.04
7783.52
6056.6
8332.02
3135.9
3743.51
8467.31
11413.7
5041.3
5835.9
9421.28
15555.4
6517.15
10569.2
2491.87
6300.66
2071.27
4709.43
17480.9
21571.5
17967.8
21438.2
21409.9
21654.8
21730.7
21330
15246.7
20626.8
15732
20401.1
17665.4
21265.3
17640.5
21201.3
21865.9
21027.1
21767.5
20810.8
14065
20698.7
13566
20764.5
17036.5
19847.5
21521.1
29810.6
18026.7
22808.9
21312.3
32237.1
16163
17522.5
21620.2
28731.9
15995.4
16421.8
21859.5
28549.4
4855.16
6322.21
12372.3
21470.5
6173.18
6973.58
16273.6
24828.2
7757.32
7820.74
20772.2
27995.7
24028.5
25971.9
20170.4
19334.5
27598.9
26209.5
24627.3
20617.1
17777.3
31373.8
23850.6
23437.1
20751
20411.6
36115.5
1895.76
2283.64
4017.19
9051.11
2767.02
3105.53
5741.73
10380.1
4163.58
3517.13
7875.54
12070.9
26094.9
26042
23433.6
23299.9
19894
18455.2
14991.9
13368.5
10441.5
14312.9
23687.9
23090.4
23757
23568.9
20517.4
19375.6
16840.1
15168.2
11168.7
14557.8
23437.8
26462.1
23339.1
27063.1
22760.4
23676.9
22179.6
23777
21182.6
21579.5
21019.5
20973.6
23140.9
27157.4
23019.4
27114.3
21508.8
24034.7
21314.7
23959.9
21263.8
21531.9
21249
21511.9
17735.3
16872.1
11402.2
12632.1
17598.8
16407.7
11214.9
12618.5
17994.9
16837.2
11659
12714.4
18069.8
16672.2
12025.8
12736.6
1584.48
1099.85
776.537
944.646
669.412
626.871
2229.54
1384
1068.23
1894.77
1553.43
1361.01
2633.5
2274.6
2316.44
3339.86
2788.17
2532.26
25255.1
23187.8
21679.6
23123.3
21768
20606.6
16526.9
15584.9
15074.8
11116.8
9843.57
9315.19
5076.36
3841.76
3297.81
22755.4
21441.4
20221.5
23207.5
21524.9
20137.7
17084.9
14981.6
13770.2
11079.1
9078.43
8268.27
5409.18
3833.04
3119.12
26501.4
26041.3
28782.2
25924.7
29634
25956.7
35673.1
27251.9
20417.9
20955.8
20096.6
18825.1
23080
21832.9
22601.6
19358.9
22376.7
22295.2
20685.7
22227.4
27700.8
24749.9
27248.1
27632
29526.8
30500.4
22671.7
23508.9
20349.4
19741.3
24746.7
25358.8
16217.7
8561.29
15089.3
9505.37
16427.3
8625.01
15012.1
9422.51
16241.7
8676.53
15002.9
9833.12
14569.6
10298.7
14734.1
10213.1
20923.9
17997.5
20721.7
17922.2
23057.2
20911.1
23203.2
20650.3
20316.4
15001.8
21284.3
14848.6
21125.9
17806.4
21365.5
17594
23741.6
20446.3
23729.5
20169.8
20065.1
15021.8
19981
14922.2
13304.8
8703.35
11850.7
7326.97
12438.2
7776.11
11414.3
6822.57
13605.3
9265.88
12025.1
7557.69
13608.6
9617.98
11986.7
7609.88
2468.92
1238.1
4387.14
2112.74
2662.05
1577.63
4702.08
2642.84
3312.85
2455.57
5245.69
3621.47
13132.3
20276.4
9423.46
9009.37
6145.13
19935.1
13951.9
8156.59
8183.75
4992.15
20638.6
16332.3
13017.5
10082.3
5934.88
614.094
459.085
996.787
642.857
964.852
660.776
1644.28
1256.8
1771.26
1431.65
2622.12
2095
20385.8
20021.2
13931.5
13624.5
9084.59
9423.32
7628.57
7258.78
4217.36
3447.44
19045.9
17581.8
14886.5
13349.7
11656.2
10650.2
8819.83
8251.79
5235.64
5430.96
15173.7
12581.7
15219.2
12217.6
18084.3
15245.7
17982.9
14945.3
12845.3
10730.3
12491.7
10820.7
15191.9
11989.4
15088.9
11960.3
17881.2
15178.8
17695.1
15117.5
13058
10533
13031.9
10674.1
9984.99
8749.2
6287.61
6984.39
9640.06
8594.46
5976.14
6638.18
10409.5
8914.93
6451.67
7426.79
10669.9
8921.83
6724.85
7540.41
2033.11
1807.83
1503.81
9154.7
4842.51
3949.63
1986.13
1988.12
1775.19
9887.49
5740.31
4871.27
2708.22
3077.3
3172.05
10791.1
7130.94
6371.96
19238.2
18316.2
17579.1
13422.6
13284.4
13154.1
9987.73
10079.2
10169.6
8796.25
8659.87
8514.47
12150.3
8756.32
7952.24
16347.6
15393.9
14700.4
12454
11871.3
11511.9
10609.2
10082
9740.86
10488.1
9474.51
8845.36
14724.5
9864.46
8919.48
4550.18
2857.6
2153.69
2027.85
5197.7
3148.62
2289.22
2075.8
4563.27
2845.93
2155.86
2044.8
5315.55
3217.16
2331.53
2093.17
4527.7
2794.82
2139.04
2016.75
5417.23
3250.52
2363.68
2066.84
5867.99
3470.1
2445.1
2183.96
6056.75
3619.12
2540.26
2282.4
4850.04
2991.29
2221.32
2032.65
3765.83
2515.27
1990.71
1954.11
4161.33
2652.91
2041.34
1868.99
3400.28
2340.53
1898.28
1866.67
5307.55
3245
2351.99
2142.52
3981
2642.62
2050.93
2024.62
5563.11
3414.98
2441.6
2215.27
4069.82
2731.98
2097.72
2058.7
3267.18
2369.45
1923.07
1912.9
1815.16
1771.67
1638.24
1791.98
3262.29
2346.45
1913.84
1906.1
1917.24
1798.46
1647.47
1803.14
3332.23
2330.88
1910.79
1906.69
2250.33
1895.36
1684.79
1850.23
3243.05
2239.01
1853.9
1937.45
2529.63
1957.48
1726.99
1829.42
2906.57
2135.07
1790.62
1834.3
272.869
1277.7
1248.21
372.013
-1547.89
993.278
1077.7
404.643
531.167
1361.93
1278.47
394.519
-1209.98
1090.02
1106.24
414.311
1013.7
1509.6
1330.48
393.937
-639.869
1249.08
1150.14
420.385
1594.25
1681.23
1396.64
430.246
-51.6014
1421.37
1209.13
440.057
1955.16
1832.21
1477.12
509.559
53.6186
1544.32
1263.12
457.112
2091.7
1988.49
1518.62
480.737
-391.018
1656.05
1358.97
486.273
2038.41
1919.22
1487.88
481.41
-411.54
1603.6
1311.64
469.142
2096.16
2037.45
1550.24
445.128
-480.153
1702.44
1394.38
490.118
2148.66
2091.34
1598.93
457.21
-373.228
1758.42
1436.75
503.881
2017.67
1609.19
1148.19
684.854
227.343
1993.83
1605.71
1148.9
685.664
227.628
2043.57
1622.08
1154.63
687.912
228.247
2024.28
1622.21
1157.57
689.883
228.893
2088.45
1639.59
1162.66
691.634
229.341
2059.29
1641.1
1167.37
694.663
230.331
2093
1663.01
1180.4
701.381
232.396
2142.94
1694.84
1199.13
711.029
235.363
2135.55
1660.84
1174.28
697.454
231.115
2281.72
1687.18
1181.88
700.351
231.92
2144.98
1655.35
1168.63
694.204
230.074
2278.05
1677.66
1175.64
697.061
230.89
2156.41
1680.21
1185.98
703.532
232.994
2323.36
1705.95
1192.54
705.838
233.618
2204.39
1711.03
1203.59
712.533
235.763
2374.28
1733.41
1207.79
713.62
236.022
2074.77
1617.29
1148.2
684.185
227.086
2183.76
1626.26
1148.48
683.807
226.939
2099.04
1627.47
1152.99
686.408
227.735
2203.21
1633.93
1152.13
685.515
227.441
2144.8
1643.63
1160.22
689.749
228.707
2242.55
1647.09
1158.36
688.449
228.295
2221.26
1662.36
1167.56
693.027
229.652
2289.69
1661.3
1165.51
691.855
229.277
2294.42
1672.06
1171.73
694.984
230.23
8941.1
13699.8
9474.03
14080.7
10196.2
14521.3
10729.5
14844.6
10383.7
14373.6
9751.26
10962.3
9716.32
11406.1
9833.58
10913.4
10018.9
11068.8
7914.86
1344.71
285.993
63.916
11.2872
8788.03
2495.26
603.964
136.581
24.1104
8031.82
1347.5
284.763
63.3858
11.1606
8910.91
2496.93
601.963
135.449
23.7019
8158.68
1348.26
282.329
62.5444
10.9863
9026.78
2499.93
599.089
134.247
23.4503
8148.46
1316.91
273.133
60.3268
10.5868
8985.51
2463.62
587.932
131.471
22.9353
7794.15
1227.89
254.042
56.2615
9.89324
8572.94
2353.95
563.402
126.309
22.0635
7038.33
1153.1
246.319
55.4289
9.81955
7199.13
2071.69
508.721
115.888
20.4301
7248.91
1168.36
246.609
55.1453
9.73792
7576.65
2175.97
529.654
119.711
20.9945
6965.66
1152.41
247.37
55.8055
9.89637
7086.2
2028.25
498.603
113.951
20.1453
6952.66
1145.78
245.805
55.4841
9.83184
7110.36
2021.25
495.72
113.576
20.0483
32793.5
46379.4
45348.6
31850.3
18542.6
19447.5
27760.5
28944.2
21700.3
24275.8
34442.2
46869.1
43507.1
57515.5
28446.4
32373.2
22300.3
23787.1
11680.5
12777.8
4949.13
3315.04
967.441
764.98
854.647
757.696
904.989
4894.85
4897.6
2989.74
4220.99
4090.35
1809.53
2460.01
2261.86
1517.79
1738.95
1442.31
4399.13
2459.09
1628.18
1449.32
1807.3
1578.62
1259.05
1202.39
1143.73
1013.83
1344.05
1219.86
4574.61
2829.19
3230.28
2106.16
1762.21
2428.01
1286.03
1035.32
1405.06
10135.8
10382.9
10770.9
12324.2
20745.3
7400.08
8617.48
9582.87
10933.3
12881.1
2551.64
3663.01
4522.78
5117.8
5428.46
2031.43
2943.93
3659.97
4154.03
4407.57
2266.35
3276.05
4060.93
4596.74
4869.18
2013.56
2920.4
3631.45
4119.98
4369.18
2394.91
3452.49
4272.35
4834.07
5121.91
10362
10816.4
10854.3
11729.6
18739
10335.9
10603.1
10449.5
10865.6
12536.3
6917.99
8304.19
9092.38
9846.13
10712.1
9192.64
9776
9662.72
9707.93
10025
8897.42
9535.08
9377.85
9243.81
9303.13
4533.86
6047.95
7045
7703.65
8075.56
5883.31
7358.98
8193.34
8765.85
9169.24
5475.62
6946.79
7762.14
8237.23
8493.29
3884.24
5332.12
6335.28
6986.52
7323.94
4373.6
5855.95
6817.18
7416.12
7723.1
3712.16
5133.89
6127.97
6766.55
7088.08
9498.8
10264.2
10611.8
11760.4
19016.6
5888.64
7434.89
8463.06
9382.45
10286.1
4140.52
5643.45
6693.62
7414.31
7827.19
3726.99
5163.58
6208.14
6935.76
7346.52
4531.55
6075.17
7160.47
7972.17
8521.83
4028.67
5532.79
6634.17
7441.91
7936.7
3273.07
4609.55
5622.44
6342.66
6744.78
3140.75
4446.23
5429.61
6107.53
6467.75
2998.66
4261.32
5204.32
5833.31
6151.83
2672.52
3829.34
4711.64
5308.59
5612.54
3482.12
4866.7
5870.58
6540.77
6890.72
3182.9
4496.13
5474.55
6138.9
6486.85
9611.25
10142.8
10577.1
12009
19940.1
6525.44
7921.35
8976.17
10205.5
11721.9
7558.37
8984.15
9822.64
11086.9
13653
5169.37
6775.74
7957.81
8996.7
9861.03
4440.08
6005.78
7156.25
8058.01
8675.05
5825.13
7397.88
8498.75
9538.44
10576.3
3340.64
4696.79
5715.48
6431.79
6827.6
2724.58
3896.66
4792.27
5404.67
5721.49
3623.68
5043.72
6091.98
6831.88
7251.73
17926.9
11838.9
18518.5
13227.4
24015.6
34181.7
25136.3
34103.9
19053.3
20190.2
16334.4
19482.7
21686.2
20667.6
27523.1
22634.2
13753.6
12794.2
6687.55
5672.55
15072.5
13725.4
7801.61
6355.84
18615.7
20139.1
19112.5
17472.2
19445.4
12823.1
10768.6
12416.6
17594.6
17571
36479.8
38167.4
25572.4
26888.2
15498.1
12721
16957.6
11759.8
8215.23
7931.48
13391
14765.8
5556.18
6043.9
14840.5
16885.4
7061.55
7774.6
14188.3
19743.2
8252.84
12673.4
2890.86
7022.05
2150.48
4850.06
17792.3
20370.9
17727.9
20733.2
19474.9
19784.6
20490
20277
16133.6
20424.9
18292.4
20136.2
17435.1
20886.4
17553.1
21078.4
21223
20486.3
21577.1
20642.8
14309.9
20563.6
13598.6
20713.3
17886.5
21081.6
21734.2
30166.7
19470.6
24917.9
21788.3
33006.6
16543.7
18108.8
21692.7
28882.1
16091.5
16583
21869.9
28587.7
18403.4
19925
22981.2
34067.2
18587.3
19035.9
24709.6
34617.3
18363.6
18060.4
26617.1
34391
18006
18949
19153.4
20282.5
30311.7
18231.1
16971
20465.9
18571.1
34601.1
19018.8
19762.6
19519.5
21044.3
37478
11190.7
10272.1
10276.6
13234.5
12233.2
11245.7
10683.5
13638.9
13460
11717.9
11181.9
13959.8
17726.5
17129.4
16571.4
16190.7
19027
17872.5
15666.5
14152.5
11724
14584
18727.3
18602.9
19760
19963.7
18875.8
17821.1
17048.8
15172.9
11558.8
14123.8
21494.8
24239.8
22345.3
25862.3
20401.5
21364.3
21033.7
22628.4
20628.4
20872.5
20081.2
19839.5
22651
26570.6
22869.8
26938.6
20969.1
23474.6
21154
23795.7
20961.2
21166.3
21152.8
21401.6
17579.1
16585.3
11425.1
12546.8
17477.1
16083.8
11379
12560.7
17880.3
16665.2
11644.8
12650.6
18028.2
16616.2
12015.7
12712
9431.37
9581.11
4082.4
3767.39
10506
10174.3
4527.22
4337.09
10254.9
9631.7
5158.74
4987.74
16960.7
16511
16463.1
16576.4
16340.5
15889.1
12238.6
10992.3
6077.84
5035.38
19008.7
18307.2
20193.8
19471.9
15957
14853.1
11419.1
9857.19
5596.55
4235.43
21707.5
20701.7
26522.3
23246.1
24099.7
21548.5
32881.4
24895.6
19887.5
16419.7
21608.1
17186.3
19751.9
16692.1
21676.5
17397.2
20229.7
17994.5
18374
17155.7
20912.6
22095.4
25891.3
27217.1
28368
30161.4
21315.6
23026.7
19313.1
19444.7
23226.5
24845.8
13377.8
9778.65
13780.4
10005.2
13649.3
9678.91
13946.4
9838.73
13611.3
9533.56
13925.3
10030.8
13949.8
10336.9
14533.6
10218.8
17069.6
16658
18793.5
17092.8
19514.7
18760.1
21307.7
19447.4
18515.6
14691.3
17659.2
14548.5
20165
17364.1
21079
17459.6
22811.6
19837.3
23458.7
19985.1
19173.1
14826.6
19721.4
14861.3
12898.4
9117.88
12054.6
7699.88
12386.5
8843.32
12016.8
7619.01
13287.6
9418.6
12088.1
7730.6
13496
9654.05
12002.3
7666.25
12946.2
13265
9163.36
8410.36
13094.5
13379.6
9007.54
8330.92
13082.8
12854.8
8772.94
8232.32
15192
17851.2
16027.5
11916.3
8526.4
16588.4
15600.3
17506.2
12021.8
8228.81
18285.2
16302.3
14533.9
12180.2
7547.55
14071.6
15563.8
8441.46
9317.31
13901.8
15082.4
8338.63
9117.33
12947.7
13684.6
7944.18
8189.28
16482.1
15741
15003.3
14598.9
15676.4
16343.9
12268
13315.4
7685.98
7599.71
16693.5
15443
15163.7
14047.8
13736.2
13379.8
11616.8
11888.3
7048.04
7787.29
14834.7
12918.2
14893.3
12323.1
16645.4
14286.1
17157.8
14447.5
13001.9
11291
13096
12093.2
14987.9
12034
15025.3
11972.3
17466.8
14934.2
17571.1
15047.7
13071.5
10777
13022
10735.8
10483.8
9551.07
6772.25
7722.43
10780.6
10268.7
6939.03
8125.78
10607.6
9273.56
6675.75
7823.72
10726.3
9027.19
6801.47
7665.79
18942.4
18939.8
26627.6
22257
18073.8
18226.7
25485.4
21226.7
15839.5
16610.7
23359.9
19719.1
15375.7
14938.6
14329.1
14234.1
16768.8
17358.9
15779.2
15867
21417.9
18076.2
14588.5
13988
13604.9
13544.6
14093.6
14565.6
15360.2
15098
21038.7
16675.6
6047.49
3866.07
2775.97
2480.32
6312.56
4016.91
2867.31
2500.98
5914.09
3779.52
2721.24
2455.55
6241.47
3964.6
2826.92
2459.35
5680.5
3614.93
2629.36
2371.62
6135.47
3851.72
2776.3
2373.08
6287.84
3848.08
2727.81
2404.85
6197.27
3750.45
2635.42
2359.23
5452.11
3462.95
2558.84
2304.66
4163.69
2847.79
2224.73
2157.59
5106.76
3323
2475.76
2196.88
4051.55
2854.44
2207.01
2105.7
5640.45
3526.46
2564.93
2317.9
4195.39
2829.54
2198.91
2164.59
5666.1
3509.25
2515.08
2276.85
4137.24
2792.77
2148.48
2106.84
5489.83
3578.45
2601.2
2393.81
4544.05
3151.69
2371.02
2302.46
5312.9
3488
2546.44
2353
4418.29
3100.35
2342.54
2290.99
5074.67
3347.83
2475.72
2310.17
4333.23
3038.77
2308.93
2289.49
4576.02
3090.95
2335.3
2288.67
4145.09
2934.34
2250.9
2180.98
3874.02
2831.72
2172.12
2098.9
3130.57
2717.43
1924.92
528.702
916.376
2434.2
1764.9
600.955
3163.4
2714.33
1920.9
547.139
1089.5
2438.32
1760.82
602.907
3245.16
2695.86
1898.2
518.685
1358.74
2428.88
1736.89
588.014
3215.56
2642.45
1896.54
547.26
1407.24
2383.06
1714.71
586.685
2933.57
2529.44
1880.64
626.347
843.24
2265.57
1675.04
582.059
2381.75
2280.32
1768.77
574.548
-271.068
1964.69
1578.52
563.04
2579.01
2386.54
1823.18
590.277
-78.0496
2093.75
1621.51
568.767
2238.36
2196.54
1703.26
505.85
-446.374
1869.61
1523.67
537.629
2188.97
2141.91
1649.61
477.896
-370.247
1810.59
1478.67
519.601
2380.7
1832.82
1275.69
749.355
246.971
2325.96
1818.41
1271.62
747.984
246.611
2380.21
1825.55
1270.43
746.479
246.069
2316.32
1807.08
1264.07
743.962
245.367
2396.05
1819.31
1264.43
743.06
244.987
2305.8
1794.44
1255.51
739.401
243.96
2262.85
1769.51
1241.85
732.626
241.92
2205.4
1735.01
1222.42
722.902
238.988
2362.26
1799.61
1253.1
737.336
243.255
2498.36
1810.86
1251.18
735.299
242.551
2433.44
1820.08
1261.18
740.887
244.273
2557.61
1826.16
1258.24
738.636
243.529
2306.27
1775.51
1240.49
731.173
241.415
2463.7
1789.85
1239.87
729.77
240.906
2256.33
1744.07
1222.59
722.192
238.714
2422.51
1762.64
1224.36
722.027
238.595
2486.39
1853.95
1280.58
750.8
247.329
2661.34
1873.05
1284
751.727
247.559
2492.53
1849.48
1276.88
748.727
246.673
2664.16
1869.05
1281.06
750.12
247.056
2511.85
1843.3
1271.22
745.564
245.669
2671.6
1861.28
1275.68
747.249
246.15
2566.38
1840.8
1266.15
742.558
244.703
2682.86
1849.98
1269.04
743.794
245.054
2624.63
1836.57
1262.68
740.687
244.119
11118.9
14624.1
11209.9
14668
11349.7
14683.2
11181.8
14523.1
10474.4
13832.7
9752.93
10909.1
9766.71
11318.7
9823.21
10877.6
10013.4
11056
8543.99
1411.28
295.529
65.5122
11.5188
9196.22
2593.35
622.928
140.007
24.6157
8514.7
1398.24
292.151
64.6513
11.3474
9167.42
2566.91
616.295
138.125
24.1022
8417.43
1374.38
286.318
63.2788
11.1004
9073.35
2529.86
606.667
135.825
23.7006
8194.41
1320.16
273.861
60.5271
10.6247
8857.66
2458.13
589.178
131.965
23.0322
7745.47
1220.42
252.961
56.1144
9.87651
8395.63
2332.69
561.053
126.086
22.0491
7014.64
1148.45
245.284
55.2088
9.78353
7162.73
2060.84
506.215
115.375
20.3488
7218.53
1161.82
245.268
54.8895
9.69915
7511.38
2159.4
526.496
119.166
20.9183
6949.95
1149.56
246.728
55.6634
9.87225
7064.75
2021.97
497.063
113.615
20.0891
6947.1
1144.8
245.586
55.4348
9.82333
7102.94
2019.2
495.208
113.461
20.0286
32336.8
46065.6
44264.3
30481.2
23917.5
28437.5
23073.4
28243.1
26661.5
42139.9
28346.8
43353
277.431
295.062
334.372
397.867
489.857
615.282
292.343
310.399
350.488
414.643
505.736
627.095
266.154
260.586
284.92
281.265
326.882
327.669
395.185
404.551
492.999
513.504
619.962
643.762
779.798
989.357
1260.84
1620.4
2034.72
2332.6
781.904
972.199
1199.2
1453.7
1697.05
1854.83
742.888
1090.12
1370.21
1566.54
1667.66
789.874
1158.57
1455.66
1663.72
1770.8
894.653
1311.22
1646.2
1880.42
2000.86
1063.64
1556.86
1952.23
2228.04
2369.7
1307.75
1910.15
2390.76
2725.06
2896.58
1638.78
2385.52
2977.24
3387.59
3598.24
782.661
1148.16
1442.81
1649.24
1755.52
830.722
1218.04
1529.87
1748.12
1860.41
937.429
1373.17
1723.17
1967.72
2093.43
1107.89
1620.35
2030.53
2316.48
2463.34
1349.13
1968.51
2461.85
2804.94
2981.12
1668.75
2426.22
3025.62
3441.72
3655.84
712.743
1046.04
1315.02
1503.63
1600.79
697.846
1024.24
1287.71
1472.48
1567.67
762.809
1119.09
1406.33
1607.56
1711.16
753.041
1104.83
1388.5
1587.26
1689.59
874.746
1282.36
1610.35
1839.76
1957.74
876.863
1285.52
1614.38
1844.41
1962.7
1056.69
1547.17
1940.58
2215.08
2356.05
1081.7
1583.7
1986.29
2267.1
2411.26
1316.49
1923.63
2408.24
2745.21
2917.96
1371.06
2002.91
2506.8
2856.81
3036.08
1652.01
2406.17
3003.85
3417.68
3629.58
1715.3
2497.8
3117.03
3544.82
3763.37
2068.62
2994.09
3720.41
4223.66
4483.56
2606.26
3736.66
4612.97
5224.46
5547.23
3280.76
4628.67
5658.21
6395.9
6808.9
4126.63
5667.11
6826.9
7716.51
8285.44
5024.87
6644.8
7855.24
8896.46
9709.17
5642.34
7273.23
8494.15
9640.31
10649.5
2072.78
2997.59
3723.35
4227.5
4488.82
2562.31
3676.47
4542.19
5147.44
5466.91
3133.55
4445.53
5453.86
6170.97
6563.84
3754.11
5246.2
6381.03
7214.85
7701.56
4325.01
5944.92
7167.86
8106.36
8699.21
4686.95
6375.22
7647.07
8654.66
9325.06
280.445
304.208
350.121
420.951
521.213
655.911
295.42
319.727
366.427
437.679
536.274
665.065
269.209
263.758
294.255
291
343.089
344.698
419.262
430.18
526.075
548.426
664.386
691.835
829.02
1042.95
1311.6
1658.28
2054.7
2338.21
825.878
1018.69
1242.85
1488.38
1718.52
1861.96
750.979
1102.08
1385.37
1583.99
1686.3
814.503
1195.06
1501.96
1717.08
1827.87
937.117
1374.25
1726.37
1972.98
2099.93
1126.02
1649.79
2070.88
2365.43
2517
1392.8
2037.63
2554.52
2915.63
3101.46
1749.65
2553.27
3194.72
3642.52
3873.42
790.942
1160.43
1458.39
1667.21
1774.73
855.872
1255.37
1577.34
1802.91
1919.04
980.457
1437.17
1804.74
2062.04
2194.47
1170.22
1713.39
2149.56
2454.54
2611.51
1432.04
2092.98
2622
2991.54
3181.88
1772.38
2583.06
3229.05
3680.27
3913.4
720.95
1058.17
1330.37
1521.29
1619.64
706.365
1036.81
1303.62
1490.78
1587.2
787.929
1156.26
1453.44
1661.8
1769.13
779.229
1143.55
1437.56
1643.72
1749.91
918.415
1347.11
1692.61
1934.64
2059.25
922.739
1353.52
1700.75
1944.01
2069.24
1121.72
1643.97
2064.08
2358.01
2509.24
1150.94
1686.84
2117.94
2419.52
2574.66
1406.24
2058.21
2581.2
2946.53
3134.44
1465.99
2145.68
2690.82
3071.49
3267.21
1773.38
2590.11
3242.7
3697.97
3932.31
1846.97
2698.16
3378.25
3852.33
4096.07
2204.26
3202.37
3994.27
4548.2
4835.98
2756.33
3972.48
4929.54
5605.56
5964.76
3427.12
4867.77
5989.64
6804.53
7262.9
4242.63
5869.54
7120.94
8091.88
8712.3
5093.45
6775.86
8054.96
9161.02
10019.6
5664.06
7317.9
8564.38
9735.66
10763.8
2193.72
3182.79
3966.28
4514.88
4800.64
2691.62
3877.78
4810.33
5468.42
5817.52
3257.05
4642.39
5721.47
6496.39
6922.57
3854.72
5411.67
6611.64
7500.69
8020.48
4389.31
6054.31
7323.96
8303.45
8922.04
4708.81
6413.27
7702.17
8725.04
9405.32
4929.92
3313.75
1031.14
820.165
928.905
818.895
975.137
4550.8
4407.97
2917.56
3669.77
1865.42
2422.32
1593.75
1753.59
1502.2
4244.89
2475.13
1703.81
1529.08
1871.47
1646.33
1322.23
1279.83
1239.66
1103.86
1431.91
1305.37
4518.33
2834.63
3196.61
2137.86
1815.23
2449.63
1357.39
1112.39
1480.6
10133.1
10437.6
10877.8
12500
21070.4
7414.45
8667.5
9672.59
11066.8
13056.5
2730.83
3946.47
4905.43
5580.08
5935.69
2183.74
3178.4
3969.02
4520.85
4806.18
2473.01
3598.25
4490.65
5111.43
5431.26
2182.6
3180.96
3975.3
4528.5
4813.35
2591.38
3761.44
4687.24
5333.19
5668.13
10125.4
11449.4
12321.6
13998.2
22342.1
10023.8
11574.6
12655.8
14164.8
16695.1
7009.82
8964.86
10423.6
11791.3
13073.2
8851.7
10836.5
12018.3
13238.5
14294.1
4796.33
6665.52
8074.2
9097.9
9689
6036.99
8061.61
9543.42
10696.2
11452.5
4160.72
5895.27
7222.6
8157.84
8663.61
4550.06
6394.12
7789.66
8777.25
9319.07
3940.64
5617.96
6908.27
7809.2
8286.82
9400.08
10648.3
11531.1
13207.3
21432
6062.68
7950.15
9385.74
10686.9
11857.3
4410.35
6184.99
7541.86
8532.84
9108.28
3981.37
5627.9
6900.59
7826.39
8355.62
4770.99
6570.98
7949.26
9024.87
9741.4
4246.75
5934.7
7237.94
8224.17
8828.68
3458.59
4919.58
6059.56
6887.32
7352.98
3368.5
4827.68
5967.96
6777.43
7213.96
3279.81
4730.68
5865.7
6655.65
7067.29
2928.2
4239.29
5271.49
5990.42
6363.69
3759.38
5367.82
6613.15
7490.66
7962.04
3438.25
4931.46
6096.28
6917.66
7356.66
9604.14
10314.4
10917
12556.4
20948.1
6581.03
8074.42
9239.91
10584.9
12202.8
7604.98
9290.71
10432.8
12013.5
14912.9
5290.91
7029.14
8362.77
9546.76
10514
4617.17
6342.42
7671.5
8735.84
9457.63
5972.39
7795.68
9199.51
10531.6
11782.2
3553.2
5058.09
6230.87
7078.15
7551.19
2945.14
4253.64
5283.06
6004.73
6383.67
3857.4
5457.77
6698.85
7605.48
8124.94
10244.9
9634.14
8573.25
7106.41
5139.3
2005.87
18291
18655
21201.3
21882.6
17985.9
19107
20308.7
19718.6
14948.4
18323.6
15654.7
18910.8
17969.6
16218.8
24985.9
17620.2
17847.5
20052.1
20490.3
17060.5
18163.6
19454.8
19054.8
14902.8
22150
15523.8
22073.5
18153.2
19678.3
26811.8
16883.9
16981.7
18600.4
18792.2
16391.8
17879.5
18321.5
18400.2
17135.2
19662.3
17912.1
19695.1
19727.9
21658.1
24201
16200.3
16315.5
17315.6
17348.1
16028.9
17750.7
17201.4
17545.8
16110.6
17240.6
16863.7
16846.3
18104.5
19561.8
21007.8
15476.3
15624.5
16460.4
16408.6
15791.4
17669.6
16488.5
17014.8
15312.5
14310
16084.2
13781
16717.2
16593.3
17450.1
15172.3
15361.2
15902.6
15818.6
15461.8
17029.9
16040
16487.4
14669.4
12371.7
15249.8
12150.3
15612.4
14674.3
15871.3
21226.5
20399.1
22182.6
23324.1
19709
19735.5
20713.9
19828.7
18802.7
13956.7
18759.3
14032.8
16680.1
15181.7
18233.7
20081.6
19489.7
20557.1
21300.4
19088.4
19273.3
19590.9
18851.4
17512.9
13574.5
17502.6
13668.9
15372.2
13726
16962.3
18598.6
18260
18624.9
18975.2
18043.4
18239.8
18155.6
17722.9
16735.3
13428.6
16545.5
13172.3
14864.9
12622.4
16803.7
17247
17064.9
17187.3
17333.4
16932.3
17071.3
17041.8
16706.7
15962.8
14049.1
15865.8
13726.9
14426.4
12820.5
17341.8
16605.4
16492.4
16428
16487
16219.2
16351.3
16414.5
16215.4
15902.1
15338.2
15842.4
15178.6
14662.2
13462.4
18129.2
16149.6
16044
16009.1
16040.2
15814.3
16123
15969.1
15901
15906.7
16150.5
15908.1
16037.4
14852.9
14083
18964
)
;

boundaryField
{
    patch1
    {
        type            calculated;
        value           nonuniform List<scalar> 
2440
(
14075.9
27717.2
0
0
0
0
0
0
0
0
14071.8
27700.8
0
0
0
0
0
0
0
0
11449.6
18580.8
20258.6
31829.2
41819.9
27034.4
17178.5
8618.27
46365.8
18824
27759.4
21670.5
34412.1
43459.2
28406.4
22329.2
12132.1
0
0
0
0
0
0
0
0
0
0
0
0
0
0
0
0
0
0
0
0
0
0
0
0
0
0
0
0
0
0
0
0
0
0
0
46054.8
0
0
0
0
0
0
0
0
0
0
0
0
0
0
0
0
0
0
0
0
0
0
0
0
0
0
0
0
0
0
0
0
0
0
0
0
0
0
0
0
0
0
0
0
0
0
0
0
0
0
0
0
0
0
0
0
0
11262.6
18573.8
20279.5
31856.7
41869.4
27082.8
17185.9
8359.19
46370.7
18542.6
27760.5
21700.3
34442.2
43507.1
28446.4
22300.3
11680.5
0
0
0
0
0
0
0
0
0
0
0
0
0
0
0
0
0
0
0
0
0
0
0
0
0
0
0
0
0
0
0
0
0
0
0
46056.8
0
0
0
0
0
0
0
0
0
0
0
0
0
0
0
0
0
0
0
0
0
0
0
0
0
0
0
0
0
0
0
0
0
0
0
0
0
0
0
0
0
0
0
0
0
0
0
0
0
0
0
0
0
0
0
0
0
15262
22229
0
0
0
0
0
14674.4
15872.8
14083.1
18966.2
15262.4
22227.4
0
0
0
0
0
14674.3
15871.3
14083
18964
18264.8
26628.8
27331.5
21802
21101
27520.7
27488.1
21842.4
21829.9
17065.7
12740.3
16529.8
12702.5
17063.5
12835.8
16924.4
12901.9
791.005
633.423
1066.63
1358.65
2315.6
2530.85
21679.2
20605.9
15074
9314.26
3297.07
20221.2
20137.1
13769.5
8267.59
3118.71
22299.4
1528.37
3992.72
1775.17
4871.02
3171.61
6371.27
17579.2
13154.4
10170.1
8514.67
7952
14700.5
11512.1
9741.06
8845.48
8919.5
0
0
0
0
0
0
0
0
0
0
0
0
0
0
0
0
0
0
0
0
0
0
0
0
0
0
0
0
0
0
0
0
0
0
0
0
0
0
0
0
0
0.724386
-0.27724
0.722833
-0.344551
0.717174
-0.344449
0.701875
-0.334126
0.685334
-0.325895
0.21589
-0.121508
0.452462
-0.237476
0.0788935
-0.0454187
0.0158782
-0.00830406
32791.5
45347.7
31849.2
19740.8
28978.2
24255.9
46839.9
57466.2
32368.1
23811.5
13277.2
24392.5
26118.5
21084.6
19955.1
26926.4
27310
21470.3
21717.7
16772.3
12653.2
16198.9
12644.8
16887.7
12770.9
16867.3
12876.7
9567.76
3726.35
10184.3
4337
9632.49
4987.56
16511
16576.5
15889.6
10992.4
5035.3
18307.3
19472
14853.2
9857.19
4235.37
18935
22240
18249.1
21232.6
16611.7
19719.4
14938.6
14234.4
17359.6
15867.5
18076.5
13988.2
13544.9
14566
15098.4
16676.1
0
0
0
0
0
0
0
0
0
0
0
0
0
0
0
0
0
0
0
0
0
0
0
0
0
0
0
0
0
0
0
0
0
0
0
0
0
0
0
0
0
0.735278
-0.281363
0.731885
-0.349119
0.723056
-0.34722
0.704152
-0.334895
0.684735
-0.32522
0.21517
-0.12106
0.451136
-0.236194
0.0786748
-0.0453661
0.0158499
-0.00831982
32336.9
44275.1
30486.3
28342.3
28279.2
42241.4
43143.8
15176.9
15359.7
15901.6
15821.1
15461.4
17029.7
16039.5
16487.2
14674.3
12367.5
15249.4
12145.6
15612.3
16146.5
16042.2
16008.2
16038.9
15813.9
16122.9
15968.6
15900.9
15901.7
16113.8
15907.7
16034.2
14853.1
18260.3
26629
27331.7
21802.6
21101.5
27521
27488.3
21842.9
21830.4
17066.4
12740.9
16530.6
12703.3
17064.1
12836.4
16925
12902.5
776.537
626.871
1068.23
1361.01
2316.44
2532.26
21679.6
20606.6
15074.8
9315.19
3297.81
20221.5
20137.7
13770.2
8268.27
3119.12
22295.2
1503.81
3949.63
1775.19
4871.27
3172.05
6371.96
17579.1
13154.1
10169.6
8514.47
7952.24
14700.4
11511.9
9740.86
8845.36
8919.48
0
0
0
0
0
0
0
0
0
0
0
0
0
0
0
0
0
0
0
0
0
0
0
0
0
0
0
0
0
0
0
0
0
0
0
0
0
0
0
0
0
0.723329
-0.278978
0.722664
-0.34409
0.716989
-0.344308
0.701778
-0.334078
0.685296
-0.325883
0.215893
-0.121514
0.452458
-0.237486
0.078896
-0.0454212
0.0158789
-0.00830452
32792.7
45356.2
31851.6
19386
28970.2
24283.6
46866.8
57506
32407.9
23775.5
12755.1
24392.5
26118.5
21085.1
19955.7
26926.4
27310.1
21470.8
21718.2
16773.1
12654
16199.7
12645.6
16888.4
12771.6
16867.9
12877.3
9581.16
3767.37
10174.3
4337.09
9631.7
4987.74
16511
16576.4
15889.1
10992.3
5035.38
18307.2
19471.9
14853.1
9857.19
4235.43
18939.8
22257
18226.7
21226.7
16610.7
19719.1
14938.6
14234.1
17358.9
15867
18076.2
13988
13544.6
14565.6
15098
16675.6
0
0
0
0
0
0
0
0
0
0
0
0
0
0
0
0
0
0
0
0
0
0
0
0
0
0
0
0
0
0
0
0
0
0
0
0
0
0
0
0
0
0.734299
-0.283174
0.731746
-0.348668
0.722905
-0.347095
0.704086
-0.334862
0.684721
-0.325219
0.215177
-0.121067
0.451144
-0.236208
0.0786782
-0.0453685
0.0158507
-0.00832021
32336.1
44272.2
30482.4
28415.8
28264.9
42183.2
43299.2
15172.4
15361.3
15902.7
15818.7
15461.8
17029.9
16040
16487.4
14669.4
12371.7
15249.8
12150.3
15612.4
16149.5
16044
16009.1
16040.1
15814.3
16123
15969.1
15901
15906.7
16150.5
15908.1
16037.4
14852.9
18796.3
7263.94
2005.93
18795.5
7263.87
2005.87
19274.1
19770.7
26031.1
23308.8
8103.32
5858.25
9716.23
7924.83
524.01
655.006
4538.21
4981.25
9284.37
10037.9
24880.6
25711.7
19166.3
491.109
165.114
3680.57
2986.64
7287.72
6233.82
231.699
203.248
209.881
2390.11
1941.74
1711.11
4959.85
4335.72
4109.09
26497
26040
29620.1
25951.2
20591.1
21008
23109.9
21860.5
122.258
89.4618
1376.67
1092.92
1463.09
1751.98
14831.2
21131.2
8634.23
118.941
197.591
998.151
967.766
1847.1
2027.53
96.707
102.451
120.977
1170.27
1254.59
1271.93
2758.1
3161.7
3280.42
8989.63
9471.77
10194.7
10728.5
10383
9750.68
9715.7
9833.02
10018.3
11142.7
11207.7
11348.4
11180.8
10473.6
9752.24
9765.96
9822.58
10012.8
19277.2
19773
26044
23314.4
7937.04
5742.42
9689.44
7915.36
451.858
561.143
4522.55
4967.75
9281.38
10034.6
24880.7
25712.6
19165.7
411.35
88.3929
3688.23
2993.13
7285.21
6232.93
185.314
163.707
175.522
2398.44
1944.87
1711.19
4960.08
4336.36
4109.75
26501.4
26041.3
29634
25956.7
20417.9
20955.8
23080
21832.9
105.872
75.4361
1368.29
1083.95
1462.15
1751.31
14831.7
21132.3
8634.15
104.162
190.956
987.824
958.792
1846.52
2026.65
81.8566
85.1791
100.796
1160.55
1249.2
1268.22
2756.93
3160.56
3279.63
8941.1
9474.03
10196.2
10729.5
10383.7
9751.26
9716.32
9833.58
10018.9
11118.9
11209.9
11349.7
11181.8
10474.4
9752.93
9766.71
9823.21
10013.4
20912.5
15736.2
2289.83
1661.39
1165.56
691.878
229.282
2294.58
1672.15
1171.78
695.01
230.237
23220.6
24841.8
25904.7
23743.6
24736.6
25351.8
2682.86
1849.98
1269.04
743.794
245.054
2624.63
1836.57
1262.68
740.687
244.119
10244.9
9634.14
8573.25
7106.41
5139.3
26416.6
26563.1
24321.2
24335
19309.7
17831.2
25683.4
23565.2
22067.8
23656
21634.9
20195.4
15467.2
13638.3
12627
20193.9
19472
15957
14853.2
11418.9
9857.19
5596.4
4235.37
13963.2
10341.7
14568.6
10226.7
6288.04
3848.16
2727.88
2404.94
6197.85
3750.71
2635.57
2359.36
2262.94
1769.58
1241.89
732.645
241.925
2205.51
1735.09
1222.47
722.926
238.994
263.773
291.016
344.716
430.201
548.452
691.866
706.405
1036.87
1303.69
1490.86
1587.29
779.271
1143.61
1437.64
1643.81
1750.01
922.787
1353.59
1700.84
1944.12
2069.35
1151
1686.92
2118.04
2419.64
2574.79
1466.06
2145.78
2690.95
3071.64
3267.37
1847.05
2698.28
3378.41
3852.51
4096.26
1239.7
3279.94
4730.87
5865.94
6655.92
7067.59
23207.5
21524.9
20137.7
17084.9
14981.6
13770.2
11079.1
9078.43
8268.27
5409.18
3833.04
3119.12
14583.2
10303.7
14768.5
10220.2
20703.3
19998.5
14820.8
13520.1
7535.39
7365.55
19089
18159.9
17396.9
12894.4
12827.7
12630.1
7940.29
8227.72
8254.72
5867.99
3470.1
2445.1
2183.96
6056.75
3619.12
2540.26
2282.4
2093
1663.01
1180.4
701.381
232.396
2142.94
1694.84
1199.13
711.029
235.363
1143.73
2998.66
4261.32
5204.32
5833.31
6151.83
260.586
281.265
327.669
404.551
513.504
643.762
697.846
1024.24
1287.71
1472.48
1567.67
753.041
1104.83
1388.5
1587.26
1689.59
876.863
1285.52
1614.38
1844.41
1962.7
1081.7
1583.7
1986.29
2267.1
2411.26
1371.06
2002.91
2506.8
2856.81
3036.08
1715.3
2497.8
3117.03
3544.82
3763.37
25904.1
23743.6
24743.8
25355.2
2682.9
1850.02
1269.07
743.806
245.055
2624.7
1836.63
1262.71
740.703
244.123
10245.3
9634.5
8573.56
7106.66
5139.47
20913.3
15736.1
2289.69
1661.3
1165.51
691.855
229.277
2294.42
1672.06
1171.73
694.984
230.23
23217.8
24839.3
42970.8
55245.3
28586.7
31167.4
14189.9
15744.3
1946.11
2070.33
0
0
0
0
0
0
0
0
0
0
0
0
0
0
0
20301.3
18890.5
22635
19386.5
22676.1
23514.5
15090.9
9498.17
15013.8
9422.95
5198.97
3150.24
2289.95
2076.83
5316.18
3217.41
2331.73
2093.36
-1549.81
994.654
1078.01
404.805
-1209.23
1089.93
1106.22
414.278
-639.574
1249.24
1150.23
420.408
-51.3714
1421.61
1209.28
440.104
53.8295
1544.6
1263.29
457.168
-390.881
1656.33
1359.16
486.331
-411.383
1603.89
1311.83
469.201
-480.044
1702.7
1394.55
490.171
-373.133
1758.64
1436.9
503.928
1995.56
1606.63
1149.34
685.869
227.689
2024.39
1622.3
1157.62
689.901
228.895
2281.89
1687.28
1181.94
700.379
231.927
2278.22
1677.76
1175.69
697.087
230.897
2323.53
1706.05
1192.6
705.866
233.626
2374.44
1733.5
1207.85
713.648
236.03
2185.3
1626.79
1148.7
683.896
226.961
2203.21
1634.02
1152.18
685.53
227.44
2242.64
1647.18
1158.41
688.468
228.298
13831.9
14159
14602.2
14886.8
14408.2
10996.9
11434
10952.1
11110.9
8851.71
2513.98
609.046
137.754
24.3557
8962.34
2512.22
605.788
136.345
23.9272
9077.38
2514.86
602.787
135.109
23.6695
9037.37
2478.85
591.66
132.332
23.1545
8622.12
2368.67
567.024
127.148
22.2778
7238.08
2083.38
511.576
116.537
20.5967
7616.42
2188.16
532.671
120.409
21.1732
7124.6
2039.64
501.359
114.571
20.3048
7148.92
2032.75
498.532
114.162
20.2082
42276
56080.6
23848.4
27994.8
13269.1
15183.2
1539.77
1889.32
854.684
4090.37
2261.89
1442.35
2266.45
3276.2
4061.13
4596.96
4869.42
8897.49
9535.25
9378.06
9244.02
9303.33
5475.73
6946.97
7762.38
8237.52
8493.6
3712.28
5134.07
6128.21
6766.83
7088.39
0
0
0
0
0
0
0
0
0
0
21585.5
17175.3
21677.4
17399.6
21321.5
23033.2
13767.6
9992.84
13939.4
9834.79
6306
4013.06
2864.58
2499.72
6240.67
3964.26
2826.81
2459.39
897.122
2431.4
1763.9
600.831
1090.71
2437.81
1760.6
602.809
1359.24
2428.74
1736.79
587.977
1407.5
2383.05
1714.69
586.676
843.408
2265.62
1675.05
582.065
-270.975
1964.82
1578.6
563.064
-77.9389
2093.85
1621.56
568.784
-446.295
1869.77
1523.77
537.661
-370.16
1810.78
1478.8
519.642
2326.13
1818.2
1271.37
747.828
246.562
2316.37
1807.15
1264.11
743.972
245.366
2498.46
1810.92
1251.22
735.319
242.557
2557.7
1826.21
1258.28
738.653
243.534
2463.82
1789.93
1239.92
729.793
240.913
2422.66
1762.73
1224.41
722.053
238.602
2662.51
1873.1
1283.91
751.656
247.533
2664.03
1869.1
1281.09
750.12
247.049
2671.58
1861.32
1275.71
747.255
246.148
14721.2
14737.9
14754.3
14559.8
13863
10943.2
11346.6
10916
11097.9
9251.57
2611.08
627.92
141.172
24.8607
9218.43
2582.18
620.13
139.025
24.329
9123.37
2544.74
610.351
136.685
23.92
8908.61
2473.21
592.876
132.821
23.2506
8443.91
2347.22
564.635
126.916
22.2623
7201.44
2072.46
509.049
116.02
20.5144
7550.73
2171.46
529.48
119.855
21.0956
7103
2033.33
499.807
114.233
20.248
7141.45
2030.68
498.016
114.046
20.1884
292.359
310.416
350.507
414.665
505.761
627.125
781.94
972.24
1199.25
1453.76
1697.11
1854.89
782.704
1148.23
1442.89
1649.33
1755.61
830.768
1218.11
1529.96
1748.22
1860.51
937.48
1373.25
1723.27
1967.83
2093.54
1107.95
1620.44
2030.64
2316.6
2463.48
1349.19
1968.62
2461.98
2805.09
2981.29
1668.83
2426.34
3025.77
3441.9
3656.03
2072.88
2997.74
3723.54
4227.72
4489.06
2562.43
3676.64
4542.42
5147.71
5467.2
3133.68
4445.73
5454.12
6171.29
6564.2
3754.25
5246.43
6381.34
7215.23
7701.98
4325.17
5945.17
7168.2
8106.79
8699.69
4687.12
6375.49
7647.43
8655.11
9325.57
295.437
319.744
366.446
437.701
536.3
665.095
825.915
1018.73
1242.9
1488.44
1718.58
1862.03
790.986
1160.49
1458.47
1667.3
1774.83
855.918
1255.43
1577.42
1803
1919.15
980.508
1437.24
1804.83
2062.15
2194.59
1170.27
1713.48
2149.67
2454.66
2611.64
1432.11
2093.09
2622.12
2991.69
3182.04
1772.46
2583.18
3229.2
3680.45
3913.59
2193.82
3182.94
3966.46
4515.1
4800.87
2691.73
3877.96
4810.55
5468.68
5817.8
3257.19
4642.6
5721.73
6496.7
6922.9
3854.87
5411.9
6611.94
7501.05
8020.88
4389.48
6054.57
7324.3
8303.86
8922.5
4708.98
6413.54
7702.53
8725.48
9405.81
928.944
3669.84
1502.25
2473.12
3598.4
4490.85
5111.65
5431.5
8851.89
10836.7
12018.7
13238.9
14294.6
3940.79
5618.17
6908.54
7809.51
8287.15
43020.9
55270
28640.4
31168.9
14198.5
15788.3
1328.1
1413.05
0
0
0
0
0
0
0
0
0
0
0
0
0
0
0
20097.9
18827.7
22601.6
19359.5
22674.4
23513.6
15089.3
9505.45
14998
9419.32
5197.7
3148.62
2289.22
2075.8
5315.55
3217.16
2331.53
2093.17
-1547.89
993.278
1077.7
404.643
-1209.98
1090.02
1106.24
414.311
-639.869
1249.08
1150.14
420.385
-51.6014
1421.37
1209.13
440.057
53.6186
1544.32
1263.12
457.112
-391.018
1656.05
1358.97
486.273
-411.54
1603.6
1311.64
469.142
-480.153
1702.44
1394.38
490.118
-373.228
1758.42
1436.75
503.881
1993.83
1605.71
1148.9
685.664
227.628
2024.28
1622.21
1157.57
689.883
228.893
2281.72
1687.18
1181.88
700.351
231.92
2278.05
1677.66
1175.64
697.061
230.89
2323.36
1705.95
1192.54
705.838
233.618
2374.28
1733.41
1207.79
713.62
236.022
2183.76
1626.26
1148.48
683.807
226.939
2203.21
1633.93
1152.13
685.515
227.441
2242.55
1647.09
1158.36
688.449
228.295
13777
14160.7
14603.1
14887.4
14408.8
10997.5
11434.6
10952.7
11111.4
8836.65
2508.34
607.439
137.371
24.2861
8960.69
2511.6
605.576
136.285
23.9155
9076.94
2514.65
602.708
135.083
23.6642
9037.41
2478.8
591.634
132.322
23.1521
8622.35
2368.7
567.023
127.145
22.2769
7238.44
2083.48
511.596
116.541
20.5973
7616.74
2188.24
532.684
120.411
21.1732
7124.97
2039.74
501.383
114.576
20.3056
7149.3
2032.86
498.558
114.168
20.2092
42324.8
56122.1
23891.9
28040.5
13225.1
15132.4
1035.09
1273.76
854.647
4090.35
2261.86
1442.31
2266.35
3276.05
4060.93
4596.74
4869.18
8897.42
9535.08
9377.85
9243.81
9303.13
5475.62
6946.79
7762.14
8237.23
8493.29
3712.16
5133.89
6127.97
6766.55
7088.08
0
0
0
0
0
0
0
0
0
0
21612.4
17189.6
21676.5
17397.8
21318.6
23031.5
13780.3
10005.2
13938.2
9836.61
6312.56
4016.91
2867.31
2500.98
6241.47
3964.6
2826.92
2459.35
916.376
2434.2
1764.9
600.955
1089.5
2438.32
1760.82
602.907
1358.74
2428.88
1736.89
588.014
1407.24
2383.06
1714.71
586.685
843.24
2265.57
1675.04
582.059
-271.068
1964.69
1578.52
563.04
-78.0496
2093.75
1621.51
568.767
-446.374
1869.61
1523.67
537.629
-370.247
1810.59
1478.67
519.601
2325.96
1818.41
1271.62
747.984
246.611
2316.32
1807.08
1264.07
743.962
245.367
2498.36
1810.86
1251.18
735.299
242.551
2557.61
1826.16
1258.24
738.636
243.529
2463.7
1789.85
1239.87
729.77
240.906
2422.51
1762.64
1224.36
722.027
238.595
2661.34
1873.05
1284
751.727
247.559
2664.16
1869.05
1281.06
750.12
247.056
2671.6
1861.28
1275.68
747.249
246.15
14694.8
14739.7
14755.3
14560.6
13863.8
10943.9
11347.4
10916.6
11098.5
9246.11
2606.77
626.494
140.814
24.7942
9218
2581.91
619.978
138.975
24.3186
9123.51
2544.75
610.321
136.669
23.9161
8908.97
2473.29
592.884
132.818
23.2494
8444.34
2347.33
564.656
126.919
22.2623
7201.87
2072.58
509.077
116.026
20.5154
7551.18
2171.58
529.507
119.86
21.0963
7103.41
2033.44
499.835
114.239
20.2491
7141.85
2030.8
498.043
114.052
20.1894
292.343
310.399
350.488
414.643
505.736
627.095
781.904
972.199
1199.2
1453.7
1697.05
1854.83
782.661
1148.16
1442.81
1649.24
1755.52
830.722
1218.04
1529.87
1748.12
1860.41
937.429
1373.17
1723.17
1967.72
2093.43
1107.89
1620.35
2030.53
2316.48
2463.34
1349.13
1968.51
2461.85
2804.94
2981.12
1668.75
2426.22
3025.62
3441.72
3655.84
2072.78
2997.59
3723.35
4227.5
4488.82
2562.31
3676.47
4542.19
5147.44
5466.91
3133.55
4445.53
5453.86
6170.97
6563.84
3754.11
5246.2
6381.03
7214.85
7701.56
4325.01
5944.92
7167.86
8106.36
8699.21
4686.95
6375.22
7647.07
8654.66
9325.06
295.42
319.727
366.427
437.679
536.274
665.065
825.878
1018.69
1242.85
1488.38
1718.52
1861.96
790.942
1160.43
1458.39
1667.21
1774.73
855.872
1255.37
1577.34
1802.91
1919.04
980.457
1437.17
1804.74
2062.04
2194.47
1170.22
1713.39
2149.56
2454.54
2611.51
1432.04
2092.98
2622
2991.54
3181.88
1772.38
2583.06
3229.05
3680.27
3913.4
2193.72
3182.79
3966.28
4514.88
4800.64
2691.62
3877.78
4810.33
5468.42
5817.52
3257.05
4642.39
5721.47
6496.39
6922.57
3854.72
5411.67
6611.64
7500.69
8020.48
4389.31
6054.31
7323.96
8303.45
8922.04
4708.81
6413.27
7702.17
8725.04
9405.32
928.905
3669.77
1502.2
2473.01
3598.25
4490.65
5111.43
5431.26
8851.7
10836.5
12018.3
13238.5
14294.1
3940.64
5617.96
6908.27
7809.2
8286.82
23207.3
21524.4
20137.1
17084.5
14981
13769.5
11078.5
9077.8
8267.59
5408.7
3832.58
3118.71
14589.1
10307.2
14771.5
10222.3
20703
19998.5
14821.1
13520.4
7535.44
7365.82
19089.2
18160
17396.9
12894.8
12828.1
12630.4
7940.77
8228.26
8255.18
5869.24
3470.56
2445.35
2184.14
6057.71
3619.52
2540.48
2282.57
2093.14
1663.09
1180.45
701.405
232.402
2143.06
1694.92
1199.18
711.056
235.37
1143.77
2998.77
4261.5
5204.55
5833.57
6152.12
260.601
281.281
327.687
404.573
513.53
643.793
697.886
1024.3
1287.78
1472.57
1567.76
753.084
1104.89
1388.58
1587.36
1689.69
876.912
1285.59
1614.47
1844.51
1962.81
1081.75
1583.79
1986.4
2267.23
2411.39
1371.13
2003.01
2506.94
2856.96
3036.24
1715.38
2497.92
3117.19
3545
3763.56
26416.8
26563.1
24321
24334.9
19308.8
17830.7
25683.5
23565.5
22068.2
23656.2
21635.4
20196
15467.3
13638.9
12627.7
20193.8
19471.9
15957
14853.1
11419.1
9857.19
5596.55
4235.43
13961.9
10341
14566.9
10225.5
6287.84
3848.08
2727.81
2404.85
6197.27
3750.45
2635.42
2359.23
2262.85
1769.51
1241.85
732.626
241.92
2205.4
1735.01
1222.42
722.902
238.988
263.758
291
344.698
430.18
548.426
691.835
706.365
1036.81
1303.62
1490.78
1587.2
779.229
1143.55
1437.56
1643.72
1749.91
922.739
1353.52
1700.75
1944.01
2069.24
1150.94
1686.84
2117.94
2419.52
2574.66
1465.99
2145.68
2690.82
3071.49
3267.21
1846.97
2698.16
3378.25
3852.33
4096.07
1239.66
3279.81
4730.68
5865.7
6655.65
7067.29
)
;
    }
    patch2
    {
        type            calculated;
        value           nonuniform List<scalar> 
348
(
10422.4
10422
11072.3
6938.58
5803.67
7373.84
12355
7683.59
6482.51
8275.04
11071.6
6938.21
5803.37
7373.45
12354.4
7683.25
6482.22
8274.68
20756.4
13997.3
5509.53
4472.31
4938.3
4432.47
5195.52
18324.1
13222.6
11165.4
10243.5
9378.7
8186.97
9322.51
8570.66
7414.39
7806.06
7171.25
18701.6
10723.3
7951.18
7466.38
8718.92
8092.88
6858.43
6564.26
6233.2
5690.16
6984.15
6579.16
19963.5
12535.6
14852.7
10219.8
8891.29
1693.42
1798.07
2031.52
2405.74
2940.22
3651.92
1782.58
1888.99
2125.42
2500.71
3025.99
3710.53
1625.54
1591.91
1737.54
1715.64
1987.77
1992.8
2391.91
2447.91
2961.87
3081.61
3683.45
3818.83
4550.31
5632.28
6925.3
8470.37
10027.2
11080.4
4556.16
5550.92
6671.46
7844.3
8887.99
9549.26
1712.36
1856.08
2132.26
2555.59
3148.79
3932.37
1802.11
1948.61
2228.19
2651.48
3230.41
3973.05
1644.7
1611.76
1796.46
1776.95
2090.97
2101.12
2547.73
2614.14
3182.26
3317
3992.04
4158.12
4910.07
6059.58
7391.91
8912.77
10353.3
11201.6
4874.4
5909.43
7039.27
8172.61
9118.51
9632.55
21083.6
14191.7
6028.79
4879.27
5512.94
4886.01
5754.23
21951.7
17612.3
13666.3
14730.9
9861.78
11705.9
8800.49
9468.03
8413.07
21200.6
12387.7
9278.09
8508.78
9989.08
9016.74
7484.33
7331.25
7173.92
6459.89
8088.7
7473.72
20965.7
13060.2
16242.9
10908.4
9706.06
20755.1
13996.5
5509.24
4472.07
4938.06
4432.24
5195.25
18322.6
13221.8
11164.8
10243.1
9378.48
8186.58
9322.08
8570.34
7414.05
7805.73
7170.93
18700.1
10722.7
7950.78
7466
8718.44
8092.43
6858.06
6563.92
6232.9
5689.88
6983.82
6578.83
19962.1
12534.8
14851.7
10219.2
8890.78
1693.32
1797.97
2031.41
2405.6
2940.06
3651.72
1782.48
1888.89
2125.3
2500.58
3025.83
3710.34
1625.44
1591.82
1737.44
1715.54
1987.66
1992.69
2391.77
2447.78
2961.72
3081.45
3683.26
3818.64
4550.07
5631.98
6924.93
8469.89
10026.6
11079.8
4555.92
5550.62
6671.1
7843.87
8887.5
9548.74
1712.27
1855.98
2132.14
2555.46
3148.64
3932.18
1802.01
1948.51
2228.08
2651.35
3230.25
3972.85
1644.6
1611.67
1796.36
1776.86
2090.86
2101.01
2547.6
2614.01
3182.11
3316.84
3991.85
4157.93
4909.84
6059.3
7391.56
8912.34
10352.8
11200.9
4874.16
5909.14
7038.93
8172.21
9118.05
9632.04
21082.3
14190.9
6028.51
4879.05
5512.7
4885.79
5753.97
21950.9
17611.6
13665.8
14730.4
9861.39
11705.5
8800.14
9467.66
8412.73
21199.7
12387.2
9277.71
8508.42
9988.66
9016.34
7483.99
7330.93
7173.62
6459.61
8088.36
7473.4
20964.6
13059.5
16242.1
10907.8
9705.62
10743.2
6286.38
4979.6
11564.4
7140.11
5816.23
12842.4
8445.1
7161.66
14392.1
9805.03
8452.88
16139.9
10735.1
9194.29
28879.5
24866.4
27924.1
23689.5
26482.4
21958.6
25186.2
20154.4
23436.9
18373
10718.7
6250.59
4941.13
11560
7141.41
5817.51
12840.8
8445.24
7162.16
14390.9
9804.82
8453.01
16138.7
10734.7
9194.23
28916.9
24895.5
27917.2
23691.4
26480.1
21958
25185
20153.7
23436
18372.3
)
;
    }
    patch3
    {
        type            calculated;
        value           uniform 0;
    }
    patch4
    {
        type            calculated;
        value           nonuniform List<scalar> 
384
(
6212.59
12070.8
14946.4
39360.5
50896.9
23226.7
13641.7
5516.55
11841.7
13271.2
34356.4
33844.5
5976.47
12077.5
14934.1
39374
50921.4
23226.9
13667.2
5204.5
11764.1
13294.3
34320.5
33902
10990.9
12444.1
37085.7
38258.9
10774.7
12399.3
36504.4
38124.5
10991.8
12445.6
37092.5
38263.5
10775.9
12400.5
36504
38127.4
7584.71
7771.02
8204.22
7919.72
2493.71
6300.9
2078.29
4712.97
2895.33
7026.16
2158.87
4855.15
8199.16
7917.84
7585.83
7772.09
4560.23
3384.39
5879.36
4742.26
14938.2
12597.6
3221.97
3838.2
5020.65
5818.73
6781.18
5761.93
7777.77
6328.64
15487.2
12712
5636.27
6132.67
7030.98
7751.39
4407.75
3283.35
5877.96
4755.48
14939.1
12599.1
3135.9
3743.48
5034.35
5834.8
6703.13
5682.83
7801.65
6356.99
15491.4
12714.1
5556.04
6043.9
7053.64
7773.12
2892.23
7021.7
2158.06
4853.73
2495.04
6303.82
2078.77
4714.09
46130
51003.4
49722.9
52434.8
46135.9
51007.8
49729
52440
9434.03
4103.86
12624.5
6162.3
17927.7
11282
6705.41
5019.36
21847.7
36658.3
26613.6
41574.8
18804.4
34421.9
17460.9
33831.7
15562.6
6353.57
17908
8095.27
22047.4
13389.1
7470.71
5176.34
23157.6
37062.7
28830.3
42414.5
19438.1
34595
17638.1
33876.1
9289.66
4004.52
12638.4
6180.14
17935.4
11290.6
6708.73
5020.65
21851.8
36661.3
26618.2
41578.3
18807.3
34424.5
17463.3
33834.3
15457.9
6259.41
17924.9
8118.97
22057.2
13401.3
7475.47
5177.93
23163.2
37066.5
28836.2
42419
19442
34598.1
17640.8
33878.8
15487.8
31114.2
19753.4
35517.7
25769.2
39900
35923.1
25340.8
43459.2
27874.7
45465.9
31546.7
46474.5
38845.7
15297.1
30862.6
19770.5
35543
25778
39909.8
35928.2
25231
43321.9
27890.8
45490.1
31555.2
46483.5
38851.3
7925.87
8034.23
8159.23
8148.42
7793.89
7037.97
7248.57
6965.29
6952.29
8546.44
8515.88
8417.41
8194.06
7745.04
7014.21
7218.08
6949.54
6946.71
7914.86
8031.82
8158.68
8148.46
7794.15
7038.33
7248.91
6965.66
6952.66
8544
8514.71
8417.43
8194.41
7745.47
7014.64
7218.52
6949.95
6947.1
1353.83
1346.94
1348.2
1316.9
1227.85
1153.05
1168.31
1152.35
1145.72
1419.88
1397.47
1374.2
1320.08
1220.35
1148.38
1161.75
1149.49
1144.74
1344.71
1347.5
1348.26
1316.91
1227.89
1153.1
1168.36
1152.41
1145.78
1411.28
1398.24
1374.38
1320.16
1220.42
1148.45
1161.82
1149.56
1144.8
288.332
284.655
282.321
273.135
254.038
246.309
246.601
247.358
245.793
297.83
292.012
286.286
273.847
252.949
245.27
245.254
246.715
245.572
285.993
284.763
282.329
273.133
254.042
246.319
246.609
247.37
245.805
295.529
292.151
286.318
273.861
252.961
245.284
245.268
246.728
245.586
64.4521
63.3688
62.5462
60.3291
56.2617
55.4267
55.1439
55.803
55.4813
66.0453
64.6294
63.2761
60.5261
56.1125
55.2059
54.8869
55.6604
55.4318
63.916
63.3858
62.5444
60.3268
56.2615
55.4289
55.1453
55.8055
55.4841
65.5122
64.6513
63.2788
60.5271
56.1144
55.2088
54.8895
55.6634
55.4348
11.3819
11.1584
10.9871
10.5874
9.89343
9.81922
9.73776
9.89594
9.83137
11.6132
11.3445
11.1005
10.6249
9.87632
9.78304
9.69876
9.87174
9.82282
11.2872
11.1606
10.9863
10.5868
9.89324
9.81955
9.73792
9.89637
9.83184
11.5188
11.3474
11.1004
10.6247
9.87651
9.78353
9.69915
9.87225
9.82333
)
;
    }
}


// ************************************************************************* //
