/*--------------------------------*- C++ -*----------------------------------*\
  =========                 |
  \\      /  F ield         | OpenFOAM: The Open Source CFD Toolbox
   \\    /   O peration     | Website:  https://openfoam.org
    \\  /    A nd           | Version:  11
     \\/     M anipulation  |
\*---------------------------------------------------------------------------*/
FoamFile
{
    format      ascii;
    class       volScalarField;
    location    "2.7";
    object      gradTx;
}
// * * * * * * * * * * * * * * * * * * * * * * * * * * * * * * * * * * * * * //

dimensions      [0 -1 0 1 0 0 0];

internalField   nonuniform List<scalar> 
5712
(
-6450.56
-8243.81
-15346.8
-22386.3
-22832.4
-39420.9
-17587
-44793.4
-14333.3
-31484.4
-21423.8
-32574.5
-19239.7
-25197
-8454.93
-9658.81
-14346.4
-16428.1
-18582.1
-18433.8
-14663.7
-18151.3
-21613.2
-19424.1
-5227.15
-3907.57
-6505.75
-4357.06
-12104.1
-9635.15
-20702
-14946.2
-16063.3
-16672.7
-17786.4
-16881
-6169.6
-4868.76
-38100.1
-51017.5
-24609.6
-30222
-51335.4
-66603.4
-26573.3
-30417.1
-28197.4
-39849.1
-24585.9
-32613.7
-14348.2
-23171.8
-2730.8
-918.622
-2880.49
-1036.45
-8251.31
-3323.49
-11348.6
-4165.61
-8040.54
-3090.15
-8609
-2756.37
-14700.5
-4671.5
-18981.2
-6395.52
-23408.2
-11589.2
-21426.6
-12711.2
-22040.3
-14255.1
-19376.4
-14617.8
-16779
-9960.46
-16758.5
-8506.35
-22099.8
-14174.1
-22146
-14316.4
-20453.6
-15494.2
-20699.4
-15576.3
-18130.7
-11532.1
-18782.9
-11825.3
-17102.9
-7375.16
-7872.13
-9542.3
-17175.6
-8049.77
-6839.87
-9628.07
-18120.8
-7353.63
-8945.41
-9639.59
-19024.6
-7538.01
-9742.56
-10087.2
-3539.77
-3860.14
-1183.95
-2289.16
-10394.1
-10977.9
-3986.21
-7000.59
-13309.9
-14827.5
-6336.11
-10741.8
-12231.4
-1199.26
-13349.2
-16319.4
-8780.8
-864.277
-7508.55
-11920.1
-19137.4
-13039.3
-9646.7
-11641.7
-10090.3
-8627.73
-13492.2
-3426.45
-2844.53
-1950.28
-1938.51
-9688.21
-8237.67
-5779
-5507.86
-12134.9
-10386.6
-7552.45
-6794.07
-5885.32
-7458.09
-12089.9
-12492.6
-13806.7
-12579.7
-15546.5
-13597.5
-10351.5
-8705.53
-8965.67
-9542.83
-11797.3
-9472.79
-10700.5
-7940.98
-9210.48
-6475.87
-10616.7
-7012.74
-10145
-4932.78
-8677.05
-9498.51
-12458.1
-16361.6
-13694.6
-19999.1
-6875.27
-7728.55
-8963.46
-3093.05
-7720.2
-14946.9
-7316.85
-15991.1
-13551.8
-24663.3
-13784.9
-26135.7
-5799.01
-12782.5
-5255.82
-13589.4
-7980.04
-6129.34
-11037.3
-4453.2
-8276.4
-1879.07
-9658.81
-965.933
-7645.41
-9097.47
-11553.8
-5379.87
-6307.51
-10696.7
-10208.3
-7034.55
-2290.63
-2037.29
-1850.81
-1639.94
-1517.76
-1374.06
-6813.16
-5685.67
-4989.82
-4335.52
-3555.98
-3129.28
-8441.3
-7386.86
-6871.03
-5235.45
-4357.2
-4154.6
-6634.48
-5968.38
-5857.88
-10974.3
-8520.06
-7251.46
-10227.8
-7727.9
-6356.24
-10759.7
-8652.48
-7596.38
-6531.76
-4403.39
-3484.45
-15798.3
-13891.6
-12177
-10055
-8521.77
-7199.24
-8818.41
-7003.55
-5709.59
-7313.73
-5404.59
-4253.91
-7374.11
-4181.77
-2425.76
-10224
-13889.4
-8060.11
-10454.1
-10921.2
-16088.1
-9732.12
-14218.7
-62.5022
-749.53
483.358
-111.235
-2971.04
-3380.78
-1232.46
-673.226
-715.635
-2438.89
-9332.51
-13659.9
-6638.6
-3601.76
-9735.21
-9657.72
-14911.6
-16415.4
576.173
4020.94
-7495.67
-7069.64
-7034.63
-5429.53
-1037.95
-559.198
-658.892
-258.907
-2035.71
-266.954
320.186
827.039
-9213.91
-2473.11
-6194.17
-1664.34
-8894.16
-2739.56
-10757.4
-3502.98
-8745.78
-11864.9
-8098.43
-11590.4
-13909.5
-14788.6
-13286.9
-14028.5
-5688.05
-9519.94
-6551.69
-9444.64
-8587.83
-11179.9
-9469.8
-11310.4
-13841.4
-13793.6
-14496
-13866.7
-5738.72
-9229.96
-6240.16
-9416.58
-61.9461
-1571.66
-7665.54
-5052.88
509.416
-1153.92
-7103.75
-4483.27
-504.177
-1809.55
-7848.88
-5494.08
-958.701
-2080.14
-7911.3
-5706.32
656.025
763.366
-192.822
-53.0941
2828.73
2883.21
141.977
281.847
462.634
1872.94
-1859.64
-1238.37
10214.7
9442.04
5514.64
4147.21
279.318
10381.5
10792.4
4298.38
6315.64
645.887
-10095.4
-8028.79
-7292.79
-6994.71
-4489.56
803.591
769.054
-2.9698
-128.481
2542.18
2584.29
-22.3035
-310.995
2543.39
3212.35
-902.939
-1310.46
5129.63
2397.73
8222.68
5247.35
3638.13
2817.02
4069.08
3611.81
-719.633
-1775.22
-3732.15
-2363.26
-1054.91
1041.12
-1123.99
710.798
-1974.51
-597.084
-2537.61
-2937.46
-5302.9
-4886.12
-10038.6
-6103.98
-8087.54
-8204.33
-12278.8
-9989.42
-8103.09
-4875.45
-4121.6
-4134.03
-11816.2
-5281.82
-12996
-5918.59
-13690.6
-10196.1
-14610.8
-10916.7
-9786.65
-4012.32
-10954.1
-4632.96
-6676.38
-5466.61
-5488.59
-8157
-4417.58
-5042.57
-4730.95
-7567.94
-7659.99
-5442.95
-6180.06
-9347.05
-9218.97
-5916.19
-7593.89
-9661.24
822.237
904.949
1030
-4.85903
313.115
358.62
3017.22
3285.22
3314.2
165.048
901.191
919.88
3789.08
4345.51
4506.88
-770.41
863.526
1203.22
1337.38
1161.86
862.988
3979.26
4126.9
3881.49
3259.07
3769.81
3741.63
4030.09
4454.98
4394.12
-1634.98
360.911
529.167
-3418.76
-1919.21
-980.73
1108.13
2350.75
3015.13
1020.61
2644.4
3355.9
385.055
2175.08
2696.98
-2717.9
534.684
931.084
21.5736
41.4743
58.9389
90.7275
275.112
162.708
139.616
140.678
-10.7898
80.5981
199.589
321.682
443.618
300.295
342.818
384.205
-268.76
27.8936
282.478
568.916
146.54
245.089
332.277
390.825
29.0768
149.125
166.391
168.16
-232.844
-6.18903
133.484
233.869
-1038.54
-213.739
122.361
361.673
-1624.35
-378.448
23.1762
611.391
-739.249
-93.5126
206.13
517.689
-1342.7
-289.358
4.29542
537.88
-1098.39
-253.924
145.587
447.527
-1816.15
-449.106
21.5574
717.135
-1221.13
-336.167
129.732
528.449
-1953.77
-513.753
-1.84749
750.116
0.190733
23.3683
50.4771
112.822
30.9161
32.5519
31.9787
103.774
51.9649
81.4069
153.657
303.082
152.156
111.864
97.4001
280.23
-467.083
-58.8406
171.327
519.672
-234.566
24.32
131.079
495.313
-129.864
120.565
251.312
517.8
-59.7513
96.3337
114.498
499.749
-1167.88
-223.823
45.6464
697.421
83.6008
46.9447
36.5372
77.8584
169.52
69.7153
37.9113
36.1373
165.096
110.975
83.0402
201.981
430.18
185.067
96.7014
93.5247
74.496
121.682
116.512
333.079
535.02
259.333
145.905
147.726
-148.28
108.145
146.645
462.109
398.828
278.769
174.089
188.467
-636.029
6.20475
88.0085
448.441
77.6621
239.026
164.169
195.066
-1357.38
-138.585
77.8947
520.664
-452.065
58.3715
108.137
184.387
-1065.65
-47.1915
90.1451
486.352
-292.375
138.516
141.293
198.42
-1626.65
-252.649
38.4402
564.154
-598.931
-21.8171
71.5181
172.483
-1828.68
-367.607
-17.3099
557.004
-736.921
-111.118
22.9136
148.977
40.6857
18.7178
10.1145
6.24337
4.68537
53.8963
28.8896
16.6579
10.5411
7.96283
97.0736
43.5971
23.5043
14.5871
11.0288
122.382
64.818
37.4035
23.7831
18.0239
128.617
54.5972
29.0715
18.0249
13.6634
164.975
86.0446
49.7574
31.8072
24.1868
86.9135
44.1881
25.436
16.2879
12.3928
61.0366
25.7167
13.5843
8.46423
6.3798
130.078
55.9834
30.3199
18.9938
14.3448
61.8871
22.8571
11.6805
7.16921
5.37705
137.137
65.2638
36.9442
23.4853
17.8391
58.4018
22.7493
11.9761
7.40594
5.5478
99.6874
36.4468
18.3277
11.2176
8.42444
58.5298
20.3917
10.2163
6.26514
4.70727
85.6416
23.0566
9.35415
5.24461
3.80289
47.2209
10.8539
4.01623
2.1634
1.54082
33.8109
14.0987
7.35194
4.45182
3.31522
24.4236
11.1954
6.09967
3.74295
2.79662
82.6008
35.4728
18.9607
11.639
8.74024
63.1043
29.5635
16.3812
10.1408
7.60276
115.708
43.6891
22.4138
13.5702
10.1628
85.9092
40.8828
22.8897
14.2182
10.7315
105.063
50.2541
28.619
18.1267
13.788
58.7353
31.241
18.0634
11.3557
8.65152
54.7312
27.6708
16.1005
10.2992
7.83422
-354.631
-467.469
-810.835
-1148.68
-876.142
-1446.28
-385.715
-1199.78
246.236
-301.672
-763.277
-1234.24
89.1101
16.4303
-1136.13
-1776.83
-1415.82
-2013.28
-585.495
-135.333
-30.3828
-6.68981
-1.67224
-207.024
-89.6277
-12.8198
-3.3473
-1.42808
-1799.04
-414.07
-93.2806
-20.4379
-5.11538
-497.955
-131.673
-31.582
-6.60758
-1.75825
-3029.34
-698.772
-157.819
-34.6862
-8.66176
-785.071
-221.564
-53.1278
-12.2021
-3.04187
-4079.6
-943.887
-214.016
-47.1709
-11.7913
-910.964
-277.871
-68.8079
-15.9954
-3.98241
-5119.24
-1196.21
-273.069
-60.4784
-15.178
-1000.57
-335.862
-85.7073
-20.2022
-5.09032
-6116.16
-1473.73
-341.063
-76.1603
-19.1933
-1514.6
-461.746
-113.632
-26.0004
-6.48482
-5674.36
-1361.88
-313.775
-69.7806
-17.5323
-1192.29
-393.729
-99.6539
-23.23
-5.79881
-6324.67
-1526.88
-354.083
-79.1939
-19.9875
-1706.49
-504.561
-122.446
-27.6423
-6.87848
-6601.32
-1580.66
-367.123
-82.0797
-20.7047
-1765.96
-524.281
-128.423
-26.9365
-7.09463
-516.102
-6780.63
-6190.14
-2234.54
1597.89
2735.79
7640.56
11173.3
1689.47
8189.73
-1577.74
2561.98
2459.51
4842.89
9113.12
12898.7
13805.2
17319.8
5633.51
7295.55
-19704.6
-14295.3
-4904.93
-3892.32
-2805.55
-4022.71
-3709.5
-12203.9
-11844.9
-10058
-11023.4
-9193.12
-6564.81
-8490.54
-5706.12
-4830.59
-5901.42
-4052.24
-19735
-10379.7
-3748.08
-6365.31
-8539.16
-5995.05
-6592.29
-4922.04
-3028.35
-4288.7
-4517.81
-4875.27
-19400.2
-12794.8
-12195.6
-8847.27
-8842.73
-9241.77
-4070.46
-5390.01
-6751.83
-14232
-12531.2
-10789.5
-10293.8
-9177.24
-9349.1
-6476.26
-5143.01
-4070.74
-2161.67
-4338.78
-3606.95
-2711.06
-1694.13
-580.71
-3480.07
-2917.56
-2198.75
-1368.13
-465.083
-2494.11
-2075.83
-1552.05
-959.106
-324.649
-3599.96
-3018.01
-2270.91
-1409.07
-477.698
-3296.42
-2745.36
-2057.23
-1275.61
-433.106
-7933.4
-6185.48
-4984.63
-4795.65
-5371.75
-6537.22
-4888.55
-3574.02
-3053.47
-2180.99
-6294.42
-3793.51
-2677.53
-1921.98
-952.468
-5688.94
-3875.82
-2625.8
-1961.63
-1182.85
-4299.38
-2700.63
-1703.7
-1209.27
-604.027
-5207
-3901.24
-2708.25
-1629.22
-564.141
-5779.88
-3709.95
-2441.31
-1480.21
-562.768
-3743.02
-2226.29
-1333.4
-724.792
-246.682
-3986.8
-3084.09
-2178.62
-1308.38
-442.927
-4716.12
-3525.71
-2409.62
-1408.16
-469.03
-3379
-2633.8
-1864.04
-1113.69
-373.002
-13191.3
-10220.2
-8467.43
-7797.94
-7712.31
-7681.62
-5608.04
-4163.67
-2886.17
-1332.38
-3125.87
-2453.57
-1765.45
-1082.61
-374.985
-5405.82
-4335.81
-3192.5
-2000.27
-706.134
-7026.29
-5550.88
-4124.37
-2686.27
-1030.44
-5117.91
-4142.11
-3089.32
-1963.95
-701.819
-5722.21
-4691.33
-3514.73
-2219.72
-778.548
-4291.78
-3518.4
-2618.69
-1631.84
-561.643
-2614.39
-2109.94
-1537.16
-935.225
-315.146
-3780.33
-3120.36
-2319.47
-1430.57
-484.806
-3849.68
-3074.67
-2230.88
-1362.7
-464.005
-4229.77
-3445.29
-2545.58
-1575.52
-539.827
-13654.6
-11507.3
-9844.17
-9062.69
-8209.54
-8944.34
-6471.11
-5082.2
-3871.01
-2032.41
-9073.51
-7272.5
-5646.9
-4284.79
-2140.39
-6996.11
-5351.78
-4084.07
-2830.79
-1177.15
-7408.04
-5962.09
-4495.29
-2950.99
-1122.62
-7249.2
-5499.64
-4169.47
-2877.7
-1182.79
-3503.45
-2843.6
-2110.1
-1323.63
-462.906
-4757.34
-3938.79
-2943.19
-1827.01
-622.465
-5825.83
-4744.23
-3533.85
-2223.17
-777.634
-5425.57
-11029.9
-11527.5
-31494.4
-11389
-42230
-6200.7
-15020.2
-11403.3
-8819.7
-18885.8
-15767.4
-11408.2
-10771.9
-21228.9
-16853
-3989.26
-2959.77
-7702.6
-5284.6
-8944.33
-6735.51
-23940.4
-17665.5
-14754.1
-11223.9
-15157.6
-9024.55
-1172.09
-3639.12
-39297.2
-51499.9
-23786.3
-30076.5
-52020.5
-66876.1
-25667.1
-30197.8
-29247.7
-40386.7
-23841
-32554.8
-15772.6
-23842.9
-1898.84
-499.93
-3329.16
-1135
-6458.94
-2876.97
-13087.4
-4721.03
-2849.73
-1611.36
-7121.19
-2235.71
-14729.3
-4622.86
-19155.2
-6444.49
-16160
-8360.29
-18573.6
-11055.6
-14791.2
-10579.5
-16549
-12856.5
-14780.5
-8650.98
-11713.5
-6034.1
-20995.3
-13425.9
-21869.5
-14111.4
-19329
-14728.6
-20399.1
-15367.7
-17392.9
-10924.4
-18607.9
-11657.3
-16141.8
-7107.35
-7016.25
-9225.13
-14453.4
-7260.25
-5246.21
-9049.76
-17861.3
-7287.07
-8546.12
-9483.31
-18993.1
-7533.02
-9629.8
-10041.4
-1093.39
-980.023
-262.822
-1152.34
-4439.85
-4581.39
-2765.67
-5465.47
-2471.56
-3081.88
-4283.93
-8086.61
-11933.4
-9630.89
-9170.17
-11398.9
-7471.75
-7596.68
-8086.25
-6716.3
-13186.2
-11355.5
-11346.3
-9442.9
-6514.21
-5557.36
-12199.2
-1055.72
-793.143
-586.958
-657.69
-4124.76
-3282.28
-3479.59
-3065.86
-582.325
520.314
-4107.45
-3224.59
-10105
-10737.4
-9425.4
-8626.03
-6950.3
-5052.29
-9070.5
-7234.43
-8046.66
-6305.45
-11465.9
-11704
-9765.42
-7687.62
-7194.01
-4925.61
-6309.21
-4026.25
-9368.62
-5720.68
-9202.12
-5086.96
-8199.17
-9369.17
-12958.7
-17267.8
-13665.6
-19960
-6251.03
-7456.53
-7597.37
-2906.15
-7548.54
-14793.1
-7276.8
-15934
-13493.8
-24752.6
-13762.7
-26114.3
-5564.78
-12594.1
-5200.41
-13532.1
-7512.73
-5948.03
-10841.2
-4416.45
-7251.06
-1822.98
-9332.78
-1248.94
-7458.98
-8975.47
-11465.1
-5351.04
-6258.58
-10657.6
-10184.7
-7019.84
-783.675
-729.03
-528.052
-610.375
-2505.02
-1830.83
-2258.7
-2054.48
1075.7
603.34
-2648.73
-2947.19
-10638.3
-10113
-7634.5
-6615.96
-4016.71
-3398.33
-5673.25
-4690.67
-5300.37
-3876.61
-18214.1
-15999
-7901.91
-6771.25
-5955.14
-4575.67
-4892.79
-3180.49
-5184.29
-2285.89
-5579.57
-9170.26
-4890.82
-9261.62
-8212.25
-10289.1
-9195.06
-12542.5
-999.496
-738.587
-786.738
-676.441
-3639.86
-2630.36
-2989.76
-1718.24
-1461.12
-1736.44
-8331.6
-8964.89
-4694.94
-4240.1
-9246.87
-9552.15
-14114.8
-16195.3
304.597
3813.88
-7349.84
-7108.85
-6958.79
-5488.96
-1090.23
-994.738
-1177.26
-975.497
-1808.18
-1273.21
-683.723
-596.038
-8163.59
-3891
-6932.29
-3265.79
-9220.3
-3703.16
-10900
-3899.11
-5444.21
-10267.9
-7007.55
-10747.1
-8613.55
-11567.2
-11258.4
-12536.2
-5326.48
-9352.53
-4843.3
-9311.29
-8154.98
-10839
-9343.66
-11221.2
-12994.4
-13172.7
-14255.2
-13698.9
-5678.02
-9194.8
-6237.86
-9417.64
-706.515
-2444.26
-8118.44
-5743.33
-688.444
-2528.84
-8037.59
-5498.63
-988.164
-2425.61
-8104.44
-5919.04
-1159.01
-2328.82
-7988.58
-5853.23
-1096.54
-1210.77
-1037.74
-1135.2
-2165.32
-2230.63
-1529.61
-1679.12
-8474.43
-7844.64
-4102.2
-4179.05
-3818.12
-5248.76
-4152.77
-467.219
-2021.9
-1359.78
-1449.21
-3661.36
2526.78
-1088.86
-13675.5
-11744.7
-10763.6
-9509.56
-6166.29
-1222.43
-1111.87
-1289.18
-1630.33
-2222.52
-1755.7
-2165.14
-2888.09
-8222.58
-8160.37
-4631.26
-6041.94
-5059.8
-6716.88
-3225.85
-5156.09
-4952.96
-5405.89
-1321.38
-1679.18
-3225.72
-4784.32
-9652.48
-7954.81
-7708.41
-5687.19
-6851.15
-4922.46
-6229.85
-4609.67
-4793.94
-5321.4
-8458.58
-8380.74
-11359.3
-7376.22
-10421.1
-11216.3
-13038.8
-10999.3
-9698.27
-6115.56
-7181.58
-7203.76
-12342
-6076.15
-13133.4
-6113.12
-13907.4
-10852.9
-14655.4
-11058.9
-10527.3
-4793.15
-11164.1
-4842.25
-8201.96
-6600.43
-6853.44
-9442.19
-7032.74
-7533.3
-6693.09
-9642.33
-8462.19
-6186.67
-6959.48
-10169.9
-9470.53
-6151.18
-7846.74
-9897.83
-909.129
-780.262
-1181.67
-855.588
-1485.8
-1746.62
-1764.24
-1263.9
-8010.5
-7011.9
-4074.16
-1804.42
-7893.4
-7500.72
-6206.8
-5583.65
-5245.53
-4486.01
-1975.37
-2001.02
-4561.67
-2032.8
-8651.84
-7418.53
-4950.99
-3892.57
-3915.44
-2408.45
-2978.77
-1250.06
-4775.33
-127.562
-253.214
-117.535
-40.407
25.9247
-238.692
-151.552
-59.1867
9.98064
-683.915
-305.879
-19.2606
191.464
-619.064
-362.886
-66.8134
114.789
-1117.5
-452.164
20.5789
439.109
-1102.72
-548.364
-195.479
11.6276
-755.119
-369.398
-182.449
-59.4624
-577.876
-241.892
-26.3149
126.231
-1668.4
-591.01
-132.57
167.954
-1994.14
-570.389
-86.6984
586.773
-1604.09
-569.137
-93.2499
299.414
-1811.93
-513.559
-114.684
537.951
-1556.97
-543.815
-41.4292
332.991
-2066.06
-587.457
-66.5396
680.307
-1409.69
-459.597
48.6448
477.34
-2045.35
-566.713
-36.0991
736.08
-235.083
-96.2676
-14.9831
81.0094
-202.735
-73.5091
-28.6396
78.2023
-606.265
-251.759
-26.5283
207.618
-509.452
-193.84
-76.9604
201.505
-1198.24
-419.631
-11.0129
454.262
-1089.86
-366.177
-85.783
418.606
-1328.89
-498.242
-99.5497
331.567
-1005.98
-347.69
-116.598
467.541
-1827.13
-513.257
-99.8726
738.619
-145.603
-54.9798
-17.127
50.0706
-65.3253
-38.4484
-18.5158
-0.628858
-439.326
-159.009
-67.2076
121.013
-217.531
-115.123
-63.4553
-10.2414
-781.29
-264.604
-101.905
219.155
-447.351
-202.216
-100.09
-9.67707
-1190.03
-381.527
-130.673
330.333
-789.488
-298.72
-133.412
-4.27988
-1571.4
-458.67
-196.869
286.193
-1070.34
-361.938
-173.258
-26.0094
-2107.48
-595.422
-209.794
358.233
-1066.88
-336.649
-141.348
15.445
-2028.72
-584.387
-240.537
299.574
-1177.88
-375.047
-166.618
-11.4176
-2082.9
-545.026
-149.171
461.187
-957.945
-270.817
-87.5961
69.5649
-1978.73
-466.579
-81.5462
521.666
-849.819
-192.41
-29.5911
115.319
-8.49644
-13.0861
-9.60739
-6.63929
-5.177
-33.8503
-25.2733
-16.5418
-11.0864
-8.58526
-17.1297
-29.8481
-21.9474
-15.0867
-11.6853
-73.1334
-55.9227
-36.6453
-24.4708
-18.9036
-11.5397
-35.9372
-26.9182
-18.522
-14.3118
-95.2962
-73.542
-47.9266
-31.8251
-24.509
-46.1404
-36.8615
-24.1339
-16.005
-12.3243
-7.23703
-15.9488
-11.9407
-8.1896
-6.3904
-23.6243
-38.952
-27.8953
-18.946
-14.6946
4.342
-13.212
-10.4952
-7.29057
-5.69254
-58.4034
-53.3177
-35.3338
-23.5376
-18.1337
-2.79614
-15.1139
-11.213
-7.6964
-6.00809
10.9612
-18.9488
-15.7536
-11.0218
-8.61075
8.41973
-10.659
-8.82664
-6.15084
-4.80421
45.0486
-2.38568
-6.36392
-5.06014
-4.14078
30.4166
0.250189
-2.5428
-2.14324
-1.7884
-1.23868
-9.22106
-7.14247
-5.01534
-3.93122
-7.94802
-8.99055
-6.24251
-4.28385
-3.34083
-12.9724
-25.8771
-18.8098
-12.9716
-10.087
-27.2019
-25.489
-17.0845
-11.5931
-9.01034
6.70966
-28.1041
-21.9559
-15.3683
-11.9816
-44.4292
-37.1157
-24.3384
-16.4335
-12.6968
-53.3298
-44.2197
-28.6378
-19.0612
-14.6465
-48.5985
-31.0339
-19.4235
-12.9466
-9.92015
-36.7893
-25.5718
-16.0341
-10.5567
-8.11138
-66.6697
-202.445
-127.231
-517.919
-83.9006
-717.351
188.848
-654.814
447.247
-127.36
-772.369
-1248
69.1059
-93.7023
-1143.32
-1777.96
-1418.2
-2012.92
-569.372
-134.217
-30.3175
-6.69176
-1.67426
-153.55
-83.1921
-11.6283
-3.18065
-1.41473
-1759.94
-411.395
-93.1616
-20.4517
-5.12284
-369.851
-112.044
-28.5872
-6.14608
-1.68272
-2969.32
-693.628
-157.401
-34.6645
-8.66405
-639.347
-198.586
-49.5104
-11.6409
-2.94454
-4008.72
-935.878
-213.032
-47.0444
-11.772
-804.676
-259.414
-65.6763
-15.4737
-3.88614
-5059.14
-1187.22
-271.64
-60.2448
-15.1335
-961.587
-325.91
-83.6609
-19.8178
-5.01338
-6091.56
-1467.79
-339.771
-75.8987
-19.1348
-1515.44
-460.802
-113.273
-25.909
-6.46165
-5638.82
-1354
-312.214
-69.4864
-17.4708
-1191.48
-390.108
-98.613
-23.0003
-5.74815
-6309.43
-1523.11
-353.226
-79.0146
-19.9461
-1706.3
-504.211
-122.316
-27.6098
-6.87014
-6596.17
-1579.39
-366.827
-82.0165
-20.69
-1765.78
-524.183
-128.39
-26.9304
-7.09285
-540.97
-6710.3
-5949.08
-2200.6
-1556.8
-937.855
-3668.84
-2689.45
-6294.41
-5886.55
-2989.37
-2260.03
-419.69
-639.817
-1092.24
-1762.21
-2619.74
-3575.61
-301.905
-645.378
-1336.17
-2312.15
-3454.59
-4593.04
-319.899
-147.5
-546.979
-375.049
-1002.58
-834.844
-1662.99
-1548.83
-2371.56
-2288.91
-3074.16
-2789.49
-4381.5
-4892.24
-5259.14
-7727.04
-8573.58
-9398.83
-5513.42
-6000.04
-5911.96
-5344.44
-4536.12
-3939.3
-379.28
-321.457
-244.27
-152.561
-51.8673
-577.88
-489.456
-371.692
-232.036
-78.8679
-985.852
-834.384
-633.207
-395.115
-134.272
-1589.05
-1343.53
-1018.72
-635.347
-215.868
-2358.77
-1991.27
-1508.1
-940.028
-319.356
-3211.24
-2704.33
-2044.85
-1274.07
-432.975
-272.72
-231.05
-175.503
-109.578
-37.2462
-582.641
-493.252
-374.411
-233.661
-79.4079
-1205.52
-1019.87
-773.708
-482.695
-164.023
-2084.04
-1761.32
-1335.16
-832.649
-282.916
-3109.03
-2623.66
-1986.78
-1238.57
-420.867
-4123.9
-3472.56
-2626.29
-1637.07
-556.564
-289.187
-245.154
-186.325
-116.391
-39.5777
-133.343
-113.042
-85.9156
-53.668
-18.2493
-494.19
-418.699
-318.045
-198.584
-67.5074
-338.892
-287.162
-218.153
-136.221
-46.3084
-905.279
-766.487
-581.866
-363.149
-123.421
-753.94
-638.461
-484.74
-302.55
-102.826
-1500.18
-1268.87
-962.34
-600.226
-203.932
-1397.28
-1181.86
-896.298
-558.964
-189.893
-2136.14
-1803.82
-1366.16
-851.37
-289.163
-2061.55
-1740.47
-1317.65
-820.735
-278.657
-2761.11
-2324.74
-1756.71
-1093.56
-371.358
-2504.71
-2107.42
-1590.63
-988.807
-335.438
-3917.8
-3286.78
-2480.58
-1546.37
-526.462
-4339.6
-3618.08
-2725.53
-1704.72
-584.021
-4594.44
-3791.15
-2853.7
-1804.01
-629.908
-6547.55
-5314.68
-4022.39
-2624.29
-972.422
-6872.99
-5441.06
-4171.82
-2884.05
-1209.46
-7215.27
-5613.99
-4348.15
-3135.61
-1429.25
-4932.51
-4140.81
-3127.43
-1950.77
-664.276
-5338.03
-4462
-3366.01
-2104.56
-719.543
-5212.51
-4329.96
-3264.59
-2053.18
-708.717
-4637.22
-3814.91
-2880.14
-1837.04
-649.464
-3810.48
-3081.01
-2338.8
-1539.93
-577.884
-3191.46
-2532.97
-1935.69
-1320.48
-528.38
-441.967
-707.795
-1209.18
-1932.77
-2851.39
-3855.68
-333.366
-741.176
-1498.69
-2540.05
-3733.52
-4884.6
-341.426
-166.156
-612.916
-433.208
-1117.32
-939.334
-1834.22
-1709.86
-2617.82
-2564.19
-3389.44
-3202.52
-4670.44
-5158.62
-5502.3
-7872.52
-8636.78
-9418.31
-5759.18
-6144.34
-5934.07
-5267.78
-4430.34
-3891.31
-399.525
-338.735
-257.495
-160.87
-54.7015
-639.706
-542.268
-412.155
-257.479
-87.551
-1092.37
-925.553
-703.206
-439.206
-149.333
-1744.85
-1477.35
-1121.84
-700.493
-238.16
-2571.27
-2174.72
-1650.21
-1030.21
-350.29
-3470.1
-2929.81
-2221.14
-1386.77
-471.804
-301.31
-255.44
-194.163
-121.298
-41.2438
-669.741
-567.627
-431.374
-269.469
-91.6258
-1353.54
-1146.54
-870.944
-543.935
-184.941
-2292.2
-1940.08
-1472.9
-919.664
-312.69
-3364.92
-2844.59
-2157.97
-1347.21
-458.139
-4393.33
-3707.22
-2809.74
-1754.36
-596.978
-308.728
-261.815
-199.065
-124.389
-42.3042
-150.27
-127.46
-96.9297
-60.577
-20.6043
-554.116
-469.843
-357.192
-223.18
-75.8984
-391.712
-332.205
-252.601
-157.849
-53.6835
-1009.73
-855.822
-650.402
-406.291
-138.153
-849.04
-719.772
-547.101
-341.795
-116.225
-1656.58
-1403.18
-1065.82
-665.596
-226.299
-1544.56
-1308.55
-994.068
-620.808
-211.068
-2362.01
-1998.77
-1517.15
-947.148
-322.012
-2314.25
-1958.81
-1486.94
-928.228
-315.544
-3052.57
-2578.69
-1955.29
-1220.5
-415.077
-2885.85
-2438.79
-1849.18
-1153.8
-392.208
-4188.47
-3526.21
-2670.67
-1669.44
-569.189
-4595.25
-3850.18
-2914.47
-1829.61
-627.977
-4837.19
-4020
-3046.59
-1935.34
-677.238
-6718.61
-5496.59
-4191.93
-2750.47
-1022.07
-6971.72
-5558.07
-4290.65
-2981.41
-1253.4
-7252.03
-5659.16
-4395.6
-3176.26
-1448.63
-5162.82
-4344.66
-3289.43
-2055.74
-700.74
-5478.47
-4591.48
-3473
-2176.11
-744.892
-5243.53
-4367.45
-3302.36
-2082.13
-719.856
-4579.17
-3776.52
-2860.13
-1830.36
-648.928
-3724.4
-3016.11
-2296.65
-1518.98
-572.933
-3151.99
-2502.51
-1915.32
-1310.07
-525.88
-19640.7
-14349.8
-5278.95
-4300.26
-3268.04
-4609.49
-4195.07
-12944.4
-14617.6
-11583.6
-13369.5
-8023.44
-11371.5
-6160.52
-6422.2
-4710.04
-20388.1
-11359.2
-4434.06
-7256.56
-9385.8
-6494.46
-7245.2
-5494.79
-3392.68
-4939.54
-5423.31
-5574.3
-19277.9
-12988.5
-12835.5
-9235.15
-9277.68
-9762.41
-4737.39
-6025.94
-7376.31
-14247.9
-12609.9
-10910.9
-10460.4
-9335.86
-9444.73
-6576.77
-5241.52
-4153.86
-2198.45
-4699.9
-3936.68
-2980.74
-1872.95
-643.764
-3861.43
-3254.06
-2465.18
-1540.16
-524.691
-2931.51
-2466.69
-1865.16
-1163.04
-395.634
-4146.75
-3498.82
-2650.32
-1653.36
-562.182
-3757.28
-3158.56
-2389.09
-1492.13
-508.539
-9632.78
-8173.98
-6911.28
-6430.58
-6579.89
-11041.1
-9685.47
-7985.17
-6502.44
-3931.74
-8404.08
-5956.87
-4562.97
-3249.27
-1442.5
-10056
-8426.27
-6705.56
-4997.63
-2448.47
-6816.58
-5500.47
-4089.02
-2573.97
-902.102
-8967.61
-6723.93
-4959.19
-3182.91
-1176.63
-5358.1
-4395.11
-3283.07
-2053.83
-708.106
-5564.79
-4551.43
-3395.2
-2124.86
-733.731
-4130.58
-3408.29
-2549.81
-1590.21
-544.698
-14555.6
-11868.1
-10123.9
-9242.8
-8750.73
-8899.87
-6885.01
-5314.48
-3720.88
-1668.74
-3848.93
-3158.87
-2369.41
-1494.8
-522.719
-6323.79
-5219.63
-3945.04
-2514.04
-891.479
-7962.34
-6494.95
-4957.52
-3275.44
-1253.67
-5641.49
-4654.4
-3532.39
-2271.19
-814.398
-6367.53
-5293.24
-4016.37
-2557.86
-899.582
-4859.26
-4048.83
-3060.55
-1928.47
-666.995
-3006.87
-2503.24
-1881.56
-1173.32
-400.668
-4410.28
-3696.73
-2790.92
-1742.43
-594.336
-4767.71
-3946.44
-2963.65
-1856.5
-639.394
-4927.48
-4101.05
-3093.55
-1943.7
-670.509
-13794.9
-11809.7
-10251
-9533.69
-8688.52
-9237.92
-6782.51
-5381.92
-4114.68
-2144.06
-10004.8
-8275.5
-6604.94
-5040.44
-2488.26
-7456.37
-5834.16
-4527.08
-3160.97
-1307.01
-7901.33
-6472.49
-4957.79
-3286.8
-1253.02
-7878.47
-6149.76
-4766.45
-3320.01
-1359.54
-4160.43
-3453.76
-2615.69
-1662.18
-583.293
-5371.25
-4498.98
-3400.43
-2129.13
-728.555
-6463.86
-5356.64
-4055.48
-2579.84
-906.232
-500.968
-1418.96
-2242.34
-3010.7
-3736.2
-4411.85
-2565.91
-6900.51
-6578.14
-2520.03
-8788.57
-7368.69
-8821.95
-9782.7
-2321.58
-1499.94
-5391.76
-3134.64
-10295
-7275.53
204.989
-2085.38
-5762.44
-5420.08
-2034.58
-7494.41
-6029.12
-7419.69
-8371.73
-1923.25
-890.983
-4631.08
-1653.29
-8562.99
-4363.4
1473.39
-1529.46
-4400.34
-4131.13
-1498.74
-5946.21
-3658.22
-6049.3
-6721.38
-1455.07
-810.624
-3292.36
-1715.38
-6869.21
-1780.42
1608.52
-1133.07
-3424.26
-3285.45
-1152.16
-4578.48
-2258.94
-5055.28
-5964.46
-1100.08
-850.304
-2419.98
-1730.23
-6073.12
-401.215
1208.79
-920.752
-2918.18
-2846.4
-977.326
-3702.42
-1885.37
-4555.26
-5804.35
-875.377
-923.821
-1752.39
-1660.07
-5315.59
-185.426
118.132
-816.557
-2615.86
-2623.29
-888.801
-3440.27
-2136.25
-4233.16
-5557.53
-680.113
-725.17
-1459.2
-1628.32
-5229.89
-954.229
-463.385
-1384.99
-3395.22
-4894.75
-1890.32
-5503.68
-9595.98
-7192.62
-10379.4
-1025.37
-741.065
-3912.97
-2462.11
-1261.31
-9288.71
-4869.96
-1294.06
-3179.47
-4320.89
-1650.11
-5111.72
-8715.09
-6523.27
-8884.72
-1054.69
-664.345
-4074.62
-2349.85
-440.209
-9154.91
-3711.9
-1148.06
-2830.13
-3572.78
-1338.18
-4691.67
-7866.64
-5599.36
-7888.57
-947.831
-765.763
-3528.84
-2471.33
-641.718
-7478.8
-3586.51
-1004.79
-2577.01
-2999.68
-1100.33
-4418.07
-7222.12
-5033.92
-7230.23
-881.723
-785.464
-3307.06
-2605.79
-419.995
-7004.93
-3668.22
-916.753
-2336.22
-2687.59
-971.948
-4044.9
-6688.75
-4628.61
-6914.97
-833.9
-846.778
-3037.07
-2835.2
-543.985
-6781.36
-3779.4
-856.243
-2096.21
-2505.62
-899.793
-3750.34
-6624.41
-4321.27
-6709.15
-867.719
-974.293
-2718.51
-2699.65
-788.223
-6960.52
-4191.11
5865.41
7405.17
15381.7
22460.3
22862.5
39406.7
17595.3
44796.3
14345.9
31490.1
21467.5
32576.8
19253.4
25276
7269.92
8236.57
14358.6
16430.9
18577.3
18431.4
14665.2
18149.2
21610.5
19421.2
4820.67
3637.69
5919.48
3978.5
12105.6
9608.15
20749.6
14967.3
16041
16677.3
17778.9
16881.8
6168.42
4848.61
38105.3
51024.2
24610.2
30223.9
51341.9
66611
26573.1
30418
28201.3
39854.8
24585.5
32616.3
14353.6
23176.9
2577.09
881.314
2648.31
963.67
8223.65
3310.61
11352.6
4166.46
8035.52
3087.15
8597.02
2751.72
14701.3
4671.52
18983.9
6396.42
23407.9
11588.2
21425.2
12710
22037.7
14253
19373.9
14615.8
16776.6
9959.31
16757.9
8505.36
22099.3
14173.3
22146
14315.7
20452.2
15492.8
20698.6
15575.2
18130.3
11531.4
18783.4
11824.8
17099.4
7374.02
7870.97
9542.18
17173.1
8048.67
6838.55
9627.78
18120.6
7353.66
8944.9
9639.72
19025.8
7538.51
9742.34
10087.4
3326.8
3588.2
1136.4
2151.43
10347.3
10937.7
3964.77
6969.35
13301.9
14819
6332.42
10735.8
12231.6
1200.11
13348.4
16316.3
8779.4
865.196
7508.84
11919.5
19133.8
13037.1
9645.4
11640.8
10089.1
8625.76
13491.5
3129.73
2571.74
1762.91
1775.04
9708.95
8255.92
5827.57
5537.98
12128.2
10383.9
7549.87
6793.52
5885.51
7458.03
12089.8
12492.4
13805.7
12578.9
15543.2
13595.8
10350.5
8705.44
8965.07
9542.56
11796.7
9472.59
10699.6
7940.61
9209.18
6475.33
10616.6
7012.87
10144.4
4932.72
8676.26
9498.29
12457.1
16361
13693.3
19998.3
6874.7
7728.5
8962.92
3093.03
7719.46
14946.7
7316.14
15990.9
13550.7
24662.6
13783.9
26135
5798.53
12782.6
5255.37
13589.5
7979.81
6129.43
11037.6
4453.41
8275.94
1879.11
9659.03
966.198
7645.35
9097.65
11554.2
5380.09
6307.41
10697
10208.7
7034.82
2039.58
1827.5
1685.16
1501.29
1398.82
1278.08
6837.43
5694.4
4989.5
4362.41
3568.19
3132.48
8441.34
7387.65
6871.78
5236.55
4359.56
4157.03
6634.5
5968.54
5858.08
10974.2
8520.26
7251.74
10227.6
7728.14
6356.62
10759.4
8653.09
7597.17
6532.25
4404.52
3485.72
15798.1
13891.8
12177.4
10054.9
8521.84
7199.46
8818.26
7003.67
5709.88
7313.6
5404.77
4254.26
7374.22
4182.08
2426.2
10199
13873.7
8032.91
10440.4
10909.5
16079.3
9718.11
14210.9
98.418
653.775
-403.745
68.2152
2970.62
3453.08
1233.8
751.654
691.151
2413.97
9316.71
13640.2
6621.58
3589.14
9728.25
9654.65
14907.5
16413.5
-581.885
-4022.78
7486.58
7065.42
7029.37
5427.54
907.751
508.658
556.347
222.207
2090.34
277.913
-260.093
-810.138
9203.23
2471.59
6187.91
1664.47
8887.67
2738.03
10754
3501.92
8736.19
11860
8090.9
11586.5
13903
14784.8
13281.8
14025.5
5681.21
9516.29
6543.27
9440.27
8583.24
11177.2
9467.3
11308.6
13838.2
13791.4
14494
13865.1
5734.46
9227.36
6237.92
9414.84
58.2908
1571.17
7662.91
5051.87
-513.711
1153.22
7100.86
4482.24
501.381
1808.86
7846.83
5493.15
957.216
2079.67
7909.9
5705.62
-622.998
-720.969
176.913
41.4318
-2804.69
-2856.93
-138.239
-271.125
-461.347
-1871.59
1859.16
1238.01
-10214.6
-9441.26
-5514.95
-4147.42
-279.484
-10380.5
-10791.2
-4298.34
-6314.51
-645.874
10093.4
8025.81
7289.83
6992.35
4488.56
-771.292
-733.506
-22.4715
95.2914
-2511.39
-2556.9
47.1074
334.036
-2541.97
-3210
902.593
1309.76
-5129.43
-2397.75
-8222.41
-5247.31
-3638.44
-2817.12
-4068.62
-3611.06
719.31
1774.71
3731.22
2362.91
1053.56
-1041.5
1122.8
-711.092
1973.71
596.914
2537.08
2936.98
5300.82
4885.14
10036.4
6102.86
8085.89
8203.48
12276.9
9988.39
8101.08
4874.44
4119.75
4133.12
11814.5
5280.84
12994.6
5917.79
13689.1
10195.1
14609.6
10915.9
9784.99
4011.47
10952.8
4632.27
6674.88
5465.73
5487.69
8156.11
4416.17
5041.74
4730.09
7567.05
7658.72
5442.13
6179.23
9346.15
9217.9
5915.51
7593.14
9660.45
-786.52
-844.857
-959.126
-24.5946
-310.049
-348.718
-2987.4
-3268.56
-3302.6
-136.683
-885.938
-909.377
-3786.1
-4342.74
-4504.91
769.074
-863.024
-1202.84
-1337.34
-1161.74
-862.867
-3979.2
-4126.69
-3881.27
-3258.89
-3769.42
-3741.26
-4029.04
-4453.68
-4393
1634.29
-360.878
-528.993
3418.54
1919.29
980.919
-1108.26
-2350.59
-3014.88
-1020.66
-2644.13
-3355.56
-384.98
-2174.68
-2696.52
2717.42
-534.715
-931.008
-17.4054
-36.723
-53.0676
-81.5133
-256.546
-150.851
-129.185
-129.428
11.2472
-80.3545
-199.804
-323.127
-438.795
-298.454
-341.523
-383.357
268.735
-27.8881
-282.421
-568.751
-145.935
-244.89
-332.218
-390.757
-29.0983
-149.109
-166.375
-168.124
232.797
6.19573
-133.467
-233.839
1038.52
213.804
-122.294
-361.567
1624.16
378.456
-23.125
-611.273
739.158
93.5711
-206.021
-517.478
1342.52
289.377
-4.23484
-537.737
1098.29
253.954
-145.533
-447.446
1815.96
449.108
-21.5123
-717.027
1221.06
336.202
-129.675
-528.37
1953.63
513.766
1.89564
-750.013
2.45229
-20.0415
-45.5453
-102.106
-28.7265
-29.3841
-28.5089
-93.7559
-51.7799
-81.1466
-153.412
-304.223
-148.471
-110.367
-96.9323
-281.287
467.015
58.8728
-171.234
-519.384
234.624
-24.2042
-130.97
-494.967
129.876
-120.464
-251.188
-517.569
59.8323
-96.2109
-114.393
-499.528
1167.73
223.866
-45.5618
-697.234
-82.5439
-44.2293
-33.4827
-70.2205
-161.004
-65.0868
-34.8365
-32.6746
-157.869
-108.755
-82.1641
-202.886
-425.526
-183.801
-96.2464
-93.6774
-74.2634
-121.509
-116.453
-332.861
-534.355
-259.024
-145.815
-147.727
148.372
-108.014
-146.548
-461.92
-398.559
-278.581
-174.003
-188.41
635.969
-6.14587
-87.9421
-448.3
-77.5811
-238.927
-164.108
-195.007
1357.15
138.557
-77.8741
-520.579
451.964
-58.3848
-108.128
-184.36
1065.47
47.201
-90.1025
-486.242
292.326
-138.489
-141.261
-198.375
1626.44
252.615
-38.4268
-564.079
598.825
21.7921
-71.5181
-172.465
1828.52
367.593
17.3314
-556.932
736.845
111.106
-22.9081
-148.958
-37.0855
-17.2277
-9.41248
-5.87996
-4.45735
-49.1419
-26.4791
-15.3463
-9.76193
-7.39808
-97.2147
-43.5971
-23.5137
-14.6202
-11.0716
-122.386
-64.7444
-37.3726
-23.7955
-18.0519
-128.666
-54.6583
-29.1351
-18.0919
-13.7291
-165
-86.0795
-49.7994
-31.8565
-24.2486
-86.9035
-44.1836
-25.4337
-16.2877
-12.3977
-61.0287
-25.713
-13.5818
-8.46266
-6.38005
-130.045
-55.9671
-30.3097
-18.9883
-14.3481
-61.8684
-22.8467
-11.6727
-7.16317
-5.37344
-137.061
-65.2101
-36.8985
-23.4458
-17.8037
-58.3715
-22.7293
-11.9594
-7.39154
-5.5351
-99.6667
-36.4373
-18.3216
-11.2137
-8.42449
-58.5173
-20.3854
-10.2117
-6.2615
-4.70495
-85.6239
-23.0493
-9.34956
-5.24156
-3.80185
-47.2113
-10.8502
-4.01381
-2.16165
-1.53979
-30.6737
-12.8992
-6.80671
-4.18029
-3.14651
-21.9445
-10.1252
-5.56427
-3.44799
-2.57187
-82.7776
-35.4759
-18.9654
-11.6611
-8.75754
-63.2936
-29.574
-16.3886
-10.1601
-7.62441
-115.694
-43.6934
-22.4228
-13.5842
-10.1774
-85.9739
-40.9468
-22.9533
-14.2851
-10.8103
-105.009
-50.2226
-28.5936
-18.1061
-13.7729
-58.736
-31.2541
-18.0787
-11.3735
-8.67773
-54.7068
-27.6572
-16.0898
-10.2907
-7.82874
300.99
410.517
829.01
1168.79
880.406
1449.4
387.18
1200.95
-245.713
302.158
763.389
1234.37
-88.8885
-16.1709
1136.21
1776.93
1415.9
2013.37
514.806
118.173
26.4513
5.81296
1.45149
179.593
79.2748
10.9488
2.86728
1.26642
1821.79
419.966
94.6426
20.7415
5.19108
509.434
135.1
32.3767
6.81041
1.80573
3027.94
698.457
157.75
34.671
8.6579
786.044
221.871
53.2091
12.2205
3.04642
4079.5
943.841
214.003
47.1675
11.7902
911.374
277.995
68.8423
16.0037
3.98454
5119.39
1196.23
273.071
60.4781
15.1777
1000.79
335.93
85.7257
20.2067
5.09151
6116.46
1473.79
341.077
76.1629
19.1938
1514.71
461.778
113.64
26.0023
6.4853
5674.61
1361.92
313.784
69.7821
17.5325
1192.44
393.774
99.6659
23.2329
5.79959
6325
1526.95
354.099
79.1973
19.9883
1706.59
504.59
122.453
27.6438
6.87885
6601.67
1580.75
367.141
82.0836
20.7056
1766.05
524.309
128.429
26.9379
7.09497
514.06
6779.46
6186.7
2228.55
-1395.2
-2435.73
-7655.71
-11184.2
-1733.87
-8242.8
1560.84
-2584.15
-2474.31
-4859.99
-9147.34
-12938.8
-13729.3
-17233.1
-4848.92
-6286.32
19704
14294.8
4904.72
3892.15
2805.45
4022.55
3709.36
12203.5
11844.9
10057.7
11023.5
9193.36
6564.71
8490.45
5706.19
4830.51
5901.41
4052.19
19734.3
10379.3
3747.99
6365.1
8538.83
5994.81
6592.03
4921.86
3028.29
4288.56
4517.7
4875.1
19399.6
12794.4
12195.2
8846.91
8842.36
9241.41
4070.32
5389.8
6751.56
14231.3
12530.4
10788.7
10293.1
9176.59
9348.62
6475.81
5142.61
4070.41
2161.5
4338.58
3606.77
2710.92
1694.04
580.677
3479.92
2917.42
2198.65
1368.06
465.06
2494.02
2075.75
1551.98
959.067
324.635
3599.81
3017.88
2270.81
1409.01
477.676
3296.28
2745.24
2057.14
1275.55
433.085
7932.88
6184.93
4984.1
4795.14
5371.24
6537.15
4888.46
3573.93
3053.36
2180.8
6294.15
3793.26
2677.3
1921.79
952.362
5688.97
3875.84
2625.84
1961.67
1182.81
4299.52
2700.75
1703.83
1209.4
604.056
5206.9
3901.14
2708.17
1629.16
564.118
5779.77
3709.85
2441.23
1480.15
562.737
3743.07
2226.34
1333.44
724.827
246.692
3986.73
3084.02
2178.56
1308.35
442.912
4716.11
3525.69
2409.61
1408.15
469.027
3378.95
2633.75
1864
1113.67
372.993
13190.4
10219.4
8466.56
7797.14
7711.6
7681.24
5607.67
4163.34
2885.92
1332.26
3125.78
2453.48
1765.38
1082.57
374.967
5405.61
4335.61
3192.34
2000.16
706.09
7025.95
5550.56
4124.09
2686.07
1030.35
5117.68
4141.9
3089.13
1963.82
701.771
5721.95
4691.09
3514.54
2219.58
778.5
4291.6
3518.24
2618.56
1631.75
561.612
2614.33
2109.88
1537.11
935.195
315.135
3780.19
3120.25
2319.38
1430.51
484.785
3849.58
3074.58
2230.8
1362.65
463.986
4229.62
3445.14
2545.46
1575.44
539.799
13653.8
11506.5
9843.35
9061.91
8208.87
8943.85
6470.65
5081.78
3870.67
2032.24
9072.99
7271.97
5646.4
4284.38
2140.18
6995.74
5351.43
4083.75
2830.56
1177.04
7407.67
5961.74
4494.99
2950.77
1122.53
7248.83
5499.28
4169.15
2877.46
1182.69
3503.31
2843.47
2109.99
1323.56
462.879
4757.14
3938.62
2943.05
1826.92
622.432
5825.58
4743.99
3533.65
2223.04
777.585
5022.75
10041.1
11548.5
31614.3
11422.1
42389.1
5722.25
13558.7
11391
8812.05
18836.8
15749.8
11395.8
10765.6
21177.6
16838.4
3700.06
2779.8
7028.34
4827.22
8944.85
6697.4
24044
17722.8
14715.9
11215.8
15138.8
9016.21
1167.09
3608.52
39305.8
51508.1
23782.8
30077.7
52027.7
66884.2
25664
30198.2
29254.6
40394.1
23837
32556.9
15782
23850
1828.59
499.322
3060.74
1054.66
6411.82
2858.01
13101.7
4724.59
2840.75
1607.53
7102.72
2229.27
14729.6
4622.7
19158.1
6445.45
16155
8357.23
18566.4
11052.4
14787.2
10576.8
16543.3
12853.6
14773.9
8648.14
11709.3
6031.37
20992.4
13424
21868.9
14110.4
19326.3
14726.7
20398
15366.4
17390.6
10922.9
18607.9
11656.5
16136.4
7105.71
7014.19
9224.81
14450
7258.96
5244.12
9049.35
17860.7
7286.98
8545.12
9483.32
18994.3
7533.52
9629.44
10041.6
1101.17
977.301
289.234
1111.04
4362.82
4505.27
2734.76
5421.64
2466.85
3078.82
4280.82
8081.68
11931.5
9629.72
9168.49
11397.7
7470.78
7596.48
8085.74
6715.56
13186
11354
11343.7
9440.02
6511.78
5555.41
12198.7
995.356
757.133
516.763
607.132
4108.87
3256.29
3514.29
3074.74
579.07
-521.784
4105.07
3224.21
10105
10737.6
9425.51
8626.48
6950.16
5052.58
9069.61
7233.92
8045.86
6305.34
11464.9
11703.7
9764.26
7687.51
7193.16
4925.59
6308.52
4026.14
9368.61
5720.79
9200.72
5086.71
8197.7
9368.71
12957.3
17267
13664.1
19959
6249.86
7456.31
7596.29
2906.02
7547.44
14792.7
7276
15933.7
13492.6
24751.7
13761.7
26113.5
5563.94
12594.1
5199.85
13532.2
7512.21
5948.02
10841.5
4416.61
7250.44
1822.94
9332.98
1249.04
7458.72
8975.57
11465.5
5351.23
6258.41
10657.8
10185
7020.11
749.256
718.09
490.283
582.35
2477.78
1797.01
2263.74
2048.61
-1076.25
-603.529
2648.71
2947.72
10638.5
10113.3
7634.9
6616.46
4017.11
3398.83
5673.14
4690.79
5300.41
3876.84
18214
15999.1
7901.92
6771.43
5955.19
4575.85
4892.8
3180.59
5184.39
2285.99
5582.02
9170.05
4896.03
9261.55
8211.24
10286.6
9191.78
12537.9
892.911
617.411
689.484
559.709
3678
2706.54
3039.49
1802.04
1465.67
1738.44
8332.84
8965.35
4696.69
4244.28
9246.11
9550.95
14112.4
16194.1
-303.6
-3813.58
7350.18
7107.82
6958.82
5488.63
948.967
905.91
1029.16
885.785
1860.52
1284.94
734.933
607.854
8166.9
3892.4
6937.2
3268.61
9220.89
3704
10899.1
3899.06
5443.94
10267
7006.89
10746
8611.64
11565.4
11255.6
12534.2
5326.79
9351.99
4843.65
9310.89
8153.97
10837.8
9342.2
11219.8
12992.4
13171.1
14253.7
13697.5
5677.77
9194
6236.87
9416.45
708.359
2445.4
8118.34
5743.44
690.23
2529.88
8037.65
5498.86
989.002
2426.19
8103.98
5918.89
1158.85
2328.87
7987.68
5852.8
957.93
1051.25
949.15
1029.32
2215.85
2293.39
1537.37
1693.31
8476.17
7845.23
4103.12
4179.36
3818.3
5248.49
4153.01
468.331
2022.64
1360.1
1449.54
3661.25
-2526.09
1089.29
13673.7
11743.7
10763.1
9509.56
6166.56
1040.21
915.797
1148.47
1458.91
2293.14
1836.57
2202.43
2938.23
8223.37
8161.27
4631.09
6040.66
5059.9
6716.98
3226.04
5156.06
4952.82
5405.59
1321.66
1679.21
3225.89
4783.93
9651.79
7954.59
7708.06
5687.06
6851.01
4922.36
6229.92
4609.65
4794.12
5321.3
8458.09
8380.38
11358.5
7375.76
10420.1
11215.7
13037.6
10998.6
9697.8
6115.27
7181.41
7203.54
12341.1
6075.66
13132.3
6112.49
13906.3
10852.2
14654.3
11058.2
10526.6
4792.82
11163.1
4841.74
8201.74
6600.19
6853.41
9441.89
7032.75
7533.14
6693.2
9642.13
8461.73
6186.34
6959.23
10169.4
9469.74
6150.68
7846.2
9897.2
690.006
586.773
1036.44
742.733
1580.68
1825.99
1827.14
1316.49
8012.85
7015.16
4072.02
1805.29
7893.46
7500.85
6206.66
5583.62
5245.24
4485.93
1975.59
2001.79
4560.92
2032.66
8651.71
7418.61
4950.9
3892.62
3915.36
2408.52
2978.76
1250.28
4775.06
127.501
231.449
107.377
37.7588
-21.081
218.218
139.684
54.6996
-8.47541
684.856
306.516
18.6691
-194.073
622.013
363.824
67.318
-115.054
1118.13
452.489
-20.3594
-438.884
1104.01
548.908
195.656
-11.5802
755.633
369.655
182.579
59.5407
578.086
242.012
26.3866
-126.177
1668.93
591.286
132.724
-167.826
1994.3
570.514
86.7955
-586.656
1604.61
569.437
93.4775
-299.141
1812.15
513.709
114.799
-537.807
1557.29
544.005
41.548
-332.893
2066.12
587.545
66.62
-680.195
1409.79
459.699
-48.5593
-477.252
2045.3
566.758
36.1609
-735.975
214.743
87.8269
13.8545
-72.433
181.8
66.1623
26.552
-69.9625
606.65
252.079
26.3958
-209.809
511.903
194.49
76.5477
-203.709
1198.62
419.826
11.2024
-453.896
1090.21
366.325
85.897
-418.207
1329.34
498.526
99.7657
-331.277
1006.34
347.891
116.734
-467.302
1827.4
513.436
100.014
-738.434
126.245
49.0616
15.9356
-44.1694
54.5969
34.7505
17.4258
1.54609
445.835
160.238
67.2844
-122.974
222.821
115.9
63.48
9.64329
781.854
264.798
101.909
-218.957
448.25
202.481
100.075
9.57605
1190.41
381.744
130.788
-330.141
789.921
298.953
133.479
4.30339
1571.65
458.852
196.994
-286.029
1070.61
362.135
173.354
26.0774
2107.63
595.568
209.904
-358.11
1066.99
336.759
141.424
-15.3799
2028.95
584.573
240.67
-299.426
1178.06
375.199
166.714
11.4956
2082.93
545.113
149.247
-461.087
957.992
270.882
87.6455
-69.5192
1978.66
466.609
81.5901
-521.585
849.798
192.429
29.6141
-115.29
8.55253
12.1741
8.79427
6.0065
4.64048
31.8351
23.4266
15.222
10.1456
7.8323
16.4905
29.6297
21.8205
14.9792
11.5856
72.327
55.5893
36.4445
24.3102
18.7624
11.5054
35.896
26.8711
18.4666
14.255
95.2462
73.5046
47.8886
31.7799
24.4506
46.1651
36.8767
24.1442
16.0112
12.3242
7.25716
15.9599
11.9482
8.19472
6.393
23.6636
38.9774
27.914
18.9581
14.6964
-4.31717
13.2275
10.5071
7.29966
5.69859
58.5142
53.3973
35.399
23.591
18.1801
2.83566
15.1412
11.2354
7.71498
6.02412
-10.9309
18.9656
15.7655
11.0299
8.61409
-8.39856
10.6709
8.83519
6.15729
4.80877
-45.0245
2.39714
6.37141
5.06529
4.1435
-30.404
-0.244504
2.54652
2.14592
1.79016
1.66757
8.52725
6.49029
4.49918
3.49536
7.73639
8.30745
5.68752
3.86454
3.01815
12.4461
25.7465
18.7407
12.909
10.0387
26.8005
25.4277
17.0563
11.5608
8.97848
-6.67751
28.1215
21.9642
15.3663
11.9762
44.3606
37.066
24.2885
16.3762
12.6252
53.4155
44.2751
28.6809
19.0943
14.6714
48.6126
31.0349
19.4194
12.9368
9.90007
36.8322
25.598
16.0539
10.5717
8.12193
44.9881
172.85
141.198
532.429
86.2986
719.042
-188.118
655.406
-447.02
127.581
772.415
1248.07
-69.0246
93.8105
1143.37
1778.03
1418.27
2013
500.436
117.137
26.3827
5.81254
1.45284
131.198
73.4838
9.8592
2.71401
1.25442
1783.54
417.509
94.5661
20.7632
5.20009
381.14
115.55
29.4059
6.35434
1.73129
2967.88
693.337
157.34
34.6511
8.66063
639.992
198.864
49.592
11.6602
2.94937
4008.68
935.86
213.027
47.0428
11.7714
804.9
259.509
65.7079
15.482
3.88836
5059.39
1187.27
271.649
60.2463
15.1337
961.719
325.959
83.6767
19.8221
5.01459
6091.91
1467.87
339.789
75.9023
19.1356
1515.53
460.831
113.28
25.9108
6.46213
5639.14
1354.07
312.229
69.4893
17.4713
1191.59
390.144
98.6233
23.003
5.74891
6309.79
1523.19
353.245
79.0186
19.947
1706.39
504.239
122.323
27.6113
6.87051
6596.53
1579.47
366.846
82.0207
20.691
1765.88
524.211
128.397
26.9318
7.09319
540.587
6709.73
5947.38
2200.79
1425.97
822.289
3693.88
2745.69
6325.05
5963.31
2749.99
2004.96
419.67
639.787
1092.18
1762.13
2619.62
3575.45
301.89
645.347
1336.11
2312.04
3454.43
4592.83
319.883
147.493
546.952
375.03
1002.53
834.804
1662.91
1548.76
2371.45
2288.81
3074.03
2789.38
4381.3
4892.03
5258.91
7726.71
8573.24
9398.49
5513.16
5999.77
5911.69
5344.21
4535.94
3939.15
379.262
321.442
244.258
152.554
51.8648
577.852
489.432
371.674
232.024
78.8639
985.804
834.343
633.176
395.096
134.265
1588.98
1343.47
1018.67
635.315
215.857
2358.66
1991.18
1508.02
939.981
319.34
3211.09
2704.2
2044.75
1274
432.953
272.707
231.039
175.494
109.573
37.2443
582.612
493.227
374.392
233.649
79.4038
1205.47
1019.82
773.67
482.671
164.015
2083.94
1761.23
1335.09
832.607
282.902
3108.88
2623.53
1986.68
1238.51
420.845
4123.7
3472.4
2626.15
1636.99
556.535
289.173
245.142
186.316
116.386
39.5757
133.337
113.036
85.9113
53.6653
18.2484
494.166
418.679
318.029
198.574
67.504
338.875
287.148
218.142
136.214
46.306
905.235
766.45
581.838
363.131
123.415
753.904
638.43
484.716
302.535
102.821
1500.11
1268.81
962.294
600.196
203.922
1397.22
1181.81
896.255
558.937
189.884
2136.04
1803.74
1366.1
851.329
289.149
2061.46
1740.39
1317.59
820.697
278.644
2760.99
2324.63
1756.63
1093.51
371.339
2504.61
2107.33
1590.56
988.762
335.422
3917.61
3286.62
2480.45
1546.29
526.434
4339.4
3617.9
2725.38
1704.63
583.988
4594.23
3790.95
2853.54
1803.9
629.869
6547.23
5314.38
4022.13
2624.12
972.353
6872.65
5440.73
4171.53
2883.84
1209.37
7214.92
5613.66
4347.86
3135.38
1429.15
4932.27
4140.6
3127.27
1950.66
664.241
5337.78
4461.78
3365.84
2104.44
719.503
5212.27
4329.74
3264.41
2053.06
708.675
4637
3814.71
2879.98
1836.93
649.424
3810.3
3080.84
2338.66
1539.83
577.845
3191.31
2532.83
1935.57
1320.4
528.344
441.947
707.765
1209.13
1932.69
2851.27
3855.52
333.352
741.146
1498.63
2539.95
3733.36
4884.39
341.411
166.149
612.891
433.19
1117.27
939.296
1834.14
1709.79
2617.72
2564.09
3389.3
3202.39
4670.24
5158.41
5502.08
7872.2
8636.45
9417.96
5758.93
6144.07
5933.81
5267.55
4430.15
3891.16
399.507
338.72
257.483
160.863
54.699
639.679
542.245
412.138
257.467
87.5473
1092.32
925.514
703.175
439.187
149.327
1744.78
1477.28
1121.79
700.462
238.149
2571.17
2174.63
1650.14
1030.16
350.275
3469.96
2929.68
2221.04
1386.71
471.783
301.297
255.429
194.154
121.293
41.242
669.713
567.603
431.356
269.457
91.622
1353.48
1146.49
870.907
543.912
184.933
2292.1
1940
1472.83
919.624
312.677
3364.78
2844.47
2157.87
1347.15
458.118
4393.14
3707.05
2809.61
1754.29
596.951
308.715
261.803
199.056
124.383
42.3023
150.264
127.455
96.9256
60.5744
20.6034
554.092
469.823
357.177
223.171
75.8951
391.696
332.191
252.59
157.842
53.6813
1009.69
855.785
650.374
406.273
138.147
849.005
719.742
547.079
341.78
116.221
1656.51
1403.12
1065.78
665.568
226.289
1544.5
1308.49
994.027
620.782
211.059
2361.91
1998.69
1517.08
947.108
321.999
2314.16
1958.73
1486.88
928.191
315.531
3052.45
2578.59
1955.21
1220.45
415.06
2885.74
2438.69
1849.11
1153.75
392.193
4188.3
3526.06
2670.56
1669.37
569.163
4595.06
3850.01
2914.35
1829.53
627.948
4836.99
4019.83
3046.45
1935.25
677.206
6718.32
5496.33
4191.72
2750.33
1022.01
6971.41
5557.79
4290.42
2981.24
1253.33
7251.7
5658.85
4395.34
3176.06
1448.54
5162.59
4344.47
3289.28
2055.64
700.707
5478.23
4591.27
3472.83
2176
744.856
5243.29
4367.24
3302.2
2082.03
719.819
4578.96
3776.33
2859.98
1830.26
648.893
3724.22
3015.95
2296.52
1518.89
572.899
3151.84
2502.37
1915.21
1309.99
525.846
19640.1
14349.4
5278.74
4300.09
3267.93
4609.32
4194.92
12944
14617.5
11583.3
13369.5
8023.27
11371.3
6160.36
6422.05
4709.92
20387.3
11358.8
4433.94
7256.33
9385.48
6494.22
7244.94
5494.6
3392.58
4939.37
5423.15
5574.12
19277.2
12988
12835
9234.81
9277.33
9762.06
4737.24
6025.73
7376.05
14247.2
12609.2
10910.2
10459.7
9335.29
9444.28
6576.37
5241.18
4153.58
2198.3
4699.71
3936.52
2980.62
1872.87
643.736
3861.27
3253.93
2465.08
1540.1
524.669
2931.41
2466.61
1865.09
1163
395.62
4146.6
3498.69
2650.21
1653.3
562.16
3757.14
3158.44
2389
1492.07
508.519
9632.39
8173.67
6911.04
6430.38
6579.69
11040.9
9685.28
7985
6502.28
3931.6
8403.85
5956.7
4562.85
3249.18
1442.46
10055.9
8426.14
6705.45
4997.55
2448.4
6816.43
5500.34
4088.93
2573.91
902.079
8967.43
6723.78
4959.08
3182.84
1176.6
5357.96
4394.99
3282.98
2053.78
708.086
5564.65
4551.31
3395.11
2124.81
733.711
4130.47
3408.2
2549.74
1590.17
544.682
14554.9
11867.5
10123.5
9242.42
8750.39
8899.56
6884.76
5314.29
3720.75
1668.69
3848.82
3158.77
2369.34
1494.76
522.703
6323.58
5219.46
3944.91
2513.95
891.447
7962.05
6494.7
4957.33
3275.32
1253.62
5641.27
4654.21
3532.25
2271.1
814.364
6367.29
5293.03
4016.21
2557.76
899.545
4859.09
4048.68
3060.44
1928.4
666.97
3006.78
2503.16
1881.51
1173.28
400.655
4410.13
3696.6
2790.82
1742.37
594.315
4767.57
3946.32
2963.56
1856.44
639.374
4927.31
4100.91
3093.45
1943.63
670.485
13794.3
11809.1
10250.4
9533.17
8688.07
9237.5
6782.16
5381.63
4114.45
2143.95
10004.4
8275.15
6604.65
5040.23
2488.16
7456.06
5833.9
4526.87
3160.82
1306.95
7901.01
6472.21
4957.57
3286.65
1252.96
7878.15
6149.49
4766.24
3319.87
1359.48
4160.3
3453.64
2615.6
1662.12
583.272
5371.05
4498.81
3400.3
2129.05
728.527
6463.62
5356.43
4055.31
2579.73
906.195
500.954
1418.93
2242.28
3010.62
3736.1
4411.75
2373.19
6906.73
6584.67
2329.79
8785.51
7364.88
8818.83
9779.44
2155.16
1446.14
5371.46
3055.11
10294.8
7272.09
-201.14
1924.8
5769.06
5426.73
1877.52
7494.27
6027.26
7419.28
8370.11
1784.78
877.227
4605.84
1563.72
8566.22
4362.99
-1465.53
1408.77
4405.14
4135.82
1380.7
5948.17
3658.63
6050.74
6721.47
1346.58
790.845
3271.04
1649.22
6872.94
1782.25
-1603.34
1042.94
3426.9
3287.77
1061.38
4580.43
2259.99
5056.65
5965.08
1020.57
823.049
2399.66
1667.65
6076.16
403.161
-1205.39
847.418
2919.81
2847.49
900.774
3704.03
1886.42
4556.22
5804.96
813.715
872.76
1733.17
1621.89
5318.1
187.183
-115.675
751.709
2616.88
2623.75
819.598
3441.54
2137.13
4233.82
5558.04
634.939
692.752
1439.92
1597.93
5232.05
955.769
465.518
1276.91
3399.35
4900.82
1744.05
5504.84
9595.64
7192.82
10377.9
920.858
626.189
3941.74
2530.92
1261.23
9288.42
4869.2
1193.07
3183.17
4326.29
1521.3
5112.68
8714.89
6524.15
8884
947.778
549.628
4101.53
2427.41
439.333
9154.23
3710.31
1058.5
2833.12
3576.53
1233.01
4692.36
7866.67
5600.68
7888.71
852.683
639.651
3550.1
2545.72
640.375
7478.03
3584.24
926.835
2579.02
3001.65
1014.27
4418.36
7222.15
5034.9
7230.6
793.054
664.278
3327.34
2666.51
418.476
7004.07
3665.76
846.14
2337.49
2688.54
896.521
4044.86
6688.7
4629.19
6915.29
749.842
730.682
3056.39
2878.24
542.231
6780.46
3776.81
790.408
2097.11
2506.05
830.335
3750.19
6624.32
4321.6
6709.38
778.57
852.965
2741.03
2736.94
786.883
6959.83
4189.61
)
;

boundaryField
{
    patch1
    {
        type            calculated;
        value           nonuniform List<scalar> 
2440
(
-6169.6
-6638.6
-9241.77
-4070.46
-5390.01
-6751.83
-9762.41
-4737.39
-6025.94
-7376.31
6168.42
6621.58
9241.41
4070.32
5389.8
6751.56
9762.06
4737.24
6025.73
7376.05
-6450.56
-15346.8
-22832.4
-17587
-14333.3
-21423.8
-19239.7
-8454.93
-120.096
1597.89
7640.56
1689.47
-1577.74
2459.51
9113.12
13805.2
5633.51
-19704.6
-14295.3
-4904.93
-3892.32
-2805.55
-4022.71
-3709.5
-12203.9
-11844.9
-10058
-11023.4
-9193.12
-6564.81
-8490.54
-5706.12
-4830.59
-5901.42
-4052.24
-19735
-10379.7
-3748.08
-6365.31
-8539.16
-5995.05
-6592.29
-4922.04
-3028.35
-4288.7
-4517.81
-4875.27
-19400.2
-12794.8
-12195.6
-8847.27
-8842.73
-17.3377
-319.899
-147.5
-546.979
-375.049
-1002.58
-834.844
-1662.99
-1548.83
-2371.56
-2288.91
-3074.16
-2789.49
-341.426
-166.156
-612.916
-433.208
-1117.32
-939.334
-1834.22
-1709.86
-2617.82
-2564.19
-3389.44
-3202.52
-19640.7
-14349.8
-5278.95
-4300.26
-3268.04
-4609.49
-4195.07
-12944.4
-14617.6
-11583.6
-13369.5
-8023.44
-11371.5
-6160.52
-6422.2
-4710.04
-20388.1
-11359.2
-4434.06
-7256.56
-9385.8
-6494.46
-7245.2
-5494.79
-3392.68
-4939.54
-5423.31
-5574.3
-19277.9
-12988.5
-12835.5
-9235.15
-9277.68
5865.41
15381.7
22862.5
17595.3
14345.9
21467.5
19253.4
7269.92
119.192
-1395.2
-7655.71
-1733.87
1560.84
-2474.31
-9147.34
-13729.3
-4848.92
19704
14294.8
4904.72
3892.15
2805.45
4022.55
3709.36
12203.5
11844.9
10057.7
11023.5
9193.36
6564.71
8490.45
5706.19
4830.51
5901.41
4052.19
19734.3
10379.3
3747.99
6365.1
8538.83
5994.81
6592.03
4921.86
3028.29
4288.56
4517.7
4875.1
19399.6
12794.4
12195.2
8846.91
8842.36
17.1354
319.883
147.493
546.952
375.03
1002.53
834.804
1662.91
1548.76
2371.45
2288.81
3074.03
2789.38
341.411
166.149
612.891
433.19
1117.27
939.296
1834.14
1709.79
2617.72
2564.09
3389.3
3202.39
19640.1
14349.4
5278.74
4300.09
3267.93
4609.32
4194.92
12944
14617.5
11583.3
13369.5
8023.27
11371.3
6160.36
6422.05
4709.92
20387.3
11358.8
4433.94
7256.33
9385.48
6494.22
7244.94
5494.6
3392.58
4939.37
5423.15
5574.12
19277.2
12988
12835
9234.81
9277.33
-16881
-13659.9
8.65152
7.83422
-9.92015
-8.11138
-4411.85
-954.229
-463.385
-6960.52
-4191.11
16881.8
13640.2
-8.67773
-7.82874
9.90007
8.12193
4411.75
955.769
465.518
6959.83
4189.61
-16672.7
413.367
92.6773
242.911
1020.33
-665.085
-655.714
-551.301
-525.905
36.8794
3.5575
1623.67
2190.06
-529.887
-375.58
-331.811
-230.898
-1850.81
-1374.06
-4989.82
-3129.28
-6871.03
-4154.6
-5857.88
-7251.46
-6356.24
-7596.38
-3484.45
-12177
-7199.24
-5709.59
-4253.91
-2425.76
-2438.89
1030
358.62
3314.2
919.88
4506.88
1203.22
862.988
3881.49
3741.63
4394.12
529.167
-980.73
3015.13
3355.9
2696.98
931.084
77.8584
36.1373
201.981
93.5247
333.079
147.726
462.109
188.467
448.441
195.066
520.664
184.387
486.352
198.42
564.154
172.483
557.004
148.977
4.68537
7.96283
11.0288
18.0239
13.6634
24.1868
12.3928
6.3798
14.3448
5.37705
17.8391
5.5478
8.42444
4.70727
3.80289
1.54082
3.31522
2.79662
8.74024
7.60276
10.1628
10.7315
13.788
-1.69526
-1.35078
-5.18432
-1.53404
-8.77596
-2.67993
-11.9449
-3.49783
-15.3625
-4.51061
-19.2641
-6.13904
-17.6563
-5.1924
-20.0171
-6.74224
-20.7115
-7.0701
50.5665
18.9479
-1152.12
2951.66
9802.58
6887.11
3802.27
5721.29
11731.7
15960
7356.01
-194.926
-223.757
146.451
825.813
-815.071
-699.272
-613.12
-547.766
10.1942
-25.0485
1486.82
1912.37
-551.926
-389.197
-341.617
-236.5
-729.064
-610.416
-1830.83
-2054.48
603.34
-2947.19
-10113
-6615.96
-3398.33
-4690.67
-3876.61
-15999
-6771.25
-4575.67
-3180.49
-2285.89
-780.284
-855.602
-1746.62
-1263.9
-7011.9
-1804.42
-7500.72
-5583.65
-4486.01
-2001.02
-2032.8
-7418.53
-3892.57
-2408.45
-1250.06
-127.562
50.0706
-0.628858
121.013
-10.2414
219.155
-9.67707
330.333
-4.27988
286.193
-26.0094
358.233
15.445
299.574
-11.4176
461.187
69.5649
521.666
115.319
-5.177
-8.58526
-11.6853
-18.9036
-14.3118
-24.509
-12.3243
-6.3904
-14.6946
-5.69254
-18.1337
-6.00809
-8.61075
-4.80421
-4.14078
-1.7884
-3.93122
-3.34083
-10.087
-9.01034
-11.9816
-12.6968
-14.6465
-1.69774
-1.33585
-5.19296
-1.45474
-8.77946
-2.57889
-11.9262
-3.39956
-15.3176
-4.43409
-19.2053
-6.11725
-17.5942
-5.14399
-19.9756
-6.73428
-20.6968
-7.06834
-24.6551
469.981
-1181.67
-285.933
-661.3
-1591.02
-847.793
-816.523
-2615.84
-2623.22
-888.718
-3440.27
-2136.25
-4233.16
-5557.53
-680.113
-725.17
-1459.2
-1628.32
-5229.89
-856.218
-2096.19
-2505.55
-899.719
-3750.34
-6624.41
-4321.27
-6709.15
-867.719
-974.293
-2718.51
-2699.65
-788.223
16677.3
-413.271
-92.7076
-242.948
-1020.28
665.077
655.72
551.304
525.921
-36.8878
-3.52657
-1623.64
-2189.96
529.904
375.606
331.827
230.913
1685.16
1278.08
4989.5
3132.48
6871.78
4157.03
5858.08
7251.74
6356.62
7597.17
3485.72
12177.4
7199.46
5709.88
4254.26
2426.2
2413.97
-959.126
-348.718
-3302.6
-909.377
-4504.91
-1202.84
-862.867
-3881.27
-3741.26
-4393
-528.993
980.919
-3014.88
-3355.56
-2696.52
-931.008
-70.2205
-32.6746
-202.886
-93.6774
-332.861
-147.727
-461.92
-188.41
-448.3
-195.007
-520.579
-184.36
-486.242
-198.375
-564.079
-172.465
-556.932
-148.958
-4.45735
-7.39808
-11.0716
-18.0519
-13.7291
-24.2486
-12.3977
-6.38005
-14.3481
-5.37344
-17.8037
-5.5351
-8.42449
-4.70495
-3.80185
-1.53979
-3.14651
-2.57187
-8.75754
-7.62441
-10.1774
-10.8103
-13.7729
1.47247
1.19454
5.26003
1.58163
8.7721
2.68456
11.9438
3.5
15.3622
4.51183
19.2646
6.13951
17.6564
5.19318
20.0179
6.74261
20.7124
7.07043
-52.2114
-23.743
1143.95
-2654.72
-9812.24
-6925.16
-3817.45
-5734.56
-11765.8
-15883.4
-6364.28
194.997
223.668
-146.549
-825.776
815.018
699.264
613.073
547.764
-10.2564
25.0235
-1486.84
-1912.4
551.899
389.19
341.617
236.504
718.121
582.388
1797.01
2048.61
-603.529
2947.72
10113.3
6616.46
3398.83
4690.79
3876.84
15999.1
6771.43
4575.85
3180.59
2285.99
586.793
742.745
1825.99
1316.49
7015.16
1805.29
7500.85
5583.62
4485.93
2001.79
2032.66
7418.61
3892.62
2408.52
1250.28
127.501
-44.1694
1.54609
-122.974
9.64329
-218.957
9.57605
-330.141
4.30339
-286.029
26.0774
-358.11
-15.3799
-299.426
11.4956
-461.087
-69.5192
-521.585
-115.29
4.64048
7.8323
11.5856
18.7624
14.255
24.4506
12.3242
6.393
14.6964
5.69859
18.1801
6.02412
8.61409
4.80877
4.1435
1.79016
3.49536
3.01815
10.0387
8.97848
11.9762
12.6252
14.6714
1.47425
1.18106
5.27023
1.50342
8.77603
2.58377
11.9256
3.40181
15.3178
4.4353
19.2061
6.11771
17.5947
5.14473
19.9765
6.73465
20.6978
7.06868
25.2541
-472.611
1182.38
228.316
700.919
1648.51
727.633
751.677
2616.86
2623.68
819.521
3441.54
2137.13
4233.82
5558.04
634.939
692.752
1439.92
1597.93
5232.05
790.386
2097.09
2505.99
830.267
3750.19
6624.32
4321.6
6709.38
778.57
852.965
2741.03
2736.94
786.883
-14318.7
5473.81
-4411.85
14318
-5473.77
4411.75
-14346.4
-16428.1
-14663.7
-18151.3
-5227.15
-3907.57
-12104.1
-9635.15
-4103.17
-4617.06
-11062.6
-11781.7
-12137.9
-13147.9
-10140.5
-3251.1
-14664.7
-3622.59
-3095.05
-9325.95
-8280.34
-9813.19
-8376.27
-2422.15
-2124.73
-1911.85
-6754.1
-5487.09
-4756.16
-6728.51
-5863.91
-5541.64
-10224
-13889.4
-10921.2
-16088.1
-62.5022
-749.53
-2971.04
-3380.78
957.318
916.769
3355.83
3078.71
1880.78
2405.53
6044.67
2671.92
6548.7
873.247
802.049
2528.48
2470.26
2486.84
2771.1
1010.96
1071.01
1177.82
3307.01
3545.29
3496.65
3751.83
4282.77
4426.23
-243.739
-437.708
-165.804
621.758
1164.87
178.372
662.149
33.9849
2.51474
58.0302
266.821
607.754
1090.68
1250.88
167.505
639.087
25.8191
-0.720983
14358.6
16430.9
14665.2
18149.2
4820.67
3637.69
12105.6
9608.15
3844.35
4284.88
11024.4
11748.5
12134
13143.5
10140.5
3251.21
14664.3
3314.3
2803.7
9345.36
8297.7
9809.81
8375.08
2159.64
1907.83
1742.26
6777.66
5495.92
4756.39
6728.82
5864.78
5542.53
10199
13873.7
10909.5
16079.3
98.418
653.775
2970.62
3453.08
-900.746
-861.569
-3335.42
-3056.49
-1879.57
-2404.61
-6044.9
-2672.06
-6548.66
-834.695
-761.838
-2502.32
-2446.12
-2486.08
-2769.9
-953.953
-992.674
-1092.43
-3279.55
-3530.05
-3486.4
-3750.24
-4281.24
-4425.17
202.069
455.169
169.63
-620.566
-1164.53
-178.349
-662.058
-33.9754
-2.51094
-67.3756
-253.408
-605.641
-1090.12
-1250.77
-167.529
-639.092
-25.8356
0.716112
2644.27
6413.53
56.3534
35.2842
21.3501
13.7928
10.5891
84.9609
47.61
28.5635
18.5684
14.1685
-2512.34
-368.288
3275.51
9677.06
1782.57
-39.7751
71.0313
36.6309
21.7443
14.1127
10.7189
77.6373
45.8279
27.6956
17.9284
13.7325
500.954
1418.93
2242.28
3010.62
3736.1
-3340.25
-3393.39
-9912.55
-9957.85
-14581.4
-13409.2
-3341.96
-3066.28
-2871.39
-9670.56
-8844.34
-8255.85
-11635.3
-10302.7
-9580.81
0
0
0
0
0
0
0
0
-2622.1
-1176.23
-664.495
-397.971
-501.388
-351.238
-326.741
-303.14
-223.675
-155.21
-114.975
-80.2749
-108.818
-63.0696
-37.7894
-24.4165
-18.6707
-44.162
-26.8906
-16.418
-10.6823
-8.17856
-36.6988
-283.277
-763.013
-1518.21
-2345.57
-2843.02
-33.2011
-28.177
-21.4403
-13.4051
-4.56002
-256.168
-217.286
-165.245
-103.271
-35.1223
-689.74
-584.804
-444.566
-277.758
-94.4517
-1371.59
-1162.15
-882.952
-551.448
-187.489
-2117.16
-1792.18
-1360.56
-849.36
-288.733
-2562.4
-2165.83
-1642.39
-1024.78
-348.339
-3664.58
-3253.77
-2712.03
-2038.23
-1269.01
-432.375
0
0
0
0
0
0
0
0
0
0
0
0
1356.51
-324.83
145.766
-181.461
-2617.75
-2574.84
-6040.35
-5503.01
-5690.02
-5551.32
-2483.69
-2362.84
-2263.6
-5271.22
-5243.96
-5163.17
-5979.29
-6219.34
-6264.65
-604.977
-391.04
-186.579
-53.9078
-225.248
-157.551
-101.497
-68.3655
-97.7973
-61.0814
-37.8233
-24.7835
-18.978
-44.9524
-27.0289
-16.5226
-10.7838
-8.25462
3053.34
2638.68
2129.81
1549.3
939.765
315.62
20.71
232.769
670.053
1369.54
2059.48
2418.33
18.7041
15.8395
12.025
7.50425
2.55009
210.326
178.227
135.398
84.5454
28.7395
605.187
512.565
389.207
242.943
82.5696
1235.71
1045.37
792.9
494.526
168.007
1855.12
1566.36
1185.93
738.705
250.804
2171.85
1827.64
1379.55
857.553
290.89
-3275.43
-9677.05
-1788.92
38.1138
-71.0159
-36.6311
-21.7504
-14.1247
-10.7423
-77.5651
-45.7834
-27.6621
-17.9029
-13.7137
-500.968
-1418.96
-2242.34
-3010.7
-3736.2
-2644.37
-6413.48
-56.3581
-35.301
-21.3688
-13.8138
-10.6194
-84.9231
-47.5878
-28.5457
-18.554
-14.1585
2513.92
369.255
-8547.39
-11555.8
-19100.5
-21368.9
-21236.6
-23784
-9782.18
-10402.2
-1639.94
-1517.76
-1374.06
-4335.52
-3555.98
-3129.28
-5235.45
-4357.2
-4154.6
-6531.76
-4403.39
-3484.45
-7374.11
-4181.77
-2425.76
585.235
107.925
-446.314
381.307
-636.981
362.744
-75.05
105.514
1833.79
1592.06
421.288
216.349
149.883
125.279
760.661
397.585
324.871
303.847
226.218
83.9287
41.054
29.3934
582.76
221.729
104.561
73.2454
739.238
302.52
152.442
110.113
638.074
311.857
176.449
134.182
387.283
266.626
170.185
132.724
171.02
152.184
111.813
90.154
202.628
197.932
145.503
118.17
113.693
96.1385
70.8474
57.6176
40.7465
32.7912
24.76
20.439
50.998
28.9166
17.0438
10.8707
8.2341
97.5444
55.9405
33.2848
21.3848
16.2517
49.3131
31.8177
19.858
13.0616
9.97546
67.1845
39.1392
23.7084
15.4813
11.7848
40.6785
25.4177
15.7891
10.3792
7.93992
16.7498
10.0331
6.13584
4.00637
3.05988
22.2652
11.2488
6.31426
3.91484
2.93598
54.6385
28.6796
16.4233
10.2831
7.74568
73.0447
39.3025
22.7792
14.3446
10.8928
-227.005
-412.102
-214.952
522.356
1502.21
23.1167
894.691
-235.456
-268.256
-57.5366
-49.1727
-1.93218
-0.850873
-0.867584
-35.2263
5.37104
2.32706
1.28378
0.267259
-25.0616
2.31551
1.84714
0.54029
0.22112
80.9762
15.1344
3.15476
0.688981
0.30002
232.397
31.6386
4.23918
0.519228
0.194284
-108.681
-38.5402
-10.3839
-2.49509
-0.460751
42.5647
-14.3148
-5.74778
-1.51139
-0.220871
-163.06
-46.4722
-11.7162
-2.69681
-0.484599
-168.685
-48.5953
-12.0757
-2.67423
-0.491238
8408.59
11588.4
15934.8
19219.2
19858.9
23019.9
7740.58
9551.23
-2586.4
-7567.74
-5207.82
-3522.43
-2300.7
-1915.68
-1432.31
-884.737
-299.327
-3514.21
-2190.43
-1331.57
-921.67
-459.964
-3390.15
-1981.23
-1152.94
-603.044
-198.509
-2952.75
-2311.72
-1639.84
-979.47
-327.374
-528.052
-610.375
-2258.7
-2054.48
-2648.73
-2947.19
-5300.37
-3876.61
-5184.29
-2285.89
-410.175
-404.179
-1352.1
-462.526
-1098.14
91.9883
-936.609
-815.01
191.152
-88.5959
-173.061
-136.994
-72.1281
-21.1975
-334.526
-264.868
-84.5343
34.1518
-15.7126
-30.8266
-20.629
-13.6115
-70.5144
-90.5873
-67.6477
-47.0303
-205.652
-156.144
-103.157
-69.4796
-405.955
-214.402
-122.145
-77.722
-537.707
-242.356
-138.137
-98.3266
-290.728
-171.535
-117.734
-96.431
-480.59
-227.014
-135.819
-105.072
-147.106
-103.017
-77.1248
-64.3035
-42.4223
-33.4078
-25.3343
-21.0973
-41.6494
-27.2542
-17.2
-11.4035
-8.8024
-83.611
-53.5269
-33.4125
-22.0015
-16.9366
-64.0267
-33.9125
-19.8068
-12.6936
-9.7273
-66.2608
-38.0368
-22.8394
-14.7306
-11.3191
-47.5638
-26.58
-15.7376
-10.1244
-7.75921
-17.027
-10.0939
-6.11096
-3.96435
-3.03541
-13.0516
-9.9834
-6.57113
-4.45064
-3.45788
-40.5259
-27.3259
-17.3803
-11.6343
-9.00145
-61.6338
-38.9118
-24.3066
-16.176
-12.429
18.0608
144.697
370.945
857.577
1465.81
-2.18089
784.796
-246.166
-271.861
-0.443535
-41.5848
-0.462782
-0.633015
-0.845697
99.8763
27.9228
5.98233
1.8758
0.369936
120.819
27.4074
6.04711
1.22474
0.345099
176.345
33.1527
6.38977
1.25248
0.408119
254.96
38.9355
5.88624
0.844842
0.261066
-115.399
-39.4694
-10.4722
-2.50039
-0.459955
34.0659
-13.5074
-5.3169
-1.39906
-0.195317
-166.717
-47.2848
-11.8638
-2.72513
-0.490733
-169.888
-48.8841
-12.1373
-2.68688
-0.494232
-33.8572
-389.46
-1106.54
-2129.75
-3346.59
-4564.72
-5523.26
-5936.06
-5517.91
-4060.1
-1933.71
-279.484
-30.5281
-25.8034
-19.5529
-12.1852
-4.1378
-351.557
-297.57
-225.835
-140.918
-47.8868
-998.467
-844.802
-640.957
-399.9
-135.893
-1919.97
-1622.94
-1230.44
-767.399
-260.753
-3012.31
-2542.43
-1925.47
-1200.39
-407.891
-4098.77
-3451.62
-2610.52
-1627.23
-553.207
-4940.92
-4147.64
-3132.59
-1954.08
-665.446
-5280.34
-4413.63
-3330.05
-2082.71
-712.267
-4868.37
-4047.1
-3053.37
-1920.95
-662.909
-3544.04
-2927.79
-2211.88
-1404.95
-492.318
-1672.41
-1375.52
-1041.98
-668.56
-237.993
-242.789
-201.046
-153.474
-99.157
-35.4972
-63.6817
-481.02
-1264.35
-2356.04
-3629.35
-4862.11
-5755.88
-6019.21
-5411.56
-3814.47
-1690.05
-179.047
-57.5962
-48.8671
-37.1766
-23.2422
-7.90626
-434.735
-368.521
-280.115
-175.008
-59.5132
-1142.08
-967.581
-735.113
-459.15
-156.122
-2126.51
-1800.17
-1366.87
-853.524
-290.21
-3271.57
-2766.12
-2098.67
-1310.25
-445.57
-4373.49
-3690.78
-2797.42
-1746.68
-594.356
-5159.17
-4341.07
-3286.51
-2053.94
-700.155
-5363.99
-4493.38
-3397.98
-2129.2
-728.964
-4777.89
-3976.08
-3004.21
-1893.17
-654.225
-3321.45
-2738.16
-2067.14
-1314.55
-461.772
-1446.71
-1178.41
-887.446
-569.479
-203.783
-148.716
-117.949
-87.5176
-56.3317
-20.5377
-3123.7
-13369.5
-4402.53
-2803.97
-2360.74
-1785.44
-1113.14
-378.535
-10056
-8426.27
-6705.56
-4997.63
-2448.47
-3870.39
-3199.23
-2394.2
-1491.38
-509.827
8557.34
11560.9
19136.4
21369.9
21249.5
23850.7
8383.6
8889.44
1501.29
1398.82
1278.08
4362.41
3568.19
3132.48
5236.55
4359.56
4157.03
6532.25
4404.52
3485.72
7374.22
4182.08
2426.2
-498.079
-127.204
445.212
-326.241
629.478
-364.504
28.7944
-108.379
-1791.04
-1580.46
-390.903
-200.351
-139.129
-116.055
-757.458
-396.359
-323.961
-303.201
-214.25
-78.475
-37.8062
-26.3418
-578.088
-220.456
-104.109
-73.4317
-738.555
-302.214
-152.36
-110.142
-637.793
-311.685
-176.377
-134.151
-387.18
-266.544
-170.138
-132.69
-171.053
-152.197
-111.816
-90.1521
-202.625
-197.913
-145.484
-118.15
-113.73
-96.1606
-70.86
-57.6251
-40.7629
-32.8024
-24.7672
-20.4441
-46.6898
-26.5872
-15.7358
-10.0786
-7.65325
-97.5494
-55.8956
-33.2685
-21.3977
-16.2703
-49.3018
-31.8085
-19.8497
-13.0542
-9.96896
-67.1559
-39.1193
-23.6916
-15.4669
-11.7723
-40.6775
-25.4156
-15.7867
-10.3768
-7.93779
-16.7524
-10.0344
-6.13648
-4.00671
-3.06014
-19.9736
-10.1776
-5.76357
-3.60764
-2.70322
-54.837
-28.7079
-16.4473
-10.3178
-7.78656
-73.1095
-39.3682
-22.8443
-14.4123
-10.9734
186.766
431.642
217.845
-521.292
-1501.8
-23.0677
-894.533
235.482
268.273
38.4927
41.1133
0.687891
0.515405
0.73821
47.168
-1.80899
-1.4958
-1.07182
-0.21718
26.2207
-1.94582
-1.74809
-0.517276
-0.215256
-80.5254
-14.9916
-3.11405
-0.678803
-0.297277
-232.201
-31.5757
-4.22058
-0.514294
-0.192874
108.715
38.5518
10.3874
2.49602
0.461024
-42.4785
14.343
5.75616
1.51366
0.221538
163.077
46.4776
11.7177
2.6972
0.484703
168.696
48.5984
12.0765
2.67441
0.491274
-8418.31
-11597
-15963.8
-19250.5
-19793.1
-22942.9
-6535.08
-8096.81
2586.32
7568
5207.93
3522.39
2300.62
1915.61
1432.25
884.702
299.315
3514.37
2190.58
1331.71
921.802
460
3390.23
1981.31
1153.01
603.097
198.527
2952.71
2311.68
1639.81
979.451
327.367
490.283
582.35
2263.74
2048.61
2648.71
2947.72
5300.41
3876.84
5184.39
2285.99
351.436
317.832
1387.03
522.904
1099.63
-91.0625
818.066
744.995
-154.213
96.7226
159.582
127.075
66.6225
19.6922
336.53
265.545
84.9691
-34.2005
8.22087
27.6174
19.4163
13.7495
75.7754
91.3647
67.6696
46.3966
206.512
156.397
103.134
69.3488
406.331
214.603
122.198
77.7238
537.922
242.513
138.216
98.376
290.832
171.62
117.793
96.4781
480.735
227.132
135.896
105.131
147.168
103.066
77.1585
64.3301
42.4415
33.4218
25.3438
21.1046
39.0514
25.3336
15.8977
10.4923
8.07901
83.0915
53.3141
33.2835
21.8959
16.8472
64.0646
33.937
19.825
12.7078
9.73929
66.3184
38.0744
22.8684
14.7537
11.3385
47.586
26.594
15.7475
10.132
7.76543
17.0327
10.0973
6.11315
3.96594
3.03669
12.4158
9.21876
5.98859
4.01685
3.12296
40.1238
27.2486
17.3361
11.587
8.95067
61.57
38.8608
24.2549
16.1177
12.3554
-32.84
-130.602
-369.413
-857.082
-1465.66
2.17875
-784.764
246.166
271.871
-13.4383
34.216
-0.667152
0.313344
0.718076
-88.1758
-24.2937
-5.12928
-1.65875
-0.318822
-120.047
-27.0842
-5.95138
-1.20162
-0.339107
-176.129
-33.0544
-6.35565
-1.24314
-0.405478
-254.887
-38.902
-5.87329
-0.840862
-0.259827
115.411
39.4744
10.474
2.50097
0.460142
-34.0358
13.5207
5.32195
1.40068
0.195844
166.724
47.2874
11.8646
2.72535
0.490794
169.895
48.8864
12.1379
2.68701
0.494256
33.8548
389.44
1106.49
2129.64
3346.43
4564.51
5523.01
5935.79
5517.67
4059.93
1933.63
279.476
30.5259
25.8015
19.5515
12.1843
4.13748
351.539
297.554
225.823
140.911
47.8842
998.418
844.76
640.925
399.879
135.886
1919.87
1622.86
1230.37
767.36
260.74
3012.17
2542.31
1925.38
1200.33
407.871
4098.57
3451.45
2610.39
1627.15
553.178
4940.69
4147.43
3132.43
1953.98
665.411
5280.09
4413.4
3329.88
2082.6
712.227
4868.14
4046.89
3053.21
1920.84
662.87
3543.88
2927.64
2211.76
1404.87
492.29
1672.34
1375.45
1041.93
668.526
237.981
242.782
201.04
153.469
99.1543
35.4963
63.6797
481.001
1264.3
2355.94
3629.19
4861.91
5755.64
6018.95
5411.31
3814.3
1689.96
179.036
57.5944
48.8656
37.1755
23.2415
7.90602
434.717
368.507
280.104
175.001
59.5109
1142.03
967.54
735.083
459.131
156.115
2126.42
1800.09
1366.81
853.488
290.198
3271.43
2766
2098.58
1310.19
445.55
4373.3
3690.62
2797.29
1746.61
594.329
5158.94
4340.88
3286.36
2053.84
700.122
5363.75
4493.17
3397.82
2129.1
728.928
4777.67
3975.88
3004.05
1893.07
654.189
3321.29
2738.01
2067.02
1314.47
461.744
1446.63
1178.34
887.387
569.439
203.768
148.705
117.938
87.508
56.3249
20.5351
3123.59
13369.5
4402.42
2803.88
2360.66
1785.38
1113.1
378.522
10055.9
8426.14
6705.45
4997.55
2448.4
3870.28
3199.14
2394.13
1491.34
509.813
0
0
0
0
0
0
0
0
0
0
0
0
-1360.6
324.089
-146.915
181.066
2617.71
2574.85
6040.45
5503.15
5690.06
5551.52
2483.7
2362.85
2263.6
5271.37
5244.13
5163.31
5979.65
6219.75
6265
604.921
391.014
186.558
53.9147
225.133
157.498
101.47
68.3553
97.8009
61.0847
37.826
24.7848
18.9749
44.9475
27.0264
16.5213
10.7829
8.25347
-3053.4
-2638.74
-2129.86
-1549.34
-939.791
-315.629
-20.7114
-232.781
-670.086
-1369.6
-2059.57
-2418.43
-18.7054
-15.8406
-12.0258
-7.50478
-2.55027
-210.337
-178.236
-135.406
-84.5498
-28.741
-605.216
-512.59
-389.226
-242.955
-82.5737
-1235.77
-1045.42
-792.938
-494.55
-168.015
-1855.2
-1566.43
-1185.98
-738.74
-250.816
-2171.94
-1827.72
-1379.61
-857.592
-290.903
3340.28
3393.39
9912.48
9957.78
14580.7
13408.7
3341.97
3066.32
2871.45
9670.63
8844.56
8256.13
11635.4
10303.1
9581.36
0
0
0
0
0
0
0
0
2623.9
1177.5
665.266
398.405
501.998
351.535
326.889
303.228
223.868
155.303
115.022
80.3027
108.856
63.0943
37.8068
24.4283
18.6758
44.1757
26.899
16.4236
10.6863
8.18127
36.6976
283.266
762.982
1518.15
2345.47
2842.92
33.2001
28.1761
21.4396
13.4046
4.55987
256.157
217.277
165.238
103.267
35.1209
689.711
584.78
444.547
277.746
94.4477
1371.54
1162.11
882.916
551.425
187.482
2117.08
1792.11
1360.51
849.326
288.721
2562.3
2165.75
1642.33
1024.74
348.325
3664.48
3253.67
2711.95
2038.17
1268.98
432.362
)
;
    }
    patch2
    {
        type            calculated;
        value           nonuniform List<scalar> 
348
(
-500.968
500.954
-1182.79
-462.906
-622.465
-777.634
-1359.54
-583.293
-728.555
-906.232
1182.69
462.879
622.432
777.585
1359.48
583.272
728.527
906.195
-9177.24
-2161.67
-580.71
-465.083
-324.649
-477.698
-433.106
-5371.75
-2180.99
-952.468
-1182.85
-604.027
-564.141
-562.768
-246.682
-442.927
-469.03
-373.002
-7712.31
-1332.38
-374.985
-706.134
-1030.44
-701.819
-778.548
-561.643
-315.146
-484.806
-464.005
-539.827
-8209.54
-2032.41
-2140.39
-1177.15
-1122.62
-51.8673
-78.8679
-134.272
-215.868
-319.356
-432.975
-37.2462
-79.4079
-164.023
-282.916
-420.867
-556.564
-39.5777
-18.2493
-67.5074
-46.3084
-123.421
-102.826
-203.932
-189.893
-289.163
-278.657
-371.358
-335.438
-526.462
-584.021
-629.908
-972.422
-1209.46
-1429.25
-664.276
-719.543
-708.717
-649.464
-577.884
-528.38
-54.7015
-87.551
-149.333
-238.16
-350.29
-471.804
-41.2438
-91.6258
-184.941
-312.69
-458.139
-596.978
-42.3042
-20.6043
-75.8984
-53.6835
-138.153
-116.225
-226.299
-211.068
-322.012
-315.544
-415.077
-392.208
-569.189
-627.977
-677.238
-1022.07
-1253.4
-1448.63
-700.74
-744.892
-719.856
-648.928
-572.933
-525.88
-9335.86
-2198.45
-643.764
-524.691
-395.634
-562.182
-508.539
-6579.89
-3931.74
-1442.5
-2448.47
-902.102
-1176.63
-708.106
-733.731
-544.698
-8750.73
-1668.74
-522.719
-891.479
-1253.67
-814.398
-899.582
-666.995
-400.668
-594.336
-639.394
-670.509
-8688.52
-2144.06
-2488.26
-1307.01
-1253.02
9176.59
2161.5
580.677
465.06
324.635
477.676
433.085
5371.24
2180.8
952.362
1182.81
604.056
564.118
562.737
246.692
442.912
469.027
372.993
7711.6
1332.26
374.967
706.09
1030.35
701.771
778.5
561.612
315.135
484.785
463.986
539.799
8208.87
2032.24
2140.18
1177.04
1122.53
51.8648
78.8639
134.265
215.857
319.34
432.953
37.2443
79.4038
164.015
282.902
420.845
556.535
39.5757
18.2484
67.504
46.306
123.415
102.821
203.922
189.884
289.149
278.644
371.339
335.422
526.434
583.988
629.869
972.353
1209.37
1429.15
664.241
719.503
708.675
649.424
577.845
528.344
54.699
87.5473
149.327
238.149
350.275
471.783
41.242
91.622
184.933
312.677
458.118
596.951
42.3023
20.6034
75.8951
53.6813
138.147
116.221
226.289
211.059
321.999
315.531
415.06
392.193
569.163
627.948
677.206
1022.01
1253.33
1448.54
700.707
744.856
719.819
648.893
572.899
525.846
9335.29
2198.3
643.736
524.669
395.62
562.16
508.519
6579.69
3931.6
1442.46
2448.4
902.079
1176.6
708.086
733.711
544.682
8750.39
1668.69
522.703
891.447
1253.62
814.364
899.545
666.97
400.655
594.315
639.374
670.485
8688.07
2143.95
2488.16
1306.95
1252.96
-4.85903
313.115
358.62
165.048
901.191
919.88
-770.41
863.526
1203.22
-1634.98
360.911
529.167
-2717.9
534.684
931.084
-1181.67
-855.588
-1764.24
-1263.9
-4074.16
-1804.42
-4561.67
-2032.8
-4775.33
-127.562
-24.5946
-310.049
-348.718
-136.683
-885.938
-909.377
769.074
-863.024
-1202.84
1634.29
-360.878
-528.993
2717.42
-534.715
-931.008
1036.44
742.733
1827.14
1316.49
4072.02
1805.29
4560.92
2032.66
4775.06
127.501
)
;
    }
    patch3
    {
        type            calculated;
        value           nonuniform List<scalar> 
96
(
-419.69
-639.817
-1092.24
-1762.21
-2619.74
-3575.61
-301.905
-645.378
-1336.17
-2312.15
-3454.59
-4593.04
-4381.5
-4892.24
-5259.14
-7727.04
-8573.58
-9398.83
-5513.42
-6000.04
-5911.96
-5344.44
-4536.12
-3939.3
-441.967
-707.795
-1209.18
-1932.77
-2851.39
-3855.68
-333.366
-741.176
-1498.69
-2540.05
-3733.52
-4884.6
-4670.44
-5158.62
-5502.3
-7872.52
-8636.78
-9418.31
-5759.18
-6144.34
-5934.07
-5267.78
-4430.34
-3891.31
419.67
639.787
1092.18
1762.13
2619.62
3575.45
301.89
645.347
1336.11
2312.04
3454.43
4592.83
4381.3
4892.03
5258.91
7726.71
8573.24
9398.49
5513.16
5999.77
5911.69
5344.21
4535.94
3939.15
441.947
707.765
1209.13
1932.69
2851.27
3855.52
333.352
741.146
1498.63
2539.95
3733.36
4884.39
4670.24
5158.41
5502.08
7872.2
8636.45
9417.96
5758.93
6144.07
5933.81
5267.55
4430.15
3891.16
)
;
    }
    patch4
    {
        type            calculated;
        value           nonuniform List<scalar> 
384
(
-9931.18
-27548
-46583.2
-64194.8
-52314.2
-40968.3
-29750.2
-11141.6
-13352.7
-37734.2
-56022.4
-20387.5
8876.82
27640.7
46592
64211.5
52332.5
40983
29838.8
9463.08
12092.4
37903.7
56230.2
18342.9
-43615.9
-62946.5
-70592.4
-96654.2
-45303.6
-63713.9
-71707.7
-97174
43623.6
62956.3
70603.3
96667.3
45317.9
63726.7
71721.1
97188.5
-19661.5
-32103.3
21426.6
33043.1
-16453
-5774.53
-21289.3
-7779.37
17173.4
6058.31
21745.1
7958.66
-21414.4
-33032.8
19668.2
32110.7
-7773.51
-5165.51
-24272.7
-17080.5
-30663.2
-44819.7
-3286.08
-1156.33
-12087.1
-4298.32
-9105.88
-6155.91
-27708.4
-19947
-32307.4
-45663.5
-3815.24
-1285.41
-13929.7
-4899.81
7036.92
4690.9
24349.6
17126.3
30669.7
44827.9
3003.49
1067.72
12107.3
4304.86
8255.19
5583.51
27851.7
20035.3
32319.9
45674.7
3480.87
1183.65
13964.1
4910.47
-17168
-6056.25
-21739.5
-7956.44
16456.7
5776
21293.9
7781.24
-13039.3
-13492.2
-11355.5
-12199.2
13037.1
13491.5
11354
12198.7
-918.622
-1036.45
-3323.49
-4165.61
-3090.15
-2756.37
-4671.5
-6395.52
-7375.16
-9542.3
-8049.77
-9628.07
-7353.63
-9639.59
-7538.01
-10087.2
-499.93
-1135
-2876.97
-4721.03
-1611.36
-2235.71
-4622.86
-6444.49
-7107.35
-9225.13
-7260.25
-9049.76
-7287.07
-9483.31
-7533.02
-10041.4
881.314
963.67
3310.61
4166.46
3087.15
2751.72
4671.52
6396.42
7374.02
9542.18
8048.67
9627.78
7353.66
9639.72
7538.51
10087.4
499.322
1054.66
2858.01
4724.59
1607.53
2229.27
4622.7
6445.45
7105.71
9224.81
7258.96
9049.35
7286.98
9483.32
7533.52
10041.6
-1183.95
-2289.16
-3986.21
-7000.59
-6336.11
-10741.8
-8780.8
-262.822
-1152.34
-2765.67
-5465.47
-4283.93
-8086.61
-7471.75
1136.4
2151.43
3964.77
6969.35
6332.42
10735.8
8779.4
289.234
1111.04
2734.76
5421.64
4280.82
8081.68
7470.78
-852.508
-2618.01
-4424.37
-6003.85
-7438.2
-9237.49
-8490.56
-9626.97
-9855.62
-853.612
-2621.9
-4410.29
-5958.11
-7379.39
-9203.17
-8446.25
-9604.9
-9847.98
754.881
2641.64
4423.34
6003.86
7438.45
9237.93
8490.94
9627.46
9856.15
756.2
2646.52
4409.35
5958.27
7379.79
9203.71
8446.74
9605.45
9848.53
-178.031
-543.698
-916.761
-1239.55
-1543.99
-1975.71
-1796.09
-2069.82
-2119.05
-178.503
-545.015
-915.835
-1233.66
-1534.48
-1968.02
-1786.5
-2064.88
-2117.35
156.34
549.802
916.547
1239.54
1544.03
1975.8
1796.16
2069.92
2119.16
156.739
551.351
915.665
1233.68
1534.55
1968.13
1786.6
2064.99
2117.46
-39.4884
-120.57
-203.436
-275.509
-345.122
-447.812
-404.984
-470.199
-481.689
-39.6393
-120.996
-203.606
-274.813
-343.563
-446.146
-403.057
-469.096
-481.305
34.5808
121.975
203.387
275.501
345.126
447.83
404.996
470.221
481.713
34.7066
122.446
203.568
274.816
343.577
446.17
403.077
469.122
481.33
-8.72105
-26.6572
-45.0437
-61.111
-76.8409
-100.531
-90.5978
-105.69
-108.233
-8.75837
-26.7639
-45.1246
-61.0378
-76.5851
-100.19
-90.2299
-105.457
-108.151
7.6268
26.9694
45.0321
61.1079
76.8406
100.535
90.5997
105.694
108.238
7.65814
27.0842
45.1155
61.0373
76.5871
100.195
90.2337
105.462
108.156
-2.21445
-6.75034
-11.3827
-15.4548
-19.4865
-25.7119
-23.0594
-27.1107
-27.8058
-2.22369
-6.77658
-11.4064
-15.4472
-19.4378
-25.6344
-22.9807
-27.056
-27.7862
1.93606
6.82792
11.3796
15.4536
19.4861
25.7126
23.0596
27.1117
27.807
1.9439
6.85577
11.4038
15.4466
19.438
25.6354
22.9814
27.0573
27.7875
)
;
    }
}


// ************************************************************************* //
