/*--------------------------------*- C++ -*----------------------------------*\
  =========                 |
  \\      /  F ield         | OpenFOAM: The Open Source CFD Toolbox
   \\    /   O peration     | Website:  https://openfoam.org
    \\  /    A nd           | Version:  11
     \\/     M anipulation  |
\*---------------------------------------------------------------------------*/
FoamFile
{
    format      ascii;
    class       volScalarField;
    location    "2.7";
    object      gradTz;
}
// * * * * * * * * * * * * * * * * * * * * * * * * * * * * * * * * * * * * * //

dimensions      [0 -1 0 1 0 0 0];

internalField   nonuniform List<scalar> 
5712
(
7046.43
23164.7
5586.02
23760.4
4201.49
24605
6650.98
38020.1
8179.32
52296.4
8107.99
38037.5
7810.47
31537.2
8116.4
28158.9
4909.56
3016.69
13124.3
7760.3
4820.59
2595.02
14409.1
7149.44
5345.26
3844.34
17155.3
11996.2
4040.02
2877.87
16879.1
12192.7
9469.15
3998
8155.21
3620.57
3729.5
8801.83
32958.7
8946.87
11783.4
4004.3
42549.8
11574.3
11075.6
3854.69
23475.6
7294.36
12035.1
4208.37
20355.8
6482.08
5528.01
2740.67
8348.43
3235.43
5976.67
3235.87
8151.97
3108.41
7643.23
4344.37
7022.98
3031.08
10480
3750.93
3611.29
1255.88
11834.3
8150.36
7351.05
5348.77
13405
11015.9
7332.13
6347.49
6901.88
4614.71
9645.17
6380.14
4863.35
3561.98
2492.71
2038.2
4742.57
4098.24
2480.94
2387.88
4628.98
3007.21
2389.41
1519.62
6122.53
3314.41
4546.41
5533.52
8312.84
5907.08
6532.99
9420.75
4075.7
1921.22
2692.62
3182.08
2036.41
840.048
1167.55
1180.55
7160.29
12869.9
4879.43
14398
8437.16
12624.4
6021.27
15121.6
9642.94
11471.3
7799.79
14836
11751.9
14256.8
8628
8259.36
9089.12
14219.8
12894.3
12445.4
12648.5
18366.5
11549
8700.85
7392.24
8254.1
13084.9
14839.9
13187.7
17243.2
16482.4
13587.2
12539.4
17062.5
16165.6
11774.3
11428.5
16047.9
15612.7
10343
8060.86
9394.84
8091.52
10137.4
8921.2
10784
10225.3
14857.2
15064.9
9681.57
8301.7
9051.05
8523.04
9203.93
9562.65
10298.1
11373.7
13466.1
15358.4
7938.25
6220.26
5478.31
7010.5
10901
13354.8
7583.33
12045.4
4579.57
6069.61
6786.58
5572.97
1295.97
4663.11
690.072
1680.84
3882.67
8123.64
1447.51
2825.25
567.429
3911.29
335.985
1371.02
4469.17
4547.31
5075.76
3111.25
7047.93
5598.78
8290.76
5652.83
993.849
2486.45
2508.76
1398.3
1413.53
1846.92
2014.66
1516.61
10435.8
6308.71
1970.7
11840.3
6757
2205.33
10003.3
6241.97
2093.29
11675.8
6769.7
2203.44
9207.67
5725.7
1873.98
11421
6817.08
2271.98
5188.69
2751.32
724.971
6499.76
4256.71
1482.05
7655.06
5276.47
1817.46
8787.68
5656.23
1871.64
11333.2
7022.19
2456.46
6208.19
3429.83
1067.89
6039.74
4325.6
1624.68
7084.54
5229.5
1910.3
8873.63
6207.41
2209.01
11450.2
7089.44
2504.07
294.538
1993.21
2802.96
4067.78
2125.32
2456.31
5351.27
5096.22
598.819
1040.9
639.547
1084.66
485.101
1416.47
868.185
1859.88
3211.68
1575.59
4072.96
2355.45
2180.22
3795.31
3378.82
971.111
5959.48
1487.31
-1827.18
778.125
1819.47
1377.3
1272.53
1205.07
9928.4
4683.79
2719.88
1731.48
10087
4876.17
3408
2181.05
9969.76
5258.41
4957.9
3561.31
3536.29
2594.62
1795.54
1735.9
12542.8
11173.4
5918.14
6157.46
13319.2
12518.9
6575.42
6646.21
5347.5
5523.66
10921.6
9175.04
3552.69
3718.65
2020.71
2278.05
4069.13
4048.5
2266.81
2418.36
3155.94
3399.27
1807.62
2188.61
4847.85
3504.86
4875.93
3598.02
7530.69
4647.44
7240.12
4980.49
2947.67
2535.6
3093.11
2332.39
1685.77
1606.12
1972.35
1368.53
11908.6
8617.73
6214.09
6529.43
11862
8784.86
6256.88
6498.58
12277
9039.05
6347.44
6299.54
13766
14647.2
12738.4
8711.13
5189.48
13886.4
13095.9
12424.8
10518.2
7171.32
13019.4
11951.2
9731.74
7691.21
5064.14
7615.55
6999.28
7291.93
8580.9
7766.49
6807.42
7325.44
8426.43
7959.35
6624.11
7337.41
8237.86
10489.4
7392.26
10009.3
7023.86
8110.52
6666.2
7822.84
6868.34
6773.49
8103.85
8704.01
7553.15
7873.11
6932.82
6917.56
6377.95
6344.52
6458.93
5374.5
7726.41
7035.3
4776.16
4679.35
2785.39
9016.53
6952.04
6283.91
5032.46
3925.07
2397.6
5700.35
4287.65
4743.74
2244.82
1752.7
1011.94
4949.53
3569.35
1745.62
1443.46
4180.28
1904.38
1657.46
884.454
3415.4
3248.27
3166.86
4741.21
4760.94
4646.75
4065.95
6118.18
3395.6
2291.28
2254
3181.44
1058.43
535.358
297.258
637.63
4903.04
2041.52
599.792
5745.12
1475.24
390.876
4910.57
2186.16
669.141
5701.98
1526.59
423.637
4494.44
2123.41
546.781
5553.36
1540.71
359.007
4524.9
2252.27
479.955
4266.53
2036
466.517
4371.7
2087.47
559.181
4513.4
2110.47
439.414
5493.83
1499.12
222.703
5792.56
2872.51
746.292
5413.46
2680.47
723.848
5109.85
2521.18
730.025
5044.87
2140.17
519.154
5932.08
1387.34
335.756
1867.59
677.383
131.748
-223.035
775.444
297.726
80.1098
-45.5198
1981.65
744.71
190.174
-138.613
984.202
415.054
197.624
92.5061
2134.41
831.746
288.674
-10.5017
1689.83
804.09
325.652
80.2826
1290.06
746.794
292.662
4.34343
1223.09
824.48
503.841
310.783
1776.3
800.192
256.327
-187.95
1532
679.148
302.194
-194.245
2103.56
823.55
265.166
-144.014
1911.74
750.87
298.943
-323.536
1428.71
750.472
314.583
-54.6442
1179.63
605.104
330.601
6.99602
1062.46
668.629
412.139
262.061
816.116
516.628
354.537
216.327
2395.4
818.416
126.597
-442.18
2400.27
757.582
174.033
-608.042
2394.47
831.667
150.057
-419.867
2326.13
737.785
183.251
-588.548
2351.52
837.032
229.842
-301.135
2170.22
699.425
228.638
-483.373
2060.44
774.88
321.522
-46.5091
2379.79
784.81
326.532
-566.038
1852.7
696.525
325.784
-132.681
1924.71
536.525
157.673
-414.956
771.574
195.467
44.9087
-87.5434
1980.82
572.234
178.851
-394.984
800.948
211.123
58.2885
-72.0219
2005.59
612.387
224.752
-346.785
810.262
228.777
76.5243
-52.4966
1804.96
578.371
260.004
-274.183
783.19
236.346
105.149
-17.9836
1649.68
576.533
288.773
-159.849
696.262
249.224
144.692
29.713
1156.97
471.133
234.3
-43.9033
653.564
328.863
205.826
112.633
1335.36
475.566
229.387
-112.881
658.573
283.934
175.28
71.4556
933.038
459.396
262.951
46.4388
589.335
349.776
230.908
152.745
660.489
420.656
295.664
189.897
495.316
351.839
255.3
198.123
-19.549
9.46958
9.6635
6.98543
5.47195
-2.7212
6.29158
5.44374
3.86345
3.0279
11.622
26.4544
19.6018
13.3609
10.3106
31.0921
25.6248
16.9366
11.2413
8.61615
46.1589
47.2455
32.2263
21.6534
16.6706
127.193
86.7573
54.8916
36.1135
27.6167
153.636
102.705
64.8865
42.7687
32.7945
222.803
136.154
83.6556
54.6793
41.8723
81.8164
69.1328
45.5635
30.3347
23.2136
86.9442
65.0959
41.9899
27.8895
21.3517
56.1835
55.2582
37.1166
24.9302
19.1677
101.691
67.1711
41.9576
27.6894
21.141
106.639
82.6946
53.8499
35.7868
27.4539
116.16
77.972
49.2514
32.5264
24.9106
177.204
109.72
67.5612
44.185
33.818
147.986
90.5728
55.6806
36.4072
27.8185
-36.6085
5.04589
7.18603
5.36627
4.23642
-20.0614
1.64277
2.82289
2.15014
1.72008
-16.187
15.6911
13.3352
9.31046
7.25812
-12.7674
5.41632
4.96813
3.5053
2.76193
9.53164
28.0464
20.3107
13.8342
10.7587
14.6653
17.9336
11.9084
7.86742
6.09695
66.4458
54.307
35.1961
23.5194
18.1774
44.0885
34.2483
21.7318
14.416
11.1475
121.982
71.0398
43.0682
28.1473
21.4996
1526.95
3495.25
1530.85
3452.74
1659.37
3417.26
1979.83
3557.16
2075.4
3682.04
819.672
1297.87
1362.12
2199.8
428.07
627.326
146.881
204.169
8009.84
1909.07
436.47
97.2354
24.0832
2178.26
585.749
155.544
35.2891
7.64415
7935.15
1875.43
428.28
94.5952
23.5996
2215.75
653.26
160.716
37.2826
9.2332
7612.42
1785.89
406.155
89.5678
22.3662
2150.65
632.117
155.123
35.8077
8.89974
7016.09
1630.64
369.58
81.4061
20.3284
2093.88
602.664
145.961
33.3906
8.2529
5918.64
1368
310.116
68.3827
17.0938
1986.84
556.232
133.205
30.2745
7.45857
2835.97
685.313
157.953
35.0678
8.77561
970.39
276.027
65.5338
14.6273
3.59314
4202.73
1001.3
229.037
50.611
12.6481
1428.68
401.177
96.1049
21.8273
5.4129
1670.03
406.848
94.1984
21.0124
5.26712
541.108
160.243
37.7754
8.42235
2.0877
576.406
139.554
32.3711
7.24206
1.81543
215.675
57.578
12.4749
3.52432
0.670693
154.361
515.199
4474.4
-809.589
740.693
793.812
2314.19
2961.97
1858.02
3491.39
2923.6
4511.91
3519.9
4369.53
1830.57
2467.14
1957.96
2322.17
1018.85
1059.32
2287.44
1682.42
505.46
-472.76
-771.654
-926.412
-287.94
12766.3
3014.45
4164.2
2673.35
-191.311
-59.5758
2936.43
-1434.39
-808.601
-1104.46
-564.622
7011.68
3685.75
1246.03
1037.07
3646.68
2006.74
637.413
1378.87
-1506.71
-878.376
691.153
545.343
8629.46
4292.72
5282.63
2838.52
4079.71
4411.89
1531.33
-908.471
913.592
1632.69
1353.24
1183.49
1086.55
856.177
1338.61
1085.73
858.065
612.295
267.162
445.724
372.892
286.008
183.922
64.5174
-422.133
-352.099
-262.637
-161.319
-54.3159
-689.614
-576.09
-430.74
-265.211
-89.3884
-829.125
-693.932
-519.934
-320.723
-108.217
-250.518
-200.395
-140.819
-80.8166
-25.7878
9341.49
8217.46
7145.68
6704.5
6378.43
2728.93
2447.57
2330.99
1983.86
1067.06
3204.84
2581.53
2210.66
1766.42
941.728
2078.04
1706.35
1513.17
1188.62
505.914
-25.0034
28.0687
147.214
164.939
83.4338
43.5152
131.895
180.236
163.207
70.5617
2508.98
2117.43
1689.57
1193.19
496.489
-873.924
-429.177
-170.292
-31.6311
6.58432
-644.637
-459.838
-279.279
-133.86
-34.9553
-782.474
-488.65
-254.716
-101.399
-21.6404
-510.842
-424.37
-310.013
-184.519
-60.0633
5247.13
4812.98
4230.63
3993.66
3827.18
2847.9
2266.7
1907.94
1474.91
733.968
1163.99
1065.57
916.157
666.405
266.54
919.507
794.748
647.128
449.821
172.894
3051.43
2475.59
1902.22
1277.51
497.298
1785.84
1525.68
1209.08
809.838
295.492
558.192
471.308
371.422
248.759
91.6358
1220.51
1026.71
792.393
513.065
181.517
-1307.78
-1056.14
-763.437
-457.144
-151.327
-772.614
-630.327
-456.861
-272.128
-89.4016
623.401
544.062
443.23
304.85
113.989
494.474
434.025
354.953
243.763
90.2488
5607.38
4138.93
3621.27
3407.25
3061.22
3291.57
2577.32
2012.13
1454.35
665.156
3909.94
3232.76
2649.39
2093.97
1040.26
2276.95
1869.19
1470.17
1044.42
461.544
3484.72
2865.06
2203.8
1459
544.301
3351.97
2494.94
2050.33
1564.38
673.952
1342.73
1122.51
866.219
564.497
201.882
-806.138
-665.493
-489.274
-295.654
-98.1844
811.209
700.373
568.758
392.906
148.003
-26893.3
-44098.9
-22290.8
-35705
-23931.1
-50239.5
-28649.5
-63783.8
-17021.5
-11626.6
-19182.1
-11923.8
-15722
-10093.2
-19491.1
-10233
-22204.5
-16695.1
-32386.4
-23291.6
-19068.4
-15164.7
-27079
-20311.3
-15303.5
-15612.3
-12554.4
-12045
-14754.2
-13922.5
-37474.6
-10335.8
-14237.9
-5307.72
-45882.6
-12707.9
-12734.5
-4716.36
-27839.3
-8767.82
-14576.8
-5577.51
-24725.9
-7691.35
-11429.8
-4592.92
-14588.2
-5281.16
-10843.7
-4762.5
-12683.5
-4585.38
-11245.9
-5445.3
-10132.7
-4016.01
-13015.5
-4590.23
-4569.16
-1602.94
-9720.12
-6431.44
-8389.83
-5098.86
-8599.73
-6905.71
-7374.79
-5256.04
-8519.95
-4826.58
-9964.9
-6182.6
-5746.04
-3418.1
-3093.15
-1894.51
-4960.38
-3416.2
-2572.57
-1827.17
-5834.48
-3158.8
-3227.87
-1613.29
-7500.81
-3803.58
-4831.69
-5635.62
-9507.97
-6381.09
-6795.01
-9503.33
-5091.6
-2281.09
-2895
-3258.55
-2756.31
-1108.66
-1310.98
-1239.08
-11207.2
-13608.5
-6307.4
-15375.2
-11654.6
-12988.7
-7243.65
-15724.2
-11784.7
-11837.9
-8634.63
-14972.9
-8087.35
-6542.1
-8826.54
-9775.44
-9745.61
-8975.56
-10322.9
-11936.7
-12800
-18171.2
-6148.66
-6307.73
-6844.94
-8279.51
-12971
-12906
-8999.31
-16361.4
-12575.8
-11965
-8860.47
-16120.9
-12524.1
-10595.4
-8274.43
-15046.7
-12396
-7372.76
-5873.96
-7552.67
-6026.37
-8407.78
-6770.78
-9154.51
-7739.39
-13716.5
-12460
-6932.48
-5969.35
-6912.38
-5950.65
-7567.98
-7015.41
-9076.11
-8944.28
-12683.5
-13004.2
-6337.02
-5060.23
-4664.56
-6145.36
-7988.68
-11103.3
-6042.07
-10252.4
-4259.72
-5654.23
-6083.85
-4974.08
-787.33
-4048.48
-225.534
-1192.02
-2894.01
-7051.73
-628.434
-1961.38
-369.448
-3606.93
-129.843
-1117.27
-4373.97
-4365.01
-5036.87
-3020.07
-6771.86
-5259.34
-8148.93
-5345.24
-940.911
-2357.35
-2476.37
-1337.08
-1343.41
-1730.08
-1972.86
-1452.46
-5455.39
-1876.77
-7375.63
-2517.71
-5577.04
-1958.07
-7550.61
-2712.1
-5532.96
-1927.97
-8001.32
-3090.55
-3447.64
-962.635
-4264.31
-1641.7
-4787.72
-1862.95
-5743.58
-2179.43
-8443.53
-3369.15
-4403.4
-1326.48
-3885.78
-1940.76
-4666.12
-2243.6
-6306.38
-2773.43
-8739.29
-3308.07
-5968.4
-5611.76
-4450.34
-4399.92
-9961.21
-7626.47
-8062.34
-6695.15
-4090.43
-3606.15
-1665.73
-1217.58
-3849.26
-3771.88
-1524.19
-1608.57
-2859.14
-4552.52
-3429.48
-4918.89
-3744.79
-2396.09
-3091.83
-434.031
-6554.97
-1676.51
2604.8
502.709
-859.13
-213.185
301.274
751.732
-2511.81
-1837.91
-927.274
-579.518
-2654.92
-1944.5
-1362.39
-658.096
-2954.04
-2325
-1784.13
-891.475
-1104.89
-35.3535
717.196
1143.47
-4996.65
-5400.3
-3829.78
-3611.44
-6674.23
-6704.36
-5520.35
-4650.36
-2537.3
-2873.9
-3845.07
-4453.89
-2291.02
-2005.41
-934.122
-865.714
-3525.74
-2773.56
-1767.07
-1389.37
-1290.28
-1476.39
-187.19
-547.139
-1720.31
-1278.29
-2517.64
-1911.85
-2739.71
-2339.49
-3906.99
-3140.63
-597.945
-380.768
-1212.43
-755.525
420.998
549.394
-289.862
156.61
-3708.94
-4734.39
-3246.7
-4879.45
-3663.63
-4704.05
-3323.4
-4872.11
-3837.46
-4330.34
-3502.56
-4627.51
-2790.49
-4607.98
-2447.5
-2239.1
-2541.08
-6956.52
-4987.66
-4691.62
-5000.84
-5342.42
-5574.32
-4739.58
-4095.9
-3920.87
-3232.69
-5689.47
-5773.94
-7593.7
-11736.9
-5365.48
-5180.32
-7283.22
-11177.6
-4894.95
-4730.63
-6720.13
-10291
-6812.15
-5239.51
-6214.18
-4748.21
-5529.9
-4436.05
-5777.59
-5373.26
-6214.65
-9519.8
-5523.15
-5225.56
-4750.79
-4794.65
-4370.15
-4657.69
-4632.77
-5574.43
-4429.2
-8400.19
-3888.77
-2792.45
-2650.33
-959.926
-5518.32
-4851.4
-4271.19
-3138.55
-2099.25
-789.905
-3234.71
-2628.05
-3191.6
-967.266
-427.489
127.687
-3554.24
-2318.59
-613.1
-348.056
-2664.56
-739.76
-280.303
184.221
-1998.91
-2133
-2261.1
-4269.24
-3110.56
-3587.13
-3243.32
-5965.6
-2074.1
-1374.81
-1228.45
-2580.73
237.602
377.68
799.37
87.2016
-4140.88
-1204.73
-7908.24
-816.475
-3861.25
-1293.35
-7682.86
-846.57
-2941.66
-779.923
-6988.01
-674.37
-2878.1
-638.079
-2694.02
-622.604
-2989.17
-910.161
-3208.02
-603.97
-6575.6
-857.851
-4031.88
-781.192
-3778.88
-607.693
-3919.15
-777.564
-4444.71
-670.886
-6903.56
-836.853
-808.799
-161.039
192.991
474.644
-270.938
-39.0784
76.0785
150.758
-796.342
-123.736
212.663
448.596
-182.905
40.0204
83.9426
93.5961
-814.171
-80.2803
217.385
399.742
-3.91601
263.558
411.155
458.297
580.776
513.491
585.388
616.48
1054.24
763.189
595.748
444.708
-352.109
138.427
422.447
713.395
-290.135
193.517
340.967
718.083
-881.091
-64.0526
281.069
595.627
-678.753
69.8461
307.86
879.337
142.061
338.121
452.798
608.032
61.0981
300.551
343.79
519.896
613.982
522.492
443.997
358.544
429.598
409.37
344.884
330.192
-1291.48
-281.122
229.408
772.548
-1618.47
-335.917
96.822
966.946
-1238.82
-241.886
249.275
786.975
-1555.95
-309.869
98.4769
956.042
-1152.06
-182.296
206.31
683.998
-1411.57
-260.355
66.8551
871.18
-767.453
-29.9848
192.464
500.621
-1461.24
-219.63
74.598
1083.56
-716.955
30.1621
219.854
684.535
-1511.36
-258.787
23.1446
682.748
-659.459
-99.1755
29.6881
173.899
-1411.75
-221.021
42.9331
685.337
-627.55
-86.7311
33.8063
171.808
-1209.97
-147.51
53.5677
666.107
-534.33
-55.9048
48.3375
179.5
-992.352
-86.4809
38.8951
598.332
-437.453
-24.5158
50.2555
172.773
-726.079
12.4242
89.293
513.576
-226.942
47.1328
67.8364
168.97
-323.63
146.433
239.865
475.604
104.184
222.112
201.661
237.156
-596.856
42.1122
157.157
489.45
-23.7428
142.454
134.179
203.357
6.69146
257.605
288.123
429.9
231.319
284.619
248.382
250.804
333.887
349.745
295.584
309.733
358.75
328.794
260.625
230.621
107.17
31.4961
13.2134
7.52958
5.56147
45.4607
15.1023
6.75444
3.91857
2.89517
125.834
46.0047
22.7276
13.8585
10.4515
72.7872
33.3764
18.3111
11.5629
8.8049
155.189
64.5461
34.2958
21.3595
16.1877
184.623
96.926
56.2654
36.0843
27.5993
204.73
111.897
65.6767
42.1601
32.1814
229.399
137.387
83.4433
54.2083
41.4791
185.507
85.2017
47.4296
30.0162
22.94
157.517
75.2552
42.4888
26.9324
20.583
167.454
70.0192
37.7965
23.5892
17.9169
138.845
70.2018
40.6494
25.8908
19.8286
199.53
97.8132
55.5358
35.3111
26.9451
161.428
85.0927
49.5439
31.7157
24.2763
191.015
111.712
67.4705
43.7609
33.473
159.113
92.3577
55.616
36.0251
27.5673
116.113
27.8486
10.6299
5.85606
4.27992
53.8424
11.1972
4.02322
2.15027
1.54148
125.474
36.3092
16.3034
9.63321
7.16985
57.2458
14.2812
6.11439
3.55953
2.61532
129.789
44.0796
21.943
13.3814
10.0104
65.1284
24.0713
12.8668
8.1186
6.10648
144.972
61.9644
34.1269
21.3418
16.0988
86.0666
37.2321
20.9109
13.1798
9.93499
123.165
69.2476
41.3167
26.5796
20.3377
-1740.93
-3272.48
-1783.88
-3273.4
-1931.81
-3289.7
-2111.88
-3369
-2038.43
-3381.34
-794.003
-1245.19
-1326.19
-2075.29
-395.092
-587.784
-107.299
-164.561
-8331.19
-1968.05
-447.121
-99.1211
-24.4443
-2240.2
-603.091
-159.589
-36.0371
-7.76657
-8190.19
-1922.72
-436.998
-96.1541
-23.9053
-2283.74
-672.876
-164.765
-38.0458
-9.3826
-7750.58
-1813.53
-411.603
-90.5933
-22.5751
-2209.89
-648.193
-158.426
-36.4323
-9.02402
-7039.94
-1638.76
-371.671
-81.8603
-20.4292
-2123.22
-611.926
-148.017
-33.798
-8.33724
-5882.24
-1364.4
-309.932
-68.4112
-17.1076
-1978.94
-558.165
-133.953
-30.4544
-7.50028
-2816.28
-680.952
-157.086
-34.9051
-8.74143
-953.53
-272.803
-64.9939
-14.5398
-3.57752
-4170.16
-995.391
-228.059
-50.4538
-12.6194
-1408.48
-398.984
-95.9357
-21.826
-5.41753
-1657.95
-404.056
-93.5939
-20.8902
-5.2396
-526.632
-156.853
-37.0779
-8.28861
-2.05911
-567.539
-137.558
-31.925
-7.14758
-1.79327
-201.696
-54.1756
-11.7165
-3.36771
-0.635424
210.468
-1017.63
-5261.35
898.601
-6313.61
-2768.35
-6109.4
-2799.27
-11089.6
-5905.87
-12436.9
-6587.46
-135.326
-538.12
-845.244
-996.059
-895.149
-368.467
-221.844
-833.842
-1265.67
-1397.18
-1126.38
-387.118
-115.018
-123.34
-431.849
-435.07
-617.874
-611.021
-596.077
-563.29
-533.823
-508.903
-418.971
-372.399
845.564
2199.22
3563.53
2524.97
2323.47
1120.55
801.903
2304.47
3724.9
4310.96
3595.9
1639.68
-122.043
-103.171
-78.1857
-48.7238
-16.5447
-485.994
-411.593
-312.52
-195.067
-66.2957
-763.325
-646.421
-490.802
-306.345
-104.118
-899.243
-761.245
-577.776
-360.533
-122.517
-807.973
-683.727
-518.645
-323.435
-109.864
-334.195
-283.761
-215.244
-133.798
-45.2863
-199.965
-168.946
-127.966
-79.72
-27.0662
-752.661
-637.043
-483.442
-301.649
-102.504
-1142.16
-966.474
-733.329
-457.553
-155.489
-1260.04
-1065.51
-808.065
-504.057
-171.282
-1015.05
-857.684
-650.053
-405.366
-137.738
-349.845
-296.26
-224.669
-139.949
-47.4859
-103.798
-87.8225
-66.6111
-41.5375
-14.1089
-111.374
-94.2997
-71.5759
-44.6598
-15.1745
-390.148
-330.554
-251.083
-156.761
-53.2825
-393.12
-333.126
-253.078
-158.026
-53.7162
-558.167
-472.863
-359.146
-224.214
-76.207
-551.945
-467.553
-355.084
-221.666
-75.3398
-538.439
-456.09
-346.328
-216.154
-73.4531
-508.569
-430.545
-326.77
-203.886
-69.2764
-482.037
-408.021
-309.463
-192.889
-65.4856
-458.885
-387.864
-293.87
-183.092
-62.1588
-378.428
-319.964
-241.911
-150.119
-50.7854
-335.436
-282.987
-213.823
-132.829
-45.0026
752.367
629.586
476.198
298.718
102.324
1948.82
1626.45
1230.15
774.017
266.501
3122.78
2590.92
1964.4
1250.46
438.596
2197.84
1819.78
1384.14
886.063
312.082
2054.21
1705.76
1290.98
811.169
263.638
1021.44
865.787
664.122
417.993
132.346
714.36
597.893
451.541
282.445
96.4925
2048.02
1711.49
1292.61
809.995
277.48
3290.99
2740.01
2070.08
1303.19
449.493
3784.42
3138.62
2372.64
1501.2
521.655
3156.63
2618.19
1981.32
1254.99
434.461
1454.77
1219.11
930.366
591.892
204.56
298.901
699.018
1000.51
1142.89
1029.98
505.599
448.138
1053.05
1467.95
1568.39
1252.79
470.558
244.163
232.447
556.006
540.223
730.577
705.749
689.245
635.672
616.435
521.826
556.602
415.838
-689.152
-1961.39
-3151.33
-1972.49
-1646.48
-378.667
-732.486
-2191.55
-3475
-3861.76
-2950.17
-870.282
270.414
229.509
174.656
109.214
37.1543
632.044
536.046
407.626
254.743
86.6379
904.418
766.826
582.958
364.243
123.867
1032.94
875.626
665.552
415.799
141.392
931.163
789.55
600.201
374.963
127.496
459.776
391.928
298.828
186.714
63.4131
405.34
343.935
261.677
163.608
55.6567
951.767
806.851
613.326
383.207
130.317
1326.16
1123.69
853.814
533.332
181.353
1416.12
1199.25
910.859
568.866
193.433
1130.63
957.057
726.714
453.843
154.335
426.204
361.977
275.41
172.055
58.4811
220.907
187.501
142.693
89.2262
30.3539
210.301
178.487
135.822
84.9234
28.8888
502.808
426.518
324.388
202.741
68.9523
488.541
414.414
315.178
196.981
66.9929
660.553
560.207
425.974
266.186
90.5216
638.053
541.067
411.375
257.044
87.4097
623.25
528.624
401.971
251.177
85.412
574.564
487.098
370.245
231.297
78.645
557.745
473.298
359.963
224.892
76.4542
471.568
399.666
303.678
189.645
64.4676
504.818
429.212
326.644
203.925
69.2488
376.069
318.873
242.254
151.182
51.3559
-609.378
-506.658
-381.435
-238.892
-81.8812
-1731.78
-1440.24
-1087
-683.96
-235.837
-2743.68
-2262.49
-1709.55
-1089.13
-383.623
-1674.75
-1352.51
-1009.62
-641.255
-226.086
-1406.59
-1123.2
-819.794
-498.859
-151.398
-309.893
-223.776
-143.001
-71.2278
-7.73966
-651.269
-544.062
-410.376
-256.63
-87.7036
-1945.8
-1624.7
-1226.61
-768.852
-263.54
-3062.49
-2543.5
-1918.61
-1207.65
-416.9
-3368.57
-2775.84
-2088.61
-1319.37
-458.894
-2553.54
-2087.27
-1561.44
-983.275
-339.7
-733.408
-581.332
-423.643
-262.506
-89.3503
-1390.51
-878.701
-204.008
728.872
1031.6
1312.59
630.584
-10645.5
-1613.14
-3056.06
-1466.61
297.288
-3942.02
886.888
2524.06
1215.24
-5760.72
-2595.75
-381.428
-495.953
-3302.69
-1206.02
-207.927
-976.023
2221.75
1416.12
-468.839
-111.414
-7599.81
-3530.19
-4160.76
-1999
-3473.52
-3219.54
-1019.77
1439.49
-318.691
-668.233
-444.946
-401.041
-525.706
-625.228
-538.513
-343.998
-238.647
-185.919
-106.152
-167.766
-131.528
-98.0808
-64.3449
-23.4847
659.349
559.192
424.838
265.114
90.0824
930.672
786.825
596.033
371.119
125.912
1184.24
1001.45
758.989
472.879
160.511
571.695
484.384
365.816
225.969
76.0049
-7674.79
-6930.83
-6331.8
-6526.29
-6939.1
-1032.9
-709.564
-871.338
-1048.08
-756.557
-2143.4
-1589.51
-1408.8
-1268.29
-801.913
-939.23
-624.354
-591.927
-547.362
-251.658
272.704
221.165
145.103
66.3262
11.9124
-3294.61
-2710.13
-2101.26
-1443.96
-587.834
802.265
671.262
494.957
295.487
95.0744
2197.98
1799.25
1333.42
823.338
279.341
1091.61
916.083
687.498
423.916
142.424
-4043.59
-3800.29
-3496.01
-3643.93
-3932.1
-1775.92
-1275.98
-1107.34
-966.246
-574.729
-294.21
-251.179
-244.367
-224.198
-114.051
-397.719
-321.618
-265.859
-202.573
-88.1143
-2758.35
-2239.82
-1734.81
-1184.32
-472.266
-1014.83
-827.673
-646.556
-443.367
-168.071
-155.488
-115.065
-89.2947
-67.083
-29.0025
-843.843
-694.971
-531.201
-345.913
-124.152
1985.24
1661.59
1248.19
772.9
261.283
1276.5
1075.98
810.38
500.664
168.607
-391.892
-319.766
-253.027
-177.12
-69.2869
-79.1696
-59.4928
-53.7201
-47.838
-22.4079
-4634.87
-3257.58
-2911.64
-2970.59
-2984.54
-2562.22
-1917.23
-1476.55
-1101.05
-540.729
-2769.6
-2195.22
-1795.36
-1531.73
-823.802
-1473.56
-1141.64
-881.758
-659.333
-329.356
-2917.77
-2364.6
-1810.11
-1208.47
-459.368
-2219.77
-1455.52
-1219.76
-1036.47
-497.43
-867.313
-706.227
-540.081
-356.584
-130.722
1299.5
1097.74
829.043
513.701
173.431
-242.857
-188.951
-158.527
-126.869
-56.1205
0.225042
43.9723
105.45
141.421
109.308
5.52193
-18991.6
-16761.5
-16024.4
-18261.9
-13913.1
-11011.2
-12571.1
-9546.99
-16411
-14349.1
-15118.8
-14188.8
-13263.2
-11290.3
-13928
-15609.8
-13947.6
-12865.6
-14510.8
-11720.8
-9928.69
-10516.4
-8439.73
-14699.4
-13021.2
-13539.7
-12301.2
-11719.8
-10955.5
-11274.9
-12241.2
-11215.8
-10184.2
-11141.5
-9730.92
-8353.23
-8788.55
-7559.56
-12288.9
-11116.3
-11437.6
-10389.9
-9945.17
-9202.79
-9428.49
-8533.26
-8026.78
-7190.61
-7623.84
-7200.54
-6456.85
-6535.64
-5992.54
-8825.49
-8895.67
-8325.63
-8375.19
-7419.35
-6703.42
-7427.97
-5451.38
-5209.56
-4632.73
-4833.17
-4821.79
-4365.59
-4319.25
-3997.84
-5838.78
-5819.64
-5578.83
-5435.94
-5075.89
-4584.34
-4944.56
-1961.62
-1891.65
-1677.48
-1736.79
-1781.63
-1666.5
-1584.29
-1479.15
-2217.21
-2205.01
-2072.66
-1967.11
-1908.37
-1751.83
-1869.56
-7320.61
-7226.8
-10843.3
-11682.2
-6912.86
-6153.06
-9525.7
-7759.19
-5843.23
-4481.98
-5804.95
-4439.15
-5846.66
-5582.63
-4499.07
-7315.96
-6952.11
-9654.9
-10525.2
-6467.98
-5872.74
-8407.71
-7261.66
-5852.41
-4036.62
-5753.27
-4238.45
-5275.74
-5067.05
-4590.23
-6717.35
-6415.63
-8203.26
-8790.17
-6044.65
-5642.99
-7353.76
-6529.05
-4914.34
-4456.99
-4902.34
-4664.95
-4598.45
-4588.36
-4794.13
-5473.73
-5281.99
-6171.73
-6475.57
-5028.07
-4717.54
-5725.87
-5242.21
-4781.16
-4090.85
-4702.46
-4327.48
-4413.19
-4363.08
-4364.37
-3809.7
-3698.1
-4096.14
-4247.92
-3442.93
-3196.34
-3866.49
-3559.99
-3399.09
-3186.6
-3320.57
-3318.99
-3113.47
-3041.6
-3130.35
-1424.65
-1383.99
-1500.34
-1548.68
-1281.94
-1180.48
-1424.17
-1314.36
-1118.45
-1174.6
-1192.72
-1263.89
-1158.11
-1118.34
-1147.06
7014.44
22685.8
5555.16
23758.2
4185.52
24606.8
6646.85
38028.1
8174.51
52307.9
8091.83
38034
7777.14
31520.2
8093.32
27547.3
4902.54
3015.03
13125.1
7760.41
4819.11
2594.84
14412.3
7150.58
5311.79
3818.4
16811.1
11770.9
4019.82
2869.45
16893.1
12209.7
9475.02
3991.47
8155.64
3618.27
3724.85
8809.35
32967.6
8948.11
11785.4
4004.35
42559.8
11576.5
11077.8
3855.35
23487.7
7296.58
12038.5
4208.92
20371.8
6484.96
5473.41
2714.08
8200.58
3180.01
5977.34
3236.34
8165.73
3113.6
7642.3
4344.52
7027.43
3033.21
10488.7
3754.19
3613.37
1256.69
11833.3
8149.68
7350.88
5348.58
13403.4
11014.7
7332.27
6347.33
6902
4614.67
9644.42
6379.85
4863.71
3562
2492.37
2038.03
4743.21
4098.38
2481.01
2387.88
4629.74
3007.27
2389.19
1519.43
6123.32
3314.93
4546.57
5533.8
8312.7
5907.36
6533.05
9421.12
4076.99
1921.78
2692.78
3182.26
2036.54
840.142
1167.45
1180.56
7116.31
12864.2
4848.57
14388.3
8439.03
12620.2
6024.28
15118.6
9643.08
11470.2
7800.5
14835.3
11751
14254.7
8627.56
8259.75
9089.82
14217.9
12893.1
12444.6
12648.1
18366.5
11547.4
8699.98
7391.84
8254.09
13085.3
14861.5
13223.8
17247.7
16464.2
13580.4
12534.2
17054.8
16160.7
11771.7
11425
16046.6
15610.8
10341.7
8059.85
9393.79
8090.48
10136.3
8919.88
10782.4
10223.5
14856.5
15063.8
9680.46
8300.7
9050.24
8522.07
9203.25
9561.68
10297.5
11372.8
13466.1
15357.8
7937.76
6220.01
5478.11
7010.45
10900.1
13354.1
7582.93
12045
4579.52
6069.69
6786.34
5572.87
1295.85
4663.1
689.989
1680.81
3882.54
8123.46
1447.51
2825.22
567.337
3911.34
335.878
1370.98
4469.25
4547.41
5075.96
3111.33
7047.93
5598.8
8291
5652.89
993.841
2486.5
2508.85
1398.32
1413.51
1846.94
2014.7
1516.62
10461.5
6321.61
1978.4
11846
6765.81
2208.35
9999.75
6240.87
2093.16
11672.6
6768.05
2203.2
9205.21
5724.46
1873.67
11419.2
6815.78
2271.62
5187.93
2750.83
724.805
6498.83
4256.07
1481.84
7653.81
5275.63
1817.18
8786.02
5655.19
1871.32
11332
7021.2
2456.11
6207.4
3429.3
1067.69
6038.82
4324.9
1624.41
7083.51
5228.68
1909.99
8872.58
6206.53
2208.67
11449.3
7088.57
2503.71
299.877
1995.27
2817.04
4072.19
2127.67
2457.39
5359.12
5098.76
582.043
1028.2
620.5
1067.63
489.383
1416.15
872.55
1859.11
3223.7
1580.77
4077.53
2356.75
2183.93
3803.18
3383.47
974.971
5962.28
1489.3
-1815.38
786.368
1825.12
1382.41
1282.11
1212.73
9940.11
4679.42
2708.61
1723.17
10078.4
4876.15
3405.95
2180.96
9964.95
5257.5
4959.32
3561.02
3540.27
2595.15
1800.41
1737.69
12539.2
11171.5
5919.12
6157.54
13316.7
12517.2
6575.97
6646.21
5348.54
5523.68
10918.1
9173.34
3554.84
3719.24
2022.46
2278.64
4070.43
4048.88
2267.66
2418.66
3158.37
3399.85
1809.89
2189.3
4848.28
3504.91
4875.86
3597.95
7528.38
4646.79
7238.92
4979.94
2949.45
2536.17
3093.56
2332.65
1687.88
1607.15
1972.98
1368.98
11938.2
8623.48
6215.99
6530.06
11853.9
8784.22
6255.66
6498.53
12269.4
9035.68
6345.79
6298.36
13761.1
14643.7
12733.4
8707.68
5188.46
13883.6
13092.1
12420.6
10514.7
7169.95
13017
11948.4
9729.34
7689.46
5063.41
7615.81
7004.47
7287.84
8574.81
7764.38
6807.05
7322.93
8425.36
7957.19
6622.59
7336.58
8237.24
10487.5
7391.1
10006.9
7022.46
8108.14
6664.72
7820.72
6866.88
6772.46
8102.95
8702.47
7551.96
7871.21
6931.44
6915.73
6376.61
6343.06
6457.76
5373.71
7725.5
7033.74
4775.18
4678.85
2784.94
9015.14
6951.12
6283.43
5031.99
3924.65
2397.23
5699.04
4286.79
4743.74
2244.7
1752.96
1012.05
4949.48
3569.2
1745.76
1443.51
4180.28
1904.29
1657.77
884.587
3415.08
3247.9
3166.66
4740.83
4760.02
4646.01
4065.46
6117.54
3395.61
2291.18
2254.04
3181.3
1058.74
535.501
297.549
637.751
4908.97
2047.16
602.553
5751.28
1484.22
393.15
4909.1
2186.32
669.158
5699.61
1525
423.674
4493.38
2123.06
546.756
5552.54
1540.06
358.87
4524.15
2251.84
479.815
4265.72
2035.58
466.386
4370.81
2087.05
559.062
4512.45
2110.03
439.282
5493.15
1498.76
222.589
5791.73
2872.04
746.127
5412.57
2680
723.696
5108.96
2520.74
729.884
5044.06
2139.76
519.018
5931.42
1387.12
335.686
1860.19
673.094
129.142
-224.035
767.805
293.816
78.2249
-46.332
1981.99
744.792
190.138
-138.82
984.351
415.102
197.558
92.3564
2134.35
831.727
288.64
-10.6229
1689.72
804.075
325.637
80.1835
1290.17
746.861
292.719
4.35244
1223.68
824.754
503.986
310.843
1776.34
800.232
256.357
-187.96
1532.04
679.202
302.235
-194.204
2103.41
823.524
265.166
-144.052
1911.63
750.859
298.955
-323.512
1428.93
750.596
314.662
-54.6078
1179.8
605.218
330.674
7.04775
1062.9
668.856
412.266
262.125
816.398
516.796
354.642
216.395
2394.48
817.359
124.972
-443.393
2402.88
758.199
173.378
-609.883
2394.01
831.441
150.003
-419.982
2325.63
737.595
183.308
-588.442
2351.15
836.903
229.827
-301.144
2169.75
699.271
228.645
-483.286
2060.14
774.77
321.482
-46.5637
2379.39
784.694
326.521
-565.976
1852.51
696.473
325.761
-132.731
1930.39
538.617
157.98
-417.61
775.266
196.656
45.0503
-88.576
1978.13
571.395
178.693
-394.554
799.805
210.8
58.2009
-71.8318
2004.99
612.16
224.748
-346.656
809.946
228.664
76.5108
-52.4134
1804.6
578.239
259.983
-274.12
783.007
236.275
105.132
-17.9566
1649.45
576.459
288.751
-159.82
696.153
249.181
144.672
29.7148
1156.98
471.17
234.331
-43.8677
653.588
328.887
205.839
112.643
1335.26
475.553
229.391
-112.853
658.526
283.917
175.27
71.4534
933.151
459.484
263.012
46.4911
589.435
349.847
230.954
152.777
660.688
420.79
295.752
189.964
495.479
351.954
255.375
198.178
-20.8065
8.64511
9.14233
6.62834
5.18531
-3.56073
5.71941
5.06155
3.58807
2.8002
11.6074
26.4489
19.595
13.3544
10.3003
31.0972
25.6356
16.9464
11.251
8.61553
46.1161
47.2152
32.1984
21.628
16.6427
127.144
86.7184
54.8578
36.085
27.5903
153.635
102.701
64.8821
42.7659
32.798
222.83
136.167
83.6629
54.6841
41.8783
81.7815
69.1009
45.5337
30.3074
23.1869
86.9267
65.0792
41.974
27.8749
21.3379
56.1466
55.2295
37.0909
24.9073
19.1464
101.651
67.143
41.9337
27.6688
21.1234
106.634
82.6832
53.8369
35.7741
27.4418
116.161
77.9672
49.2449
32.5196
24.9043
177.231
109.733
67.5673
44.1881
33.8205
148.011
90.585
55.6867
36.4105
27.821
-37.3825
4.63811
6.97581
5.2497
4.17449
-20.4157
1.49336
2.7558
2.11785
1.71895
-16.1175
15.7445
13.3846
9.36041
7.3295
-12.6777
5.48484
5.03168
3.56796
2.8394
9.57333
28.0929
20.3558
13.8793
10.8142
14.6999
17.9718
11.9458
7.90498
6.14338
66.4359
54.3112
35.2033
23.5292
18.1962
44.0973
34.2666
21.7515
14.4373
11.1777
121.927
71.0073
43.042
28.1259
21.4843
1499.43
3477.13
1529.97
3450.75
1658.86
3416.71
1979.5
3556.75
2075.24
3681.82
819.657
1297.86
1362.07
2199.73
428.05
627.314
146.841
204.139
8015.99
1907.97
436.128
97.1524
24.0626
2194.96
590.193
156.465
35.4893
7.69813
7930.89
1874.07
427.919
94.5078
23.5763
2210.95
651.839
160.36
37.1925
9.21008
7612.43
1785.79
406.105
89.5517
22.3611
2149.71
631.806
155.037
35.7863
8.89396
7016.02
1630.58
369.552
81.3966
20.3253
2093.56
602.55
145.926
33.3811
8.25017
5918.69
1367.99
310.106
68.3787
17.0923
1986.73
556.188
133.19
30.2699
7.45714
2836.08
685.334
157.956
35.0682
8.77558
970.389
276.023
65.5314
14.6263
3.5928
4202.85
1001.32
229.037
50.6103
12.6477
1428.65
401.163
96.0991
21.8254
5.41224
1670.1
406.863
94.2012
21.0129
5.26718
541.11
160.242
37.7742
8.42187
2.08752
576.426
139.558
32.3719
7.24218
1.81544
215.668
57.5754
12.4739
3.52406
0.670595
162.078
519.452
4482.19
-796.484
702.991
753.214
2317.2
2965.45
1866.12
3500.99
2926
4515.09
3519.43
4369.28
1831.96
2469.24
1956.69
2320.94
959.698
997.204
2287.41
1682.39
505.416
-472.752
-771.634
-926.387
-287.956
12765.5
3013.96
4163.8
2672.96
-191.464
-59.6905
2936.15
-1434.52
-808.671
-1104.56
-564.624
7011.34
3685.47
1245.82
1036.95
3646.45
2006.57
637.357
1378.76
-1506.7
-878.381
691.053
545.258
8629.2
4292.57
5282.42
2838.39
4079.49
4411.62
1531.21
-908.466
913.486
1632.69
1353.27
1183.52
1086.57
856.164
1338.59
1085.73
858.075
612.305
267.166
445.683
372.856
285.979
183.902
64.5104
-422.126
-352.093
-262.633
-161.316
-54.315
-689.596
-576.075
-430.728
-265.204
-89.3859
-829.102
-693.913
-519.919
-320.714
-108.214
-250.533
-200.408
-140.83
-80.824
-25.7904
9340.55
8216.49
7144.75
6703.7
6377.8
2728.43
2447.08
2330.55
1983.53
1066.91
3204.43
2581.14
2210.31
1766.15
941.606
2077.67
1706.01
1512.87
1188.4
505.819
-25.1382
27.9474
147.11
164.863
83.4032
43.406
131.795
180.152
163.15
70.5407
2508.71
2117.17
1689.35
1193.02
496.423
-874.035
-429.28
-170.381
-31.6942
6.56106
-644.703
-459.899
-279.33
-133.895
-34.9683
-782.566
-488.733
-254.786
-101.448
-21.658
-510.844
-424.372
-310.016
-184.521
-60.0641
5246.72
4812.54
4230.21
3993.28
3826.84
2847.61
2266.43
1907.7
1474.73
733.885
1163.79
1065.37
915.995
666.292
266.497
919.387
794.637
647.035
449.757
172.87
3051.21
2475.37
1902.04
1277.38
497.248
1785.68
1525.54
1208.97
809.759
295.463
558.139
471.26
371.383
248.732
91.6262
1220.41
1026.62
792.318
513.015
181.499
-1307.77
-1056.14
-763.432
-457.141
-151.326
-772.62
-630.333
-456.867
-272.132
-89.4033
623.305
543.974
443.157
304.8
113.971
494.393
433.951
354.892
243.722
90.234
5607.09
4138.67
3621.02
3407
3061
3291.43
2577.19
2012.03
1454.27
665.118
3909.73
3232.55
2649.2
2093.81
1040.18
2276.83
1869.08
1470.08
1044.35
461.514
3484.51
2864.87
2203.64
1458.89
544.259
3351.69
2494.68
2050.11
1564.21
673.879
1342.62
1122.41
866.136
564.441
201.862
-806.134
-665.49
-489.272
-295.653
-98.1844
811.108
700.28
568.681
392.853
147.984
-26988.4
-43818.8
-22248.9
-35752.4
-23881.1
-50290.4
-28811.6
-63534.2
-17008.4
-11621.7
-19200.6
-11926.9
-15710.4
-10089.6
-19508.1
-10234.9
-22258.4
-16729.9
-32158.6
-23127.1
-19034.7
-15142.9
-27116.7
-20338.3
-15317.5
-15600.7
-12557.4
-12038.5
-14743
-13935.8
-37508.2
-10343.7
-14245.3
-5311.52
-45910.5
-12714.7
-12739
-4718.65
-27867
-8775.41
-14585.9
-5582.06
-24755.5
-7698.05
-11436.3
-4581.79
-14480.7
-5237.56
-10838.2
-4761.45
-12700.4
-4591.63
-11240.7
-5444.29
-10138.7
-4018.61
-13029.2
-4594.91
-4573.36
-1604.41
-9717.6
-6430.29
-8390.34
-5098.89
-8597.55
-6904.46
-7374.86
-5255.8
-8520.79
-4826.77
-9962.51
-6181.78
-5748.41
-3418.71
-3094.58
-1894.92
-4961.79
-3416.48
-2573.24
-1827.28
-5837.31
-3159.47
-3229.58
-1613.76
-7501.89
-3804.2
-4832
-5636.02
-9506.41
-6381.04
-6794.68
-9503.7
-5094.21
-2282.05
-2895.59
-3258.91
-2757.75
-1109.18
-1311.35
-1239.27
-11213.5
-13617.9
-6291.5
-15387.9
-11650.2
-12984
-7245.63
-15721.7
-11780.2
-11835.8
-8634.34
-14972.6
-8084.78
-6539.94
-8823.86
-9773.72
-9745.89
-8972.8
-10319.7
-11933.5
-12798.1
-18171.3
-6147.13
-6306.15
-6843.68
-8278.88
-12971.4
-12923.3
-9019.37
-16395.4
-12568
-11963.1
-8854.99
-16115.3
-12522
-10594.1
-8273.03
-15046.3
-12395.4
-7370.75
-5872.81
-7550.3
-6025.05
-8405.76
-6769.59
-9153.14
-7738.43
-13716.3
-12459.8
-6931.17
-5968.32
-6910.96
-5949.52
-7566.85
-7014.49
-9075.49
-8943.75
-12683.7
-13004.2
-6336.12
-5059.85
-4664.31
-6145.3
-7987.64
-11102.5
-6041.62
-10251.9
-4259.67
-5654.35
-6083.27
-4973.91
-787.388
-4048.55
-225.672
-1192.11
-2893.89
-7051.54
-628.428
-1961.33
-369.576
-3607.11
-130.028
-1117.41
-4374.11
-4365.19
-5037.19
-3020.25
-6771.71
-5259.37
-8149.27
-5345.42
-941.088
-2357.54
-2476.61
-1337.22
-1343.65
-1730.26
-1973.06
-1452.6
-5464.39
-1878.2
-7373.49
-2517.39
-5575.4
-1957.51
-7549.52
-2711.35
-5532.12
-1927.71
-8000.83
-3090.27
-3447.09
-962.468
-4263.68
-1641.51
-4787.1
-1862.75
-5742.98
-2179.22
-8443.31
-3369.02
-4402.76
-1326.25
-3885.07
-1940.5
-4665.51
-2243.38
-6305.99
-2773.28
-8739.2
-3307.98
-5966.87
-5610.37
-4447.64
-4398.82
-9956.37
-7624.14
-8063.09
-6695.05
-4086.96
-3603.17
-1660.51
-1213.46
-3850.64
-3770.17
-1522.68
-1604.39
-2856.78
-4552.36
-3428.21
-4918.24
-3744.87
-2393.44
-3090.88
-432.018
-6555.92
-1676.51
2607.24
507.175
-857.36
-209.978
304.568
756.481
-2509.49
-1839.99
-926.512
-580.909
-2653.96
-1945.57
-1359.46
-657.988
-2953.99
-2325.25
-1781.54
-890.003
-1101.5
-33.2042
721.198
1145.71
-4995.63
-5399.35
-3828.91
-3610.73
-6672.68
-6703.2
-5519.86
-4649.84
-2536.3
-2873.12
-3844.44
-4453.12
-2290.15
-2004.79
-932.767
-864.995
-3525.88
-2773.34
-1766.7
-1389.03
-1288.86
-1475.59
-185.271
-546.247
-1719.27
-1277.55
-2516.9
-1911.28
-2739.43
-2339.29
-3906.38
-3140.21
-596.278
-379.612
-1211.62
-754.905
423.024
550.627
-289.003
157.208
-3706.72
-4734.99
-3245.12
-4870.96
-3666.43
-4708.28
-3324.68
-4874.29
-3838.36
-4330.9
-3503.12
-4628.18
-2789.64
-4606.48
-2447.1
-2239.07
-2541.07
-6954.57
-4986.55
-4691.13
-5000.82
-5342.6
-5573.06
-4738.66
-4095.26
-3920.42
-3232.42
-5687.63
-5766.38
-7566.77
-11710.2
-5364.65
-5184.25
-7281.55
-11176.9
-4894.99
-4730.14
-6720.89
-10291.5
-6810.67
-5238.62
-6213.24
-4747.59
-5529.46
-4435.65
-5777.49
-5372.97
-6214.85
-9519.85
-5522.16
-5224.76
-4750.12
-4794.08
-4369.74
-4657.31
-4632.55
-5574.17
-4429.1
-8400.01
-3888.19
-2792.06
-2649.87
-959.633
-5517.48
-4850.82
-4270.69
-3138.18
-2098.83
-789.66
-3234.31
-2627.77
-3191.14
-966.997
-427.142
127.888
-3553.93
-2318.35
-612.91
-347.916
-2664.04
-739.498
-279.878
184.439
-1998.54
-2132.73
-2260.79
-4268.93
-3110.29
-3586.9
-3243.12
-5965.34
-2073.62
-1374.53
-1228.08
-2580.42
237.986
377.872
799.658
87.3884
-4139.46
-1208.41
-7904.9
-819.403
-3856.82
-1291.53
-7677.3
-842.957
-2940.47
-779.246
-6987.6
-673.727
-2877.65
-637.943
-2693.66
-622.478
-2988.8
-909.994
-3207.54
-603.688
-6575.46
-857.69
-4031.37
-781.019
-3778.49
-607.561
-3918.84
-777.45
-4444.45
-670.776
-6903.4
-836.806
-810.312
-163.356
190.683
471.686
-270.973
-40.2595
74.3368
148.879
-796.78
-123.815
212.808
449.013
-182.899
40.1069
84.1407
93.8776
-814.154
-80.1844
217.525
400.007
-3.18874
263.945
411.398
458.532
581.753
513.964
585.621
616.617
1055.21
763.65
595.983
444.843
-351.667
138.689
422.622
713.555
-289.776
193.743
341.115
718.184
-880.878
-63.896
281.189
595.787
-678.46
70.0437
307.994
879.452
142.657
338.437
452.975
608.151
61.48
300.78
343.935
519.992
614.573
522.794
444.168
358.653
429.953
409.579
345.018
330.282
-1293.55
-283.033
228.779
771.888
-1621.51
-337.562
96.5211
968.304
-1238.92
-241.942
249.183
787.12
-1555.65
-309.802
98.2828
955.886
-1152.03
-182.247
206.309
684.075
-1411.47
-260.308
66.7737
871.106
-767.24
-29.828
192.558
500.765
-1461.13
-219.548
74.6049
1083.58
-716.715
30.3327
219.981
684.711
-1514.55
-260.327
22.8243
685.918
-661.953
-99.9699
29.7951
175.3
-1409.36
-220.528
42.8043
684.658
-626.474
-86.5517
33.7989
171.507
-1209.54
-147.364
53.4804
665.941
-534.093
-55.8349
48.3086
179.373
-992.155
-86.3651
38.8968
598.289
-437.336
-24.4547
50.2604
172.736
-725.89
12.56
89.3573
513.604
-226.837
47.2091
67.8774
168.987
-323.403
146.585
239.969
475.681
104.37
222.252
201.759
237.232
-596.684
42.2326
157.237
489.506
-23.5983
142.564
134.254
203.41
6.95402
257.777
288.238
429.983
231.527
284.771
248.487
250.885
334.14
349.91
295.694
309.814
358.951
328.938
260.722
230.694
106.084
30.9
12.8632
7.3185
5.41325
44.7453
14.7403
6.56691
3.82319
2.8393
125.94
46.0661
22.77
13.8887
10.48
72.8461
33.405
18.3265
11.57
8.81856
155.305
64.62
34.3521
21.4043
16.2308
184.73
97.0036
56.3262
36.1319
27.6409
204.794
111.94
65.7074
42.1814
32.1927
229.467
137.429
83.4714
54.2282
41.4927
185.606
85.2717
47.4844
30.0609
22.9804
157.596
75.3065
42.5266
26.9621
20.6088
167.549
70.083
37.8455
23.6281
17.951
138.939
70.2626
40.6953
25.9268
19.8583
199.607
97.8661
55.5752
35.3421
26.9717
161.495
85.1354
49.5741
31.7387
24.2955
191.075
111.748
67.4949
43.7786
33.487
159.164
92.3876
55.6357
36.0393
27.5788
115.679
27.489
10.3607
5.65823
4.10062
53.8121
11.0835
3.92293
2.0723
1.45781
125.393
36.2606
16.2597
9.58735
7.10141
57.1248
14.204
6.04726
3.49469
2.53599
129.778
44.0533
21.9118
13.3459
9.96226
65.1036
24.0416
12.8359
8.08567
6.06357
145.029
61.9898
34.1402
21.3463
16.0912
86.081
37.2305
20.9034
13.1671
9.91148
123.272
69.3138
41.3663
26.6175
20.3661
-1722.6
-3260.95
-1783.24
-3271.99
-1931.64
-3289.52
-2111.81
-3368.9
-2038.44
-3381.34
-794.088
-1245.27
-1326.25
-2075.35
-395.174
-587.858
-107.364
-164.616
-8342.97
-1967.64
-446.877
-99.0526
-24.4262
-2258.55
-607.855
-160.568
-36.2469
-7.82222
-8186.94
-1921.52
-436.66
-96.0702
-23.8826
-2279.24
-671.5
-164.414
-37.9561
-9.35953
-7751.35
-1813.59
-411.582
-90.5823
-22.5709
-2209.26
-647.95
-158.351
-36.4129
-9.01862
-7040.3
-1638.8
-371.665
-81.8552
-20.427
-2123.12
-611.868
-147.993
-33.7907
-8.33495
-5882.52
-1364.45
-309.936
-68.4103
-17.1069
-1978.97
-558.161
-133.947
-30.4517
-7.49925
-2816.45
-680.988
-157.093
-34.9064
-8.74164
-953.579
-272.814
-64.9953
-14.5397
-3.57739
-4170.39
-995.438
-228.067
-50.4548
-12.6194
-1408.53
-398.994
-95.9356
-21.8253
-5.41716
-1658.05
-404.079
-93.5988
-20.8911
-5.23979
-526.67
-156.863
-37.0794
-8.28879
-2.0591
-567.58
-137.568
-31.9271
-7.14802
-1.79336
-201.722
-54.1818
-11.7178
-3.368
-0.635471
213.514
-1018.51
-5265.74
899.984
-6323.3
-2767.08
-6108.6
-2797.64
-11079.4
-5898.29
-12475.6
-6591.58
-135.315
-538.091
-845.202
-996.012
-895.108
-368.454
-221.827
-833.798
-1265.6
-1397.12
-1126.32
-387.102
-115.009
-123.331
-431.826
-435.048
-617.844
-610.991
-596.048
-563.264
-533.8
-508.881
-418.958
-372.386
845.516
2199.11
3563.35
2524.86
2323.39
1120.53
801.863
2304.36
3724.72
4310.78
3595.76
1639.63
-122.033
-103.163
-78.1791
-48.7197
-16.5433
-485.968
-411.57
-312.503
-195.056
-66.292
-763.287
-646.388
-490.777
-306.329
-104.112
-899.2
-761.209
-577.747
-360.515
-122.511
-807.937
-683.695
-518.621
-323.42
-109.859
-334.184
-283.751
-215.237
-133.794
-45.2849
-199.95
-168.933
-127.956
-79.7137
-27.0641
-752.621
-637.009
-483.416
-301.632
-102.499
-1142.1
-966.426
-733.292
-457.53
-155.481
-1259.97
-1065.46
-808.025
-504.031
-171.274
-1015
-857.643
-650.021
-405.346
-137.732
-349.83
-296.248
-224.659
-139.943
-47.4839
-103.789
-87.8155
-66.6057
-41.5342
-14.1077
-111.366
-94.2929
-71.5707
-44.6566
-15.1734
-390.127
-330.536
-251.07
-156.752
-53.2796
-393.099
-333.109
-253.064
-158.017
-53.7133
-558.139
-472.839
-359.127
-224.202
-76.2032
-551.918
-467.53
-355.067
-221.655
-75.336
-538.413
-456.069
-346.312
-216.144
-73.4496
-508.545
-430.525
-326.755
-203.876
-69.273
-482.017
-408.003
-309.45
-192.881
-65.4828
-458.865
-387.847
-293.857
-183.084
-62.156
-378.416
-319.954
-241.904
-150.114
-50.7839
-335.423
-282.977
-213.815
-132.824
-45.001
752.322
629.547
476.166
298.698
102.317
1948.71
1626.36
1230.07
773.968
266.484
3122.61
2590.77
1964.28
1250.38
438.568
2197.74
1819.69
1384.07
886.019
312.067
2054.13
1705.7
1290.93
811.144
263.632
1021.43
865.786
664.129
418.002
132.351
714.322
597.86
451.515
282.428
96.4866
2047.92
1711.4
1292.54
809.949
277.464
3290.84
2739.87
2069.97
1303.12
449.467
3784.24
3138.46
2372.52
1501.13
521.627
3156.5
2618.08
1981.23
1254.94
434.442
1454.74
1219.08
930.348
591.883
204.557
298.892
698.991
1000.47
1142.84
1029.94
505.584
448.125
1053
1467.89
1568.33
1252.74
470.541
244.156
232.44
555.984
540.201
730.548
705.72
689.217
635.646
616.412
521.806
556.585
415.824
-689.111
-1961.29
-3151.16
-1972.38
-1646.38
-378.616
-732.449
-2191.44
-3474.84
-3861.57
-2950.01
-870.211
270.406
229.503
174.651
109.211
37.1532
632.02
536.025
407.61
254.733
86.6346
904.382
766.795
582.934
364.228
123.862
1032.9
875.591
665.525
415.782
141.386
931.127
789.52
600.178
374.948
127.491
459.763
391.917
298.82
186.709
63.4115
405.327
343.925
261.67
163.603
55.655
951.73
806.819
613.301
383.192
130.312
1326.11
1123.64
853.779
533.31
181.345
1416.06
1199.2
910.82
568.842
193.425
1130.58
957.018
726.684
453.824
154.329
426.189
361.964
275.4
172.049
58.479
220.901
187.496
142.688
89.2235
30.353
210.294
178.482
135.817
84.9208
28.8879
502.789
426.501
324.375
202.733
68.9496
488.522
414.398
315.165
196.973
66.9903
660.526
560.185
425.956
266.176
90.5179
638.027
541.044
411.358
257.033
87.4061
623.225
528.603
401.955
251.167
85.4085
574.541
487.078
370.23
231.287
78.6418
557.724
473.28
359.95
224.883
76.4514
471.55
399.651
303.666
189.638
64.4651
504.804
429.2
326.635
203.92
69.2469
376.056
318.863
242.246
151.177
51.3542
-609.34
-506.624
-381.409
-238.874
-81.8753
-1731.68
-1440.16
-1086.94
-683.917
-235.822
-2743.52
-2262.35
-1709.44
-1089.06
-383.598
-1674.63
-1352.41
-1009.53
-641.197
-226.065
-1406.48
-1123.1
-819.708
-498.8
-151.377
-309.837
-223.717
-142.947
-71.1886
-7.72539
-651.235
-544.032
-410.353
-256.615
-87.6984
-1945.71
-1624.61
-1226.55
-768.809
-263.525
-3062.34
-2543.37
-1918.5
-1207.58
-416.875
-3368.39
-2775.68
-2088.48
-1319.28
-458.864
-2553.39
-2087.13
-1561.32
-983.199
-339.672
-733.337
-581.264
-423.584
-262.465
-89.3353
-1390.45
-878.637
-203.979
728.857
1031.57
1312.55
630.582
-10644.8
-1612.84
-3055.78
-1466.49
297.322
-3941.86
886.887
2524.02
1215.21
-5760.4
-2595.53
-381.319
-495.882
-3302.52
-1205.9
-207.887
-975.949
2221.7
1416.09
-468.789
-111.372
-7599.53
-3530.03
-4160.56
-1998.88
-3473.33
-3219.32
-1019.69
1439.45
-318.627
-668.12
-444.807
-400.895
-525.573
-625.14
-538.433
-343.909
-238.559
-185.849
-106.12
-167.738
-131.503
-98.0608
-64.3316
-23.48
659.335
559.18
424.83
265.109
90.0807
930.644
786.801
596.016
371.108
125.908
1184.21
1001.42
758.966
472.865
160.506
571.694
484.384
365.816
225.969
76.0053
-7674.17
-6930.33
-6331.4
-6525.97
-6938.84
-1032.65
-709.378
-871.195
-1047.97
-756.515
-2143.17
-1589.33
-1408.66
-1268.19
-801.87
-939.13
-624.277
-591.867
-547.318
-251.64
272.735
221.192
145.124
66.3407
11.9177
-3294.46
-2710.01
-2101.16
-1443.9
-587.808
802.263
671.261
494.957
295.487
95.0748
2197.94
1799.22
1333.4
823.323
279.336
1091.58
916.061
687.481
423.906
142.421
-4043.27
-3800
-3495.75
-3643.71
-3931.91
-1775.73
-1275.82
-1107.21
-966.153
-574.688
-294.11
-251.092
-244.298
-224.152
-114.034
-397.653
-321.561
-265.813
-202.542
-88.1028
-2758.19
-2239.69
-1734.7
-1184.25
-472.239
-1014.72
-827.573
-646.474
-443.311
-168.051
-155.449
-115.03
-89.2656
-67.0632
-28.9952
-843.774
-694.911
-531.153
-345.882
-124.141
1985.19
1661.55
1248.15
772.88
261.277
1276.47
1075.96
810.365
500.655
168.604
-391.846
-319.726
-252.996
-177.1
-69.2795
-79.1307
-59.4585
-53.6926
-47.8196
-22.4013
-4634.57
-3257.29
-2911.37
-2970.34
-2984.35
-2562.06
-1917.06
-1476.4
-1100.94
-540.679
-2769.39
-2195.01
-1795.17
-1531.57
-823.723
-1473.44
-1141.52
-881.652
-659.254
-329.322
-2917.6
-2364.44
-1809.98
-1208.38
-459.334
-2219.56
-1455.35
-1219.62
-1036.37
-497.386
-867.235
-706.158
-540.025
-356.547
-130.709
1299.47
1097.72
829.025
513.69
173.428
-242.797
-188.897
-158.483
-126.839
-56.1095
0.226
43.973
105.451
141.421
109.308
5.52208
-19068
-16740.5
-16003.7
-18348.1
-13902.6
-11005.9
-12562.2
-9542.93
-16462.8
-14387.6
-15099.7
-14174
-13253.8
-11284.1
-13919.5
-15675.1
-13935.6
-12854.4
-14577
-11713.1
-9924.15
-10510
-8436.22
-14737.3
-13041.5
-13529.8
-12294.2
-11713.5
-10950.7
-11270.9
-12284.9
-11210.4
-10179.4
-11183.2
-9726.43
-8350.11
-8784.65
-7557
-12319.8
-11130.5
-11434.1
-10390.4
-9942.04
-9200.03
-9426.87
-8555.85
-8025.5
-7189.63
-7643.94
-7198.83
-6455.31
-6534.12
-5991.2
-8845.63
-8896.77
-8324.95
-8370.05
-7418.12
-6702.14
-7427.22
-5462.32
-5209.33
-4632.62
-4842.65
-4821.18
-4364.92
-4318.7
-3997.21
-5851.23
-5818.7
-5578.76
-5435.76
-5075.35
-4583.75
-4944.03
-1964.87
-1891.64
-1677.5
-1739.62
-1781.48
-1666.31
-1584.15
-1478.97
-2227.06
-2209.42
-2072.66
-1966.97
-1908.2
-1751.65
-1869.37
-7338.25
-7227.16
-10837.7
-11721.2
-6911.62
-6151.68
-9521.37
-7756.57
-5848.76
-4482.22
-5807.79
-4442.09
-5846.81
-5582.11
-4499.89
-7331.96
-6951.55
-9650.7
-10562.3
-6466.73
-5871.44
-8404.18
-7259.28
-5865.68
-4038.14
-5754.16
-4242.36
-5275.67
-5066.55
-4590.58
-6731
-6415.21
-8201.22
-8816.65
-6043.7
-5641.94
-7351.47
-6527.26
-4921.91
-4464.69
-4902.4
-4665.56
-4598.23
-4587.89
-4794.1
-5482.81
-5281.87
-6171.31
-6489.97
-5027.53
-4716.88
-5724.87
-5241.2
-4786.03
-4104.04
-4702.31
-4332.23
-4412.86
-4362.66
-4363.93
-3815
-3698.01
-4096.12
-4255.2
-3442.61
-3195.96
-3866.08
-3559.48
-3401.31
-3200.37
-3320.11
-3317.56
-3113.04
-3041.23
-3129.62
-1426.51
-1383.91
-1500.35
-1550.98
-1281.8
-1180.34
-1424.05
-1314.19
-1117.99
-1179.23
-1192.29
-1262.78
-1157.85
-1118.16
-1146.6
)
;

boundaryField
{
    patch1
    {
        type            calculated;
        value           nonuniform List<scalar> 
2440
(
0
0
4411.89
1531.33
-908.471
913.592
-3219.54
-1019.77
1439.49
-318.691
0
0
4411.62
1531.21
-908.466
913.486
-3219.32
-1019.69
1439.45
-318.627
0
0
0
0
0
0
0
0
-871.081
0
0
0
0
0
0
0
0
2287.44
1682.42
505.46
-472.76
-771.654
-926.412
-287.94
12766.3
3014.45
4164.2
2673.35
-191.311
-59.5758
2936.43
-1434.39
-808.601
-1104.46
-564.622
7011.68
3685.75
1246.03
1037.07
3646.68
2006.74
637.413
1378.87
-1506.71
-878.376
691.153
545.343
8629.46
4292.72
5282.63
2838.52
4079.71
375.398
-115.018
-123.34
-431.849
-435.07
-617.874
-611.021
-596.077
-563.29
-533.823
-508.903
-418.971
-372.399
244.163
232.447
556.006
540.223
730.577
705.749
689.245
635.672
616.435
521.826
556.602
415.838
-1390.51
-878.701
-204.008
728.872
1031.6
1312.59
630.584
-10645.5
-1613.14
-3056.06
-1466.61
297.288
-3942.02
886.888
2524.06
1215.24
-5760.72
-2595.75
-381.428
-495.953
-3302.69
-1206.02
-207.927
-976.023
2221.75
1416.12
-468.839
-111.414
-7599.81
-3530.19
-4160.76
-1999
-3473.52
0
0
0
0
0
0
0
0
-866.772
0
0
0
0
0
0
0
0
2287.41
1682.39
505.416
-472.752
-771.634
-926.387
-287.956
12765.5
3013.96
4163.8
2672.96
-191.464
-59.6905
2936.15
-1434.52
-808.671
-1104.56
-564.624
7011.34
3685.47
1245.82
1036.95
3646.45
2006.57
637.357
1378.76
-1506.7
-878.381
691.053
545.258
8629.2
4292.57
5282.42
2838.39
4079.49
374.438
-115.009
-123.331
-431.826
-435.048
-617.844
-610.991
-596.048
-563.264
-533.8
-508.881
-418.958
-372.386
244.156
232.44
555.984
540.201
730.548
705.72
689.217
635.646
616.412
521.806
556.585
415.824
-1390.45
-878.637
-203.979
728.857
1031.57
1312.55
630.582
-10644.8
-1612.84
-3055.78
-1466.49
297.322
-3941.86
886.887
2524.02
1215.21
-5760.4
-2595.53
-381.319
-495.882
-3302.52
-1205.9
-207.887
-975.949
2221.7
1416.09
-468.789
-111.372
-7599.53
-3530.03
-4160.56
-1998.88
-3473.33
0
0
11.1475
21.4996
9.93499
20.3377
5.52193
0
0
0
0
0
0
11.1777
21.4843
9.91148
20.3661
5.52208
0
0
0
0
0
1373.17
1491.41
1482.42
1854.91
111.106
146.484
12.9519
63.9562
998.748
546.724
2455.29
2830.42
-244.248
-196.64
809.86
835.865
0
0
0
0
0
0
0
0
0
0
0
0
0
0
0
0
0
0
0
0
0
0
0
0
0
0
0
0
0
0
0
0
0
-414.956
-87.5434
-394.984
-72.0219
-346.785
-52.4966
-274.183
-17.9836
-159.849
29.713
-43.9033
112.633
-112.881
71.4556
46.4388
152.745
189.897
198.123
5.47195
3.0279
10.3106
8.61615
16.6706
27.6167
32.7945
41.8723
23.2136
21.3517
19.1677
21.141
27.4539
24.9106
33.818
27.8185
4.23642
1.72008
7.25812
2.76193
10.7587
6.09695
18.1774
24.398
6.63843
23.9002
8.2728
22.6472
7.99577
20.5764
7.43505
17.2948
6.76664
8.85579
3.48575
12.8053
5.03701
5.30162
2.08844
1.82378
0.680878
34.9828
106.136
-1574.89
-312.128
5337.79
5185.38
2948.94
2728.82
4987.83
5991.05
593.915
-624.952
-882.741
-1278.96
-1600.79
406.652
332.268
211.556
181.877
-936.192
-493.357
-2288.82
-2517.84
327.36
244.327
-697.921
-773.748
-0.229848
0.020315
0
0
0
0
0
0
0
0
0
0
0
0
0
0
0.414444
-0.194967
0
0
0
0
0
0
0
0
0
0
0
0
0
0
682.748
173.899
685.337
171.808
666.107
179.5
598.332
172.773
513.576
168.97
475.604
237.156
489.45
203.357
429.9
250.804
309.733
230.621
5.56147
2.89517
10.4515
8.8049
16.1877
27.5993
32.1814
41.4791
22.94
20.583
17.9169
19.8286
26.9451
24.2763
33.473
27.5673
4.27992
1.54148
7.16985
2.61532
10.0104
6.10648
16.0988
-24.7657
-6.74006
-24.2111
-8.40614
-22.859
-8.11063
-20.6781
-7.51611
-17.3083
-6.80884
-8.82131
-3.47056
-12.776
-5.04304
-5.27401
-2.05985
-1.80161
-0.645599
319.239
-745.366
1619.02
248.868
240.261
752.959
474.351
-0.644327
-0.165881
-0.162167
-0.712693
0
0
0
0
0
0
0
0
0
0.715426
0.2361
0.386541
0.808463
0
0
0
0
0
0
0
0
0
0
1373.07
1491.48
1482.51
1854.87
111.15
146.468
12.9828
63.9174
998.801
546.699
2455.29
2830.33
-244.246
-196.674
809.856
835.855
0
0
0
0
0
0
0
0
0
0
0
0
0
0
0
0
0
0
0
0
0
0
0
0
0
0
0
0
0
0
0
0
0
-417.61
-88.576
-394.554
-71.8318
-346.656
-52.4134
-274.12
-17.9566
-159.82
29.7148
-43.8677
112.643
-112.853
71.4534
46.4911
152.777
189.964
198.178
5.18531
2.8002
10.3003
8.61553
16.6427
27.5903
32.798
41.8783
23.1869
21.3379
19.1464
21.1234
27.4418
24.9043
33.8205
27.821
4.17449
1.71895
7.3295
2.8394
10.8142
6.14338
18.1962
24.3748
6.6946
23.877
8.25015
22.642
7.9902
20.5733
7.43241
17.2934
6.76524
8.85576
3.48541
12.8049
5.03635
5.30168
2.08826
1.82379
0.68078
42.7831
112.967
-1563.33
-491.888
5343.44
5214.51
2960.94
2735.7
5003.05
5962.53
294.117
-624.872
-882.895
-1279.15
-1600.77
406.481
332.155
211.37
181.744
-936.343
-493.434
-2288.88
-2517.9
327.22
244.252
-698.078
-773.857
-0.227012
0.0222054
0
0
0
0
0
0
0
0
0
0
0
0
0
0
0.4156
-0.194807
0
0
0
0
0
0
0
0
0
0
0
0
0
0
685.918
175.3
684.658
171.507
665.941
179.373
598.289
172.736
513.604
168.987
475.681
237.232
489.506
203.41
429.983
250.885
309.814
230.694
5.41325
2.8393
10.48
8.81856
16.2308
27.6409
32.1927
41.4927
22.9804
20.6088
17.951
19.8583
26.9717
24.2955
33.487
27.5788
4.10062
1.45781
7.10141
2.53599
9.96226
6.06357
16.0912
-24.745
-6.79776
-24.1885
-8.38349
-22.8548
-8.10537
-20.6759
-7.51386
-17.3075
-6.80781
-8.82153
-3.47043
-12.776
-5.04265
-5.27421
-2.05983
-1.80171
-0.645646
322.077
-749.099
1620.03
249.039
266.798
790.419
462.503
-0.646278
-0.165889
-0.162165
-0.718945
0
0
0
0
0
0
0
0
0
0.713339
0.236135
0.386576
0.802104
0
0
0
0
0
0
0
0
0
12437.1
12428.9
0
12436.3
12424.7
0
0
0
0
0
0
0
0
0
7160.29
12890.8
8437.16
12658.8
9645.65
11454.4
11751.9
14256.8
8623.44
14839.8
13155.7
13587.2
12538.6
11774.3
11419.4
10435.8
6308.71
1973.37
10003.3
6241.97
2097.35
9205.85
5724.08
1872.57
0
0
0
0
0
0
0
0
11908.6
8613.5
11862
8776.51
12280.2
9033.71
13766
14647.2
12742
7615.58
7003.49
7766.49
6805.19
7959.35
6626.1
4903.04
2041.52
593.317
4910.57
2186.16
672.312
4494.48
2123.48
546.866
-17.5005
-100.136
-68.1758
395.332
1119.68
408.614
971.578
136.287
30.6998
-4.16658
-61.0272
-249.932
-693.445
-1202.39
-383.713
-937.731
-103.534
8.80248
0
0
0
0
0
0
0
0
7116.31
12883.5
8439.03
12654.9
9645.79
11453.4
11751
14254.7
8623
14861.4
13189.2
13580.4
12533.4
11771.7
11416
10461.5
6321.61
1981.43
9999.75
6240.87
2097.22
9203.4
5722.84
1872.26
0
0
0
0
0
0
0
0
11938.2
8619.6
11853.9
8775.69
12272.7
9030.33
13761.1
14643.7
12737
7615.84
7008.7
7764.38
6804.88
7957.19
6624.58
4908.97
2047.16
595.485
4909.1
2186.32
672.353
4493.41
2123.13
546.841
-13.2146
-104.131
-69.7492
394.574
1119.35
408.56
971.445
136.249
30.6534
-4.40611
-57.9596
-249.063
-693.094
-1202.29
-383.767
-937.738
-103.6
8.74301
13886.4
13095.9
46.9476
29.395
17.7866
11.4907
8.82173
94.925
53.1937
31.9134
20.7461
15.8302
3526.29
1855.71
14217.9
12893.1
-2523.28
34.0132
59.1667
30.5124
18.1123
11.7554
8.92848
86.7551
51.21
30.9482
20.034
15.3452
0
0
0
0
0
10343
8054.74
9394.86
8097.98
10137.4
8922.19
5188.69
2751.32
724.97
6499.76
4256.71
1482.05
7656.11
5278.39
1819.88
-3885.78
-1940.76
-4666.12
-2243.6
-6306.38
-2773.43
-8739.29
-3308.07
3623.43
1694.19
2897.53
1856.76
750.326
525.626
488.968
453.648
1124.69
780.428
578.116
403.639
162.846
94.3835
56.5517
36.5393
27.9406
222.055
135.211
82.5529
53.7126
41.1235
251.349
609.864
861.85
943.925
1023.06
1240.04
227.394
192.983
146.844
91.8109
31.2314
551.501
467.793
355.754
222.332
75.6145
779.085
660.557
502.152
313.737
106.686
852.768
722.553
548.964
342.855
116.569
923.44
781.694
593.435
370.465
125.936
1117.64
944.671
716.361
446.977
151.935
1598.37
1419.18
1182.89
889.005
553.501
188.588
6038.82
4324.9
1624.41
7083.51
5228.68
1909.99
8872.58
6206.53
2208.67
11449.3
7088.57
2503.71
-1856.3
498.802
-459.33
987.265
10487.5
7390.83
10006.8
7023.11
8108.17
6661.44
4524.15
2251.84
479.816
4265.72
2035.58
466.386
4368.79
2085.21
557.17
905.359
585.198
279.219
80.6739
1132.58
792.188
510.344
343.752
146.355
91.4093
56.6032
37.0889
28.4009
226.027
135.906
83.0781
54.2224
41.5055
-1454.09
-1256.62
-1014.28
-737.824
-447.544
-150.307
-141.842
-501.127
-756.848
-851.513
-987.273
-1151.59
-128.104
-108.484
-82.3586
-51.3964
-17.4655
-452.809
-383.702
-291.498
-182.017
-61.8729
-683.58
-578.96
-439.623
-274.413
-93.2652
-768.305
-649.961
-492.987
-307.472
-104.459
-889.306
-750.883
-568.511
-354.121
-120.23
-1034.22
-870.312
-656.933
-408.361
-138.52
14219.8
12894.3
-2532.06
26.2874
59.1539
30.5125
18.1173
11.7654
8.94798
86.6744
51.1602
30.9108
20.0055
15.3242
0
0
0
0
0
13883.6
13092.1
46.9515
29.409
17.8022
11.5081
8.84698
94.8828
53.1688
31.8936
20.73
15.819
3528.46
1860.18
8179.28
52345.4
8107.94
38029.7
7810.55
31533.6
8116.56
28160.5
11840.3
6757
2205.33
11675.8
6769.7
2203.44
11421
6817.08
2271.98
11333.2
7022.19
2456.46
11450.2
7089.44
2504.07
178.327
69.0184
-300.163
257.873
-961.821
1557.9
-16.0157
22.9674
1123.25
1056.26
89.8187
46.1258
31.9551
26.7095
523.752
273.757
223.689
209.213
16.9978
6.30631
3.08475
2.20859
133.15
50.661
23.8902
16.7352
290.392
118.837
59.8832
43.255
365.336
178.557
101.027
76.8271
312.291
214.998
137.231
107.024
311.731
277.397
203.81
164.33
239.129
233.587
171.713
139.456
370.882
313.617
231.114
187.957
419.841
337.873
255.121
210.598
10.8728
6.16503
3.63374
2.31764
1.75551
67.1641
38.5178
22.9182
14.7245
11.1901
93.5709
60.3736
37.6802
24.7841
18.9283
95.5131
55.6424
33.7051
22.0091
16.7539
122.107
76.2976
47.3949
31.1558
23.8337
151.358
90.6636
55.446
36.2032
27.6504
2.16236
1.09247
0.61323
0.380203
0.285137
16.051
8.42511
4.82463
3.02084
2.27542
38.8517
20.9046
12.116
7.62975
5.79376
321.479
259.284
297.597
502.825
1424.47
574.303
1412.27
136.046
29.5843
212.871
58.0681
14.7934
3.31854
0.529677
215.084
63.8735
15.6463
3.70076
0.659771
226.845
66.4106
16.4713
3.7402
0.706242
307.541
80.5478
19.0498
4.26294
0.851769
469.679
102.647
21.8615
4.55075
0.878448
163.148
34.1084
6.78132
1.31324
0.196964
324.007
63.4087
12.9146
2.68281
0.521639
49.8438
14.8744
2.75152
0.557614
0.0783218
55.9247
10.0155
0.84023
1.09867
0.0107381
3519.9
4386.07
1830.42
2462.74
1957.69
2307.62
1018.59
1054.39
-1231.8
-3604.16
-2480.54
-1677.27
-1095.73
-912.359
-682.15
-421.364
-142.557
-1673.65
-1043.2
-634.161
-438.948
-219.059
-1614.77
-943.681
-549.158
-287.237
-94.5521
-1406.01
-1100.77
-780.843
-466.393
-155.885
-7375.63
-2517.71
-7550.61
-2712.1
-8001.32
-3090.55
-8443.53
-3369.15
-8739.29
-3308.07
39.4212
44.5545
909.647
298.806
1604.21
-290.647
200.714
173.07
-41.9467
87.9833
36.8968
29.2071
15.3777
4.51931
230.337
182.374
58.206
-23.5152
1.17998
2.31502
1.5492
1.0222
16.1061
20.6909
15.4513
10.7421
80.8049
61.3521
40.5325
27.3
232.426
122.754
69.9332
44.499
433.593
195.429
111.39
79.288
529.965
312.69
214.616
175.783
567.137
267.896
160.278
123.994
479.88
336.057
251.592
209.767
437.109
344.225
261.038
217.381
8.87967
5.81062
3.66705
2.43123
1.87668
57.5703
36.8559
23.0061
15.1491
11.6617
121.484
64.3453
37.5813
24.0848
18.4565
94.2064
54.0788
32.4719
20.9432
16.093
142.779
79.789
47.2417
30.3919
23.2919
153.863
91.213
55.2211
35.8236
27.4293
1.26692
0.969094
0.637863
0.432026
0.335658
11.9106
8.03112
5.10809
3.41933
2.64554
32.7777
20.6939
12.9266
8.60265
6.60993
-360.414
-401.243
-532.227
-686.952
-1387.39
-528.305
-1287.49
-99.5603
9.62732
-227.273
-60.9503
-15.39
-3.41897
-0.544038
-252.879
-70.8615
-16.8581
-3.90671
-0.694056
-285.634
-77.1955
-18.3207
-4.05239
-0.761574
-356.656
-90.5458
-20.9104
-4.59815
-0.916947
-482.007
-107.886
-23.1109
-4.80201
-0.932263
-149.663
-31.9541
-6.49448
-1.2802
-0.194096
-312.105
-63.7123
-13.2838
-2.78574
-0.548324
-36.5978
-11.8579
-2.14357
-0.443292
-0.0542763
-42.0838
-6.65077
-0.0909837
-0.943932
0.0240536
-257.137
-939.886
-1441.89
-1634.81
-1386.96
-601.876
727.108
2458.91
4237.95
5295.65
4672.83
2121.76
-231.854
-195.971
-148.5
-92.5437
-31.4256
-848.415
-718.127
-545.008
-340.079
-115.566
-1301.06
-1100.83
-835.206
-521.093
-177.076
-1473.78
-1245.78
-944.492
-589.061
-200.156
-1248.43
-1053.69
-797.994
-497.49
-169.047
-540.438
-455.109
-344.207
-214.557
-72.9425
650.446
546.014
412.388
257.245
87.6025
2187.29
1828.27
1379.42
862.728
295.044
3739.08
3108.31
2345.09
1475.36
509.137
4622.54
3818.76
2884.98
1832.49
642.137
4041.4
3323.96
2517.97
1615.58
575.114
1843.18
1526.28
1165.12
752.769
269.484
483.647
1160.85
1647.77
1808.16
1504.15
641.088
-757.526
-2493.59
-4155.46
-4975.86
-4084.12
-1359.27
437.429
371.134
282.348
176.519
60.0462
1049.15
889.354
676.003
422.348
143.624
1488.42
1261
958.039
598.389
203.466
1632.01
1381.56
1049.02
655.045
222.725
1355.87
1146.39
869.776
543.022
184.662
576.661
486.643
368.85
230.307
78.368
-678.993
-571.324
-432.534
-270.317
-92.1467
-2222.15
-1861.48
-1407.69
-882.068
-301.989
-3668.88
-3053.18
-2306.89
-1453.74
-502.37
-4332.73
-3571.84
-2696.52
-1714.79
-602.367
-3496.07
-2847.72
-2144.58
-1376.19
-492.457
-1129.01
-895.433
-664.406
-427.653
-155.916
1362.52
0
1920.25
1223.06
1029.73
778.789
485.537
165.113
0
0
0
0
0
1688.15
1395.41
1044.28
650.497
222.371
8174.48
52356.8
8091.78
38026.2
7777.23
31516.6
8093.49
27549.4
11846
6765.81
2208.35
11672.6
6768.05
2203.2
11419.2
6815.78
2271.62
11332
7021.2
2456.11
11449.3
7088.57
2503.71
152.901
74.1963
-299.422
221.615
-951.296
1566.17
-5.59668
21.5179
1095.03
1048.38
75.9074
38.9052
27.0168
22.5361
521.547
272.912
223.063
208.769
15.0054
5.49613
2.64782
1.84489
132.082
50.3702
23.787
16.7778
290.123
118.717
59.8508
43.2664
365.174
178.458
100.986
76.8094
312.209
214.932
137.193
106.996
311.792
277.42
203.816
164.327
239.125
233.564
171.691
139.433
371.003
313.689
231.155
187.981
420.011
337.988
255.195
210.651
9.06647
5.16283
3.05566
1.95712
1.48615
67.1675
38.4869
22.907
14.7334
11.2029
93.5495
60.3562
37.6646
24.7703
18.916
95.4724
55.6142
33.6812
21.9885
16.7362
122.104
76.2915
47.3876
31.1486
23.8273
151.382
90.6753
55.4518
36.2064
27.6527
1.77407
0.903976
0.511922
0.320432
0.240101
16.1093
8.43341
4.83168
3.03103
2.28743
38.8862
20.9396
12.1506
7.66578
5.83665
323.959
254.819
296.476
502.233
1424.15
574.246
1412.12
136.011
29.5473
214.151
58.7514
14.8547
3.33812
0.541875
212.281
63.03
15.4467
3.64946
0.647647
226.376
66.2589
16.43
3.73039
0.703767
307.291
80.4664
19.0259
4.25681
0.850111
469.528
102.597
21.8464
4.54668
0.877287
163.106
34.0927
6.77628
1.31178
0.196508
323.923
63.3797
12.9056
2.68029
0.520881
49.8197
14.8655
2.74863
0.556781
0.078058
55.9098
10.0104
0.838647
1.09829
0.01061
3519.43
4385.8
1831.81
2464.84
1956.42
2306.37
959.438
991.343
-1231.76
-3604.28
-2480.59
-1677.25
-1095.69
-912.326
-682.124
-421.347
-142.551
-1673.73
-1043.27
-634.232
-439.01
-219.076
-1614.81
-943.719
-549.192
-287.262
-94.5605
-1405.99
-1100.75
-780.829
-466.384
-155.882
-7373.49
-2517.39
-7549.52
-2711.35
-8000.83
-3090.27
-8443.31
-3369.02
-8739.2
-3307.98
15.5154
16.5494
933.152
338.556
1606.29
-286.314
159.858
143.968
-17.4803
93.5158
30.9884
24.676
12.9371
3.82393
231.717
182.841
58.5054
-23.5487
0.575448
1.93318
1.35911
0.962442
17.3078
20.8685
15.4563
10.5974
81.1427
61.4515
40.5234
27.2486
232.641
122.869
69.9633
44.5001
433.766
195.556
111.453
79.3278
530.155
312.844
214.723
175.869
567.309
268.035
160.369
124.064
480.083
336.214
251.702
209.854
437.307
344.37
261.136
217.456
7.58321
4.91941
3.0871
2.03745
1.56882
57.2125
36.7093
22.9173
15.0764
11.6001
121.556
64.3918
37.6157
24.1117
18.4792
94.2882
54.1324
32.5131
20.976
16.1205
142.845
79.8309
47.2714
30.4146
23.3106
153.914
91.2432
55.241
35.8379
27.4408
1.10223
0.818412
0.531647
0.356603
0.277246
11.7924
8.0084
5.09511
3.40545
2.63062
32.7438
20.6667
12.8991
8.57164
6.57081
-360.602
-398.037
-531.65
-686.684
-1387.29
-528.342
-1287.48
-99.6105
9.57901
-228.147
-61.581
-15.4403
-3.43695
-0.556074
-250.162
-70.0109
-16.6549
-3.85445
-0.681721
-285.332
-77.0678
-18.282
-4.04279
-0.759086
-356.546
-90.4931
-20.8913
-4.59271
-0.915383
-481.962
-107.863
-23.1011
-4.79888
-0.93127
-149.665
-31.9511
-6.49264
-1.27947
-0.19381
-312.088
-63.7018
-13.279
-2.78408
-0.547748
-36.6084
-11.8589
-2.14324
-0.44306
-0.054166
-42.1011
-6.65444
-0.091647
-0.944097
0.0240388
-257.119
-939.838
-1441.82
-1634.73
-1386.9
-601.848
727.075
2458.8
4237.76
5295.42
4672.65
2121.7
-231.837
-195.956
-148.489
-92.5368
-31.4232
-848.371
-718.089
-544.979
-340.06
-115.559
-1301
-1100.77
-835.163
-521.066
-177.067
-1473.71
-1245.72
-944.445
-589.031
-200.146
-1248.37
-1053.64
-797.954
-497.465
-169.038
-540.413
-455.087
-344.19
-214.546
-72.9387
650.415
545.987
412.367
257.231
87.5978
2187.19
1828.18
1379.35
862.681
295.028
3738.9
3108.15
2344.97
1475.27
509.107
4622.33
3818.57
2884.83
1832.39
642.1
4041.23
3323.8
2517.84
1615.5
575.084
1843.13
1526.23
1165.09
752.748
269.477
483.632
1160.8
1647.7
1808.09
1504.09
641.061
-757.494
-2493.48
-4155.27
-4975.63
-4083.92
-1359.18
437.416
371.123
282.339
176.513
60.0444
1049.11
889.319
675.976
422.331
143.618
1488.36
1260.95
957.999
598.364
203.458
1631.94
1381.5
1048.97
655.017
222.715
1355.81
1146.34
869.739
542.998
184.654
576.636
486.622
368.834
230.297
78.3645
-678.963
-571.299
-432.514
-270.304
-92.1424
-2222.05
-1861.39
-1407.62
-882.025
-301.974
-3668.71
-3053.03
-2306.77
-1453.66
-502.343
-4332.52
-3571.65
-2696.36
-1714.68
-602.331
-3495.88
-2847.55
-2144.44
-1376.09
-492.422
-1128.92
-895.349
-664.334
-427.601
-155.896
1362.48
0
1920.2
1223.02
1029.69
778.762
485.52
165.107
0
0
0
0
0
1688.1
1395.37
1044.25
650.479
222.365
6039.74
4325.6
1624.68
7084.54
5229.5
1910.3
8873.63
6207.41
2209.01
11450.2
7089.44
2504.07
-1862
497.727
-464.677
985.347
10489.4
7391.99
10009.3
7024.51
8110.55
6662.92
4524.9
2252.28
479.956
4266.53
2036
466.517
4369.67
2085.64
557.289
905.275
585.159
279.187
80.6843
1132
791.926
510.208
343.701
146.361
91.4143
56.6073
37.0909
28.3962
226.003
135.893
83.0714
54.2182
41.4997
-1454.12
-1256.65
-1014.3
-737.844
-447.556
-150.312
-141.852
-501.152
-756.885
-851.552
-987.317
-1151.64
-128.112
-108.492
-82.3644
-51.4
-17.4667
-452.832
-383.722
-291.513
-182.026
-61.8761
-683.613
-578.989
-439.645
-274.426
-93.2698
-768.341
-649.991
-493.01
-307.487
-104.464
-889.346
-750.917
-568.537
-354.137
-120.236
-1034.26
-870.35
-656.962
-408.379
-138.526
10341.7
8053.73
9393.81
8096.94
10136.3
8920.88
5187.92
2750.83
724.803
6498.83
4256.07
1481.84
7654.86
5277.56
1819.6
-3885.07
-1940.5
-4665.51
-2243.38
-6305.99
-2773.28
-8739.2
-3307.98
3625.94
1696.05
2901.17
1858.9
751.239
526.072
489.189
453.779
1125.65
780.895
578.356
403.779
162.902
94.4205
56.5777
36.5569
27.9483
222.125
135.253
82.5813
53.7327
41.1371
251.341
609.84
861.814
943.886
1023.02
1239.99
227.386
192.977
146.839
91.8079
31.2304
551.478
467.774
355.74
222.323
75.6114
779.053
660.529
502.131
313.724
106.682
852.733
722.524
548.941
342.841
116.564
923.403
781.663
593.411
370.45
125.931
1117.6
944.634
716.333
446.96
151.929
1598.32
1419.14
1182.86
888.979
553.484
188.582
)
;
    }
    patch2
    {
        type            calculated;
        value           nonuniform List<scalar> 
348
(
0.225042
0.226
673.952
201.882
-98.1844
148.003
-497.43
-130.722
173.431
-56.1205
673.879
201.862
-98.1844
147.984
-497.386
-130.709
173.428
-56.1095
856.177
267.162
64.5174
-54.3159
-89.3884
-108.217
-25.7878
6378.43
1067.06
941.728
505.914
83.4338
70.5617
496.489
6.58432
-34.9553
-21.6404
-60.0633
3827.18
733.968
266.54
172.894
497.298
295.492
91.6358
181.517
-151.327
-89.4016
113.989
90.2488
3061.22
665.156
1040.26
461.544
544.301
-16.5447
-66.2957
-104.118
-122.517
-109.864
-45.2863
-27.0662
-102.504
-155.489
-171.282
-137.738
-47.4859
-14.1089
-15.1745
-53.2825
-53.7162
-76.207
-75.3398
-73.4531
-69.2764
-65.4856
-62.1588
-50.7854
-45.0026
102.324
266.501
438.596
312.082
263.638
132.346
96.4925
277.48
449.493
521.655
434.461
204.56
37.1543
86.6379
123.867
141.392
127.496
63.4131
55.6567
130.317
181.353
193.433
154.335
58.4811
30.3539
28.8888
68.9523
66.9929
90.5216
87.4097
85.412
78.645
76.4542
64.4676
69.2488
51.3559
-81.8812
-235.837
-383.623
-226.086
-151.398
-7.73966
-87.7036
-263.54
-416.9
-458.894
-339.7
-89.3503
-625.228
-106.152
-23.4847
90.0824
125.912
160.511
76.0049
-6939.1
-756.557
-801.913
-251.658
11.9124
-587.834
95.0744
279.341
142.424
-3932.1
-574.729
-114.051
-88.1143
-472.266
-168.071
-29.0025
-124.152
261.283
168.607
-69.2869
-22.4079
-2984.54
-540.729
-823.802
-329.356
-459.368
856.164
267.166
64.5104
-54.315
-89.3859
-108.214
-25.7904
6377.8
1066.91
941.606
505.819
83.4032
70.5407
496.423
6.56106
-34.9683
-21.658
-60.0641
3826.84
733.885
266.497
172.87
497.248
295.463
91.6262
181.499
-151.326
-89.4033
113.971
90.234
3061
665.118
1040.18
461.514
544.259
-16.5433
-66.292
-104.112
-122.511
-109.859
-45.2849
-27.0641
-102.499
-155.481
-171.274
-137.732
-47.4839
-14.1077
-15.1734
-53.2796
-53.7133
-76.2032
-75.336
-73.4496
-69.273
-65.4828
-62.156
-50.7839
-45.001
102.317
266.484
438.568
312.067
263.632
132.351
96.4866
277.464
449.467
521.627
434.442
204.557
37.1532
86.6346
123.862
141.386
127.491
63.4115
55.655
130.312
181.345
193.425
154.329
58.479
30.353
28.8879
68.9496
66.9903
90.5179
87.4061
85.4085
78.6418
76.4514
64.4651
69.2469
51.3542
-81.8753
-235.822
-383.598
-226.065
-151.377
-7.72539
-87.6984
-263.525
-416.875
-458.864
-339.672
-89.3353
-625.14
-106.12
-23.48
90.0807
125.908
160.506
76.0053
-6938.84
-756.515
-801.87
-251.64
11.9177
-587.808
95.0748
279.336
142.421
-3931.91
-574.688
-114.034
-88.1028
-472.239
-168.051
-28.9952
-124.141
261.277
168.604
-69.2795
-22.4013
-2984.35
-540.679
-823.723
-329.322
-459.334
5745.12
1475.24
390.876
5701.98
1526.59
423.637
5553.36
1540.71
359.007
5493.83
1499.12
222.703
5932.08
1387.34
335.756
-7908.24
-816.475
-7682.86
-846.57
-6988.01
-674.37
-6575.6
-857.851
-6903.56
-836.853
5751.28
1484.22
393.15
5699.61
1525
423.674
5552.54
1540.06
358.87
5493.15
1498.76
222.589
5931.42
1387.12
335.686
-7904.9
-819.403
-7677.3
-842.957
-6987.6
-673.727
-6575.46
-857.69
-6903.4
-836.806
)
;
    }
    patch3
    {
        type            calculated;
        value           nonuniform List<scalar> 
96
(
-135.326
-538.12
-845.244
-996.059
-895.149
-368.467
-221.844
-833.842
-1265.67
-1397.18
-1126.38
-387.118
845.564
2199.22
3563.53
2524.97
2323.47
1120.55
801.903
2304.47
3724.9
4310.96
3595.9
1639.68
298.901
699.018
1000.51
1142.89
1029.98
505.599
448.138
1053.05
1467.95
1568.39
1252.79
470.558
-689.152
-1961.39
-3151.33
-1972.49
-1646.48
-378.667
-732.486
-2191.55
-3475
-3861.76
-2950.17
-870.282
-135.315
-538.091
-845.202
-996.012
-895.108
-368.454
-221.827
-833.798
-1265.6
-1397.12
-1126.32
-387.102
845.516
2199.11
3563.35
2524.86
2323.39
1120.53
801.863
2304.36
3724.72
4310.78
3595.76
1639.63
298.892
698.991
1000.47
1142.84
1029.94
505.584
448.125
1053
1467.89
1568.33
1252.74
470.541
-689.111
-1961.29
-3151.16
-1972.38
-1646.38
-378.616
-732.449
-2191.44
-3474.84
-3861.57
-2950.01
-870.211
)
;
    }
    patch4
    {
        type            calculated;
        value           nonuniform List<scalar> 
384
(
31809.7
32707.2
33919.2
62468.8
91203.7
56168.2
43822.2
39571.8
-54849.1
-45056.3
-71620.2
-90622.7
31053.2
32737.5
33950.8
62494.3
91238.6
56191.6
43831.3
38608.5
-54234.8
-45178.1
-71746.6
-89955.4
36858.6
11459.9
56097.6
17828.9
-41721.3
-12908.8
-59733.1
-19013.9
36869.2
11461.8
56110.7
17832.3
-41758.9
-12917.7
-59765.3
-19022
24209.4
8407.64
-28849.6
-9680.01
11735.8
4506.01
4102.95
1537.89
-14780.4
-5577.66
-5124.43
-1912.79
-28817.9
-9672.62
24226.3
8411.02
22894.7
15742.8
22185.7
15435.1
25234.5
8353.9
10249.1
3797.33
9266.85
3303.52
-38740.7
-27330.7
-32679
-23776.8
-30021.8
-9892.62
-16866.6
-5986.37
-13954.7
-4848.22
22350.1
15392.5
22243.3
15489.6
25248.5
8356.64
10028
3715.45
9304.81
3317.09
-38241.3
-26973.1
-32775.7
-23850.9
-30053.5
-9901.01
-16642.9
-5901.55
-14001.9
-4864.91
-14763.1
-5571.46
-5119.66
-1911.06
11746.5
4510.27
4105.45
1538.9
18366.5
13084.9
-18171.2
-12971
18366.5
13085.3
-18171.3
-12971.4
2740.67
3235.43
3235.87
3108.41
4344.37
3031.08
3750.93
1255.88
3314.41
5533.52
5907.08
9420.75
1921.22
3182.08
840.048
1180.55
-4592.92
-5281.16
-4762.5
-4585.38
-5445.3
-4016.01
-4590.23
-1602.94
-3803.58
-5635.62
-6381.09
-9503.33
-2281.09
-3258.55
-1108.66
-1239.08
2714.08
3180.01
3236.34
3113.6
4344.52
3033.21
3754.19
1256.69
3314.93
5533.8
5907.36
9421.12
1921.78
3182.26
840.142
1180.56
-4581.79
-5237.56
-4761.45
-4591.63
-5444.29
-4018.61
-4594.91
-1604.41
-3804.2
-5636.02
-6381.04
-9503.7
-2282.05
-3258.91
-1109.18
-1239.27
4879.43
14398
6021.27
15121.6
7799.79
14836
9089.12
-6307.4
-15375.2
-7243.65
-15724.2
-8634.63
-14972.9
-9745.61
4848.57
14388.3
6024.28
15118.6
7800.5
14835.3
9089.82
-6291.5
-15387.9
-7245.63
-15721.7
-8634.34
-14972.6
-9745.89
11728.7
11515
11005.1
10042.5
8331.21
4198.52
6122.03
2493.5
842.979
-12290.2
-11958.8
-11254.6
-10106
-8296.05
-4174.62
-6083.49
-2479.77
-833.884
11687.1
11514.6
11006
10042.5
8331.35
4198.69
6122.23
2493.61
843.013
-12254.2
-11960
-11256.5
-10106.7
-8296.49
-4174.87
-6083.83
-2479.92
-833.941
2503.76
2442.05
2316.03
2095.65
1729.82
904.443
1297.23
542.237
183.655
-2584.94
-2506.9
-2353.87
-2107.12
-1725.67
-899.325
-1290.15
-539.162
-181.621
2491.61
2441.6
2316.18
2095.64
1729.82
904.474
1297.26
542.259
183.662
-2573.3
-2506.68
-2354.22
-2107.23
-1725.74
-899.374
-1290.21
-539.193
-181.633
563.288
547.566
517.096
466.293
385.077
204.552
291.197
123.153
41.7556
-576.969
-558.691
-523.957
-468.843
-384.755
-203.523
-289.971
-122.489
-41.3015
560.44
547.393
517.095
466.272
385.069
204.557
291.2
123.158
41.7569
-574.179
-558.551
-523.993
-468.849
-384.764
-203.533
-289.982
-122.496
-41.3041
125.526
121.781
114.757
103.33
85.4056
45.7064
64.7983
27.6195
9.38439
-127.908
-123.751
-116.029
-103.87
-85.4103
-45.5094
-64.5909
-27.4842
-9.28813
124.889
121.73
114.75
103.321
85.4017
45.7071
64.7979
27.6203
9.38461
-127.278
-123.706
-116.028
-103.866
-85.41
-45.5112
-64.5925
-27.4855
-9.28867
31.6348
30.7462
28.9837
26.0902
21.5762
11.6212
16.4149
7.04336
2.39711
-32.0976
-31.1354
-29.2437
-26.2096
-21.5855
-11.5788
-16.3745
-7.01265
-2.37449
31.4723
30.7312
28.9802
26.0869
21.5746
11.6212
16.4145
7.04349
2.39714
-31.9362
-31.1212
-29.2415
-26.2075
-21.5847
-11.5791
-16.3746
-7.01293
-2.37462
)
;
    }
}


// ************************************************************************* //
