/*--------------------------------*- C++ -*----------------------------------*\
  =========                 |
  \\      /  F ield         | OpenFOAM: The Open Source CFD Toolbox
   \\    /   O peration     | Website:  https://openfoam.org
    \\  /    A nd           | Version:  11
     \\/     M anipulation  |
\*---------------------------------------------------------------------------*/
FoamFile
{
    format      ascii;
    class       volScalarField;
    location    "0.9";
    object      gradTy;
}
// * * * * * * * * * * * * * * * * * * * * * * * * * * * * * * * * * * * * * //

dimensions      [0 -1 0 1 0 0 0];

internalField   nonuniform List<scalar> 
5712
(
13269.8
7658.95
21315.3
14087.9
23356.8
17390.7
36190
45545.2
47800.6
59197
31139.8
27253.2
19745.6
15800.6
9987.39
6777.38
21660.3
21607
18905.8
21907.2
29189.8
25430.5
34318.3
27108.5
9199.69
6472.01
5230.31
3937.58
10815
8766.95
6695.25
5540
20803.3
21088.7
20709
16662.5
15554.8
12644.6
12531.1
14405
20109
20195.6
43149.8
44848.4
29860.7
31015.1
17978.1
15169.4
19046.4
13463.1
8876.42
9267.82
7714.5
11880.7
4066.81
5213.86
10492.4
15671
6352.43
7751.89
11324.1
20902.5
7972.67
13811.4
2983.66
8117.86
2493.55
6028.99
18760.7
23391.6
19889.1
23612.5
22661.3
22671.6
23609.1
22701.9
17343.3
23823.9
17362.7
23301.3
19833.9
23643.7
19967.7
23699.4
24129.7
22609.8
24219.6
22497.4
16191.2
24057.9
15733.8
24230.9
20924.1
25715.5
26412.9
38599.2
22212
30247.6
26209
42599.9
19832.3
22400.4
26498
36812.4
19663.1
20886.8
26814.8
36459.8
7307.44
9883.61
18919.7
34360.5
8809.88
10280.5
23793.9
38127.4
10564.5
10751.8
29364.1
41033.9
26261.7
26753.6
23556.9
24043.5
37773.5
26567
26186.3
23825.4
21595.3
44081.3
24379
25022.4
23442.1
25084.9
49085.5
2650.16
3226.17
5904.21
14637.5
3682.04
4300.59
7816.27
15743.4
5262.17
4484.58
10223.6
17158.4
25448.5
23689.2
23817.8
21947.1
21849.7
18567.4
17163.4
14485.4
13003.9
19279.8
23575.9
21590
24717
23166.8
22559
20232.9
19758.9
17216.2
13650.3
18904.9
25037.8
27783.7
25137.3
28743.9
23367.5
23650.7
23016.7
24172.4
23781.4
23990
23541.9
23184.9
25017.7
28979.7
24994.1
29060.8
22459.1
24654.5
22357.4
24696.9
23873.4
23932.7
23933
23975.1
20798.5
19687.7
13669.1
15563.1
20732.6
19271.8
13526.4
15920.8
21029.8
19563
13941.3
15496.3
21121.8
19356.7
14373.6
15462.5
1972.98
1163.22
721.307
1048.89
596.469
532.951
2804.57
1382.75
927.963
1977.91
1408.24
1081.83
2981.55
2005.46
1810.87
3385.33
2434.95
2017.84
20618.9
16545
14014.3
19632.3
16288.5
14045
14530.2
12023.7
10619.9
10596.9
7964.9
6784.42
5239.35
3279.09
2518.26
19109.9
15631.8
13198.6
20496
16459.4
13772.3
15907.2
11845.2
9657.24
10861
7398.06
5952.26
5513.25
3208.18
2308.89
28734
27547.4
31812
27959.3
32936.7
28041.8
40518.7
30044.4
21568.7
21161
21467
19355.7
24318.2
22180.6
24143.1
20045.1
23854.6
23290.9
21912.7
23020.6
28142.8
25755.7
29824.9
30513.3
33074.4
34485.1
24392.3
25542.4
21872.9
21355
26028.8
26863.6
15974.3
8448.94
15105.2
9362.43
16301.8
8519.82
15143.3
9296.91
16175
8545.12
15229.7
9705.71
14924.5
10160.9
15160.8
10037.7
21432.1
17743.5
21696.6
17951.9
24141.1
21342.1
24843.6
21409.9
20830.1
14495.3
21355.8
14119.9
22455.7
18001.6
22870.3
17831.7
25817.3
21408.6
25992.5
21200.4
20856.9
14632.2
20889
14546.7
13178.5
8522.06
11112.4
7148.62
12065.1
7581.05
10553.8
6658.75
13623.9
9070.18
11348.8
7371.5
13679.6
9365.67
11313.3
7406.6
2442.76
1246.37
4485.13
2530.89
2580.48
1490.65
4750.33
2951.3
3132.6
2203.97
5223.04
3749.4
12243.5
19728.5
8680.8
8251.33
5959.08
18956.5
12649.6
7125.18
7149.45
4870.12
20224.5
15385.2
11866.7
9015.11
5797.73
641.715
409.633
1551.26
1143.01
856.845
509.94
2016.94
1539.29
1443.25
943.6
2774.05
2153.57
18643.3
16890.3
12014.6
10611.5
7425.42
6765.78
6142.76
4972.71
4061.84
3144.04
17859.3
15228.2
13236.9
10670.9
9880.78
7877.62
7309.71
5807.31
4969.77
4338.05
13974.7
10311.2
14287.4
10335.6
17560.5
13744.9
17810.4
13938.6
11406.2
8319.27
10906.9
8134.44
14431.3
10327
14370
10334.8
17891.4
14409.1
17775.5
14424.3
11707.4
8304.02
11688.1
8405.16
8564.32
6410.66
5842.05
5385.56
8149.61
6128.14
5563.25
5014.6
8971.31
6593.36
6004.11
5690.55
9160.7
6590.33
6226.8
5762.15
862.882
704.703
552.844
3696.63
1836.4
1420.55
848.62
783.346
658.536
4115.31
2220.24
1779.14
1234.54
1277.83
1231.94
4734.24
2866.1
2401.08
14292.5
11855.8
10376.1
9006.46
7681.17
6943.57
6039.16
5229.44
4837.75
4691.91
4011.87
3632.51
5623.42
3649.51
3076.49
12506.7
10057.6
8577.85
8495.97
6814.84
5910.49
6419.2
5122.31
4461.9
5572.25
4316.91
3658.67
7046.57
4171.01
3436.84
4358.36
2350.23
1298.46
716.379
4889.53
2549.81
1370.45
740.542
4383.06
2352.94
1302.73
719.63
4990.07
2605.49
1410.08
763.138
4384.68
2339.5
1334.62
744.045
5097.74
2643.26
1475.46
803.571
5470.53
2785.71
1466.1
784.168
5594.23
2872.72
1483.95
791.18
4652.76
2491.42
1404.51
769.993
3909.18
2223.95
1302.15
728.813
4118.62
2271.83
1327.51
742.37
3632.44
2106.19
1255.61
708.587
5004.02
2651.72
1448.05
782.573
4071.26
2306.42
1327.94
741.725
5185.36
2752.99
1480.46
800.013
4136.82
2361.45
1353.2
758.401
3324.77
2025.63
1195.04
683.457
2307.93
1655.98
1069.94
637.625
3342.36
2022.54
1198.34
684.945
2403.13
1682.21
1078.72
641.946
3436.81
2033.55
1221.45
699.918
2677.07
1761.18
1109.46
657.179
3427.35
2003.03
1216.05
718.5
2922.25
1822.38
1154.01
669.25
3261.17
1965.45
1201.88
698.268
1418.69
1373.71
870.572
260.569
574.237
1226.44
796.983
257.56
1586.74
1430.6
894.207
274.35
751.773
1287.05
816.688
263.695
1916.33
1534.15
925.796
275.095
1072.77
1392.91
844.196
267.805
2342.18
1663.73
982.072
298.89
1451.67
1517.6
886.727
280.691
2667.99
1790.54
1052.96
342.464
1643.07
1624.19
927.503
292.383
2905.27
1939.11
1083.48
332.587
1632.33
1761.69
1003.95
313.378
2812.54
1875.64
1063.24
331.251
1550.29
1700.34
965.575
301.547
2950.74
1980.21
1087.42
314.037
1643.4
1808.24
1023.45
315.141
3008.44
2017.12
1108.29
318.376
1723.46
1847.9
1045.35
321.163
425.142
243.493
129.298
61.0563
17.7582
424.09
243.517
129.5
61.1714
17.7916
430.994
246.283
130.363
61.4501
17.8587
433.427
247.046
130.872
61.6922
17.9261
444.426
250.067
131.683
61.9318
17.9816
446.223
250.902
132.395
62.2796
18.0791
449.286
254.909
134.303
63.0647
18.2883
458.204
260.112
136.787
64.1071
18.5693
457.392
254.465
133.494
62.6431
18.1681
481.596
259.054
134.696
63.0199
18.2589
458.981
253.158
132.647
62.2649
18.0649
480.671
257.229
133.775
62.6368
18.1566
460.305
257.902
135.171
63.3403
18.3547
490.238
262.35
136.188
63.6368
18.4243
471.125
263.016
137.497
64.306
18.6144
501.609
266.924
138.182
64.4606
18.646
432.155
244.168
129.193
60.9589
17.7282
447.312
245.16
129.163
60.9013
17.7098
437.972
246.414
130.014
61.2556
17.803
452.309
246.926
129.808
61.1336
17.7683
450.286
250.111
131.269
61.7071
17.9175
463.292
250.147
130.93
61.54
17.8713
467.17
254.013
132.492
62.1394
18.0268
476.198
253.544
132.159
61.9969
17.9886
482.305
256.005
133.169
62.3898
18.0911
14687.9
22965
15090.8
23000.6
15593.2
22903.3
15658.1
22518.3
14479.9
20983.3
12728.3
14476.5
12966.4
15603.2
12686.5
14146.7
12873.9
14241.3
13258.7
2292.98
496.938
113.282
20.3456
14796.6
4251.79
1045.4
240.818
43.2203
13213.6
2249.56
485.04
110.325
19.7812
14708.1
4186.37
1027.53
235.943
42.0325
13012.5
2193.01
470.526
106.861
19.1555
14452.1
4088.16
1001.29
229.664
40.9257
12503.7
2069.46
441.78
100.42
18.0317
13883.3
3907.18
956.738
219.72
39.1964
11475.9
1854.61
396.477
90.7188
16.3698
12783.5
3614.86
890.598
205.672
36.8214
9680.16
1631.65
361.998
84.6461
15.4583
9915.99
2965.57
754.775
178.259
32.372
10247.8
1697.96
371.62
86.1632
15.656
10802.9
3218.78
809.882
189.229
34.105
9429.79
1605.49
358.106
84.0333
15.3779
9560.8
2841.64
724.671
171.98
31.3689
9350.81
1585.66
353.487
83.0224
15.188
9507.88
2805.32
713.822
169.903
30.9642
36967.9
53804.3
52292.6
35618.7
20247.3
21439.9
30004.2
31663.6
23996.9
27243.7
38799.3
53814.1
49343.2
66199.9
31905.2
36744.9
24708.9
26638.1
13277
14653.5
4535.01
2775.89
376.089
239.424
268.971
222.127
313.46
4099.66
3668.81
2077.56
2727.69
2366.65
936.3
1441.12
1160.1
694.754
821.903
623.689
3793.6
1699.13
837.849
722.423
1057.31
880.533
618.443
533.872
437.946
365.74
592.49
522.654
4135.07
2251.89
2652.33
1466.32
1091.48
1747.47
620.477
400.832
707.895
8768.93
7987.05
7295.17
7297.56
10790.7
5833.41
6054.53
5943.84
6038.53
6594.03
959.669
1303.77
1520.8
1643.46
1699.58
619.499
859.637
1021.51
1117.36
1161.39
695.949
965.177
1145.22
1250.19
1297.51
576.667
804.167
959.505
1052.07
1094.51
806.53
1109.08
1306.35
1419.43
1470.31
8206.42
7709.79
6854.75
6508.52
9300.74
7337.82
6761.77
5891.9
5461.82
5888.78
4543.4
4919.77
4817.37
4720.27
4842.56
5570.56
5331.91
4703.76
4287.04
4183.34
4834.15
4684.61
4148.68
3731.93
3557.95
2238.13
2753.72
2947.44
3004.72
3029.25
3269.8
3725.89
3758.56
3698.04
3690.02
2678.15
3127.46
3202.03
3154.7
3117.4
1707.28
2187.02
2416.38
2509.23
2543.35
1980.47
2463.53
2653.95
2706.01
2716.76
1546.4
2006.35
2238.34
2336.28
2370.78
7734.62
7496.73
6850.42
6677.31
9618.84
3839.89
4377.53
4472.01
4511.82
4683.04
2035.35
2566.01
2805.68
2906.57
2957.27
1777.02
2284.25
2541.53
2665.69
2727.63
2515.25
3083.31
3312.73
3416.89
3502.33
2140.93
2708.25
2981.7
3118.89
3201.03
1540.62
2020.27
2289.89
2434.56
2506.5
1342.92
1784.15
2039.53
2174.02
2234.93
1112.84
1499.66
1731.68
1852.87
1903.66
936.249
1276.74
1491.3
1609.68
1661.41
1477.41
1935.36
2181.62
2299
2348.18
1314.54
1745.41
1992.46
2119.48
2175.18
8184.5
7696.1
7081.11
7049.16
10322.3
4882.05
5293.62
5323.99
5439.82
5845.2
5860.26
6265.46
6065.58
6094.41
6950.14
3399.17
4034.26
4268.66
4415.5
4599.49
2609.57
3226.62
3500.69
3646.83
3760.11
3955.62
4532.39
4664.63
4750.17
4972.51
1545.66
2025.57
2292.35
2432.29
2500.17
1020.96
1382.31
1605.87
1728.85
1783.65
1746.41
2255.63
2521.78
2655.89
2723.9
21261.5
14278.8
21778.5
15758.9
27762.3
40970.3
29248.2
40955.8
22203.1
23153.7
19230.4
22620.6
24570.4
22925.4
32231.5
25689
16850.9
16451
8255.11
7329.48
18235.6
17279
9413.24
7931.39
22822
24402.8
22940.2
20553
23903.2
15678.2
12560
14475.3
20390.5
20297.4
43256.8
44998.5
29417.1
30941.9
19060.3
15432.1
20328.8
13728.8
9953.75
9551.13
18008.2
20404.7
7480.59
8340.42
19587.8
22993.2
9236.25
10423.2
18290.5
26585.3
10548.1
16797.1
3604.19
9177.24
2625.39
6244.17
20266.8
22908.2
20254.9
23377.4
21293.3
21344.9
22734.2
22004.8
19149.6
24146.8
21831.5
23820.2
19916.1
23532
19975.3
23664.1
23722.7
22273.4
24108.8
22396
16855.9
24223.6
15882.9
24278.3
22485.6
27632.3
27136.9
39429.3
24678.8
33228.3
27403.4
43911.1
20605.8
23384.7
26874.2
37273.8
19880.6
21174.3
26926.1
36607.5
24858
26700.8
32136.3
48542.8
24693.7
25027.4
34236.3
48930.7
23845.2
23198.2
36519.6
47976.2
20407.7
20383.7
22920.4
25747.2
41128.6
19418.3
18845.1
24233.4
23176.9
47581.2
20261.4
22039.5
22965.3
26496.1
50804.6
13325.6
11800.1
13322.8
18092.7
14656.9
13018.4
13737.1
18448.3
16277.1
13615.6
14257.9
18635.4
18367.9
16924.4
17904.8
16720.1
21996.2
19681.8
18806
16402.4
14812.8
19265.6
19552.6
18564.1
21601.1
21017.9
21749.1
19875.7
20737.2
18063
14467.6
18418
23739.9
26349.6
24573.4
28033
21561.8
22024
22205.9
23395.7
23673.8
23738.5
23247.8
22737.1
24765.8
28666
24922.1
28972.8
22097.9
24293.4
22253.3
24594.2
23824.8
23824.4
23916.8
23945
21035.9
19764.4
13949.6
15690.8
21168.4
19438.8
14053.8
16059.1
21146.7
19607.2
14082.4
15580.1
21156.8
19371.3
14419.6
15491.2
10531.6
10730.5
4759.79
4291.15
11762
11265.4
5327.62
5017.98
11381.6
10377.6
5999.69
5690.69
15924
14876.9
16271.3
15866.2
17063.7
15978.6
13491.2
11585.1
7173.98
5684.56
17869.2
16435.2
20127.5
18560.8
16870.5
14893.5
12734.9
10340.2
6512.13
4544.16
23269.8
21625.9
29568.8
25119.7
26823.2
23316.1
38074
27786.4
20803.2
16435.8
23194.9
17610.1
20606.4
16762.6
23304.1
17940.9
21667.7
18605
19315.2
17455.5
20971.4
22901.3
28481.5
30124.4
32122.7
34238.5
23125.5
25132.4
20667.7
21016.1
24397.1
26319.6
12860
9106.63
13525.3
9406.03
13191
9054.33
13801.9
9307.04
13171.3
8952.18
13904
9590.09
14111
9991.78
14877
9969.31
17415.4
16428
19737.5
17135.1
20639
19402.2
23064
20358.1
18825.3
14072.8
17402.5
13661.3
21502.5
17567.7
22591.4
17699.5
25004.7
20892.1
25767
21047.1
19838.2
14371.2
20581.1
14463.5
12592
8674.86
11107
7350.4
11726.7
8263.32
10849.1
7188.16
13215.7
9063.9
11290.2
7444.05
13543.7
9349.82
11289.5
7427.12
11962.4
11513
8389.46
7574.9
12114.1
11667.9
8266.92
7521.78
12080.3
11268.1
8086.85
7483.49
14825.1
18201.8
15078.7
10791.6
7808.85
16703
15066.8
16066.6
10601.3
7460.75
18546.9
15683.2
13271.4
10682.2
7015.86
11137.3
10935.3
7167.53
7152.24
11144.1
10801.2
7147.44
7110.71
10529
9984.26
6952.43
6630.71
16079.4
14495.3
13868.1
12525
13575.1
12961.1
10110.4
9796.1
6824.02
6300.98
16312.5
14141.6
13901.6
11736
11810.2
10240.5
9546.94
8534.05
6383.73
6059.87
13732
10668.5
13973.1
10374.4
16476.9
13171.4
17161.9
13582.4
11427.3
8638.99
11343.6
9080.68
14226.1
10301.7
14303.6
10319.9
17565.7
14214.8
17678.2
14365.5
11645.2
8396.17
11657.8
8419.72
8830.49
6874.58
6143.05
5824.27
8940.23
7274.32
6246.35
6006.63
9039.84
6756.96
6123.86
5890.89
9173.25
6630.05
6262.06
5818.44
11765.3
11456
14090.3
12092.8
11530.2
11231.6
13559.1
11580.8
10301.3
10298.2
12518
10746.9
13309.4
12336.8
11392.2
10669.1
12194.6
11907.4
10114.3
9592.3
11491.9
9677.63
12319.8
11111.2
10159.2
9419.96
9380.23
9071.38
9043.23
8414.74
10924.8
8578.65
5308.82
2912.66
1580.51
853.963
5515.76
3006.73
1621.21
867.378
5240.02
2872.82
1560.13
844.059
5495.46
2993.53
1626.07
873.833
5115.22
2794.61
1564.17
855.966
5478.76
2951.89
1656.69
899.087
5666.26
2972.02
1581.25
846.404
5654.69
2935.89
1522.57
812.508
4997.3
2739.1
1551.93
850.456
4153.69
2404.08
1410
789.495
4729.04
2644.4
1529.98
846.786
4067.04
2394.22
1407.55
786.382
5174.32
2793.45
1537.22
832.527
4194.19
2405.23
1392.68
780.745
5234.75
2799.2
1510.36
817.114
4174.03
2393.04
1374.8
771.637
4906.82
2746.4
1523.15
836.626
4315.69
2516.35
1445.1
805.673
4809.79
2703.13
1506.6
827.841
4254.84
2492.75
1433.43
801.379
4682.07
2635.17
1499.65
830.042
4223.53
2464.9
1424.42
798.616
4373.83
2503.74
1455.33
833.215
4113.52
2414.32
1423.2
787.243
3952.52
2371.84
1398.69
790.802
3550.86
2294.93
1229.45
346.255
2484.88
2160.59
1168.65
354.613
3568.6
2295.2
1235.25
358.39
2556.05
2162.1
1169.53
356.653
3610.97
2286.08
1224.71
346.754
2660.2
2155.18
1156.72
350.151
3573.79
2261.54
1239.13
363.715
2642.55
2132.17
1151.61
352.151
3405.2
2211.21
1256.21
401.25
2339.55
2075.66
1138.07
351.555
3111.72
2103.2
1188.6
366.766
1787.67
1940.69
1106.29
345.226
3210.68
2147.06
1215.62
377.237
1893.12
1996.91
1117.94
346.413
3048.19
2067.58
1148.26
334.094
1705.57
1901.25
1080.71
333.505
3035.9
2044.41
1127.96
324.97
1738.27
1876.17
1063.43
327.049
498.002
278.696
145.162
67.5997
19.5159
490.482
276.755
144.686
67.4695
19.4864
497.711
278.237
144.773
67.4002
19.4579
491.514
275.924
144.076
67.1745
19.4024
504.83
278.149
144.306
67.1441
19.383
495.163
274.734
143.282
66.8038
19.2981
482.292
271.298
141.846
66.2116
19.1377
470.226
266.245
139.632
65.2986
18.8913
501.497
275.919
143.206
66.6687
19.2523
522.258
278.01
143.201
66.5385
19.2064
515.401
278.805
144.1
66.9892
19.3352
533.572
280.185
143.961
66.8344
19.2853
489.022
272.468
141.841
66.1188
19.1044
516.263
275.059
141.958
66.0365
19.0717
480.97
268.022
139.808
65.273
18.8758
510.472
271.317
140.192
65.2997
18.8728
515.376
281.761
145.759
67.7398
19.5453
544.233
284.646
146.19
67.8301
19.5635
516.677
281.581
145.513
67.6042
19.5051
544.901
284.437
145.997
67.7274
19.5332
522.536
281.53
145.098
67.3775
19.4389
547.833
284.053
145.594
67.5244
19.4747
533.83
281.909
144.726
67.1584
19.3742
552.017
283.149
145.032
67.2658
19.4021
545.216
281.595
144.423
67.0132
19.3331
16211.9
21694.6
16226.1
21620.6
16249.3
21444.4
15758.5
20958.1
14440.5
19629.2
12831.6
14500.8
13092.7
15451.1
12753.4
14193
12896.8
14260
13028.8
2217.59
479.483
109.653
19.7657
14025.6
4070.79
1006.22
232.932
41.9721
12915.8
2171.64
467.908
106.839
19.2302
13901.3
4003.48
988.853
228.304
40.8461
12629.9
2113.29
454.237
103.65
18.6557
13621.5
3907.41
964.365
222.546
39.8347
12095.9
1998.06
428.072
97.7839
17.6262
13106.6
3744.67
924.477
213.612
38.2709
11189.5
1807.67
387.472
88.9683
16.0987
12203.4
3493.96
866.45
201.079
36.1256
9672.67
1626.8
360.397
84.2435
15.3882
9888.31
2948.37
749.639
177.063
32.1721
10166
1679.39
367.273
85.2301
15.5049
10633.5
3162.6
796.66
186.519
33.6812
9441.75
1605.46
357.716
83.899
15.3518
9571.74
2839.82
723.432
171.61
31.2998
9357.23
1586.05
353.438
82.9934
15.1817
9515.08
2805.95
713.695
169.835
30.9496
36601.8
53758.4
51872.7
34429.8
26184
32065
25152
31895.7
30237.1
49883.8
32331.8
51275.9
22.0072
27.8531
41.054
64.438
103.094
164.867
26.6651
33.3266
48.2347
74.2016
115.796
179.589
18.7158
17.1543
24.4218
23.1455
37.4861
37.0879
61.061
63.0295
99.8465
105.482
158.383
163.115
261.942
410.582
637.162
979.2
1401.75
1710.63
274.143
408.605
590.917
817.103
1047.3
1199.06
58.3498
84.227
104.055
117.272
123.832
73.7185
106.098
130.677
146.91
154.914
108.364
155.266
190.36
213.219
224.377
169.504
241.508
294.418
328.292
344.626
269.968
381.848
462.155
512.462
536.368
429.015
600.75
720.147
792.869
826.848
70.5989
101.669
125.302
140.943
148.667
88.0534
126.374
155.207
174.093
183.351
127.04
181.384
221.604
247.539
260.113
194.662
276.161
335.258
372.65
390.545
302.29
425.478
512.591
566.482
591.909
465.862
649.18
774.771
850.415
885.596
49.6768
71.8368
88.9144
100.36
106.064
45.5584
65.9447
81.7031
92.2961
97.5856
64.7116
93.3134
115.156
129.665
136.848
61.3629
88.5639
109.395
123.27
130.151
99.0747
142.259
174.789
196.109
206.561
98.0728
140.939
173.311
194.578
205.019
160.862
229.752
280.756
313.627
329.547
166.121
237.424
290.312
324.448
340.992
261.932
371.53
450.864
500.903
524.771
276.821
392.859
476.938
529.976
555.259
413.165
580.752
698.521
770.792
804.645
425.942
599.588
721.993
797.168
832.328
675.337
932.145
1102.77
1203.02
1249.17
1044.36
1412.39
1641.85
1771.34
1831.25
1588.93
2087.57
2371.33
2526.02
2603.18
2371.45
2990.19
3297.13
3466.07
3575.59
3270.98
3921.25
4185.96
4353.3
4527.13
3902.42
4535.22
4749.34
4911.78
5141.52
705.263
970.225
1144.52
1246.3
1293.13
1039.91
1407.4
1636.96
1766.68
1826.57
1483.36
1967.08
2250.28
2405.76
2480.33
2017.19
2611.52
2933.43
3107.96
3200.67
2541.37
3212.02
3547.48
3732.23
3847.43
2879.09
3586.39
3922.65
4112.56
4245.46
22.2651
28.7058
42.7553
67.4636
108.208
173.134
26.965
34.3005
50.1088
77.3577
120.728
186.758
18.9511
17.3843
25.2187
23.9428
39.1479
38.8214
64.2003
66.5057
105.504
111.93
168.536
175.822
273.951
425.132
651.397
988.02
1403.76
1710.31
283.565
419.383
601.251
824.753
1051.29
1200.17
59.0462
85.263
105.376
118.8
125.469
76.0227
109.531
135.058
151.981
160.35
112.968
162.139
199.152
223.414
235.316
177.711
253.805
310.203
346.645
364.347
283.89
402.824
489.226
544.066
570.4
451.642
635.119
764.832
845.325
883.502
71.4102
102.88
126.85
142.737
150.592
90.6902
130.313
160.251
179.946
189.633
132.123
189.001
231.383
258.911
272.332
203.247
289.081
351.916
392.083
411.464
315.764
445.889
539.07
597.518
625.402
485.575
679.336
814.24
896.984
936.031
50.3111
72.7787
90.1129
101.744
107.545
46.1783
66.8641
82.8717
93.6442
99.028
66.8619
96.5093
119.226
134.37
141.886
63.513
91.7563
113.457
127.96
135.171
103.565
148.947
183.325
205.991
217.153
102.754
147.904
182.193
204.851
216.026
169.363
242.455
297.021
332.501
349.805
175.528
251.47
308.284
345.289
363.353
277.308
394.637
480.609
535.561
562.051
294.353
419.228
510.912
569.587
597.883
440.849
622.557
752.57
833.967
872.715
460.474
651.467
788.755
874.941
915.987
708.56
983.392
1170.31
1283.1
1336.11
1085.52
1477.84
1730.3
1878.08
1948.26
1631.25
2159.03
2472.23
2651.44
2742.92
2402.02
3049.6
3388.26
3585.33
3712.53
3284.26
3955.94
4245.46
4436.24
4626.42
3905.15
4545.87
4769.39
4941.07
5177.64
731.451
1010.91
1198.5
1310.63
1363.17
1070.44
1456.05
1702.89
1846.42
1914.1
1513.63
2017.4
2320.67
2492.78
2576.99
2041.09
2654.09
2995.79
3187.4
3290.41
2555.3
3239.28
3589.52
3787.51
3911.08
2883.43
3595.56
3937.32
4132.26
4268.44
4518.53
2770.72
397.132
255.115
299.76
242.739
339.769
3932.63
3571
2110.25
2713.31
1024.08
1532.9
777.154
906.655
695.448
3699.24
1727.15
904.736
771.955
1103.92
914.768
641.164
570.057
498.938
411.818
655.98
570.296
4088.61
2243.95
2622.59
1472.41
1111.86
1759.91
651.761
434.479
747.413
8751.68
7996.39
7329.07
7360.88
10911.2
5829.59
6065.11
5971.03
6083.34
6654.68
1018.66
1396.35
1644.46
1791.37
1860.92
662.624
925.51
1107.53
1218.63
1270.92
779.497
1090.4
1306
1437.2
1498.55
632.76
888.597
1068.31
1178.94
1231.04
879.048
1220.24
1451.86
1590.95
1655.93
8195.72
8261.5
7859.27
7886.43
11247.8
7606.99
7826.82
7591.53
7636.89
8402.62
4770.04
5489.04
5724.62
5897.24
6186.85
6133.64
6735.43
6691.28
6741.4
6904.82
2511.77
3227.83
3612.12
3818.19
3925.7
3613.96
4397.53
4740.93
4923.2
5051
1950.06
2586.61
2961.83
3167.29
3263.59
2255.39
2953.76
3347.21
3556.51
3655.3
1759.27
2360.37
2726.11
2928.51
3021.01
7678.05
7731.31
7376.21
7450.28
10797.8
3981.03
4706.1
4997.35
5202.89
5482.18
2238.04
2910.7
3287.55
3497.08
3609.14
1924.29
2530.91
2884.65
3085.83
3191.5
2669.2
3367
3728.25
3940.8
4091.02
2247.89
2897.2
3254.24
3460.72
3583.71
1607.84
2132.88
2447.69
2629.43
2722.79
1446.42
1950.56
2265.5
2446.97
2534.09
1280.75
1756.24
2066.17
2246.07
2328.82
1062.15
1467.24
1737.75
1897.88
1972.12
1659.81
2228.85
2578.36
2775.65
2868.9
1449.99
1961.21
2282.91
2467.89
2555.58
8143.34
7743.21
7209.15
7268.64
10722.2
4884.03
5335.73
5412.33
5574.7
6018.92
5862.16
6404.83
6354.12
6524.08
7520.23
3434.87
4124.2
4420.77
4624.94
4848.26
2680.75
3365.27
3712.25
3921.67
4074.36
4036.01
4740.38
5014.59
5225.67
5534.09
1637.28
2177.09
2502.34
2689.45
2784.24
1114.98
1529.05
1800.62
1960.51
2035.51
1863.92
2452.91
2797.35
2994.64
3098.82
4240.38
4134.82
3928.11
3528.94
2761.48
1129.85
21333.8
21586.9
23833.8
24813.9
20456
21341.1
22445.5
21345.7
17993.9
24061.9
18525.4
24451
21177.7
18899.6
31281.7
20183.5
20265.3
22147.6
22823.6
18977.5
19863.1
21147.1
20349.7
17752.3
29079.2
18166.8
28503.8
21272.8
23481.4
33512.9
18755
18685.2
19906.5
20273.9
17689.6
19098.6
19327.5
19143.1
20152.1
25019.1
20885.7
24791.5
22948.6
25911.4
29453.1
17296.8
17252.3
17644
17812.2
16681.1
18334.9
17271.8
17420.4
18319.6
21221.1
18999.9
20406.4
20284.6
22406.7
24457.1
15848.6
15842.6
15955.2
16020.4
15862.2
17622.2
15749.7
16087.9
16840.4
16710
17535.3
15747.5
17947
17774.6
19177.6
15109.3
15160.3
14772.6
14795.9
15071.8
16386.1
14718.6
14962.6
15657.7
13711.6
16091.3
13185.2
16139.8
14735.5
16643.9
22491.8
21412
24244
25739.7
20343.5
20020.5
22198.8
20836.5
19071.9
13333.6
18926
13387.9
16599.2
14834.9
17350
20782.9
19989.4
21953.2
22961.5
19287.9
19172.3
20553.7
19406.6
17082.7
12344
16980.1
12433.4
14621.9
12777.9
15343.6
18419.1
17929.1
19087.1
19612.3
17481
17371
18334.4
17580.3
15414.4
11416.2
15101.4
11191.1
13271.1
10996.1
14255.4
15874.8
15576.9
16570.3
16840
15247
15061.7
16242.2
15616.6
13474.5
10776.9
13283.5
10563.9
11813.7
10353.3
13402.2
14206.9
13997.7
14922.2
15081
13579.2
13397.9
14775.3
14317.3
12343.3
10838.1
12202.6
10726.8
11126.1
10258.6
12967
12985.5
12801.7
13844.2
13961
12512
12576.1
13688.7
13430.5
11666.2
10848.8
11600.9
10812.6
10709.1
10338.7
12956.7
13063.1
7417.18
21305.5
14095
23380.5
17374.6
36221
45559.6
47857.4
59224.1
31196.5
27252.7
19755.4
15831.8
9696.71
6471.14
21662.9
21609.2
18903.3
21907.8
29204
25436.5
34327
27113
9012.31
6336.82
5054.13
3817.13
10782
8755.32
6692.38
5555.9
20796.9
21082.4
20706.8
16662.5
15549.4
12648
12531.9
14406.6
20110.6
20197.3
43157.4
44853.8
29864.3
31017.6
17979
15171.2
19048
13464.6
8877.64
9269.09
7575.21
11702.1
3958.16
5089.3
10495.1
15687
6370.18
7773.25
11325.8
20910.6
7980.29
13821.4
2985.33
8121.72
2494.12
6030.46
18761.6
23392.6
19890.4
23613.5
22664.2
22673.1
23611.5
22703.1
17345.4
23825.2
17362.6
23302.3
19835.1
23644.7
19968.8
23700.3
24131.5
22610.6
24220.7
22497.9
16192.6
24059.2
15735
24232.2
20926.4
25720.3
26415
38602.4
22213.8
30252.7
26211.1
42603.7
19834.5
22403.8
26500
36815.2
19665.2
20889.7
26816.8
36462.6
7201.38
9781.11
18693.2
34119
8816.76
10284.8
23814.4
38153.2
10567.7
10754.5
29373.3
41043.7
26261.4
26754.2
23556.2
24044.9
37778.9
26567.3
26185.8
23824
21596
44087.1
24379.8
25022.8
23442.6
25086.9
49090.1
2603.1
3191.84
5790.86
14511.3
3687.42
4306.59
7832.73
15757.9
5264.73
4485.89
10228.8
17161.5
25448.4
23689
23817.3
21946.7
21848.6
18566.8
17164.4
14486.3
13006.5
19281.6
23576
21589.9
24717
23166.8
22559.4
20233.2
19760.3
17217.3
13651.9
18906.1
25038.3
27783.8
25137.8
28744
23367.9
23650.6
23017
24172.3
23782.2
23990.6
23542.7
23185.4
25018.2
28979.8
24994.5
29060.9
22459.3
24654.4
22357.5
24696.7
23874.2
23933.2
23933.8
23975.6
20799.6
19688.5
13670.1
15563.9
20733.8
19272.8
13527.6
15921.8
21030.8
19563.8
13942.2
15497.1
21122.8
19357.4
14374.4
15463.3
1949.29
1146.3
708.643
1046.44
591.757
527.226
2815.08
1387.88
929.502
1986.64
1413.1
1083.82
2981.96
2006.07
1811.56
3386.15
2436.28
2019.08
20618.8
16545.2
14014.7
19632.3
16289.1
14045.7
14530.5
12024.5
10620.8
10597.5
7965.74
6785.36
5239.95
3279.81
2518.94
19109.8
15631.9
13198.9
20496.1
16459.8
13773
15907.6
11845.8
9657.94
10861.6
7398.65
5952.92
5513.74
3208.62
2309.26
28738.6
27548.6
31815.2
27960.5
32952.1
28047.7
40532.2
30049.6
21378.7
21102.1
21239.7
19283.5
24283.7
22149.6
24105.1
20015.1
23848.5
23285.6
21912.5
23018.4
28124.1
25739.1
29825.8
30513.5
33078.2
34487.2
24390.1
25541.2
21871.8
21353.8
26020.5
26859.6
15976.7
8453.98
15100.7
9369.29
16281.7
8514.46
15126.2
9292.62
16161.7
8540.05
15218.1
9700.48
14917.9
10156.9
15157.3
10035.2
21430
17742.9
21695.3
17951.4
24143.1
21342.9
24845.4
21410.4
20824.1
14493.8
21348.1
14118.1
22455
18001.1
22869.6
17831.1
25818.6
21408.8
25993
21200.4
20853.3
14631
20886.7
14545.6
13175
8519.31
11110.5
7147.15
12061.3
7578.33
10551.6
6657.14
13621.3
9067.85
11347.2
7370.24
13677.7
9363.89
11312
7405.54
2431.81
1233.44
4472.4
2515.74
2580.61
1491.4
4749.93
2951.89
3131.5
2203.64
5221.25
3748.62
12244.1
19729.7
8680.26
8249.52
5957.38
18957.3
12649.8
7124.96
7148.08
4868.96
20225.2
15385.1
11865.4
9013.29
5796.33
629.795
397.29
1536.16
1132.86
857.758
509.745
2017.15
1538.93
1443.33
943.906
2773.79
2153.64
18643.5
16890.1
12014.3
10611
7424.93
6765.2
6141.89
4972.23
4061.14
3143.73
17859.5
15228.1
13236.6
10670.5
9879.95
7877.03
7308.64
5806.69
4968.83
4337.41
13974.3
10310.7
14287
10335.2
17560.7
13744.8
17810.5
13938.5
11405.3
8318.61
10905.9
8133.74
14430.9
10326.6
14369.5
10334.4
17891.4
14408.9
17775.3
14424
11706.7
8303.43
11687.3
8404.58
8563.26
6409.96
5841.13
5384.78
8148.43
6127.41
5562.24
5013.82
8970.38
6592.7
6003.31
5689.81
9159.86
6589.74
6226.07
5761.49
847.029
692.475
543.479
3673.29
1818.14
1404.03
847.194
782.744
658.535
4113.6
2220.16
1779.24
1234.8
1278
1232.05
4734
2866.2
2401.23
14292.3
11855.7
10376.1
9006.04
7680.87
6943.37
6038.59
5229.03
4837.45
4691.55
4011.6
3632.28
5622.84
3649.34
3076.43
12506.5
10057.5
8577.86
8495.62
6814.59
5910.32
6418.75
5122.01
4461.69
5571.73
4316.6
3658.46
7045.59
4170.67
3436.65
4358.22
2349.69
1297.89
715.942
4888.25
2548.17
1369.5
739.981
4381.82
2352.48
1302.51
719.539
4989.19
2605.16
1409.91
763.058
4383.27
2339
1334.38
743.935
5096.26
2642.76
1475.23
803.457
5469.05
2785.18
1465.86
784.053
5593.07
2872.24
1483.73
791.068
4651.57
2490.9
1404.26
769.869
3908.37
2223.51
1301.91
728.684
4117.5
2271.33
1327.26
742.247
3631.6
2105.74
1255.37
708.458
5002.89
2651.21
1447.8
782.447
4070.51
2306
1327.71
741.596
5184.4
2752.54
1480.23
799.893
4136.17
2361.07
1352.98
758.279
3323.22
2025.34
1194.81
683.15
2305.05
1655.17
1069.75
637.439
3341.58
2022.16
1198.14
684.858
2402.63
1681.94
1078.58
641.879
3435.89
2033.13
1221.23
699.814
2676.46
1760.85
1109.27
657.085
3426.48
2002.6
1215.81
718.372
2921.55
1822
1153.8
669.137
3260.4
1965.03
1201.64
698.133
1416.84
1372.98
870.569
260.641
573.096
1225.18
796.549
257.428
1586.37
1430.42
894.066
274.297
751.426
1286.97
816.624
263.676
1915.94
1533.89
925.643
275.044
1072.55
1392.69
844.074
267.766
2341.68
1663.4
981.891
298.835
1451.4
1517.31
886.568
280.641
2667.43
1790.16
1052.75
342.4
1642.77
1623.86
927.321
292.327
2904.75
1938.73
1083.28
332.527
1632.07
1761.35
1003.76
313.317
2811.98
1875.25
1063.03
331.191
1550.02
1699.99
965.381
301.488
2950.27
1979.86
1087.23
313.984
1643.19
1807.92
1023.26
315.084
3008.03
2016.81
1108.11
318.327
1723.27
1847.61
1045.18
321.11
424.785
243.337
129.241
61.0357
17.7531
423.675
243.322
129.424
61.1436
17.7846
430.968
246.26
130.35
61.4444
17.8571
433.392
247.021
130.859
61.6863
17.9245
444.378
250.038
131.668
61.925
17.9797
446.171
250.872
132.38
62.2726
18.0771
449.225
254.876
134.286
63.0569
18.2861
458.142
260.077
136.769
64.0991
18.567
457.325
254.432
133.477
62.6354
18.1659
481.513
259.016
134.678
63.0117
18.2566
458.917
253.125
132.631
62.2576
18.0629
480.59
257.192
133.757
62.629
18.1543
460.234
257.865
135.153
63.3321
18.3524
490.152
262.311
136.169
63.6283
18.4218
471.055
262.979
137.478
64.2977
18.6121
501.526
266.886
138.164
64.4521
18.6436
431.804
244.036
129.146
60.9424
17.724
447.002
245.048
129.124
60.8873
17.7063
437.951
246.392
130.002
61.2503
17.8016
452.295
246.905
129.796
61.1286
17.7669
450.238
250.084
131.255
61.7006
17.9157
463.244
250.12
130.916
61.5338
17.8696
467.103
253.98
132.475
62.1322
18.0247
476.131
253.512
132.143
61.9898
17.9866
482.226
255.97
133.152
62.3822
18.0889
14623.8
22893
15094.4
23003.9
15595.4
22904.8
15659.6
22519.3
14481
20984.2
12729.1
14477.3
12967.3
15604
12687.2
14147.4
12874.6
14242
13250.3
2278.87
493.141
112.384
20.1835
14781.1
4244.38
1043.06
240.226
43.1082
13209.8
2250.55
485.228
110.355
19.7849
14705.8
4185.45
1027.19
235.841
42.0123
13011.6
2193.12
470.544
106.859
19.1541
14451.6
4087.87
1001.17
229.622
40.9164
12503.7
2069.49
441.778
100.416
18.0304
13883.4
3907.12
956.697
219.702
39.1922
11476.3
1854.65
396.482
90.7182
16.3694
12783.8
3614.91
890.596
205.667
36.8198
9680.64
1631.73
362.013
84.6491
15.4587
9916.48
2965.7
754.803
178.264
32.3727
10248.2
1698.03
371.632
86.165
15.6562
10803.4
3218.88
809.9
189.231
34.1049
9430.27
1605.57
358.123
84.0368
15.3785
9561.29
2841.78
724.703
171.987
31.37
9351.3
1585.74
353.505
83.0262
15.1887
9508.37
2805.47
713.857
169.91
30.9655
36969.2
53809.8
52302.2
35621.2
19937.7
21057
30004.8
31655.1
24029.8
27274.6
38833.1
53844.1
49397.4
66244.4
31950.2
36789.3
24677.1
26598.1
12778.2
14081.4
4534.93
2775.82
376.061
239.403
268.948
222.107
313.434
4099.62
3668.75
2077.51
2727.65
2366.64
936.257
1441.07
1160.06
694.716
821.865
623.653
3793.57
1699.08
837.807
722.382
1057.26
880.488
618.405
533.837
437.914
365.712
592.454
522.619
4135.01
2251.83
2652.28
1466.27
1091.43
1747.42
620.439
400.802
707.854
8768.68
7986.63
7294.61
7296.81
10789.3
5833.2
6054.19
5943.38
6037.93
6593.26
959.591
1303.65
1520.65
1643.28
1699.38
619.442
859.553
1021.4
1117.23
1161.25
695.887
965.082
1145.1
1250.05
1297.36
576.613
804.086
959.401
1051.95
1094.38
806.46
1108.97
1306.21
1419.27
1470.14
8206.23
7709.4
6854.17
6507.75
9299.25
7337.63
6761.43
5891.45
5461.25
5888.01
4543.24
4919.5
4816.98
4719.77
4841.96
5570.42
5331.67
4703.45
4286.67
4182.92
4834.07
4684.43
4148.45
3731.67
3557.67
2238.01
2753.53
2947.19
3004.42
3028.91
3269.66
3725.67
3758.26
3697.68
3689.61
2678.04
3127.28
3201.79
3154.42
3117.1
1707.18
2186.86
2416.17
2508.98
2543.07
1980.36
2463.36
2653.73
2705.75
2716.47
1546.3
2006.19
2238.14
2336.05
2370.52
7734.43
7496.33
6849.84
6676.51
9617.33
3839.73
4377.26
4471.63
4511.32
4682.45
2035.23
2565.83
2805.43
2906.27
2956.93
1776.9
2284.07
2541.29
2665.41
2727.31
2515.12
3083.1
3312.43
3416.52
3501.91
2140.8
2708.05
2981.42
3118.56
3200.66
1540.52
2020.11
2289.67
2434.3
2506.2
1342.82
1784
2039.33
2173.79
2234.67
1112.75
1499.53
1731.51
1852.67
1903.44
936.172
1276.63
1491.15
1609.51
1661.22
1477.31
1935.2
2181.42
2298.75
2347.92
1314.44
1745.26
1992.27
2119.25
2174.93
8184.28
7695.7
7080.54
7048.39
10320.8
4881.86
5293.31
5323.56
5439.25
5844.49
5860.07
6265.11
6065.08
6093.74
6949.2
3399.01
4033.99
4268.3
4415.03
4598.94
2609.43
3226.4
3500.38
3646.44
3759.66
3955.46
4532.11
4664.24
4749.65
4971.88
1545.55
2025.41
2292.13
2432.02
2499.88
1020.87
1382.19
1605.71
1728.66
1783.44
1746.3
2255.45
2521.54
2655.6
2723.58
21226.3
14193.8
21783.4
15785.6
27746
40923.9
29312
41054.4
22203.2
23153.4
19234.6
22621.3
24563.5
22922.3
32214.8
25684.7
16783.6
16377.2
8161.69
7231.2
18245.7
17287.1
9442.09
7967.37
22828.2
24405.1
22939.6
20554
23910.2
15696
12561.2
14476.7
20391.4
20298.9
43256.2
45001.9
29415.8
30943
19065.6
15434.7
20332.5
13730.9
9960.11
9553.49
17918.5
20283.3
7377.11
8222.98
19596.9
23012.5
9266.07
10452.1
18298.4
26596.1
10564
16812.1
3608.16
9183.11
2626.42
6246.03
20267.9
22908.6
20257.1
23378.1
21291.7
21344
22732.8
22004.3
19156.4
24148.6
21835.7
23822
19917.3
23532.7
19976.3
23664.9
23722.3
22273.3
24109.3
22396.3
16859.3
24225.3
15884.5
24279.7
22490.2
27639.2
27139.9
39433.5
24682.7
33235
27406.5
43916
20609.3
23389.4
26876.7
37277.2
19883.1
21177.5
26928.2
36610.5
24803.4
26683.8
32031.7
48457.4
24690.1
25015.1
34252.6
48950.4
23847.4
23197.4
36527.4
47983
20408
20382.4
22922.2
25749.7
41134.1
19417.1
18845.5
24234
23178.4
47586.2
20260.5
22039.8
22966.7
26498.7
50809.8
13341.3
11807.8
13293.4
18058.4
14649
13011.7
13747.9
18456.4
16275.5
13614.3
14260.2
18637
18367.2
16924
17904.8
16719.9
21995.6
19680.8
18806.8
16402.5
14814.3
19266.7
19551.9
18563.6
21601.1
21017.7
21749.8
19876
20738.7
18063.8
14469.1
18419
23740
26349.5
24573.6
28032.9
21561.2
22023.3
22205.4
23395.1
23674.7
23739.1
23248.8
22737.7
24766.1
28665.9
24922.4
28972.8
22097.6
24293
22253.2
24593.9
23825.6
23824.9
23917.6
23945.5
21037.3
19765.4
13950.8
15691.8
21170
19439.9
14055.2
16060.2
21147.9
19608.1
14083.4
15581
21157.9
19372.1
14420.5
15492
10537.5
10747.8
4813.56
4339.67
11752.8
11254.4
5330.77
5018.31
11380.3
10376.6
5999.69
5690.94
15923.8
14876.8
16271.1
15865.9
17062.8
15977.9
13491
11584.8
7174.08
5684.65
17868.9
16435
20127.3
18560.6
16870.4
14893.3
12735.1
10340.2
6512.32
4544.23
23263.7
21621.9
29559.2
25114.5
26812.9
23311.3
38051.1
27779.3
20842.8
16456.2
23231.4
17627.3
20604.4
16759.5
23303.2
17939.7
21663.2
18601.4
19311.4
17452.6
20967.8
22897.9
28478.2
30123.1
32120
34238.7
23121.9
25130.3
20665.2
21014.6
24393.7
26316.5
12874.6
9116.02
13538.3
9416.86
13189.7
9056.07
13801.3
9308.96
13170
8952.05
13902.8
9589.92
14109.5
9990.97
14874.9
9967.83
17412.9
16426.2
19734.7
17133.5
20636.1
19400.3
23060.8
20356.6
18822.9
14071.4
17400.2
13659.8
21500.5
17566.5
22590.2
17698.7
25003.1
20891.2
25766.7
21046.7
19836.1
14370
20579.2
14462.4
12590.5
8674.19
11106
7349.69
11725.4
8262.8
10848.1
7187.56
13214.1
9062.94
11289.1
7443.25
13542.1
9348.49
11288.3
7426.21
11973.4
11520.9
8397.44
7582.13
12112
11665.9
8267.76
7522.27
12079
11266.9
8086.57
7483.1
14823.5
18200
15077
10790.5
7808.35
16701.5
15065.3
16064.9
10600.2
7460.27
18545.2
15681.6
13270
10681.2
7015.35
11143.3
10947.3
7180.24
7180.38
11141.9
10793.8
7147.37
7108.19
10528
9983.56
6952.04
6630.54
16078.5
14494.9
13867.1
12524.5
13574
12960.4
10109.6
9795.56
6823.57
6300.65
16311.4
14141
13900.5
11735.3
11809.1
10239.8
9546.16
8533.48
6383.24
6059.45
13730.9
10667.7
13972.1
10373.7
16475.9
13170.7
17161.1
13581.8
11426.3
8638.32
11342.6
9079.99
14225.3
10301.1
14303
10319.5
17565.1
14214.3
17677.8
14365.2
11644.4
8395.56
11657
8419.13
8829.71
6874.01
6142.49
5823.76
8939.44
7273.75
6245.83
6006.16
9039.05
6756.39
6123.26
5890.33
9172.45
6629.48
6261.41
5817.84
11774.5
11465.1
14103.1
12110.9
11514.9
11218.1
13553.7
11577.7
10300.6
10297.5
12517.6
10746.7
13309.2
12336.7
11392
10668.9
12194.1
11906.9
10113.9
9591.91
11491.5
9677.32
12319.4
11111
10158.8
9419.66
9379.75
9071.01
9042.76
8414.37
10924.1
8578.25
5313.22
2914.48
1581.04
854.031
5519.51
3008.23
1621.84
867.571
5240.31
2872.86
1560.1
844.048
5496.07
2993.67
1626.09
873.823
5115.24
2794.57
1564.13
855.936
5478.79
2951.85
1656.64
899.047
5665.92
2971.83
1581.14
846.34
5653.94
2935.55
1522.39
812.415
4997
2738.93
1551.83
850.399
4153.32
2403.85
1409.87
789.42
4728.84
2644.28
1529.91
846.743
4066.75
2394.06
1407.44
786.32
5173.82
2793.18
1537.08
832.446
4193.72
2404.95
1392.52
780.653
5234.02
2798.83
1510.17
817.01
4173.47
2392.7
1374.61
771.528
4911.83
2748.36
1523.82
836.689
4320.76
2517.94
1445.79
805.845
4809.95
2703.15
1506.58
827.834
4254.82
2492.81
1433.44
801.385
4682.05
2635.15
1499.61
830.02
4223.44
2464.89
1424.4
798.602
4373.66
2503.66
1455.27
833.169
4113.36
2414.27
1423.15
787.207
3952.29
2371.72
1398.61
790.741
3558.07
2296.65
1230.15
346.513
2494.7
2162
1168.96
354.642
3568.39
2295.35
1235.26
358.375
2555.45
2162.3
1169.59
356.665
3610.81
2286.1
1224.7
346.74
2659.94
2155.21
1156.73
350.149
3573.62
2261.48
1239.09
363.699
2642.37
2132.12
1151.59
352.14
3404.99
2211.09
1256.14
401.227
2339.4
2075.57
1138.02
351.537
3111.44
2103
1188.49
366.736
1787.52
1940.51
1106.18
345.193
3210.43
2146.91
1215.54
377.213
1892.98
1996.77
1117.86
346.388
3047.87
2067.33
1148.13
334.059
1705.42
1901.04
1080.59
333.465
3035.54
2044.13
1127.8
324.927
1738.1
1875.91
1063.28
327.002
497.872
278.67
145.167
67.6056
19.5178
490.428
276.749
144.701
67.4793
19.4895
497.724
278.227
144.766
67.3968
19.457
491.506
275.909
144.066
67.1703
19.4012
504.82
278.135
144.297
67.1395
19.3817
495.14
274.716
143.271
66.7986
19.2966
482.254
271.274
141.833
66.2052
19.1358
470.172
266.214
139.616
65.2911
18.8892
501.461
275.897
143.194
66.6629
19.2506
522.207
277.985
143.188
66.5321
19.2046
515.375
278.787
144.09
66.984
19.3337
533.532
280.163
143.949
66.8286
19.2836
488.974
272.441
141.827
66.1121
19.1025
516.201
275.029
141.943
66.0293
19.0697
480.908
267.989
139.791
65.2652
18.8736
510.397
271.281
140.174
65.2917
18.8705
515.179
281.728
145.761
67.7437
19.5467
544.06
284.621
146.192
67.8332
19.5646
516.699
281.574
145.507
67.6013
19.5043
544.93
284.428
145.991
67.7247
19.5325
522.532
281.518
145.09
67.3734
19.4377
547.833
284.042
145.587
67.5207
19.4736
533.808
281.893
144.716
67.1535
19.3728
551.998
283.134
145.022
67.2611
19.4007
545.182
281.576
144.411
67.0078
19.3315
16179
21657
16229.2
21623.3
16251.1
21445.8
15759.9
20959.2
14441.5
19630.2
12832.5
14501.7
13093.6
15452.1
12754.2
14193.8
12897.5
14260.8
13027.9
2204.5
475.857
108.786
19.6081
14019
4064.52
1004.04
232.364
41.8633
12913.6
2172.81
468.12
106.872
19.2346
13900.4
4003
988.595
228.218
40.828
12629.7
2113.53
454.279
103.652
18.6551
13621.6
3907.36
964.3
222.515
39.8273
12096.3
1998.15
428.087
97.7837
17.6256
13107
3744.76
924.475
213.603
38.2681
11190
1807.76
387.485
88.9699
16.0988
12203.9
3494.09
866.47
201.08
36.125
9673.23
1626.89
360.415
84.2472
15.3888
9888.88
2948.53
749.675
177.07
32.1733
10166.5
1679.48
367.29
85.2332
15.5053
10634
3162.75
796.692
186.524
33.6818
9442.28
1605.55
357.734
83.9029
15.3525
9572.27
2839.97
723.468
171.618
31.3012
9357.74
1586.13
353.456
82.9974
15.1823
9515.6
2806.09
713.731
169.843
30.9509
36600.7
53760.6
51869
34424.9
26261.9
32166.5
25143.8
31878
30215.2
49811.1
32445.4
51486.4
22.0045
27.8497
41.0494
64.4311
103.084
164.852
26.6618
33.3227
48.2294
74.194
115.785
179.573
18.7134
17.1521
24.4188
23.1426
37.4817
37.0835
61.0543
63.0226
99.8362
105.471
158.368
163.099
261.92
410.552
637.122
979.149
1401.69
1710.56
274.121
408.575
590.878
817.055
1047.25
1199
58.3424
84.2161
104.042
117.257
123.815
73.7095
106.085
130.66
146.891
154.894
108.351
155.247
190.336
213.191
224.348
169.486
241.481
294.383
328.251
344.583
269.94
381.806
462.102
512.401
536.302
428.974
600.688
720.068
792.777
826.749
70.5902
101.656
125.286
140.925
148.647
88.0429
126.358
155.187
174.071
183.327
127.026
181.363
221.577
247.508
260.08
194.642
276.13
335.219
372.605
390.496
302.26
425.433
512.534
566.416
591.838
465.818
649.116
774.688
850.318
885.491
49.6703
71.8273
88.9024
100.347
106.049
45.5524
65.9358
81.692
92.2834
97.572
64.7036
93.3015
115.141
129.648
136.83
61.3552
88.5525
109.381
123.253
130.134
99.063
142.242
174.767
196.084
206.534
98.0611
140.922
173.289
194.553
204.992
160.844
229.726
280.722
313.588
329.505
166.102
237.396
290.277
324.408
340.948
261.904
371.489
450.812
500.843
524.707
276.792
392.816
476.883
529.912
555.19
413.124
580.692
698.444
770.702
804.548
425.9
599.524
721.912
797.074
832.227
675.278
932.055
1102.65
1202.88
1249.02
1044.28
1412.26
1641.69
1771.14
1831.04
1588.82
2087.4
2371.1
2525.75
2602.88
2371.31
2989.97
3296.83
3465.71
3575.18
3270.81
3920.99
4185.6
4352.85
4526.61
3902.23
4534.93
4748.94
4911.28
5140.95
705.202
970.133
1144.4
1246.16
1292.98
1039.83
1407.27
1636.8
1766.49
1826.36
1483.25
1966.92
2250.07
2405.5
2480.05
2017.06
2611.32
2933.16
3107.63
3200.31
2541.22
3211.78
3547.16
3731.85
3847.01
2878.92
3586.13
3922.31
4112.14
4245
22.2623
28.7022
42.7503
67.4562
108.197
173.118
26.9617
34.2964
50.1031
77.3495
120.716
186.741
18.9486
17.382
25.2155
23.9398
39.1432
38.8167
64.1931
66.4982
105.493
111.918
168.52
175.805
273.928
425.098
651.352
987.961
1403.69
1710.23
283.541
419.351
601.209
824.701
1051.23
1200.1
59.0386
85.2519
105.363
118.784
125.452
76.0133
109.517
135.04
151.961
160.329
112.954
162.12
199.128
223.386
235.286
177.691
253.776
310.167
346.604
364.303
283.86
402.781
489.172
544.004
570.333
451.598
635.054
764.751
845.233
883.404
71.4013
102.867
126.833
142.719
150.572
90.6793
130.297
160.231
179.923
189.609
132.108
188.979
231.355
258.879
272.298
203.225
289.049
351.876
392.037
411.415
315.732
445.843
539.011
597.451
625.33
485.528
679.269
814.155
896.887
935.927
50.3045
72.769
90.1007
101.73
107.53
46.1721
66.855
82.8603
93.6313
99.0142
66.8533
96.4969
119.211
134.352
141.867
63.5048
91.7443
113.442
127.943
135.153
103.553
148.929
183.302
205.964
217.125
102.741
147.886
182.17
204.825
215.998
169.344
242.427
296.985
332.461
349.762
175.508
251.441
308.247
345.247
363.308
277.278
394.594
480.555
535.499
561.986
294.321
419.182
510.854
569.522
597.814
440.805
622.493
752.49
833.876
872.618
460.428
651.401
788.671
874.846
915.886
708.496
983.299
1170.19
1282.96
1335.97
1085.43
1477.71
1730.13
1877.89
1948.06
1631.13
2158.85
2472.01
2651.18
2742.64
2401.86
3049.37
3387.96
3584.99
3712.15
3284.08
3955.67
4245.11
4435.82
4625.94
3904.95
4545.57
4769
4940.59
5177.08
731.386
1010.82
1198.38
1310.49
1363.02
1070.35
1455.92
1702.72
1846.24
1913.9
1513.52
2017.23
2320.46
2492.54
2576.72
2040.95
2653.89
2995.53
3187.09
3290.07
2555.14
3239.04
3589.2
3787.14
3910.67
2883.26
3595.3
3936.98
4131.85
4267.98
4518.42
2770.63
397.099
255.092
299.734
242.717
339.74
3932.46
3570.87
2110.15
2713.23
1024.02
1532.83
777.104
906.601
695.402
3699.09
1727.06
904.679
771.903
1103.86
914.71
641.119
570.015
498.899
411.784
655.935
570.254
4088.49
2243.86
2622.48
1472.34
1111.8
1759.82
651.715
434.444
747.363
8751.39
7995.95
7328.51
7360.16
10909.9
5829.36
6064.75
5970.56
6082.76
6653.96
1018.57
1396.23
1644.31
1791.2
1860.73
662.563
925.421
1107.42
1218.5
1270.79
779.427
1090.3
1305.87
1437.05
1498.39
632.7
888.511
1068.2
1178.82
1230.91
878.971
1220.13
1451.72
1590.79
1655.76
8195.3
8260.98
7858.72
7885.85
11246.9
7606.68
7826.42
7591.08
7636.42
8402.07
4769.79
5488.71
5724.23
5896.81
6186.39
6133.41
6735.13
6690.93
6741.02
6904.41
2511.62
3227.61
3611.86
3817.9
3925.39
3613.78
4397.27
4740.62
4922.86
5050.64
1949.92
2586.43
2961.61
3167.03
3263.31
2255.25
2953.55
3346.96
3556.23
3655.01
1759.15
2360.2
2725.89
2928.27
3020.76
7677.65
7730.8
7375.65
7449.66
10796.9
3980.8
4705.79
4996.98
5202.47
5481.72
2237.89
2910.49
3287.29
3496.8
3608.83
1924.15
2530.71
2884.41
3085.56
3191.21
2669.03
3366.76
3727.95
3940.47
4090.66
2247.74
2896.99
3253.97
3460.41
3583.38
1607.72
2132.71
2447.47
2629.18
2722.52
1446.31
1950.4
2265.3
2446.74
2533.85
1280.65
1756.09
2065.99
2245.87
2328.61
1062.06
1467.11
1737.59
1897.7
1971.93
1659.69
2228.68
2578.15
2775.41
2868.64
1449.88
1961.05
2282.71
2467.67
2555.34
8143.01
7742.74
7208.59
7267.97
10721.1
4883.8
5335.4
5411.9
5574.17
6018.3
5861.86
6404.41
6353.63
6523.52
7519.53
3434.67
4123.91
4420.4
4624.52
4847.78
2680.57
3365.03
3711.94
3921.32
4073.97
4035.78
4740.06
5014.21
5225.23
5533.59
1637.16
2176.92
2502.12
2689.21
2783.97
1114.89
1528.92
1800.45
1960.32
2035.31
1863.79
2452.72
2797.11
2994.37
3098.53
4240.06
4134.51
3927.84
3528.72
2761.32
1129.78
21325.4
21589.6
23828
24852.8
20456.7
21341.6
22441.9
21343.6
17947.4
24032
18533.8
24443.9
21181.2
18900.5
31282
20177.6
20268.6
22144.9
22852.2
18978.7
19863.9
21144.8
20348.2
17708.9
29076
18174.4
28496.1
21275.3
23480.3
33510.5
18755
18687.5
19906.4
20290.4
17690.4
19099
19326.9
19142.3
20133.8
25024.3
20886.2
24788.7
22948
25909.6
29449.2
17297.5
17254.1
17644.8
17820.5
16681.4
18334.9
17271.9
17420.1
18299.3
21210.4
18999.7
20407.7
20283.9
22405.6
24453.6
15848.7
15844.3
15956.2
16024.5
15862.4
17622.1
15750.1
16087.9
16833.9
16713.2
17535
15754.3
17946.5
17774.1
19174.9
15110.4
15162
14773.7
14798.1
15072.2
16386.1
14719.1
14962.7
15660.8
13724.7
16091.7
13190.1
16139.8
14735.3
16641.9
22540.2
21410
24236.3
25802.3
20340.3
20017.8
22193.8
20833.4
19104.9
13348.4
18925.2
13383.9
16597
14833
17347.1
20820.6
19989.3
21949.6
23005.8
19285.8
19170.2
20550.5
19404.3
17106
12357.8
16979.6
12430.7
14620.6
12776.7
15341.3
18442.7
17930.6
19087
19636.5
17480.4
17369.9
18333.4
17579.2
15431.1
11427.1
15102.3
11192.5
13270.6
10995.6
14253.8
15888.8
15578.7
16571.1
16852.6
15247.2
15061.4
16242.2
15616.2
13488.2
10786.1
13284.6
10566.1
11813.7
10353.3
13401.1
14216.3
13999.4
14923.1
15088.4
13579.6
13397.9
14775.7
14317.3
12352
10855.7
12203.6
10731.7
11126.1
10258.7
12965.7
12992.6
12803
13845
13966.4
12512.4
12576.2
13689.1
13430.6
11673
10871.7
11601.2
10815.4
10708.9
10338.6
12955.3
)
;

boundaryField
{
    patch1
    {
        type            calculated;
        value           nonuniform List<scalar> 
2440
(
15554.8
28142.8
0
0
0
0
0
0
0
0
15549.4
28124.1
0
0
0
0
0
0
0
0
13269.8
21315.3
23356.8
36190
47800.6
31139.8
19745.6
9987.39
53793.9
20247.3
30004.2
23996.9
38799.3
49343.2
31905.2
24708.9
13277
0
0
0
0
0
0
0
0
0
0
0
0
0
0
0
0
0
0
0
0
0
0
0
0
0
0
0
0
0
0
0
0
0
0
0
53747.6
0
0
0
0
0
0
0
0
0
0
0
0
0
0
0
0
0
0
0
0
0
0
0
0
0
0
0
0
0
0
0
0
0
0
0
0
0
0
0
0
0
0
0
0
0
0
0
0
0
0
0
0
0
0
0
0
0
13063.1
21305.5
23380.5
36221
47857.4
31196.5
19755.4
9696.71
53799.5
19937.7
30004.8
24029.8
38833.1
49397.4
31950.2
24677.1
12778.2
0
0
0
0
0
0
0
0
0
0
0
0
0
0
0
0
0
0
0
0
0
0
0
0
0
0
0
0
0
0
0
0
0
0
0
53749.8
0
0
0
0
0
0
0
0
0
0
0
0
0
0
0
0
0
0
0
0
0
0
0
0
0
0
0
0
0
0
0
0
0
0
0
0
0
0
0
0
0
0
0
0
0
0
0
0
0
0
0
0
0
0
0
0
0
16662.5
23020.6
0
0
0
0
0
14735.5
16643.9
10338.7
12956.7
16662.5
23018.4
0
0
0
0
0
14735.3
16641.9
10338.6
12955.3
21088.7
27958.7
29029.7
24238.8
23324.3
29367.6
29461.9
24279.7
24332.2
19917.2
15699.3
19414
16024.6
19829.2
15648.7
19653.8
15668.2
721.307
532.951
927.963
1081.83
1810.87
2017.84
14014.3
14045
10619.9
6784.42
2518.26
13198.6
13772.3
9657.24
5952.26
2308.89
23290.9
552.844
1420.55
658.536
1779.14
1231.94
2401.08
10376.1
6943.57
4837.75
3632.51
3076.49
8577.85
5910.49
4461.9
3658.67
3436.84
0
0
0
0
0
0
0
0
0
0
0
0
0
0
0
0
0
0
0
0
0
0
0
0
0
0
0
0
0
0
0
0
0
0
0
0
0
0
0
0
0
1.35648
-0.525498
1.34482
-0.642834
1.31689
-0.632954
1.2652
-0.601088
1.20758
-0.571264
0.367383
-0.202385
0.782581
-0.401614
0.132758
-0.0750684
0.026539
-0.0137408
36967.2
52301.5
35620
21386.2
31692.2
27251.7
53811
66187.4
36783.1
26625
14639.3
26513.9
28309
23980.2
22869.5
29048.2
29372.2
24167.7
24301
19991
15827.7
19579.9
16168
19872.1
15732.8
19668
15697
10730.5
4291.12
11265.4
5017.98
10377.6
5690.69
14876.9
15866.2
15978.6
11585.1
5684.56
16435.2
18560.8
14893.5
10340.2
4544.16
11455.9
12092.8
11231.6
11580.8
10298.2
10746.9
12336.8
10669.1
11907.4
9592.3
9677.63
11111.2
9419.96
9071.38
8414.74
8578.65
0
0
0
0
0
0
0
0
0
0
0
0
0
0
0
0
0
0
0
0
0
0
0
0
0
0
0
0
0
0
0
0
0
0
0
0
0
0
0
0
0
1.32834
-0.515238
1.3179
-0.629716
1.29263
-0.621075
1.24538
-0.591738
1.19375
-0.565306
0.365874
-0.202435
0.776624
-0.400506
0.13251
-0.0751676
0.0265184
-0.0137607
36600.8
51882.6
34431.7
32039.7
31921.4
49937.4
51212
15109.5
15160.3
14772.6
14796
15071.8
16386.1
14718.6
14962.6
15657.7
13711.6
16091.3
13185.2
16139.8
12985.4
12801.7
13844.2
13960.9
12512
12576.1
13688.7
13430.5
11666.2
10848.8
11600.9
10812.6
10709.1
21082.4
27958.7
29029.8
24239.3
23324.9
29367.7
29462
24280.2
24332.7
19918.1
15700.1
19414.9
16025.7
19830
15649.5
19654.6
15669
708.643
527.226
929.502
1083.82
1811.56
2019.08
14014.7
14045.7
10620.8
6785.36
2518.94
13198.9
13773
9657.94
5952.92
2309.26
23285.6
543.479
1404.03
658.535
1779.24
1232.05
2401.23
10376.1
6943.37
4837.45
3632.28
3076.43
8577.86
5910.32
4461.69
3658.46
3436.65
0
0
0
0
0
0
0
0
0
0
0
0
0
0
0
0
0
0
0
0
0
0
0
0
0
0
0
0
0
0
0
0
0
0
0
0
0
0
0
0
0
1.3549
-0.528949
1.34449
-0.641973
1.31653
-0.632687
1.26501
-0.600996
1.2075
-0.571237
0.367386
-0.202393
0.782565
-0.401628
0.132761
-0.0750717
0.0265398
-0.0137414
36968.5
52311.1
35622.5
20990.4
31683.7
27282.8
53841
66232
36827.7
26585.1
14056
26513.8
28308.9
23980.8
22870.1
29048.2
29372.2
24168.2
24301.5
19992
15828.7
19580.9
16169.1
19872.9
15733.7
19668.8
15697.8
10747.8
4339.64
11254.4
5018.31
10376.6
5690.94
14876.8
15865.9
15977.9
11584.8
5684.65
16435
18560.6
14893.3
10340.2
4544.23
11465.1
12110.9
11218.1
11577.7
10297.5
10746.7
12336.7
10668.9
11906.9
9591.91
9677.32
11111
9419.66
9071.01
8414.37
8578.25
0
0
0
0
0
0
0
0
0
0
0
0
0
0
0
0
0
0
0
0
0
0
0
0
0
0
0
0
0
0
0
0
0
0
0
0
0
0
0
0
0
1.32677
-0.518603
1.31761
-0.628887
1.29232
-0.620831
1.24523
-0.591664
1.1937
-0.565291
0.365881
-0.202445
0.776621
-0.400525
0.132514
-0.0751709
0.0265193
-0.0137612
36599.7
51878.9
34426.8
32138.9
31904
49865
51417.2
15110.5
15162.1
14773.7
14798.2
15072.2
16386.1
14719.1
14962.7
15660.8
13724.7
16091.7
13190.1
16139.8
12992.5
12803
13845
13966.3
12512.4
12576.2
13689.1
13430.6
11673
10871.7
11601.2
10815.4
10708.9
21786.8
6364.2
1129.85
21785.4
6364
1129.78
21660.3
21607
29189.8
25430.5
9199.69
6472.01
10815
8766.95
707.117
914.499
6021.6
6746.59
12259.9
13134
26783.9
26338.9
22073.1
621.338
96.113
4573.03
3500.23
8872.6
7128.96
254.698
206.616
195.887
2573.22
1800.89
1387.26
4963.52
3723.16
3260.71
28734
27547.4
32936.7
28041.8
21568.7
21161
24318.2
22180.6
116.876
89.7221
1295.92
1004.46
1441.54
1600.06
13923
20668.1
7959.4
95.134
114.37
807.479
646.539
1503.63
1371.24
47.4263
42.7894
46.992
574.085
532.63
504.228
1411.55
1390.95
1327.62
14687.9
15090.8
15593.2
15658.1
14479.9
12728.3
12966.4
12686.5
12873.9
16211.9
16226.1
16249.3
15758.5
14440.5
12831.6
13092.7
12753.4
12896.8
21662.9
21609.2
29204
25436.5
9012.31
6336.82
10782
8755.32
609.904
784.359
6000.01
6728.66
12255.9
13129.4
26783.6
26339.6
22072.1
518.134
-5.50842
4589.03
3513.88
8869.08
7127.95
201.402
165.229
165.664
2589.54
1807.73
1388.46
4964.19
3724.28
3261.6
28738.6
27548.6
32952.1
28047.7
21378.7
21102.1
24283.7
22149.6
101.218
75.9799
1287.6
996.697
1440.48
1599.21
13923.4
20669.2
7959.17
82.7984
108.356
800.438
641.43
1502.9
1370.45
40.0687
35.6015
39.1077
569.588
530.304
502.742
1410.82
1390.36
1327.22
14623.8
15094.4
15595.4
15659.6
14481
12729.1
12967.3
12687.2
12874.6
16179
16229.2
16251.1
15759.9
14441.5
12832.5
13093.6
12754.2
12897.5
20010
14455.1
476.198
253.544
132.159
61.9969
17.9886
482.305
256.005
133.169
62.3898
18.0911
24387.5
26312.7
26105
24780.8
26010.4
26852.5
551.998
283.134
145.022
67.2611
19.4007
545.182
281.576
144.411
67.0078
19.3315
4240.06
4134.51
3927.84
3528.72
2761.32
25713.1
24199.2
24459.3
23075.4
21358.2
18535
21001.4
16823.5
14288.8
20373
16245.2
13784.8
14252.6
10783.8
8990.42
20127.5
18560.8
16870.5
14893.5
12734.9
10340.2
6512.13
4544.16
14123.4
9995.65
14911
9975.64
5666.26
2972.02
1581.25
846.404
5654.69
2935.89
1522.57
812.508
482.292
271.298
141.846
66.2116
19.1377
470.226
266.245
139.632
65.2986
18.8913
17.3843
23.9428
38.8214
66.5057
111.93
175.822
46.1783
66.8641
82.8717
93.6442
99.028
63.513
91.7563
113.457
127.96
135.171
102.754
147.904
182.193
204.851
216.026
175.528
251.47
308.284
345.289
363.353
294.353
419.228
510.912
569.587
597.883
460.474
651.467
788.755
874.941
915.987
498.938
1280.75
1756.24
2066.17
2246.07
2328.82
20496.1
16459.8
13773
15907.6
11845.8
9657.94
10861.6
7398.65
5952.92
5513.74
3208.62
2309.26
14931.4
10161.2
15192.3
10041.7
18959.2
16833.7
12841.4
10476.2
6151.06
5226.43
14140.7
11729
10238.1
8522.84
7352.44
6624.99
4694.26
4201.42
3889.01
5469.05
2785.18
1465.86
784.053
5593.07
2872.24
1483.73
791.068
449.225
254.876
134.286
63.0569
18.2861
458.142
260.077
136.769
64.0991
18.567
437.914
1112.75
1499.53
1731.51
1852.67
1903.44
17.1521
23.1426
37.0835
63.0226
105.471
163.099
45.5524
65.9358
81.692
92.2834
97.572
61.3552
88.5525
109.381
123.253
130.134
98.0611
140.922
173.289
194.553
204.992
166.102
237.396
290.277
324.408
340.948
276.792
392.816
476.883
529.912
555.19
425.9
599.524
721.912
797.074
832.227
26104.6
24781.1
26018.7
26856.5
552.017
283.149
145.032
67.2658
19.4021
545.216
281.595
144.423
67.0132
19.3331
4240.38
4134.82
3928.11
3528.94
2761.48
20010.7
14454.8
476.131
253.512
132.143
61.9898
17.9866
482.226
255.97
133.152
62.3822
18.0889
24384.1
26309.6
49229.9
64127.6
33256.4
36608.5
16548.9
18595.5
2294.53
2460.69
0
0
0
0
0
0
0
0
0
0
0
0
0
0
0
21468.1
19357.9
24143.1
20045.7
24395.6
25547.8
15105.2
9362.5
15130.4
9294.44
4889.53
2549.81
1370.45
740.542
4990.07
2605.49
1410.08
763.138
574.237
1226.44
796.983
257.56
751.773
1287.05
816.688
263.695
1072.77
1392.91
844.196
267.805
1451.67
1517.6
886.727
280.691
1643.07
1624.19
927.503
292.383
1632.33
1761.69
1003.95
313.378
1550.29
1700.34
965.575
301.547
1643.4
1808.24
1023.45
315.141
1723.46
1847.9
1045.35
321.163
424.09
243.517
129.5
61.1714
17.7916
433.427
247.046
130.872
61.6922
17.9261
481.596
259.054
134.696
63.0199
18.2589
480.671
257.229
133.775
62.6368
18.1566
490.238
262.35
136.188
63.6368
18.4243
501.609
266.924
138.182
64.4606
18.646
447.312
245.16
129.163
60.9013
17.7098
452.309
246.926
129.808
61.1336
17.7683
463.292
250.147
130.93
61.54
17.8713
23099.9
23135.3
23034.9
22584
21034
14517.3
15634.3
14193.6
14292.9
14879.9
4274.49
1051.53
242.244
43.5503
14792.9
4211.69
1033.89
237.449
42.4304
14535.1
4112.95
1007.52
231.143
41.3181
13966.2
3931.94
962.936
221.189
39.5858
12858.6
3637.94
896.445
207.071
37.1953
9971.78
2982.91
759.166
179.301
32.6538
10860.9
3237.2
814.601
190.363
34.4101
9615.32
2858.38
728.875
172.969
31.6373
9562.62
2822.18
718.099
170.839
31.2329
47926.6
64515.1
26751.7
31770.8
14738.6
17025.5
1709.31
2110.01
268.971
2366.65
1160.1
623.689
695.949
965.177
1145.22
1250.19
1297.51
4834.15
4684.61
4148.68
3731.93
3557.95
2678.15
3127.46
3202.03
3154.7
3117.4
1546.4
2006.35
2238.34
2336.28
2370.78
0
0
0
0
0
0
0
0
0
0
23199.8
17613.6
23304.2
17941.5
23128.2
25137.6
13525.2
9406.08
13794.5
9305.66
5515.76
3006.73
1621.21
867.378
5495.46
2993.53
1626.07
873.833
2484.88
2160.59
1168.65
354.613
2556.05
2162.1
1169.53
356.653
2660.2
2155.18
1156.72
350.151
2642.55
2132.17
1151.61
352.151
2339.55
2075.66
1138.07
351.555
1787.67
1940.69
1106.29
345.226
1893.12
1996.91
1117.94
346.413
1705.57
1901.25
1080.71
333.505
1738.27
1876.17
1063.43
327.049
490.482
276.755
144.686
67.4695
19.4864
491.514
275.924
144.076
67.1745
19.4024
522.258
278.01
143.201
66.5385
19.2064
533.572
280.185
143.961
66.8344
19.2853
516.263
275.059
141.958
66.0365
19.0717
510.472
271.317
140.192
65.2997
18.8728
544.233
284.646
146.19
67.8301
19.5635
544.901
284.437
145.997
67.7274
19.5332
547.833
284.053
145.594
67.5244
19.4747
21800.9
21727.4
21550.8
21012.6
19673.1
14543
15485.4
14240.5
14311.7
14104.6
4092.61
1012.16
234.32
42.2957
13981.7
4027.83
995.004
229.771
41.2358
13700.3
3931.31
970.402
223.988
40.2193
13185.8
3768.65
930.511
215.05
38.6539
12276.6
3516.56
872.192
202.457
36.4957
9944.23
2965.7
754.022
178.103
32.4534
10691.4
3180.91
801.345
187.644
33.9849
9626.36
2856.57
727.634
172.598
31.5681
9569.86
2822.81
717.971
170.772
31.2183
26.6651
33.3266
48.2347
74.2016
115.796
179.589
274.143
408.605
590.917
817.103
1047.3
1199.06
70.5989
101.669
125.302
140.943
148.667
88.0534
126.374
155.207
174.093
183.351
127.04
181.384
221.604
247.539
260.113
194.662
276.161
335.258
372.65
390.545
302.29
425.478
512.591
566.482
591.909
465.862
649.18
774.771
850.415
885.596
705.263
970.225
1144.52
1246.3
1293.13
1039.91
1407.4
1636.96
1766.68
1826.57
1483.36
1967.08
2250.28
2405.76
2480.33
2017.19
2611.52
2933.43
3107.96
3200.67
2541.37
3212.02
3547.48
3732.23
3847.43
2879.09
3586.39
3922.65
4112.56
4245.46
26.965
34.3005
50.1088
77.3577
120.728
186.758
283.565
419.383
601.251
824.753
1051.29
1200.17
71.4102
102.88
126.85
142.737
150.592
90.6902
130.313
160.251
179.946
189.633
132.123
189.001
231.383
258.911
272.332
203.247
289.081
351.916
392.083
411.464
315.764
445.889
539.07
597.518
625.402
485.575
679.336
814.24
896.984
936.031
731.451
1010.91
1198.5
1310.63
1363.17
1070.44
1456.05
1702.89
1846.42
1914.1
1513.63
2017.4
2320.67
2492.78
2576.99
2041.09
2654.09
2995.79
3187.4
3290.41
2555.3
3239.28
3589.52
3787.51
3911.08
2883.43
3595.56
3937.32
4132.26
4268.44
299.76
2713.31
695.448
779.497
1090.4
1306
1437.2
1498.55
6133.64
6735.43
6691.28
6741.4
6904.82
1759.27
2360.37
2726.11
2928.51
3021.01
49287.5
64154.9
33319.6
36609.3
16561.4
18650.4
1565.83
1679.45
0
0
0
0
0
0
0
0
0
0
0
0
0
0
0
21240.9
19285.9
24105.1
20015.7
24393.4
25546.6
15100.7
9369.36
15113.1
9290.13
4888.25
2548.17
1369.5
739.981
4989.19
2605.16
1409.91
763.058
573.096
1225.18
796.549
257.428
751.426
1286.97
816.624
263.676
1072.55
1392.69
844.074
267.766
1451.4
1517.31
886.568
280.641
1642.77
1623.86
927.321
292.327
1632.07
1761.35
1003.76
313.317
1550.02
1699.99
965.381
301.488
1643.19
1807.92
1023.26
315.084
1723.27
1847.61
1045.18
321.11
423.675
243.322
129.424
61.1436
17.7846
433.392
247.021
130.859
61.6863
17.9245
481.513
259.016
134.678
63.0117
18.2566
480.59
257.192
133.757
62.629
18.1543
490.152
262.311
136.169
63.6283
18.4218
501.526
266.886
138.164
64.4521
18.6436
447.002
245.048
129.124
60.8873
17.7063
452.295
246.905
129.796
61.1286
17.7669
463.244
250.12
130.916
61.5338
17.8696
23027.3
23138.7
23036.4
22585
21034.9
14518.1
15635.1
14194.3
14293.6
14865.1
4267.25
1049.23
241.661
43.4403
14790.5
4210.75
1033.54
237.346
42.4097
14534.6
4112.66
1007.39
231.1
41.3087
13966.3
3931.88
962.895
221.171
39.5815
12859
3637.99
896.442
207.066
37.1936
9972.27
2983.04
759.195
179.306
32.6545
10861.4
3237.31
814.62
190.365
34.4101
9615.81
2858.51
728.908
172.976
31.6385
9563.12
2822.32
718.134
170.847
31.2342
47982
64561.6
26800.6
31822
14690.5
16969.1
1149.13
1422.7
268.948
2366.64
1160.06
623.653
695.887
965.082
1145.1
1250.05
1297.36
4834.07
4684.43
4148.45
3731.67
3557.67
2678.04
3127.28
3201.79
3154.42
3117.1
1546.3
2006.19
2238.14
2336.05
2370.52
0
0
0
0
0
0
0
0
0
0
23236.6
17631
23303.2
17940.3
23124.6
25135.5
13538.2
9416.9
13793.8
9307.56
5519.51
3008.23
1621.84
867.571
5496.07
2993.67
1626.09
873.823
2494.7
2162
1168.96
354.642
2555.45
2162.3
1169.59
356.665
2659.94
2155.21
1156.73
350.149
2642.37
2132.12
1151.59
352.14
2339.4
2075.57
1138.02
351.537
1787.52
1940.51
1106.18
345.193
1892.98
1996.77
1117.86
346.388
1705.42
1901.04
1080.59
333.465
1738.1
1875.91
1063.28
327.002
490.428
276.749
144.701
67.4793
19.4895
491.506
275.909
144.066
67.1703
19.4012
522.207
277.985
143.188
66.5321
19.2046
533.532
280.163
143.949
66.8286
19.2836
516.201
275.029
141.943
66.0293
19.0697
510.397
271.281
140.174
65.2917
18.8705
544.06
284.621
146.192
67.8332
19.5646
544.93
284.428
145.991
67.7247
19.5325
547.833
284.042
145.587
67.5207
19.4736
21762.8
21730.2
21552.2
21013.7
19674
14543.9
15486.3
14241.3
14312.5
14098.7
4086.5
1010.02
233.761
42.1889
13980.7
4027.33
994.739
229.683
41.2172
13700.3
3931.26
970.335
223.957
40.2118
13186.2
3768.73
930.508
215.041
38.6511
12277.1
3516.69
872.213
202.458
36.495
9944.8
2965.86
754.058
178.111
32.4545
10692
3181.06
801.377
187.65
33.9855
9626.9
2856.72
727.671
172.606
31.5695
9570.37
2822.95
718.007
170.78
31.2197
26.6618
33.3227
48.2294
74.194
115.785
179.573
274.121
408.575
590.878
817.055
1047.25
1199
70.5902
101.656
125.286
140.925
148.647
88.0429
126.358
155.187
174.071
183.327
127.026
181.363
221.577
247.508
260.08
194.642
276.13
335.219
372.605
390.496
302.26
425.433
512.534
566.416
591.838
465.818
649.116
774.688
850.318
885.491
705.202
970.133
1144.4
1246.16
1292.98
1039.83
1407.27
1636.8
1766.49
1826.36
1483.25
1966.92
2250.07
2405.5
2480.05
2017.06
2611.32
2933.16
3107.63
3200.31
2541.22
3211.78
3547.16
3731.85
3847.01
2878.92
3586.13
3922.31
4112.14
4245
26.9617
34.2964
50.1031
77.3495
120.716
186.741
283.541
419.351
601.209
824.701
1051.23
1200.1
71.4013
102.867
126.833
142.719
150.572
90.6793
130.297
160.231
179.923
189.609
132.108
188.979
231.355
258.879
272.298
203.225
289.049
351.876
392.037
411.415
315.732
445.843
539.011
597.451
625.33
485.528
679.269
814.155
896.887
935.927
731.386
1010.82
1198.38
1310.49
1363.02
1070.35
1455.92
1702.72
1846.24
1913.9
1513.52
2017.23
2320.46
2492.54
2576.72
2040.95
2653.89
2995.53
3187.09
3290.07
2555.14
3239.04
3589.2
3787.14
3910.67
2883.26
3595.3
3936.98
4131.85
4267.98
299.734
2713.23
695.402
779.427
1090.3
1305.87
1437.05
1498.39
6133.41
6735.13
6690.93
6741.02
6904.41
1759.15
2360.2
2725.89
2928.27
3020.76
20496
16459.4
13772.3
15907.2
11845.2
9657.24
10861
7398.06
5952.26
5513.25
3208.18
2308.89
14938
10165.2
15195.8
10044.2
18959
16833.9
12841.8
10476.7
6151.24
5226.78
14140.9
11729.1
10238.1
8523.21
7352.74
6625.21
4694.68
4201.78
3889.29
5470.53
2785.71
1466.1
784.168
5594.23
2872.72
1483.95
791.18
449.286
254.909
134.303
63.0647
18.2883
458.204
260.112
136.787
64.1071
18.5693
437.946
1112.84
1499.66
1731.68
1852.87
1903.66
17.1543
23.1455
37.0879
63.0295
105.482
163.115
45.5584
65.9447
81.7031
92.2961
97.5856
61.3629
88.5639
109.395
123.27
130.151
98.0728
140.939
173.311
194.578
205.019
166.121
237.424
290.312
324.448
340.992
276.821
392.859
476.938
529.976
555.259
425.942
599.588
721.993
797.168
832.328
25713
24199
24458.8
23074.9
21356.8
18534.1
21001.3
16823.7
14289.2
20373
16245.7
13785.5
14252.6
10784.5
8991.22
20127.3
18560.6
16870.4
14893.3
12735.1
10340.2
6512.32
4544.23
14121.9
9994.84
14909
9974.16
5665.92
2971.83
1581.14
846.34
5653.94
2935.55
1522.39
812.415
482.254
271.274
141.833
66.2052
19.1358
470.172
266.214
139.616
65.2911
18.8892
17.382
23.9398
38.8167
66.4982
111.918
175.805
46.1721
66.855
82.8603
93.6313
99.0142
63.5048
91.7443
113.442
127.943
135.153
102.741
147.886
182.17
204.825
215.998
175.508
251.441
308.247
345.247
363.308
294.321
419.182
510.854
569.522
597.814
460.428
651.401
788.671
874.846
915.886
498.899
1280.65
1756.09
2065.99
2245.87
2328.61
)
;
    }
    patch2
    {
        type            calculated;
        value           nonuniform List<scalar> 
348
(
4272.75
4272.42
5125.46
2519.69
1796.96
2745.36
5717.46
2811.11
2054.15
3130.25
5124.78
2519.39
1796.75
2745.03
5716.94
2810.84
2053.94
3129.96
10655.5
7004.65
1713.46
1171.96
1308.69
1104.62
1482.44
8994.13
6110.72
4971.46
4212.67
3536.31
3040.15
3706.66
3110.65
2552.01
2719.47
2378.39
9353.15
4812.93
2975.74
2747.61
3545.61
3231.97
2527.46
2250.68
1915.4
1673.58
2360.75
2189.27
10214.7
6131.83
7420.6
4702.49
3810.87
125.462
156.895
227.124
348.622
542.173
835.048
150.581
185.635
263.198
394.906
598.068
894.088
107.484
98.9041
138.63
131.86
209.14
207.597
333.448
345.047
530.574
561.4
812.806
840.785
1260.34
1846.32
2625.37
3617.42
4615.53
5271.31
1304.49
1841.52
2500.42
3229.42
3889.45
4298.4
127.127
162.425
238.255
368.696
576.834
892.796
152.539
192.028
275.636
416.21
632.2
945.534
108.99
100.371
143.754
136.965
219.914
218.792
354.062
367.799
568.532
604.805
882.147
925.97
1349.09
1966.08
2769.09
3759.7
4720.4
5309.87
1376.04
1931.14
2599.72
3322.09
3955.61
4322.38
10776.8
7072.26
1878.37
1283.65
1513.38
1243.67
1671.74
10938.4
8707.92
6369.97
7009.44
3959.01
5104.52
3288.83
3681.97
3044.12
10569.8
5648.82
3644.41
3223.49
4153.48
3626.31
2749.68
2556.86
2349
1990.18
2893.17
2578.16
10612
6321.8
8043.39
4964.68
4137.08
10654.1
7003.8
1713.25
1171.82
1308.54
1104.49
1482.27
8992.66
6109.87
4970.81
4212.22
3536.02
3039.8
3706.24
3110.33
2551.73
2719.18
2378.13
9351.66
4812.29
2975.39
2747.29
3545.17
3231.58
2527.16
2250.42
1915.18
1673.39
2360.48
2189.01
10213.3
6131.05
7419.55
4701.9
3810.4
125.445
156.875
227.095
348.578
542.106
834.947
150.561
185.611
263.164
394.857
597.996
893.981
107.469
98.8904
138.612
131.842
209.112
207.57
333.406
345.003
530.508
561.331
812.708
840.683
1260.19
1846.1
2625.06
3616.99
4614.99
5270.71
1304.34
1841.31
2500.13
3229.05
3889.01
4297.92
127.109
162.403
238.225
368.651
576.767
892.696
152.519
192.004
275.601
416.16
632.128
945.429
108.975
100.357
143.734
136.946
219.885
218.764
354.019
367.754
568.465
604.734
882.049
925.867
1348.94
1965.87
2768.81
3759.32
4719.9
5309.29
1375.89
1930.93
2599.45
3321.74
3955.19
4321.91
10775.5
7071.46
1878.18
1283.52
1513.22
1243.53
1671.57
10937.6
8707.34
6369.49
7009.02
3958.69
5104.15
3288.56
3681.67
3043.86
10568.9
5648.34
3644.09
3223.2
4153.11
3625.97
2749.41
2556.61
2348.78
1989.99
2892.91
2577.92
10610.8
6321.13
8042.63
4964.19
4136.69
4275.53
2344.61
1758.97
4725.47
2724.13
2096.48
5465.9
3322.4
2647.85
6389.55
3969.57
3183.37
7437.34
4418.03
3467.1
14769.1
12919.6
14267.9
12287.8
13513.7
11307.8
12755.5
10227.4
11717.4
9120.12
4262.06
2329.53
1743.96
4723.67
2724.57
2096.9
5464.96
3322.29
2647.91
6388.6
3969.25
3183.24
7436.19
4417.59
3466.88
14791.6
12938.2
14264.6
12288.6
13512.5
11307.3
12754.7
10226.9
11716.7
9119.63
)
;
    }
    patch3
    {
        type            calculated;
        value           uniform 0;
    }
    patch4
    {
        type            calculated;
        value           nonuniform List<scalar> 
384
(
7186.15
13968.5
17339.6
45503.1
58930.2
26956.6
15847.7
6402.3
14190.2
15841.6
41139.7
40723
6914.18
13975.1
17323.4
45517.5
58957.2
26955.7
15879
6040.61
14100.4
15868.9
41093.9
40806.6
12539.2
14386
43177.9
44801.1
12569
14455.7
43286
44950.5
12539.9
14387.6
43185.5
44806.4
12570.2
14457.1
43285.4
44953.8
8863.86
9253.6
9946.28
9538.74
2987.66
8121.96
2503.18
6035.07
3614.03
9188.56
2637.36
6252.74
9939.93
9536.39
8865.07
9254.87
5247.51
3949.07
6695.29
5541.44
17971.5
15161.4
4066.81
5213.83
6344.78
7751.05
8274.29
7342.44
9413.29
7932.85
19051.8
15423.5
7480.4
8340.43
9226.6
10421.6
5072.04
3829.12
6692.42
5557.35
17972.3
15163.1
3958.16
5089.27
6362.34
7772.34
8181.52
7244.47
9442.14
7968.85
19057
15426.1
7376.92
8222.99
9256.18
10450.4
3610.05
9182.68
2636.32
6250.86
2989.33
8125.82
2503.76
6036.55
66956.3
70949
70010.1
72349.5
66964.8
70955.2
70018.2
72356.4
13526.2
5668.57
17746.3
8308.58
24687.6
14990.6
8757.99
6490.92
28751.3
48236.7
36054.9
56042.9
24332.6
44695.7
22449.6
43720.9
21546.9
8696.78
24652.2
10950.9
30097
17932.9
9863.5
6726.54
30716.5
49116.3
39026.9
57322.8
25364
45199.8
22755.1
43883.6
13332.3
5536.7
17765.3
8332.43
24698.2
15002.1
8762.42
6492.62
28756.8
48240.7
36061.2
56047.7
24336.5
44699.2
22452.7
43724.1
21406.5
8571.28
24674.8
10982.6
30109.9
17949
9869.82
6728.64
30723.9
49121.3
39034.7
57328.8
25369.1
45203.9
22758.6
43887.1
23628.4
49896.5
29420.4
55552.2
37241.7
59900.1
50526.5
35688.9
62767.7
39144.4
65431.8
43997
66153
53749.6
23368.5
49554
29444.6
55590.6
37254
59914.5
50533.6
35538.4
62575.6
39166.5
65466.4
44008.4
66165.2
53757
13258.7
13213.6
13012.5
12503.7
11475.9
9680.16
10247.8
9429.79
9350.81
13028.8
12915.8
12629.9
12095.9
11189.5
9672.67
10166
9441.75
9357.23
13250.3
13209.8
13011.6
12503.7
11476.3
9680.64
10248.2
9430.27
9351.3
13027.9
12913.6
12629.7
12096.3
11190
9673.23
10166.5
9442.28
9357.74
2292.98
2249.56
2193.01
2069.46
1854.61
1631.65
1697.96
1605.49
1585.66
2217.59
2171.64
2113.29
1998.06
1807.67
1626.8
1679.39
1605.46
1586.05
2278.87
2250.55
2193.12
2069.49
1854.65
1631.73
1698.03
1605.57
1585.74
2204.5
2172.81
2113.53
1998.15
1807.76
1626.89
1679.48
1605.55
1586.13
496.938
485.04
470.526
441.78
396.477
361.998
371.62
358.106
353.487
479.483
467.908
454.237
428.072
387.472
360.397
367.273
357.716
353.438
493.141
485.228
470.544
441.778
396.482
362.013
371.632
358.123
353.505
475.857
468.12
454.279
428.087
387.485
360.415
367.29
357.734
353.456
113.282
110.325
106.861
100.42
90.7188
84.6461
86.1632
84.0333
83.0224
109.653
106.839
103.65
97.7839
88.9683
84.2435
85.2301
83.899
82.9934
112.384
110.355
106.859
100.416
90.7182
84.6491
86.165
84.0368
83.0262
108.786
106.872
103.652
97.7837
88.9699
84.2472
85.2332
83.9029
82.9974
20.3456
19.7812
19.1555
18.0317
16.3698
15.4583
15.656
15.3779
15.188
19.7657
19.2302
18.6557
17.6262
16.0987
15.3882
15.5049
15.3518
15.1817
20.1835
19.7849
19.1541
18.0304
16.3694
15.4587
15.6562
15.3785
15.1887
19.6081
19.2346
18.6551
17.6256
16.0988
15.3888
15.5053
15.3525
15.1823
)
;
    }
}


// ************************************************************************* //
