/*--------------------------------*- C++ -*----------------------------------*\
  =========                 |
  \\      /  F ield         | OpenFOAM: The Open Source CFD Toolbox
   \\    /   O peration     | Website:  https://openfoam.org
    \\  /    A nd           | Version:  11
     \\/     M anipulation  |
\*---------------------------------------------------------------------------*/
FoamFile
{
    format      ascii;
    class       volScalarField;
    location    "0.9";
    object      T;
}
// * * * * * * * * * * * * * * * * * * * * * * * * * * * * * * * * * * * * * //

dimensions      [0 0 0 1 0 0 0];

internalField   nonuniform List<scalar> 
5712
(
532.463
551.737
520.258
543.529
502.993
532.419
474.007
508.421
473.886
501.077
499.929
526.775
515.906
539.302
526.498
547.421
492.389
468.537
515.928
481.64
461.572
437.141
484.665
448.337
541.472
549.792
556.929
561.589
529.281
539.569
549.512
556.167
530.029
511.544
503.43
491.019
524.614
542.01
538.521
538.106
493.658
498.417
511.943
510.7
459.654
463.348
546.311
548.871
516.463
523.656
556.869
560.19
555.169
565.685
565.255
570.006
546.736
562.241
561.115
568.312
530.042
554.845
544.971
562.333
555.566
566.563
559.633
568.04
451.064
437.11
460.35
440.642
417.418
405.315
426.499
408.711
490.949
472.027
481.715
467.947
466.747
442.301
468.269
442.015
432.556
410.375
433.893
410.098
497.251
473.963
498.924
473.913
518.711
551.918
503.971
541.259
509.716
546.474
498.916
536.643
524.807
554.952
506.429
543.639
526.698
556.041
506.718
544.658
545.144
525.626
560.197
545.974
532.721
513.463
555.015
539.126
514.67
497.364
546.171
529.588
432.076
393.812
466.574
496.207
535.483
387.184
424.767
458.196
485.403
521.39
393.665
428.387
460.903
491.337
527.62
490.946
460.441
497.2
467.981
484.709
456.292
495.673
466.464
475.549
449.256
493.658
465.158
375.162
359.872
412.774
394.833
443.824
422.947
468.978
445.228
494.597
468.261
380.467
364.003
415.799
400.448
447.931
430.608
476.486
456.058
501.879
479.178
422.246
414.477
421.885
415.648
386.784
365.958
387.684
366.945
454.413
451.363
454.708
449.014
419.833
415.619
419.746
415.983
387.211
367.758
387.204
368.056
452.095
451.435
452.108
452.007
485.59
482.292
511.638
507.42
484.468
478.017
509.726
502.004
484.74
483.216
512.275
509.407
483.419
482.64
511.145
508.558
427.856
403.004
390.17
431.473
404.752
391.46
425.869
400.619
387.269
430.5
402.964
388.991
419.632
394.383
380.913
429.429
400.024
385.024
343.019
330.219
323.584
373.492
354.692
344.401
397.888
374.2
361.018
415.841
388.976
374.519
430.928
398.359
381.361
345.772
330.385
322.33
380.683
359.476
347.386
405.842
378.907
363.28
424.697
392.254
374.014
436.993
399.915
379.849
389.067
379.324
395.109
385.32
423.148
405.767
435.113
414.244
363.85
340.942
365.018
342.699
365.243
343.739
367.01
345.509
366.385
362.592
365.566
360.187
347.154
350.385
389.469
391.938
420.231
422.951
369.382
373.284
369.185
371.344
353.039
355.573
319.48
302.476
324.262
305.204
321.957
302.991
326.541
305.989
325.952
303.756
332.263
307.68
335.548
310.073
336.656
311.219
360.821
350.871
368.469
354.345
386.907
375.6
395.132
379.151
347.551
333.841
340.636
330.68
372.617
356.121
374.028
356.374
399.988
380.919
401.338
380.888
351.202
335.54
352.59
335.948
327.919
305.419
317.732
301.068
322.008
302.35
315.065
299.354
331.294
307.61
319.215
302.087
332.802
308.933
319.681
302.52
304.522
295.459
297.073
291.661
306.594
297.741
297.431
292.34
310.593
302.798
298.375
294.165
341.098
363.33
325.027
313.268
298.481
357.789
336.283
318.841
308.123
295.74
363.074
340.924
323.773
310.781
297.185
288.997
283.946
287.073
282.888
291.236
285.776
288.083
283.847
295.812
289.619
290.105
285.675
346.52
333.384
326.33
315.131
311.746
303.076
301.912
294.741
292.527
287.852
350.563
335.02
330.135
316.925
315.404
305.044
304.383
296.018
294.071
288.832
334.697
317.637
337.986
320.067
356.385
335.929
359.437
337.778
321.449
307.72
318.61
305.51
340.533
321.52
340.987
321.961
361.349
338.739
361.617
339.107
323.839
309.178
324.297
309.566
307.589
297.272
295.574
289.077
306.097
295.733
294.907
288.484
308.796
298.333
295.974
289.349
309.939
298.859
296.646
289.969
279.336
277.109
276.228
277.009
275.312
274.733
280.987
278.362
277.303
277.801
275.934
275.24
284.233
280.971
279.588
279.115
276.789
275.9
320.277
311.054
306.5
305.006
298.431
295.363
295.232
290.19
287.995
287.971
283.697
281.821
280.214
277.324
276.199
320.13
309.036
303.832
305.17
296.865
293.142
295.677
289.281
286.526
287.964
283.107
281.156
279.911
277.034
275.939
289.461
281.843
277.767
275.56
290.544
282.207
277.863
275.56
289.516
281.876
277.799
275.584
290.884
282.351
277.958
275.623
289.479
281.89
277.907
275.684
291.117
282.471
278.117
275.739
291.994
282.833
278.138
275.692
292.591
283.138
278.228
275.719
290.391
282.294
278.091
275.763
289.058
281.955
278.036
275.858
289.161
281.838
277.988
275.801
288.371
281.666
277.943
275.864
291.326
282.674
278.171
275.755
289.574
282.192
278.12
275.892
291.961
282.969
278.281
275.813
289.941
282.381
278.217
275.961
287.707
281.28
277.65
275.602
285.722
280.648
277.499
275.666
287.72
281.293
277.681
275.632
285.889
280.71
277.526
275.689
287.823
281.343
277.754
275.703
286.361
280.878
277.6
275.736
287.715
281.347
277.813
275.79
286.744
281.028
277.691
275.804
287.572
281.361
277.858
275.878
284.21
280.194
277.266
275.769
283.382
279.974
277.177
275.777
284.536
280.305
277.315
275.798
283.73
280.093
277.223
275.8
285.141
280.515
277.39
275.837
284.345
280.309
277.297
275.837
285.896
280.788
277.52
275.905
285.073
280.575
277.403
275.892
286.639
281.096
277.678
275.977
285.725
280.854
277.522
275.953
287.614
281.603
277.869
276.061
286.663
281.378
277.775
276.085
287.188
281.373
277.776
276.017
286.238
281.136
277.652
276.02
287.93
281.789
277.929
276.094
287.009
281.589
277.871
276.141
288.206
281.949
278.011
276.145
287.304
281.765
277.962
276.197
274.334
273.704
273.36
273.187
273.116
274.335
273.705
273.361
273.187
273.116
274.347
273.709
273.362
273.188
273.117
274.352
273.712
273.364
273.189
273.117
274.365
273.716
273.365
273.189
273.117
274.37
273.719
273.367
273.19
273.118
274.39
273.729
273.371
273.192
273.118
274.417
273.741
273.376
273.194
273.12
274.386
273.725
273.368
273.191
273.118
274.407
273.73
273.37
273.191
273.118
274.379
273.72
273.366
273.19
273.117
274.397
273.726
273.368
273.19
273.118
274.404
273.733
273.372
273.192
273.119
274.423
273.737
273.374
273.193
273.119
274.429
273.744
273.377
273.194
273.12
274.446
273.747
273.378
273.195
273.12
274.336
273.704
273.36
273.187
273.116
274.34
273.703
273.359
273.187
273.116
274.347
273.708
273.361
273.187
273.116
274.348
273.706
273.361
273.187
273.116
274.364
273.713
273.364
273.188
273.117
274.363
273.712
273.363
273.188
273.117
274.382
273.719
273.366
273.189
273.117
274.379
273.718
273.365
273.189
273.117
274.391
273.723
273.367
273.19
273.117
507.295
502.585
507.568
502.989
508.607
504.294
511.187
506.987
516.32
512.073
525.106
525.36
522.356
521.129
526.32
527.176
526.699
527.456
559.559
570.079
572.329
572.847
572.96
548.14
566.914
571.6
572.685
572.921
559.818
570.149
572.346
572.851
572.961
548.537
567.033
571.624
572.694
572.923
560.154
570.235
572.367
572.855
572.962
549.12
567.186
571.661
572.702
572.925
560.88
570.403
572.405
572.864
572.964
550.159
567.44
571.718
572.714
572.927
562.133
570.668
572.462
572.876
572.967
551.844
567.819
571.798
572.73
572.931
563.41
570.866
572.497
572.882
572.968
555.625
568.61
571.959
572.762
572.938
563.032
570.811
572.488
572.881
572.968
554.15
568.29
571.895
572.75
572.936
563.559
570.888
572.5
572.882
572.968
556.365
568.788
571.996
572.769
572.94
563.675
570.915
572.506
572.884
572.968
556.556
568.851
572.008
572.771
572.94
403.731
444.299
442.11
399.644
382.06
383.663
385.724
388.813
398.402
402.818
431.867
442.515
441.027
452.458
414.138
419.385
400.523
404.339
393.028
395.332
341.957
324.248
284.443
280.648
281.569
280.175
282.794
336.287
327.325
312.92
314.774
309.331
295.832
303.096
298.24
291.434
293.425
289.995
335.164
309.225
294.582
292.439
298.86
295.987
290.425
288.431
286.027
284.195
289.547
288.066
338.629
317.681
324.679
307.008
300.299
310.808
290.435
285.084
292.271
324.879
311.47
300.799
290.672
279.949
314.533
305.36
296.369
287.529
278.253
283.127
281.376
279.215
276.814
274.285
279.81
278.67
277.231
275.605
273.879
280.628
279.347
277.732
275.911
273.982
279.397
278.334
276.985
275.455
273.828
281.697
280.218
278.37
276.299
274.112
320.783
307.752
297.613
288.362
279.129
313.446
301.793
292.923
285.005
277.222
305.649
298.251
290.889
283.799
276.729
304.49
295.443
288.309
281.975
276.025
300.531
292.585
286.254
280.675
275.539
292.555
288.65
284.294
279.808
275.28
298.052
292.566
286.874
281.29
275.78
294.179
289.625
284.797
280.019
275.333
289.003
285.965
282.442
278.716
274.914
290.548
287.073
283.158
279.111
275.04
287.812
285.044
281.793
278.329
274.784
320.826
308.305
298.284
288.868
279.319
303.278
296.855
290.145
283.439
276.61
291.65
288.057
283.952
279.64
275.232
289.911
286.747
283.058
279.122
275.061
295.16
290.786
285.91
280.848
275.659
292.905
289.124
284.781
280.179
275.424
288.26
285.494
282.199
278.624
274.896
286.563
284.135
281.21
278.017
274.688
284.494
282.469
279.995
277.274
274.437
282.914
281.203
279.084
276.729
274.255
287.474
284.819
281.668
278.274
274.771
286.237
283.861
281
277.884
274.642
323.059
310.238
299.909
290.075
279.822
309.799
301.909
293.918
285.937
277.599
315.014
305.106
296.119
287.321
278.162
301.876
296.078
289.773
283.272
276.527
296.479
291.924
286.799
281.422
275.858
304.692
298.067
291.095
284.073
276.844
288.263
285.488
282.187
278.611
274.89
283.681
281.821
279.534
277.003
274.348
289.794
286.678
283.027
279.113
275.059
487.649
535.145
479.827
529.206
453.271
507.621
460.628
513.474
466.287
450.097
505.049
471.995
438.546
421.844
474.761
440.11
507.167
524.229
545.069
552.922
499.603
516.097
540.38
548.967
519.85
487.781
493.91
472.298
504.124
533.615
535.011
537.219
489.343
497.257
508.394
509.709
455.809
462.243
542.783
548.04
512.367
522.609
554.217
559.612
541.679
561.347
560.416
568.407
533.704
558.055
556.821
566.822
517.45
550.867
538.644
560.239
553.234
565.75
559.147
567.86
442.728
433.786
454.72
438.468
411.728
403.723
422.236
407.435
485.141
469.772
472.682
464.378
463.86
441.115
467.44
441.655
430.271
409.612
433.229
409.863
494.316
472.747
498.083
473.543
514.409
550.477
502.333
540.68
503.069
544.287
496.363
535.813
522.618
554.187
505.538
543.308
526.066
555.81
506.444
544.553
523.913
502.846
553.662
539.002
513.616
493.732
549.071
533.102
498.848
481.718
541.304
525.056
430.494
400.521
459.439
488.831
533.09
396.457
424.585
450.735
477.097
519.036
398.206
427.335
457.167
488.098
526.724
473.443
453.017
493.129
473.45
469.165
449.622
492.733
472.416
462.616
443.735
492.194
471.519
387.396
375.734
414.871
400.978
439.269
423.1
463.84
445.518
495.048
474.791
387.918
374.192
417.419
406.033
446.628
434.198
475.3
459.936
502.611
484.388
421.974
416.208
421.397
416.128
389.03
370.837
388.253
368.901
453.473
451.201
453.382
449.487
419.477
415.639
419.62
415.953
387.307
368.42
387.207
368.208
451.537
451.181
451.924
451.902
484.825
482.088
511.351
507.478
483.406
478.498
509.538
502.894
484.266
482.943
512.051
509.283
483.252
482.529
511.06
508.496
440.337
434.763
456.81
449.315
437.031
430.591
455.409
446.542
430.731
423.815
453.539
442.571
365.798
358.99
389.775
381.84
410.718
401.751
431.333
421.787
454.003
439.195
361.37
353.289
395.03
384.929
420.249
407.527
440.931
425.046
456.279
436.946
379.814
372.92
390.991
381.727
407.625
395.039
428.535
408.356
360.515
340.905
364.961
343.689
360.349
343.12
365.497
345.928
364.406
358.105
363.825
357.231
346.186
350.091
387.436
391.279
417.21
422.023
368.018
372.754
368.029
370.925
352.646
355.375
326.015
308.805
327.87
309.78
327.74
308.822
329.32
309.802
330.954
308.909
334.096
310.703
336.323
311.782
336.875
311.781
361.983
353.864
367.877
355.537
384.636
376.491
392.696
379.17
348.596
335.81
344.421
334.78
372.006
356.575
373.82
356.503
398.511
380.777
400.892
380.837
351.426
336.433
352.623
336.213
330.444
308.067
319.956
303.002
327.574
306.678
319.248
302.548
332.358
309.032
320.302
303.121
333.091
309.374
320.011
302.845
322.548
318.229
306.652
303.534
324.081
319.904
306.504
303.538
326.595
323.16
306.377
303.906
355.336
375.682
339.22
324.239
304.819
373.357
354.617
338.371
323.145
303.571
372.175
351.227
333.157
318.236
301.929
313.461
308.48
299.811
294.619
315.486
310.546
300.174
295.137
318.869
313.992
300.812
295.918
365.407
355.551
347.654
339.614
332.522
326.552
318.16
312.92
300.582
295.796
362.707
349.257
343.081
331.491
326.647
317.252
312.937
304.935
299.11
293.757
340.339
324.729
340.361
323.242
361.13
343.001
361.152
340.769
324.01
310.633
324.002
311.566
341.478
322.815
341.244
322.302
361.934
339.891
361.761
339.399
324.958
310.426
324.613
309.905
309.899
299.559
297.283
290.605
310.561
300.214
297.885
291.248
309.901
299.374
296.856
290.101
310.275
299.163
296.914
290.187
304.706
303.351
286.447
285.702
307.115
305.432
287.052
286.186
310.26
307.412
287.733
285.815
347.078
341.164
332.653
327.956
321.176
317.572
307.785
303.804
287.144
284.041
337.593
331.678
321.777
317.26
309.25
305.797
297.378
294.402
283.724
281.324
293.115
283.657
278.622
275.958
293.591
283.804
278.639
275.927
292.897
283.569
278.591
275.948
293.489
283.741
278.64
275.946
292.451
283.399
278.628
276.016
293.207
283.604
278.691
276.016
293.295
283.566
278.513
275.874
293.041
283.398
278.361
275.785
292.098
283.228
278.576
276.009
290.352
282.69
278.437
276.081
291.639
283.126
278.633
276.116
290.352
282.74
278.497
276.151
292.333
283.247
278.476
275.915
290.309
282.623
278.364
276.035
292.294
283.163
278.385
275.868
290.179
282.523
278.299
276.011
292.257
283.394
278.619
276.053
291.087
283.059
278.585
276.179
292.025
283.311
278.604
276.058
290.962
283.016
278.565
276.178
291.655
283.179
278.606
276.093
290.809
282.953
278.546
276.182
290.958
282.954
278.579
276.149
290.536
282.857
278.539
276.203
290.267
282.75
278.543
276.218
289.998
282.793
278.409
276.37
289.287
282.653
278.372
276.431
289.986
282.777
278.412
276.375
289.285
282.638
278.368
276.429
289.928
282.739
278.386
276.363
289.237
282.603
278.344
276.42
289.77
282.667
278.388
276.366
289.094
282.538
278.325
276.413
289.461
282.558
278.395
276.375
288.778
282.44
278.298
276.404
288.829
282.313
278.26
276.302
287.991
282.168
278.201
276.347
289.102
282.433
278.327
276.339
288.337
282.306
278.255
276.381
288.603
282.198
278.162
276.244
287.728
282.037
278.12
276.297
288.42
282.082
278.087
276.195
287.527
281.908
278.043
276.248
274.51
273.783
273.395
273.202
273.124
274.501
273.781
273.394
273.202
273.124
274.507
273.781
273.394
273.202
273.124
274.496
273.778
273.393
273.201
273.124
274.505
273.778
273.392
273.201
273.124
274.489
273.774
273.391
273.2
273.123
274.473
273.766
273.387
273.199
273.122
274.447
273.755
273.382
273.197
273.121
274.493
273.773
273.39
273.2
273.123
274.501
273.772
273.389
273.2
273.123
274.507
273.777
273.391
273.201
273.123
274.511
273.776
273.39
273.2
273.123
274.477
273.766
273.387
273.199
273.122
274.486
273.766
273.386
273.198
273.122
274.454
273.756
273.382
273.197
273.121
274.468
273.757
273.382
273.197
273.121
274.523
273.786
273.395
273.203
273.125
274.534
273.788
273.396
273.203
273.125
274.521
273.784
273.395
273.202
273.124
274.533
273.787
273.395
273.203
273.124
274.52
273.782
273.393
273.202
273.124
274.53
273.784
273.394
273.202
273.124
274.52
273.78
273.392
273.201
273.124
274.525
273.781
273.393
273.201
273.124
274.518
273.778
273.391
273.201
273.123
508.513
506.114
509.099
506.668
510.526
508.054
513.201
510.487
517.73
514.69
525.153
525.521
522.772
521.952
526.267
527.142
526.67
527.427
560
570.18
572.35
572.851
572.961
549.182
567.139
571.644
572.694
572.923
560.272
570.249
572.367
572.855
572.962
549.588
567.253
571.668
572.702
572.924
560.616
570.329
572.385
572.859
572.963
550.156
567.397
571.702
572.709
572.926
561.293
570.482
572.42
572.866
572.965
551.089
567.624
571.752
572.72
572.929
562.405
570.72
572.472
572.878
572.967
552.537
567.957
571.825
572.735
572.932
563.439
570.875
572.499
572.883
572.968
555.727
568.639
571.966
572.763
572.938
563.141
570.837
572.494
572.882
572.968
554.475
568.366
571.91
572.753
572.936
563.56
570.89
572.501
572.883
572.968
556.378
568.795
571.998
572.77
572.94
563.673
570.915
572.506
572.884
572.968
556.553
568.852
572.008
572.772
572.94
402.798
443.119
438.413
396.942
386.061
393.913
383.763
393.475
415.99
436.762
420.194
438.567
273.776
273.974
274.419
275.196
276.45
278.384
273.934
274.157
274.653
275.502
276.83
278.798
273.663
273.609
273.858
273.815
274.303
274.292
275.094
275.165
276.365
276.559
278.219
278.392
281.268
285.373
291.04
298.509
306.191
311.282
281.587
285.333
290.062
295.44
300.415
303.517
273.699
273.59
273.446
273.277
273.094
273.877
273.739
273.558
273.347
273.118
274.276
274.074
273.81
273.503
273.17
274.971
274.656
274.246
273.772
273.261
276.09
275.589
274.944
274.202
273.407
277.807
277.015
276.005
274.854
273.626
273.841
273.709
273.536
273.333
273.113
274.041
273.876
273.662
273.411
273.139
274.484
274.248
273.94
273.583
273.197
275.243
274.881
274.414
273.875
273.296
276.424
275.865
275.148
274.327
273.449
278.169
277.311
276.222
274.986
273.671
273.597
273.504
273.382
273.238
273.081
273.549
273.464
273.351
273.219
273.074
273.773
273.652
273.493
273.307
273.104
273.734
273.62
273.469
273.292
273.099
274.172
273.987
273.745
273.463
273.157
274.162
273.979
273.739
273.459
273.156
274.88
274.581
274.191
273.739
273.25
274.944
274.635
274.232
273.764
273.259
276.015
275.529
274.901
274.176
273.398
276.19
275.676
275.011
274.245
273.421
277.664
276.9
275.922
274.804
273.61
277.821
277.032
276.022
274.866
273.631
280.351
279.111
277.554
275.802
273.945
283.936
282.035
279.699
277.109
274.385
288.81
285.954
282.547
278.841
274.969
295.082
290.905
286.111
281.014
275.713
301.285
295.678
289.522
283.12
276.462
305.294
298.719
291.689
284.471
276.953
280.628
279.335
277.717
275.901
273.978
283.903
282.009
279.681
277.099
274.381
287.994
285.317
282.093
278.566
274.875
292.58
288.98
284.746
280.18
275.422
296.75
292.268
287.114
281.625
275.917
299.321
294.281
288.561
282.513
276.224
273.785
274.007
274.485
275.314
276.652
278.717
273.946
274.195
274.726
275.626
277.027
279.092
273.672
273.618
273.889
273.846
274.367
274.358
275.215
275.299
276.586
276.812
278.621
278.889
281.77
286.03
291.788
299.183
306.63
311.429
281.989
285.824
290.585
295.903
300.727
303.626
273.708
273.597
273.452
273.281
273.095
273.906
273.764
273.578
273.359
273.122
274.335
274.125
273.849
273.527
273.179
275.078
274.747
274.316
273.817
273.277
276.273
275.746
275.065
274.279
273.433
278.111
277.275
276.206
274.981
273.67
273.851
273.718
273.543
273.337
273.114
274.075
273.906
273.684
273.425
273.144
274.55
274.304
273.983
273.61
273.207
275.356
274.978
274.488
273.922
273.312
276.604
276.019
275.267
274.402
273.474
278.438
277.542
276.4
275.099
273.709
273.605
273.511
273.387
273.241
273.082
273.557
273.47
273.356
273.222
273.075
273.8
273.676
273.511
273.318
273.108
273.762
273.643
273.487
273.303
273.103
274.23
274.036
273.783
273.487
273.165
274.222
274.031
273.779
273.484
273.164
274.99
274.675
274.263
273.784
273.266
275.066
274.739
274.312
273.814
273.276
276.217
275.702
275.033
274.26
273.426
276.42
275.873
275.162
274.34
273.454
278.031
277.214
276.164
274.957
273.662
278.274
277.42
276.319
275.053
273.694
280.811
279.507
277.861
275.997
274.012
284.542
282.561
280.109
277.37
274.475
289.508
286.569
283.031
279.152
275.077
295.725
291.483
286.576
281.318
275.82
301.717
296.075
289.849
283.339
276.54
305.443
298.859
291.806
284.551
276.982
280.997
279.653
277.964
276.057
274.032
284.356
282.403
279.988
277.294
274.448
288.48
285.743
282.428
278.781
274.95
293.016
289.367
285.054
280.38
275.492
297.047
292.535
287.329
281.767
275.967
299.425
294.375
288.639
282.564
276.242
342.183
324.447
285.362
281.288
282.767
280.985
283.877
342.593
338.283
319.322
328.031
300.692
310.156
295.448
298.466
293.584
338.52
313.009
298.123
294.97
301.902
297.995
291.593
290.105
288.515
286.029
292.479
290.217
339.486
318.326
326.678
308.124
301.855
313.346
291.989
286.53
294.306
325.167
311.76
301.06
290.865
280.028
314.75
305.573
296.554
287.66
278.304
283.972
282.107
279.783
277.174
274.409
280.395
279.173
277.619
275.85
273.963
281.718
280.279
278.447
276.361
274.135
280.135
278.965
277.47
275.76
273.933
282.687
281.07
279.027
276.714
274.254
327.72
314.187
302.9
291.913
280.453
324.774
311.947
301.022
290.253
279.017
311.936
303.957
295.469
286.783
277.777
317.847
307.05
297.427
287.813
278.041
297.107
292.644
287.424
281.808
275.969
304.791
298.547
291.598
284.325
276.828
292.728
289.21
284.968
280.324
275.467
295.292
291.246
286.431
281.204
275.761
291.15
287.958
284.069
279.78
275.283
324.54
311.896
301.323
290.961
280.141
306.964
300.202
292.845
285.21
277.237
294.957
290.957
286.225
281.094
275.733
292.268
288.811
284.675
280.157
275.418
298.039
293.343
287.938
282.158
276.115
294.793
290.794
286.102
281.031
275.72
289.349
286.449
282.951
279.106
275.062
288.11
285.481
282.259
278.685
274.918
286.769
284.423
281.5
278.225
274.762
284.588
282.637
280.186
277.424
274.493
290.183
287.172
283.497
279.437
275.17
288.221
285.582
282.337
278.733
274.934
324.091
311.252
300.804
290.723
280.087
310.473
302.552
294.465
286.315
277.741
317.121
307.115
297.821
288.489
278.595
302.971
297.084
290.598
283.821
276.724
297.964
293.257
287.868
282.12
276.103
307.186
300.358
292.965
285.314
277.288
289.708
286.751
283.177
279.244
275.108
285.009
282.968
280.422
277.566
274.541
291.69
288.341
284.332
279.949
275.348
276.205
282.517
288.609
294.301
299.196
303.15
463.567
456.668
430.854
437.413
445.727
435.683
420.21
408.767
485.665
503.653
478.115
493.931
467.167
457.396
480.089
450.998
445.483
420.672
425.849
436.37
427.705
412.004
402.417
472.469
484.484
465.942
476.141
455.781
446.923
464.33
433.319
429.415
406.328
409.966
422.577
415.81
399.916
392.166
452.398
463.13
447.314
456.78
439.731
432.543
447.548
414.596
411.867
391.057
393.666
406.661
401.012
386.213
379.885
432.775
443.936
428.848
438.874
422.88
416.137
430.99
400.787
398.696
379.811
381.884
394.395
389.686
375.824
370.315
417.708
429.858
414.491
425.896
409.914
404.141
419.252
391.329
389.56
372.086
373.882
385.908
382.057
368.547
363.639
407.778
422.09
404.94
418.262
401.352
396.443
411.693
378.093
374.979
401.735
406.374
370.714
365.498
394.286
385.363
355.479
335.675
354.737
337.482
351.297
350.923
340.308
372.931
370.076
394.437
398.393
366.158
361.411
387.976
379.91
350.39
331.672
349.79
333.548
346.583
346.64
336.071
364.766
362.337
383.535
386.591
358.992
354.793
378.393
371.711
344.965
327.084
344.306
328.682
341.512
341.493
330.874
354.854
352.866
371.201
373.542
349.886
345.827
367.127
361.191
337.67
321.913
337.127
323.182
334.702
334.511
325.149
347.126
345.418
361.923
363.863
342.851
339.158
358.459
353.251
331.759
318.333
331.3
319.196
329.389
329.078
320.951
341.706
340.178
355.513
357.228
338.042
334.923
352.403
347.767
328.069
316.014
327.7
316.768
326.047
325.868
318.517
533.184
552.35
520.294
543.477
503.006
532.396
473.995
508.4
473.873
501.051
499.95
526.756
515.967
539.276
527.338
548.185
492.384
468.526
515.91
481.626
461.555
437.125
484.645
448.321
542.031
550.184
557.373
561.884
529.278
539.549
549.444
556.113
530.003
511.534
503.414
491.008
524.6
541.981
538.514
538.1
493.648
498.407
511.932
510.691
459.641
463.336
546.302
548.866
516.453
523.649
556.86
560.187
555.444
565.792
565.444
570.076
546.709
562.23
561.08
568.299
530.026
554.837
544.95
562.325
555.557
566.56
559.63
568.039
451.054
437.101
460.339
440.633
417.406
405.304
426.486
408.701
490.938
472.02
481.705
467.939
466.737
442.292
468.259
442.006
432.544
410.365
433.881
410.088
497.242
473.955
498.916
473.906
518.701
551.914
503.965
541.256
509.705
546.469
498.909
536.64
524.8
554.949
506.424
543.637
526.691
556.039
506.713
544.656
545.504
526.031
560.347
546.18
532.69
513.431
555
539.102
514.653
497.347
546.162
529.577
432.067
393.802
466.565
496.197
535.478
387.176
424.759
458.186
485.392
521.383
393.656
428.378
460.894
491.329
527.616
491.329
460.722
497.467
468.182
484.684
456.283
495.661
466.461
475.534
449.248
493.651
465.155
375.155
359.867
412.766
394.828
443.815
422.941
468.968
445.221
494.592
468.258
380.46
363.997
415.791
400.443
447.923
430.602
476.479
456.053
501.875
479.175
422.238
414.471
421.878
415.642
386.776
365.952
387.676
366.939
454.407
451.357
454.702
449.008
419.825
415.613
419.739
415.977
387.204
367.753
387.196
368.05
452.089
451.43
452.101
452.002
485.585
482.288
511.634
507.417
484.463
478.012
509.722
502.001
484.735
483.212
512.272
509.404
483.414
482.635
511.141
508.554
428.068
403.162
390.308
431.641
404.883
391.569
425.872
400.626
387.275
430.504
402.974
389.001
419.63
394.386
380.917
429.43
400.029
385.03
343.016
330.217
323.583
373.489
354.691
344.401
397.885
374.199
361.019
415.838
388.978
374.522
430.927
398.361
381.365
345.768
330.383
322.329
380.679
359.474
347.386
405.839
378.906
363.281
424.694
392.254
374.016
436.991
399.916
379.852
389.015
379.293
395.057
385.29
423.112
405.743
435.076
414.222
363.743
340.952
364.872
342.683
365.158
343.685
366.929
345.463
366.338
362.543
365.532
360.152
347.111
350.346
389.446
391.921
420.212
422.936
369.35
373.265
369.16
371.327
353.011
355.555
319.5
302.471
324.27
305.192
321.935
302.984
326.524
305.984
325.928
303.748
332.239
307.671
335.528
310.064
336.642
311.212
360.801
350.858
368.449
354.333
386.891
375.587
395.116
379.139
347.532
333.829
340.617
330.668
372.601
356.11
374.015
356.364
399.973
380.908
401.325
380.878
351.186
335.53
352.577
335.94
327.904
305.411
317.723
301.062
321.993
302.343
315.055
299.348
331.281
307.603
319.207
302.081
332.792
308.927
319.674
302.515
304.482
295.405
297.061
291.643
306.589
297.74
297.426
292.336
310.583
302.792
298.369
294.161
341.086
363.319
325.015
313.258
298.475
357.78
336.272
318.831
308.115
295.735
363.064
340.913
323.763
310.772
297.18
288.95
283.903
287.063
282.879
291.236
285.778
288.081
283.844
295.809
289.618
290.102
285.673
346.513
333.379
326.323
315.126
311.74
303.072
301.907
294.738
292.523
287.849
350.555
335.014
330.126
316.919
315.397
305.04
304.377
296.014
294.067
288.829
334.689
317.632
337.978
320.061
356.376
335.923
359.428
337.772
321.442
307.715
318.602
305.505
340.525
321.515
340.981
321.956
361.341
338.733
361.609
339.102
323.833
309.174
324.29
309.561
307.583
297.268
295.57
289.074
306.091
295.729
294.902
288.481
308.79
298.33
295.971
289.346
309.935
298.856
296.642
289.967
279.301
277.075
276.194
277.01
275.305
274.724
280.991
278.365
277.305
277.799
275.934
275.241
284.233
280.972
279.589
279.114
276.789
275.9
320.274
311.053
306.499
305.003
298.43
295.362
295.23
290.189
287.994
287.969
283.697
281.821
280.213
277.323
276.199
320.126
309.034
303.83
305.167
296.863
293.141
295.674
289.28
286.525
287.963
283.106
281.156
279.91
277.033
275.939
289.457
281.84
277.765
275.558
290.533
282.202
277.86
275.557
289.513
281.875
277.798
275.584
290.882
282.35
277.957
275.622
289.476
281.889
277.906
275.684
291.114
282.469
278.117
275.739
291.991
282.832
278.137
275.692
292.588
283.137
278.227
275.718
290.388
282.292
278.09
275.763
289.055
281.954
278.035
275.858
289.158
281.837
277.987
275.801
288.368
281.664
277.942
275.863
291.322
282.673
278.171
275.755
289.571
282.191
278.119
275.891
291.957
282.968
278.28
275.813
289.938
282.379
278.216
275.961
287.704
281.278
277.649
275.6
285.717
280.645
277.497
275.664
287.717
281.292
277.68
275.632
285.887
280.709
277.525
275.688
287.82
281.342
277.754
275.702
286.358
280.877
277.6
275.736
287.713
281.346
277.812
275.789
286.742
281.027
277.69
275.803
287.569
281.359
277.857
275.878
284.206
280.192
277.265
275.768
283.375
279.971
277.176
275.776
284.534
280.304
277.315
275.798
283.729
280.093
277.223
275.8
285.139
280.514
277.39
275.837
284.343
280.308
277.296
275.837
285.894
280.786
277.52
275.904
285.07
280.574
277.403
275.891
286.636
281.095
277.677
275.977
285.722
280.853
277.521
275.952
287.611
281.601
277.868
276.061
286.66
281.376
277.775
276.085
287.186
281.371
277.775
276.017
286.235
281.134
277.651
276.019
287.927
281.788
277.928
276.093
287.006
281.588
277.87
276.14
288.203
281.948
278.01
276.145
287.302
281.764
277.961
276.196
274.334
273.704
273.36
273.187
273.116
274.334
273.705
273.361
273.187
273.116
274.347
273.709
273.362
273.188
273.116
274.352
273.712
273.364
273.189
273.117
274.365
273.716
273.365
273.189
273.117
274.37
273.719
273.367
273.19
273.117
274.39
273.729
273.371
273.192
273.118
274.416
273.741
273.376
273.194
273.12
274.386
273.724
273.368
273.191
273.118
274.406
273.73
273.37
273.191
273.118
274.379
273.72
273.366
273.19
273.117
274.397
273.725
273.368
273.19
273.118
274.404
273.733
273.372
273.192
273.119
274.423
273.737
273.374
273.193
273.119
274.429
273.744
273.377
273.194
273.12
274.445
273.747
273.378
273.195
273.12
274.336
273.703
273.36
273.187
273.116
274.34
273.703
273.359
273.187
273.116
274.347
273.707
273.361
273.187
273.116
274.348
273.706
273.361
273.187
273.116
274.364
273.713
273.364
273.188
273.117
274.363
273.712
273.363
273.188
273.117
274.382
273.719
273.366
273.189
273.117
274.379
273.718
273.365
273.189
273.117
274.391
273.722
273.367
273.19
273.117
507.358
502.666
507.584
503.002
508.611
504.297
511.187
506.986
516.319
512.072
525.104
525.358
522.354
521.127
526.317
527.174
526.697
527.454
559.643
570.102
572.334
572.848
572.96
548.185
566.928
571.603
572.686
572.922
559.813
570.148
572.346
572.851
572.961
548.543
567.035
571.625
572.694
572.923
560.153
570.235
572.367
572.855
572.962
549.121
567.187
571.661
572.702
572.925
560.88
570.403
572.405
572.864
572.964
550.159
567.44
571.718
572.714
572.927
562.133
570.668
572.462
572.876
572.967
551.844
567.819
571.798
572.73
572.931
563.409
570.866
572.497
572.882
572.968
555.624
568.609
571.959
572.762
572.938
563.032
570.811
572.488
572.881
572.968
554.15
568.29
571.895
572.75
572.936
563.558
570.888
572.5
572.882
572.968
556.365
568.788
571.996
572.769
572.94
563.675
570.915
572.506
572.884
572.968
556.555
568.851
572.008
572.771
572.94
403.711
444.282
442.086
399.612
381.77
383.282
385.611
388.698
398.323
402.738
431.819
442.464
440.979
452.405
414.058
419.304
400.415
404.227
392.514
394.677
341.953
324.245
284.442
280.647
281.568
280.174
282.793
336.282
327.322
312.917
314.771
309.329
295.831
303.093
298.238
291.433
293.423
289.993
335.159
309.222
294.58
292.437
298.858
295.985
290.423
288.43
286.026
284.193
289.546
288.064
338.625
317.677
324.675
307.005
300.296
310.805
290.433
285.083
292.269
324.875
311.466
300.796
290.67
279.948
314.529
305.357
296.367
287.527
278.253
283.126
281.375
279.215
276.813
274.285
279.809
278.669
277.231
275.605
273.879
280.627
279.346
277.732
275.911
273.981
279.396
278.333
276.984
275.455
273.828
281.696
280.217
278.37
276.299
274.112
320.778
307.749
297.61
288.36
279.128
313.442
301.791
292.92
285.004
277.221
305.646
298.249
290.887
283.798
276.728
304.488
295.441
288.307
281.974
276.024
300.529
292.584
286.253
280.674
275.539
292.554
288.648
284.293
279.807
275.28
298.05
292.564
286.873
281.289
275.78
294.178
289.624
284.796
280.019
275.333
289.001
285.964
282.441
278.715
274.914
290.547
287.071
283.157
279.11
275.039
287.81
285.042
281.792
278.328
274.784
320.822
308.301
298.281
288.866
279.318
303.275
296.853
290.143
283.438
276.609
291.648
288.056
283.95
279.639
275.232
289.909
286.745
283.057
279.121
275.06
295.158
290.784
285.908
280.847
275.659
292.904
289.123
284.779
280.178
275.424
288.259
285.492
282.198
278.623
274.895
286.561
284.134
281.209
278.016
274.688
284.493
282.468
279.994
277.274
274.436
282.913
281.202
279.084
276.729
274.255
287.472
284.818
281.667
278.273
274.77
286.235
283.86
280.999
277.883
274.642
323.054
310.234
299.906
290.073
279.821
309.796
301.906
293.916
285.935
277.598
315.01
305.103
296.117
287.319
278.161
301.873
296.075
289.772
283.27
276.526
296.476
291.922
286.797
281.421
275.858
304.689
298.065
291.093
284.072
276.844
288.262
285.486
282.186
278.61
274.89
283.68
281.82
279.534
277.003
274.348
289.792
286.677
283.026
279.112
275.059
488.049
535.625
479.771
529.059
453.217
507.462
461.042
514.049
466.251
450.074
504.981
471.963
438.514
421.824
474.7
440.084
507.508
524.49
545.458
553.203
499.557
516.061
540.258
548.882
519.793
487.748
493.875
472.273
504.094
533.563
534.989
537.211
489.323
497.246
508.373
509.698
455.791
462.231
542.763
548.033
512.348
522.599
554.201
559.608
541.862
561.427
560.594
568.473
533.672
558.041
556.772
566.804
517.427
550.857
538.612
560.228
553.222
565.746
559.143
567.858
442.711
433.773
454.701
438.456
411.713
403.711
422.219
407.424
485.122
469.761
472.666
464.367
463.846
441.104
467.429
441.646
430.257
409.602
433.218
409.854
494.303
472.738
498.074
473.536
514.394
550.472
502.325
540.677
503.055
544.281
496.354
535.809
522.607
554.183
505.532
543.305
526.059
555.808
506.439
544.551
524.072
502.999
553.757
539.133
513.596
493.713
549.057
533.08
498.834
481.708
541.296
525.047
430.482
400.509
459.426
488.82
533.084
396.447
424.573
450.724
477.088
519.029
398.196
427.324
457.156
488.089
526.719
473.593
453.101
493.281
473.537
469.145
449.611
492.72
472.412
462.608
443.729
492.187
471.515
387.389
375.73
414.863
400.973
439.261
423.095
463.832
445.512
495.043
474.787
387.91
374.186
417.41
406.027
446.62
434.192
475.293
459.931
502.606
484.384
421.965
416.2
421.388
416.121
389.021
370.83
388.244
368.895
453.465
451.194
453.373
449.48
419.469
415.632
419.612
415.947
387.299
368.414
387.2
368.202
451.53
451.175
451.917
451.896
484.819
482.083
511.347
507.474
483.4
478.492
509.534
502.89
484.261
482.938
512.047
509.279
483.247
482.524
511.057
508.492
440.407
434.828
456.893
449.399
437.024
430.585
455.406
446.541
430.727
423.813
453.535
442.569
365.794
358.987
389.772
381.838
410.715
401.749
431.329
421.784
453.999
439.192
361.366
353.286
395.026
384.925
420.245
407.523
440.927
425.042
456.275
436.942
379.804
372.91
390.981
381.715
407.607
395.024
428.508
408.338
360.608
340.97
365.042
343.744
360.347
343.121
365.5
345.932
364.401
358.1
363.818
357.225
346.183
350.089
387.424
391.265
417.194
422.009
368.009
372.741
368.019
370.913
352.639
355.364
326.066
308.827
327.916
309.802
327.746
308.824
329.328
309.805
330.953
308.908
334.095
310.703
336.319
311.779
336.866
311.776
361.975
353.857
367.868
355.529
384.624
376.482
392.683
379.16
348.589
335.804
344.415
334.775
371.996
356.566
373.808
356.494
398.499
380.767
400.88
380.828
351.418
336.426
352.613
336.206
330.44
308.064
319.951
302.999
327.571
306.677
319.244
302.546
332.352
309.029
320.297
303.117
333.082
309.369
320.005
302.841
322.602
318.28
306.675
303.556
324.083
319.905
306.505
303.538
326.593
323.158
306.376
303.905
355.329
375.673
339.215
324.236
304.818
373.349
354.611
338.367
323.143
303.57
372.166
351.22
333.152
318.232
301.927
313.511
308.527
299.851
294.672
315.488
310.548
300.174
295.135
318.867
313.991
300.811
295.916
365.401
355.547
347.649
339.61
332.518
326.549
318.158
312.918
300.581
295.794
362.701
349.253
343.076
331.487
326.643
317.249
312.935
304.933
299.108
293.756
340.333
324.725
340.355
323.238
361.123
342.996
361.145
340.764
324.005
310.63
323.998
311.563
341.472
322.811
341.237
322.298
361.927
339.886
361.754
339.394
324.953
310.423
324.608
309.901
309.896
299.557
297.28
290.603
310.558
300.212
297.883
291.247
309.897
299.371
296.853
290.099
310.271
299.16
296.91
290.185
304.761
303.402
286.515
285.767
307.12
305.439
287.048
286.187
310.26
307.412
287.731
285.814
347.075
341.162
332.651
327.954
321.174
317.57
307.783
303.803
287.143
284.041
337.589
331.675
321.774
317.259
309.248
305.795
297.377
294.401
283.723
281.324
293.125
283.661
278.623
275.957
293.601
283.808
278.64
275.926
292.897
283.569
278.591
275.948
293.49
283.741
278.64
275.946
292.451
283.398
278.628
276.016
293.206
283.604
278.691
276.016
293.293
283.566
278.512
275.874
293.039
283.397
278.361
275.785
292.097
283.227
278.575
276.009
290.35
282.689
278.437
276.081
291.638
283.126
278.633
276.116
290.35
282.739
278.497
276.151
292.331
283.246
278.476
275.914
290.307
282.622
278.363
276.035
292.292
283.162
278.384
275.868
290.177
282.522
278.299
276.01
292.268
283.398
278.62
276.052
291.096
283.062
278.585
276.179
292.025
283.311
278.604
276.058
290.963
283.016
278.565
276.179
291.655
283.178
278.606
276.093
290.809
282.953
278.546
276.182
290.958
282.953
278.579
276.149
290.535
282.857
278.539
276.203
290.266
282.75
278.543
276.218
290.007
282.795
278.41
276.369
289.295
282.655
278.373
276.431
289.987
282.778
278.412
276.375
289.286
282.639
278.368
276.429
289.928
282.739
278.386
276.363
289.237
282.603
278.343
276.42
289.77
282.667
278.388
276.366
289.093
282.538
278.325
276.413
289.461
282.557
278.395
276.374
288.777
282.439
278.298
276.404
288.827
282.312
278.259
276.302
287.99
282.167
278.2
276.346
289.101
282.432
278.327
276.339
288.336
282.306
278.254
276.381
288.601
282.197
278.161
276.243
287.726
282.036
278.119
276.296
288.418
282.081
278.086
276.195
287.525
281.906
278.042
276.247
274.509
273.783
273.395
273.202
273.124
274.501
273.781
273.394
273.202
273.124
274.507
273.781
273.394
273.202
273.124
274.496
273.778
273.392
273.201
273.124
274.505
273.778
273.392
273.201
273.124
274.489
273.774
273.39
273.2
273.123
274.472
273.766
273.387
273.199
273.122
274.447
273.755
273.382
273.197
273.121
274.493
273.773
273.39
273.2
273.123
274.501
273.772
273.389
273.2
273.123
274.506
273.777
273.391
273.201
273.123
274.511
273.776
273.39
273.2
273.123
274.476
273.766
273.387
273.199
273.122
274.486
273.766
273.386
273.198
273.122
274.454
273.756
273.382
273.197
273.121
274.467
273.757
273.382
273.197
273.121
274.522
273.786
273.395
273.203
273.125
274.534
273.788
273.396
273.203
273.125
274.521
273.784
273.395
273.202
273.124
274.533
273.786
273.395
273.203
273.124
274.519
273.782
273.393
273.202
273.124
274.53
273.784
273.394
273.202
273.124
274.52
273.78
273.392
273.201
273.124
274.525
273.781
273.393
273.201
273.124
274.518
273.778
273.391
273.201
273.123
508.54
506.157
509.107
506.674
510.526
508.055
513.199
510.485
517.727
514.687
525.151
525.519
522.769
521.949
526.264
527.139
526.667
527.425
560.078
570.202
572.355
572.852
572.961
549.221
567.152
571.648
572.695
572.923
560.266
570.248
572.366
572.855
572.962
549.592
567.255
571.668
572.702
572.924
560.615
570.329
572.385
572.859
572.963
550.156
567.397
571.702
572.709
572.926
561.292
570.482
572.42
572.866
572.965
551.089
567.624
571.753
572.72
572.929
562.404
570.72
572.472
572.878
572.967
552.536
567.956
571.825
572.735
572.932
563.439
570.875
572.499
572.883
572.968
555.726
568.639
571.966
572.763
572.938
563.14
570.837
572.494
572.882
572.968
554.474
568.365
571.91
572.753
572.936
563.559
570.89
572.501
572.883
572.968
556.377
568.795
571.998
572.77
572.94
563.673
570.915
572.506
572.884
572.968
556.552
568.852
572.008
572.772
572.94
402.783
443.104
438.394
396.929
386.222
394.071
383.759
393.475
415.972
436.735
420.454
438.854
273.776
273.974
274.419
275.196
276.45
278.384
273.934
274.157
274.653
275.502
276.829
278.797
273.663
273.609
273.858
273.815
274.303
274.292
275.094
275.165
276.364
276.558
278.218
278.391
281.267
285.372
291.038
298.507
306.189
311.279
281.587
285.332
290.06
295.438
300.413
303.515
273.699
273.589
273.446
273.277
273.094
273.877
273.739
273.558
273.347
273.118
274.276
274.074
273.81
273.503
273.17
274.971
274.655
274.246
273.772
273.261
276.089
275.589
274.944
274.202
273.407
277.807
277.014
276.005
274.854
273.626
273.841
273.709
273.536
273.333
273.113
274.04
273.876
273.661
273.411
273.139
274.484
274.248
273.94
273.583
273.197
275.242
274.881
274.414
273.875
273.296
276.424
275.865
275.148
274.327
273.448
278.169
277.31
276.221
274.986
273.67
273.597
273.504
273.382
273.238
273.081
273.549
273.464
273.351
273.219
273.074
273.773
273.652
273.493
273.307
273.104
273.734
273.62
273.469
273.292
273.099
274.172
273.987
273.745
273.463
273.157
274.162
273.979
273.739
273.459
273.156
274.88
274.581
274.191
273.738
273.25
274.944
274.635
274.232
273.764
273.259
276.015
275.529
274.9
274.176
273.398
276.189
275.675
275.011
274.245
273.421
277.664
276.899
275.922
274.804
273.61
277.82
277.032
276.022
274.866
273.631
280.35
279.11
277.554
275.802
273.945
283.935
282.034
279.698
277.109
274.385
288.808
285.953
282.546
278.84
274.969
295.08
290.903
286.11
281.013
275.713
301.283
295.675
289.52
283.119
276.461
305.292
298.717
291.687
284.47
276.953
280.627
279.334
277.717
275.901
273.978
283.902
282.009
279.68
277.098
274.381
287.992
285.315
282.092
278.565
274.875
292.579
288.979
284.745
280.179
275.422
296.748
292.266
287.112
281.624
275.917
299.318
294.278
288.56
282.512
276.223
273.785
274.007
274.485
275.314
276.652
278.716
273.946
274.195
274.726
275.626
277.026
279.091
273.672
273.618
273.889
273.846
274.367
274.358
275.215
275.299
276.586
276.811
278.62
278.888
281.769
286.029
291.786
299.18
306.627
311.426
281.988
285.822
290.583
295.901
300.724
303.623
273.707
273.597
273.452
273.281
273.095
273.906
273.764
273.578
273.359
273.122
274.335
274.125
273.849
273.527
273.179
275.078
274.747
274.316
273.816
273.276
276.273
275.746
275.065
274.278
273.433
278.11
277.275
276.205
274.981
273.67
273.851
273.718
273.543
273.337
273.114
274.075
273.906
273.684
273.425
273.144
274.55
274.304
273.983
273.61
273.207
275.355
274.978
274.488
273.922
273.312
276.604
276.019
275.266
274.402
273.474
278.438
277.541
276.4
275.099
273.709
273.605
273.511
273.387
273.241
273.082
273.557
273.47
273.356
273.222
273.075
273.8
273.675
273.511
273.318
273.108
273.762
273.643
273.487
273.303
273.103
274.23
274.036
273.783
273.486
273.165
274.222
274.03
273.779
273.484
273.164
274.99
274.675
274.263
273.784
273.266
275.066
274.739
274.312
273.814
273.276
276.217
275.701
275.033
274.26
273.426
276.42
275.872
275.162
274.34
273.454
278.031
277.214
276.163
274.956
273.662
278.273
277.419
276.319
275.053
273.694
280.81
279.507
277.861
275.996
274.012
284.541
282.56
280.108
277.37
274.474
289.507
286.567
283.03
279.151
275.077
295.723
291.481
286.574
281.317
275.819
301.714
296.073
289.847
283.338
276.54
305.44
298.856
291.804
284.549
276.982
280.996
279.652
277.963
276.057
274.032
284.355
282.402
279.987
277.293
274.448
288.479
285.742
282.427
278.781
274.95
293.014
289.365
285.053
280.379
275.491
297.045
292.533
287.328
281.766
275.966
299.423
294.373
288.637
282.563
276.241
342.179
324.443
285.361
281.287
282.766
280.984
283.876
342.588
338.28
319.319
328.029
300.69
310.153
295.447
298.464
293.582
338.516
313.006
298.121
294.968
301.9
297.993
291.592
290.104
288.514
286.028
292.478
290.215
339.482
318.323
326.674
308.122
301.853
313.343
291.987
286.529
294.305
325.163
311.756
301.057
290.863
280.028
314.746
305.57
296.552
287.658
278.304
283.971
282.106
279.782
277.174
274.409
280.394
279.172
277.618
275.85
273.963
281.717
280.278
278.446
276.36
274.135
280.135
278.965
277.469
275.76
273.933
282.686
281.069
279.026
276.714
274.254
327.716
314.184
302.898
291.912
280.453
324.771
311.945
301.02
290.252
279.016
311.934
303.955
295.468
286.782
277.777
317.845
307.048
297.426
287.813
278.041
297.106
292.643
287.423
281.807
275.969
304.789
298.546
291.597
284.324
276.828
292.727
289.208
284.968
280.324
275.466
295.291
291.245
286.43
281.204
275.761
291.148
287.957
284.068
279.779
275.283
324.536
311.893
301.321
290.96
280.14
306.961
300.2
292.844
285.209
277.236
294.955
290.955
286.223
281.093
275.733
292.266
288.809
284.674
280.156
275.417
298.037
293.341
287.936
282.157
276.115
294.792
290.793
286.101
281.031
275.719
289.348
286.448
282.95
279.106
275.062
288.109
285.48
282.258
278.684
274.917
286.767
284.422
281.499
278.224
274.762
284.587
282.636
280.186
277.423
274.492
290.182
287.171
283.496
279.436
275.17
288.22
285.581
282.336
278.733
274.933
324.087
311.249
300.801
290.721
280.086
310.47
302.55
294.463
286.314
277.741
317.118
307.113
297.819
288.487
278.595
302.968
297.081
290.597
283.82
276.723
297.962
293.255
287.866
282.119
276.103
307.184
300.356
292.963
285.313
277.288
289.706
286.75
283.176
279.244
275.108
285.008
282.967
280.421
277.565
274.54
291.689
288.339
284.331
279.948
275.347
276.204
282.516
288.608
294.299
299.194
303.148
463.859
456.644
430.831
437.694
445.706
435.666
420.192
408.753
485.929
503.843
478.097
493.923
467.149
457.38
480.075
451.238
445.47
420.659
426.076
436.355
427.692
411.991
402.406
472.69
484.625
465.937
476.146
455.77
446.911
464.323
433.493
429.413
406.325
410.128
422.57
415.802
399.909
392.158
452.574
463.255
447.316
456.782
439.726
432.536
447.544
414.717
411.867
391.057
393.781
406.658
401.008
386.21
379.88
432.904
444.022
428.852
438.875
422.878
416.133
430.988
400.88
398.698
379.811
381.974
394.394
389.684
375.823
370.312
417.81
429.96
414.494
425.897
409.913
404.139
419.251
391.407
389.562
372.086
373.959
385.908
382.056
368.546
363.637
407.863
422.2
404.944
418.264
401.352
396.442
411.693
378.229
374.974
401.725
406.577
370.707
365.49
394.273
385.352
355.571
335.736
354.731
337.479
351.292
350.918
340.304
373.056
370.072
394.43
398.568
366.152
361.404
387.966
379.901
350.47
331.729
349.784
333.544
346.578
346.635
336.067
364.872
362.334
383.532
386.727
358.987
354.788
378.388
371.705
345.034
327.144
344.3
328.678
341.508
341.489
330.871
354.94
352.864
371.2
373.644
349.882
345.823
367.124
361.187
337.729
321.948
337.122
323.178
334.699
334.508
325.146
347.199
345.416
361.922
363.946
342.849
339.156
358.457
353.248
331.811
318.356
331.296
319.192
329.386
329.075
320.948
341.771
340.176
355.512
357.301
338.041
334.921
352.401
347.765
328.121
316.034
327.697
316.766
326.045
325.866
318.516
)
;

boundaryField
{
    patch1
    {
        type            zeroGradient;
    }
    patch2
    {
        type            fixedValue;
        value           uniform 273;
    }
    patch3
    {
        type            zeroGradient;
    }
    patch4
    {
        type            fixedValue;
        value           uniform 573;
    }
}


// ************************************************************************* //
